x;y;z;E;n
-19;-31;50;0;1
-45;9;17;0;1
-19;24;33;0;1
-30;27;19;0;1
-30;-20;12;0;1
-46;-2;16;0;1
-19;20;25;1;1
-23;36;38;0;1
-40;-26;39;0;1
-27;-3;60;0;1
-22;-26;41;0;1
-24;-11;45;0;1
-61;16;25;0;1
-47;-31;20;1;1
-21;-25;34;0;1
-29;-30;29;0;1
-19;-13;22;0;1
-29;9;19;0;1
-24;8;46;0;1
-20;-7;51;0;1
-12;7;25;0;1
-39;-10;34;0;1
-54;20;22;0;1
-62;-16;21;1;1
-38;-22;17;1;1
-33;3;45;0;1
-34;-40;31;1;1
-17;13;23;1;1
-42;1;35;1;1
-27;-6;13;1;1
-31;-37;22;1;1
-57;-32;24;0;1
-19;28;32;0;1
-46;10;34;0;1
-47;30;29;1;1
-21;-17;14;0;1
-39;32;25;1;1
-44;-22;46;0;1
-41;-52;21;0;1
-21;-32;50;1;1
-45;-11;53;0;1
-58;15;38;0;1
-58;-30;27;1;1
-29;-4;55;1;1
-20;-23;46;0;1
-54;-13;26;1;1
-23;11;44;0;1
-26;-34;30;0;1
-15;-15;22;0;1
-45;24;36;0;1
-24;17;59;1;1
-46;-3;42;0;1
-18;6;16;0;1
-25;-39;30;0;1
-66;6;19;0;1
-32;-27;30;0;1
-50;43;18;0;1
-19;-15;9;0;1
-44;-15;14;1;1
-54;0;32;1;1
-25;-14;23;0;1
-14;15;17;0;1
-33;49;37;1;1
-28;-29;19;1;1
-50;-34;30;0;1
-24;2;24;0;1
-20;13;54;0;1
-22;7;26;1;1
-11;-16;43;0;1
-8;-13;23;0;1
-43;-20;44;0;1
-28;-10;10;1;1
-40;28;25;1;1
-16;-4;25;1;1
-28;-18;57;0;1
-16;18;38;0;1
-41;36;37;1;1
-35;26;56;0;1
-48;-42;20;0;1
-41;-44;17;0;1
-26;20;22;1;1
-24;23;61;0;1
-13;15;42;0;1
-56;0;25;1;1
-18;16;47;0;1
-39;16;23;1;1
-50;30;40;0;1
-48;24;26;1;1
-46;3;26;1;1
-28;28;47;1;1
-26;-40;33;0;1
-34;-3;45;0;1
-8;12;26;1;1
-45;-20;45;1;1
-52;-21;19;1;1
-43;-36;18;0;1
-33;41;38;0;1
-37;-22;55;1;1
-33;-41;30;0;1
-53;8;18;0;1
-46;44;18;0;1
-13;16;49;0;1
-26;7;26;1;1
-15;-2;39;0;1
-13;-18;55;0;1
-51;25;21;0;1
-20;9;23;0;1
-14;22;14;0;1
-54;0;35;1;1
-56;26;27;1;1
-45;-13;30;1;1
-27;-2;26;1;1
-25;-36;19;1;1
-16;20;11;1;1
-38;-44;21;0;1
-14;-21;64;1;1
-11;16;21;0;1
-35;46;34;0;1
-25;-6;30;1;1
-24;21;9;1;1
-29;10;43;0;1
-26;-32;48;0;1
-29;-15;41;0;1
-40;-2;41;0;1
-41;-2;16;1;1
-24;34;53;1;1
-28;-6;21;0;1
-51;13;36;1;1
-21;-8;37;1;1
-37;-16;29;0;1
-36;-13;58;0;1
-17;-12;35;0;1
-14;9;32;0;1
-55;-13;20;1;1
-54;39;24;0;1
-25;8;13;0;1
-55;-38;22;1;1
-60;6;20;1;1
-53;-24;29;0;1
-23;-12;19;0;1
-34;31;35;0;1
-48;27;26;1;1
-53;7;37;0;1
-49;-38;19;0;1
-35;-23;37;0;1
-61;-19;29;0;1
-24;-24;50;1;1
-56;1;20;1;1
-21;32;50;0;1
-49;-41;26;1;1
-43;5;33;0;1
-56;-8;17;0;1
-28;24;46;0;1
-25;-32;46;0;1
-35;53;28;1;1
-33;11;35;1;1
-39;33;18;1;1
-38;40;16;0;1
-28;-7;27;1;1
-46;-16;22;1;1
-34;-21;21;0;1
-25;27;36;1;1
-50;-7;16;0;1
-27;10;29;0;1
-28;-40;20;0;1
-41;-24;29;0;1
-26;18;47;0;1
-28;25;12;0;1
-20;-15;9;0;1
-29;5;44;1;1
-18;-21;54;1;1
-14;12;19;1;1
-38;16;37;0;1
-15;-16;24;1;1
-42;3;43;0;1
-35;11;40;0;1
-30;39;49;0;1
-34;-8;53;0;1
-19;-14;14;0;1
-42;20;35;0;1
-61;16;27;1;1
-30;-3;24;1;1
-43;45;21;0;1
-26;-29;24;0;1
-50;11;16;1;1
-38;-26;26;0;1
-43;1;41;0;1
-44;3;47;0;1
-30;15;18;1;1
-31;23;25;0;1
-38;19;39;0;1
-27;-9;23;1;1
-38;6;21;0;1
-19;20;42;0;1
-41;38;36;0;1
-25;22;43;0;1
-58;9;31;1;1
-37;30;33;0;1
-33;-20;50;0;1
-49;6;39;1;1
-41;-4;27;0;1
-53;30;34;1;1
-46;-6;31;1;1
-45;33;35;0;1
-44;13;51;0;1
-41;-28;47;1;1
-27;-11;27;0;1
-26;10;15;0;1
-35;-29;18;1;1
-63;7;18;0;1
-18;9;44;0;1
-19;-10;15;0;1
-33;-9;25;0;1
-38;-48;35;0;1
-47;-25;23;0;1
-19;-13;11;1;1
-34;-11;31;0;1
-36;21;50;0;1
-32;44;43;1;1
-42;-35;15;1;1
-58;-11;38;0;1
-34;-15;40;1;1
-56;32;22;0;1
-42;19;43;1;1
-44;22;48;1;1
-45;10;39;0;1
-30;-14;40;0;1
-34;31;48;0;1
-29;43;38;1;1
-32;5;22;1;1
-36;-33;25;1;1
-46;-9;38;0;1
-13;15;48;0;1
-25;-13;39;0;1
-12;18;39;0;1
-17;14;47;0;1
-37;-17;24;0;1
-57;-31;19;0;1
-35;11;49;0;1
-21;-5;36;0;1
-27;35;29;0;1
-32;40;42;0;1
-23;17;8;1;1
-30;-14;47;1;1
-27;-41;40;0;1
-33;-30;47;0;1
-48;37;35;0;1
-62;3;23;0;1
-26;18;60;1;1
-36;21;30;0;1
-43;34;36;0;1
-30;50;17;1;1
-20;-13;58;1;1
-44;-38;23;1;1
-51;-24;19;0;1
-22;33;42;0;1
-58;-33;21;0;1
-18;29;44;0;1
-12;6;30;0;1
-61;25;24;1;1
-26;-4;61;0;1
-47;21;45;0;1
-54;-11;29;1;1
-18;10;35;0;1
-30;0;37;1;1
-26;1;8;1;1
-18;9;42;0;1
-24;29;43;0;1
-38;13;25;0;1
-43;-33;19;1;1
-34;20;37;1;1
-36;26;30;1;1
-13;17;22;0;1
-26;7;8;0;1
-30;-43;15;1;1
-34;29;50;0;1
-27;-2;62;0;1
-34;-25;27;0;1
-29;-10;58;0;1
-25;28;47;1;1
-57;17;18;0;1
-31;34;15;0;1
-24;34;12;0;1
-46;15;37;0;1
-42;-46;17;0;1
-22;-21;25;0;1
-39;-50;32;0;1
-25;30;29;1;1
-29;-10;59;0;1
-48;-29;20;0;1
-19;21;12;0;1
-34;7;54;0;1
-56;28;24;0;1
-36;33;23;0;1
-50;1;30;1;1
-33;-10;48;1;1
-34;-24;37;0;1
-19;20;56;0;1
-9;-12;20;1;1
-14;-22;57;1;1
-30;-2;38;0;1
-37;-5;52;0;1
-29;42;30;1;1
-35;39;37;0;1
-15;-22;21;1;1
-21;-18;25;0;1
-29;27;46;1;1
-49;7;16;0;1
-28;-6;15;0;1
-29;3;13;0;1
-49;0;51;0;1
-31;-7;31;0;1
-41;-40;42;1;1
-44;-8;50;0;1
-13;-16;35;0;1
-50;-3;35;0;1
-37;48;21;0;1
-20;29;43;1;1
-29;44;17;0;1
-23;-13;32;0;1
-38;-15;44;1;1
-48;-20;29;1;1
-49;33;37;1;1
-45;7;49;1;1
-39;43;33;1;1
-65;10;24;0;1
-38;-5;33;0;1
-32;15;17;1;1
-31;46;33;1;1
-54;-9;21;0;1
-61;-16;30;1;1
-23;-3;61;1;1
-34;-10;54;0;1
-28;28;13;1;1
-49;24;20;0;1
-28;0;64;0;1
-16;14;22;0;1
-41;32;22;1;1
-43;-6;32;0;1
-36;36;43;0;1
-47;-19;30;1;1
-47;35;31;0;1
-52;-32;21;0;1
-9;-8;23;0;1
-63;9;31;1;1
-40;5;54;1;1
-47;35;20;1;1
-22;25;15;1;1
-35;42;26;0;1
-66;-16;20;0;1
-53;14;22;0;1
-30;19;32;0;1
-43;-18;45;1;1
-45;-39;25;1;1
-30;-15;58;1;1
-36;27;13;0;1
-44;21;18;1;1
-36;-39;15;0;1
-52;-2;39;0;1
-16;20;9;0;1
-35;30;31;0;1
-53;2;23;0;1
-31;18;37;0;1
-31;24;55;1;1
-30;45;44;1;1
-39;32;21;0;1
-53;-22;26;0;1
-29;32;21;0;1
-54;40;22;0;1
-40;-22;39;0;1
-46;-40;28;1;1
-52;-13;46;0;1
-29;-23;58;0;1
-46;0;33;0;1
-29;-48;42;1;1
-47;-2;28;0;1
-55;-27;18;0;1
-48;-24;41;0;1
-45;-35;40;0;1
-59;17;32;0;1
-22;-2;23;0;1
-32;44;15;0;1
-54;-4;16;0;1
-31;42;31;0;1
-12;14;37;1;1
-36;-32;52;1;1
-32;-4;14;0;1
-43;30;19;1;1
-55;34;19;0;1
-26;34;31;0;1
-37;27;36;0;1
-32;-35;28;0;1
-46;43;28;1;1
-40;-42;33;0;1
-13;9;37;0;1
-53;-19;40;0;1
-29;-12;34;0;1
-32;-39;18;0;1
-37;-40;35;1;1
-28;1;22;1;1
-44;12;42;1;1
-31;-26;15;0;1
-25;12;58;0;1
-49;-14;15;0;1
-22;-17;30;0;1
-10;-9;21;0;1
-12;20;64;0;1
-56;-10;42;0;1
-30;24;43;0;1
-37;28;36;0;1
-38;-10;50;0;1
-53;-26;19;0;1
-46;18;21;0;1
-55;16;33;0;1
-50;-22;28;1;1
-18;30;37;0;1
-62;2;18;0;1
-10;11;24;0;1
-30;-12;26;0;1
-46;-46;27;1;1
-22;24;40;0;1
-22;11;31;0;1
-31;-12;55;0;1
-38;-35;16;1;1
-18;29;42;0;1
-27;-45;24;0;1
-19;26;23;0;1
-41;-13;54;1;1
-45;26;34;0;1
-32;-54;32;0;1
-31;-6;11;0;1
-32;5;25;0;1
-24;18;38;0;1
-31;-17;45;0;1
-23;5;10;1;1
-43;-2;41;0;1
-22;-21;45;0;1
-16;-19;21;1;1
-24;12;18;0;1
-10;-17;51;1;1
-36;18;42;1;1
-34;1;19;1;1
-28;46;42;0;1
-28;41;32;0;1
-39;-7;31;0;1
-40;-13;55;0;1
-40;-16;35;0;1
-50;39;18;0;1
-47;31;24;1;1
-55;-28;28;1;1
-54;-28;19;0;1
-29;7;17;0;1
-16;-13;45;0;1
-46;-5;14;0;1
-22;36;26;1;1
-36;-10;37;0;1
-9;-12;30;1;1
-38;5;15;1;1
-44;-26;39;1;1
-49;-15;18;0;1
-52;-13;28;1;1
-27;18;32;0;1
-21;-31;17;0;1
-54;9;16;1;1
-21;16;18;1;1
-21;-20;61;0;1
-40;-42;19;0;1
-28;-19;62;0;1
-42;-9;27;1;1
-20;18;36;0;1
-52;5;27;0;1
-54;14;19;0;1
-45;31;24;0;1
-30;14;34;0;1
-24;-11;29;1;1
-39;-20;26;0;1
-49;32;33;0;1
-18;-23;49;0;1
-61;-11;27;0;1
-30;-11;52;0;1
-39;-19;51;0;1
-24;-30;26;1;1
-51;-31;19;0;1
-48;-5;51;1;1
-35;-11;54;0;1
-16;4;26;0;1
-30;28;55;0;1
-31;20;48;0;1
-25;-11;21;0;1
-38;-18;39;1;1
-43;15;46;1;1
-36;23;54;1;1
-26;-20;54;1;1
-29;4;11;0;1
-19;22;55;1;1
-25;27;57;0;1
-28;-3;55;0;1
-30;-25;59;0;1
-22;10;25;0;1
-33;20;22;1;1
-64;16;23;1;1
-27;-8;13;0;1
-20;-7;20;1;1
-40;-22;53;0;1
-14;-23;8;1;1
-10;-6;24;1;1
-37;-3;48;0;1
-40;43;27;0;1
-35;-54;22;0;1
-34;12;34;0;1
-43;39;24;0;1
-52;-24;29;0;1
-39;33;31;0;1
-28;-27;23;0;1
-23;28;30;1;1
-39;-8;46;0;1
-31;32;22;0;1
-27;-40;32;0;1
-29;25;20;0;1
-18;14;62;0;1
-44;-31;26;0;1
-25;23;11;1;1
-18;31;59;1;1
-18;20;23;1;1
-30;38;17;1;1
-27;-24;38;1;1
-38;18;22;1;1
-30;27;18;0;1
-26;-1;53;1;1
-62;6;27;1;1
-26;-45;21;0;1
-31;11;34;0;1
-54;1;37;0;1
-33;-15;35;1;1
-30;-33;13;1;1
-27;-37;53;0;1
-19;26;18;0;1
-23;3;60;0;1
-46;21;40;1;1
-35;13;16;0;1
-32;9;40;0;1
-43;27;44;0;1
-50;3;35;1;1
-44;45;29;0;1
-52;-12;46;0;1
-48;3;52;0;1
-54;-22;16;1;1
-56;15;34;0;1
-22;24;57;1;1
-32;22;22;1;1
-48;30;25;0;1
-12;14;21;0;1
-15;18;26;0;1
-18;27;61;0;1
-42;9;51;0;1
-43;15;15;0;1
-24;1;26;0;1
-15;5;33;0;1
-26;19;46;0;1
-42;22;46;0;1
-29;-29;54;1;1
-23;18;50;0;1
-29;20;14;1;1
-36;-2;57;1;1
-23;0;13;1;1
-26;-23;19;1;1
-61;18;22;1;1
-20;-22;36;1;1
-56;16;21;0;1
-50;0;38;0;1
-35;10;44;1;1
-23;-17;20;0;1
-35;33;24;0;1
-47;-32;27;0;1
-38;-22;29;0;1
-14;10;21;0;1
-29;-35;45;0;1
-28;45;20;1;1
-22;-21;35;0;1
-35;-44;41;0;1
-30;11;53;1;1
-40;-19;53;0;1
-23;-34;31;0;1
-48;1;45;1;1
-21;11;23;1;1
-26;7;49;0;1
-29;-26;25;0;1
-48;10;37;1;1
-45;4;25;0;1
-40;-21;23;0;1
-18;3;24;0;1
-16;13;39;1;1
-54;-7;15;1;1
-17;-15;62;1;1
-21;11;31;1;1
-25;19;58;0;1
-28;-47;35;1;1
-26;-1;19;0;1
-35;19;56;0;1
-37;4;43;0;1
-49;-12;15;1;1
-45;-3;45;0;1
-6;10;29;0;1
-27;39;34;1;1
-53;-12;28;0;1
-38;55;22;1;1
-33;51;25;0;1
-23;-27;56;0;1
-32;24;14;0;1
-40;-27;37;1;1
-28;2;20;0;1
-52;-21;28;0;1
-49;-17;18;0;1
-42;-24;35;1;1
-27;28;47;1;1
-41;-45;32;0;1
-61;-1;22;1;1
-35;46;30;0;1
-30;-38;20;0;1
-54;7;40;0;1
-53;-21;27;0;1
-20;-29;61;1;1
-29;47;41;0;1
-25;9;15;0;1
-45;43;20;0;1
-33;25;39;0;1
-26;-2;62;0;1
-32;23;56;0;1
-40;17;38;1;1
-29;8;14;1;1
-40;5;46;0;1
-18;2;21;0;1
-46;28;41;0;1
-37;27;17;0;1
-41;-26;18;0;1
-38;18;12;0;1
-40;-18;23;0;1
-53;-20;37;1;1
-54;-7;43;0;1
-35;13;52;0;1
-47;36;24;0;1
-21;-21;25;0;1
-29;1;15;0;1
-18;-11;40;1;1
-27;-35;40;0;1
-22;-31;56;1;1
-23;18;41;0;1
-23;37;36;1;1
-44;-42;28;0;1
-31;-50;39;0;1
-25;-33;51;0;1
-48;46;25;0;1
-50;-31;20;0;1
-38;16;33;0;1
-40;-46;21;1;1
-42;44;32;0;1
-30;-39;32;0;1
-43;6;51;0;1
-35;44;26;0;1
-31;22;12;0;1
-27;0;22;0;1
-13;21;11;0;1
-35;-8;26;1;1
-17;-13;57;1;1
-10;-17;40;0;1
-25;36;32;1;1
-19;28;17;0;1
-25;1;20;1;1
-12;-20;42;0;1
-41;25;13;1;1
-13;-15;53;1;1
-16;-22;24;1;1
-37;-44;19;1;1
-50;-34;35;1;1
-19;21;17;1;1
-43;-24;48;1;1
-44;-30;43;0;1
-25;-2;49;1;1
-55;25;19;1;1
-36;-10;40;1;1
-26;35;14;1;1
-18;7;19;1;1
-40;-48;22;1;1
-23;-29;25;0;1
-18;-14;54;1;1
-49;39;31;0;1
-23;-34;22;1;1
-22;35;28;0;1
-53;13;16;0;1
-64;-11;19;1;1
-23;22;63;0;1
-56;21;38;1;1
-29;-1;12;0;1
-33;-9;19;0;1
-23;-39;43;0;1
-45;-29;21;0;1
-38;32;36;1;1
-26;-11;15;1;1
-18;23;12;0;1
-17;-6;28;1;1
-18;31;14;0;1
-56;24;33;1;1
-22;24;37;0;1
-17;-10;36;0;1
-30;-50;19;1;1
-23;9;10;1;1
-23;-16;63;1;1
-67;-5;21;0;1
-34;30;36;0;1
-55;-30;26;0;1
-56;21;18;0;1
-21;19;56;1;1
-47;43;28;1;1
-58;24;25;0;1
-20;-32;34;1;1
-24;33;11;0;1
-28;36;34;1;1
-27;-29;39;1;1
-61;3;18;0;1
-21;-13;33;0;1
-13;-21;30;0;1
-55;-7;16;1;1
-28;-22;18;0;1
-13;-1;29;0;1
-33;12;40;0;1
-18;27;62;0;1
-41;26;14;1;1
-19;-3;24;0;1
-39;-5;14;1;1
-27;-3;26;0;1
-20;21;49;0;1
-32;-28;26;1;1
-22;28;37;1;1
-49;13;42;0;1
-33;6;41;0;1
-28;23;38;1;1
-54;17;30;0;1
-37;-14;13;0;1
-46;3;16;1;1
-52;21;40;0;1
-38;-12;17;0;1
-23;-36;56;0;1
-39;-47;20;1;1
-59;-1;16;0;1
-15;-25;59;0;1
-15;2;21;0;1
-20;22;16;1;1
-30;-47;41;1;1
-28;2;53;0;1
-65;-11;21;1;1
-32;43;40;1;1
-26;15;56;0;1
-27;16;40;0;1
-54;-21;16;0;1
-15;-4;42;0;1
-21;22;42;0;1
-36;-31;35;0;1
-21;31;38;0;1
-37;28;20;0;1
-27;-37;42;1;1
-34;10;52;1;1
-18;-11;37;0;1
-28;3;9;0;1
-22;-15;9;1;1
-46;-32;20;0;1
-32;-12;57;0;1
-60;-25;20;1;1
-58;7;18;1;1
-32;-13;43;0;1
-46;-25;17;0;1
-27;45;23;0;1
-43;34;40;1;1
-34;-34;25;0;1
-18;26;34;0;1
-35;50;33;0;1
-46;-37;34;1;1
-25;-26;56;0;1
-29;-29;38;0;1
-59;-18;34;0;1
-31;-14;34;1;1
-58;25;27;0;1
-25;-17;22;1;1
-44;-29;39;0;1
-39;-14;22;0;1
-50;-10;47;0;1
-48;-38;35;0;1
-21;7;24;0;1
-24;-36;19;1;1
-46;1;14;0;1
-28;34;52;0;1
-44;15;47;0;1
-44;-32;44;0;1
-11;-8;32;1;1
-32;-11;29;0;1
-29;5;33;0;1
-34;-34;14;0;1
-50;-29;24;1;1
-32;-26;40;0;1
-21;-6;31;1;1
-36;-53;25;1;1
-16;-27;54;1;1
-21;-30;55;1;1
-57;7;30;1;1
-35;19;54;1;1
-41;22;52;0;1
-42;2;45;1;1
-44;20;50;0;1
-24;31;34;0;1
-29;-47;44;0;1
-24;-11;12;0;1
-51;16;31;0;1
-22;-36;23;0;1
-22;18;51;1;1
-21;22;52;1;1
-29;10;28;1;1
-24;-29;50;0;1
-27;-29;14;0;1
-41;13;17;0;1
-27;3;28;0;1
-58;-17;25;1;1
-27;32;49;0;1
-42;-47;29;1;1
-21;-1;22;1;1
-20;21;37;0;1
-15;-1;29;0;1
-35;35;46;0;1
-42;-2;39;1;1
-16;-2;31;0;1
-42;24;26;1;1
-9;-8;30;1;1
-55;-5;18;0;1
-46;-3;49;1;1
-24;33;26;0;1
-29;-20;27;0;1
-29;22;61;0;1
-45;-30;42;0;1
-27;5;60;1;1
-24;27;29;1;1
-58;-13;28;1;1
-21;25;48;0;1
-18;30;42;0;1
-55;7;31;0;1
-49;-23;31;0;1
-35;-43;27;1;1
-32;17;46;0;1
-36;56;24;0;1
-37;32;35;0;1
-49;-38;20;0;1
-18;13;36;1;1
-20;25;15;0;1
-23;28;40;0;1
-22;11;47;1;1
-21;22;24;0;1
-23;37;39;0;1
-25;-42;22;0;1
-28;26;49;0;1
-11;19;13;0;1
-47;-12;49;1;1
-33;-1;14;0;1
-21;19;51;0;1
-66;-7;20;1;1
-41;13;48;1;1
-34;23;42;0;1
-29;-29;19;1;1
-27;45;36;0;1
-17;0;32;1;1
-59;-13;29;1;1
-46;28;28;1;1
-45;-5;35;0;1
-36;-42;38;1;1
-55;34;26;0;1
-18;-23;37;0;1
-42;-48;28;0;1
-21;-24;45;1;1
-51;34;21;1;1
-29;0;17;1;1
-50;-19;23;0;1
-37;-2;54;1;1
-40;6;17;0;1
-33;13;60;0;1
-56;-15;28;0;1
-49;-38;27;0;1
-59;-3;32;0;1
-36;-33;44;0;1
-46;-14;16;1;1
-44;32;38;1;1
-39;6;48;0;1
-13;-11;22;0;1
-19;30;35;0;1
-13;-20;30;1;1
-45;9;38;0;1
-33;-15;50;0;1
-43;24;41;0;1
-47;44;22;0;1
-21;22;22;0;1
-30;40;19;1;1
-30;-43;34;0;1
-32;-21;46;1;1
-25;33;12;0;1
-29;-6;51;1;1
-37;37;24;0;1
-46;12;17;1;1
-17;6;48;1;1
-34;46;21;0;1
-23;26;24;1;1
-18;-4;35;1;1
-32;46;38;0;1
-62;19;25;1;1
-27;-2;42;1;1
-52;-15;26;0;1
-32;-11;18;0;1
-30;-7;54;0;1
-21;33;43;0;1
-9;-14;45;0;1
-23;7;52;0;1
-20;-7;31;0;1
-42;-16;47;0;1
-55;25;31;0;1
-36;-30;37;1;1
-35;-16;13;0;1
-31;14;44;0;1
-56;2;38;0;1
-41;41;22;0;1
-44;39;31;1;1
-46;-27;44;1;1
-31;11;44;0;1
-29;27;49;1;1
-54;11;17;1;1
-12;20;23;1;1
-33;32;17;0;1
-58;22;18;1;1
-30;13;35;0;1
-28;3;14;1;1
-26;-2;20;1;1
-52;-3;25;1;1
-21;34;52;1;1
-45;-5;43;0;1
-32;5;50;0;1
-29;-16;58;1;1
-41;-38;20;1;1
-26;-33;36;0;1
-40;43;25;0;1
-41;-39;39;0;1
-23;10;11;1;1
-36;44;18;1;1
-29;21;28;1;1
-28;2;58;0;1
-42;-45;33;1;1
-37;-7;39;0;1
-11;-16;44;0;1
-40;12;57;0;1
-33;7;15;0;1
-51;-21;28;1;1
-41;-11;28;1;1
-57;26;24;0;1
-39;11;37;1;1
-19;19;40;0;1
-27;-13;54;0;1
-41;-14;43;0;1
-44;-34;23;0;1
-42;-38;33;1;1
-34;-35;43;0;1
-59;-5;32;0;1
-48;-10;16;0;1
-56;12;30;0;1
-16;-15;41;0;1
-16;11;17;1;1
-49;-16;32;0;1
-19;28;59;0;1
-16;17;62;0;1
-28;-22;27;0;1
-25;6;47;1;1
-35;4;35;1;1
-51;36;22;0;1
-24;-39;20;0;1
-44;-20;16;1;1
-24;0;57;0;1
-33;40;37;1;1
-22;-16;12;0;1
-31;-4;62;1;1
-17;-19;46;0;1
-39;47;18;0;1
-27;8;17;0;1
-7;-12;22;0;1
-47;28;37;0;1
-32;-14;13;1;1
-34;18;33;0;1
-39;9;19;1;1
-28;15;14;1;1
-25;41;29;1;1
-14;-12;44;1;1
-32;18;35;1;1
-44;2;41;0;1
-37;-55;23;1;1
-60;-17;27;0;1
-45;40;17;0;1
-41;13;22;0;1
-50;0;14;1;1
-25;-3;58;0;1
-33;-15;56;1;1
-27;32;29;0;1
-33;1;47;0;1
-38;10;51;0;1
-35;12;40;0;1
-39;-26;45;0;1
-30;-7;46;0;1
-56;0;18;0;1
-11;11;33;0;1
-32;46;35;0;1
-22;6;47;0;1
-30;-12;22;0;1
-38;-14;24;1;1
-20;8;52;1;1
-25;-2;34;0;1
-41;45;32;0;1
-18;23;17;1;1
-23;-8;25;1;1
-59;4;25;0;1
-13;-1;30;1;1
-32;-30;37;1;1
-35;-11;15;0;1
-30;-21;58;1;1
-34;25;21;0;1
-49;-17;21;0;1
-12;-16;38;1;1
-52;-7;17;0;1
-33;-28;43;0;1
-55;1;22;1;1
-52;-7;46;1;1
-32;-47;19;0;1
-17;20;32;0;1
-29;28;57;0;1
-23;-15;22;1;1
-41;14;48;1;1
-20;33;43;0;1
-37;30;51;0;1
-12;15;52;1;1
-45;31;44;0;1
-28;14;46;0;1
-30;8;50;1;1
-34;-14;12;1;1
-33;-38;16;0;1
-22;-38;15;0;1
-21;-5;37;1;1
-48;-18;15;0;1
-30;-6;16;0;1
-27;-7;11;0;1
-33;-12;22;0;1
-54;-26;23;1;1
-51;-25;24;0;1
-35;-45;31;0;1
-42;-20;20;1;1
-48;-26;32;0;1
-46;39;26;1;1
-56;-13;37;0;1
-52;2;17;0;1
-61;24;27;1;1
-44;-17;21;1;1
-34;-10;48;0;1
-44;10;24;1;1
-53;11;33;0;1
-11;14;36;1;1
-19;13;21;0;1
-60;19;21;1;1
-19;23;30;0;1
-14;-24;17;0;1
-30;-25;43;0;1
-31;-21;59;1;1
-20;-5;31;0;1
-18;7;40;0;1
-17;19;44;0;1
-31;-12;44;1;1
-38;3;20;1;1
-38;9;23;1;1
-56;-33;19;0;1
-15;7;39;0;1
-23;-17;13;1;1
-28;-7;39;0;1
-12;16;41;0;1
-37;-44;21;0;1
-36;-4;35;0;1
-9;-13;43;1;1
-10;10;26;1;1
-11;15;34;0;1
-54;28;31;0;1
-28;1;25;0;1
-34;-20;59;1;1
-31;38;14;0;1
-43;-25;43;0;1
-24;19;24;1;1
-37;-47;35;1;1
-25;43;45;0;1
-25;42;20;0;1
-36;-38;44;0;1
-33;-11;51;1;1
-34;18;53;0;1
-29;-44;16;0;1
-24;40;44;0;1
-15;-18;63;0;1
-46;9;33;1;1
-64;3;25;0;1
-51;8;38;0;1
-28;-27;40;0;1
-48;18;34;1;1
-47;17;27;0;1
-19;-17;34;1;1
-18;-15;41;0;1
-23;-25;22;0;1
-48;-37;28;0;1
-52;-5;31;1;1
-40;-23;39;1;1
-38;-8;27;1;1
-43;-38;22;0;1
-53;-7;29;0;1
-22;3;39;0;1
-52;-35;30;0;1
-9;2;24;1;1
-18;-21;30;0;1
-16;24;38;0;1
-44;4;23;1;1
-34;13;47;0;1
-63;0;28;0;1
-41;9;43;1;1
-53;7;34;1;1
-33;31;37;0;1
-47;-20;18;1;1
-22;-12;23;0;1
-14;-18;44;1;1
-20;30;41;0;1
-31;3;38;0;1
-39;-23;24;0;1
-64;23;19;1;1
-26;-19;11;0;1
-23;-23;41;0;1
-38;27;27;0;1
-41;9;57;0;1
-39;11;33;0;1
-22;28;31;0;1
-22;-34;11;1;1
-46;15;42;0;1
-24;-35;43;1;1
-27;40;51;0;1
-36;-18;26;0;1
-49;14;43;1;1
-35;-6;55;1;1
-61;-23;21;1;1
-33;-25;15;0;1
-28;29;28;0;1
-30;14;40;0;1
-37;26;48;0;1
-34;33;17;0;1
-26;10;34;0;1
-21;-22;59;0;1
-26;1;33;0;1
-26;29;47;1;1
-9;13;37;0;1
-22;-8;62;0;1
-31;-52;26;1;1
-28;-1;26;0;1
-63;0;22;1;1
-55;6;18;1;1
-16;13;19;0;1
-18;18;43;0;1
-30;-10;42;1;1
-24;-13;47;0;1
-41;37;42;0;1
-27;-26;39;0;1
-34;-42;41;0;1
-26;-4;38;0;1
-33;10;18;1;1
-25;22;33;0;1
-48;32;25;0;1
-53;18;28;0;1
-25;12;14;1;1
-34;26;23;0;1
-23;5;7;0;1
-30;-14;31;1;1
-49;37;27;1;1
-28;-32;33;0;1
-33;-20;56;0;1
-27;-8;8;0;1
-49;14;39;0;1
-39;49;32;1;1
-35;49;21;1;1
-54;-8;40;0;1
-29;28;28;0;1
-47;-33;36;0;1
-10;-2;26;0;1
-55;-14;16;1;1
-38;41;23;0;1
-34;45;39;0;1
-23;37;21;1;1
-47;-31;18;1;1
-23;14;61;0;1
-50;18;32;0;1
-22;-12;61;1;1
-23;-17;45;0;1
-21;-32;52;1;1
-37;-26;19;1;1
-50;32;36;1;1
-39;-17;40;0;1
-59;7;16;1;1
-15;16;36;1;1
-53;-13;36;0;1
-28;39;43;1;1
-40;-26;25;0;1
-29;-13;29;0;1
-53;14;38;1;1
-45;7;34;1;1
-17;19;34;0;1
-37;28;45;0;1
-28;21;39;0;1
-18;22;59;0;1
-49;8;25;0;1
-40;22;53;0;1
-17;-18;25;1;1
-31;46;25;0;1
-35;-31;37;0;1
-33;19;31;0;1
-50;-22;29;1;1
-50;32;32;1;1
-27;-5;63;1;1
-37;14;35;0;1
-40;-16;34;0;1
-61;4;25;0;1
-16;18;35;0;1
-9;10;30;0;1
-41;-16;16;0;1
-30;34;27;1;1
-27;-10;17;0;1
-63;-17;21;1;1
-24;-11;14;0;1
-24;-2;54;0;1
-33;-17;60;0;1
-48;-35;34;0;1
-28;-18;16;1;1
-46;-13;36;0;1
-42;-24;20;0;1
-23;34;36;0;1
-24;-16;48;0;1
-62;4;34;0;1
-54;19;27;0;1
-24;25;50;0;1
-50;29;28;0;1
-13;20;15;0;1
-21;-19;28;1;1
-19;27;19;0;1
-60;8;25;0;1
-35;36;21;0;1
-45;1;23;0;1
-44;-19;44;0;1
-39;-33;20;0;1
-40;-40;28;0;1
-43;22;21;0;1
-68;-3;19;0;1
-27;-41;48;0;1
-29;15;56;0;1
-29;32;53;0;1
-55;12;22;0;1
-25;-43;31;0;1
-40;-13;42;0;1
-40;-22;21;1;1
-34;28;22;0;1
-32;25;49;0;1
-17;-13;46;0;1
-28;-7;13;0;1
-18;-27;45;0;1
-37;27;14;0;1
-10;-6;27;1;1
-27;22;59;1;1
-26;39;32;0;1
-41;4;45;0;1
-28;-29;45;0;1
-24;-20;30;0;1
-51;-17;37;0;1
-56;3;30;0;1
-18;10;14;1;1
-43;28;19;0;1
-39;-20;52;0;1
-47;14;35;0;1
-57;14;20;1;1
-13;-15;22;0;1
-21;-14;11;0;1
-38;44;23;1;1
-35;-34;35;0;1
-27;-41;37;0;1
-35;-30;33;0;1
-33;-32;17;0;1
-33;-17;57;1;1
-34;33;50;1;1
-61;-9;31;1;1
-31;-5;52;0;1
-46;24;17;0;1
-54;8;26;0;1
-36;34;29;0;1
-26;-44;20;1;1
-30;-2;31;1;1
-45;45;22;0;1
-45;1;50;1;1
-40;9;27;0;1
-16;5;20;0;1
-34;15;60;0;1
-59;12;22;1;1
-24;36;15;0;1
-33;-31;26;0;1
-17;28;19;1;1
-26;-26;53;0;1
-31;-16;18;1;1
-49;18;23;0;1
-16;23;15;0;1
-24;-6;24;0;1
-39;49;30;1;1
-42;32;28;1;1
-19;-1;41;1;1
-27;-19;23;1;1
-39;3;42;0;1
-34;13;55;1;1
-52;-1;23;1;1
-52;-5;26;1;1
-43;-28;38;1;1
-46;23;30;0;1
-37;-6;21;0;1
-18;7;21;0;1
-33;-15;13;0;1
-27;-28;41;1;1
-48;-32;41;1;1
-52;-21;32;1;1
-31;-8;40;0;1
-40;-18;20;0;1
-36;-21;55;1;1
-35;41;24;0;1
-27;-5;17;0;1
-57;2;19;0;1
-61;-27;23;0;1
-44;35;20;0;1
-31;-2;49;0;1
-16;9;29;1;1
-56;24;24;0;1
-19;13;12;0;1
-33;17;11;1;1
-14;21;25;0;1
-19;-1;37;0;1
-39;-11;26;0;1
-31;-17;30;0;1
-25;-20;12;1;1
-28;12;61;0;1
-42;-22;21;1;1
-40;-16;47;0;1
-37;22;53;0;1
-53;-30;33;0;1
-45;-40;35;0;1
-34;36;15;0;1
-50;-28;36;0;1
-14;19;23;0;1
-51;34;23;1;1
-32;13;12;0;1
-30;-49;36;0;1
-32;-20;31;0;1
-52;10;46;1;1
-39;-32;46;0;1
-21;-29;39;1;1
-50;23;32;1;1
-44;2;17;0;1
-25;-11;59;0;1
-34;-2;54;0;1
-54;35;20;1;1
-40;-53;18;1;1
-42;-28;34;0;1
-28;-47;37;1;1
-52;30;31;0;1
-37;48;36;0;1
-36;-5;29;0;1
-45;-13;43;0;1
-30;-15;57;1;1
-42;13;35;1;1
-40;-16;29;0;1
-57;31;28;1;1
-39;-14;43;1;1
-24;31;44;0;1
-62;14;22;0;1
-19;-7;51;0;1
-23;-38;53;0;1
-48;-40;18;0;1
-44;-9;36;1;1
-45;-42;22;1;1
-13;-1;28;0;1
-31;-46;32;1;1
-54;12;43;1;1
-19;26;62;1;1
-26;-4;9;1;1
-12;19;15;1;1
-37;34;40;0;1
-15;18;31;0;1
-32;32;42;1;1
-27;8;63;0;1
-21;-27;15;1;1
-28;-18;41;0;1
-29;-24;33;0;1
-54;11;40;1;1
-28;-17;28;1;1
-39;-31;45;0;1
-66;-3;21;0;1
-27;13;38;0;1
-41;-18;17;0;1
-27;-19;14;1;1
-23;-12;61;0;1
-42;-21;41;1;1
-32;3;44;1;1
-27;9;38;0;1
-23;36;36;0;1
-34;31;39;1;1
-44;-16;14;1;1
-24;-22;38;0;1
-53;3;19;0;1
-35;20;20;0;1
-56;-20;27;1;1
-12;-10;30;1;1
-65;-6;25;1;1
-32;-50;28;1;1
-33;-6;22;0;1
-32;-14;54;1;1
-44;-17;50;0;1
-38;23;29;0;1
-16;-25;56;0;1
-51;41;25;1;1
-65;-11;22;1;1
-34;-37;48;0;1
-27;-32;47;1;1
-18;11;46;0;1
-35;2;52;1;1
-27;-10;61;0;1
-36;40;33;0;1
-43;25;37;0;1
-50;-13;27;1;1
-27;-18;32;1;1
-19;-11;13;1;1
-53;17;24;0;1
-20;-16;47;0;1
-31;-5;10;0;1
-36;-6;25;1;1
-26;-27;50;0;1
-62;11;27;0;1
-37;-7;26;0;1
-53;1;25;1;1
-45;-6;29;1;1
-24;-39;48;0;1
-28;7;44;1;1
-20;6;22;1;1
-53;-11;16;0;1
-29;21;20;1;1
-21;31;27;0;1
-28;-27;33;0;1
-53;10;22;0;1
-31;29;52;1;1
-51;-16;42;0;1
-52;22;23;0;1
-29;-6;23;0;1
-24;-29;34;0;1
-47;-35;33;0;1
-27;-27;14;0;1
-40;-35;34;0;1
-30;40;22;1;1
-29;26;43;1;1
-44;-38;32;1;1
-50;-29;32;1;1
-56;-25;19;1;1
-14;23;17;0;1
-29;12;50;0;1
-36;-29;51;1;1
-31;42;18;0;1
-14;-18;16;1;1
-51;29;19;1;1
-35;-48;27;1;1
-52;-21;36;0;1
-22;-25;40;1;1
-33;31;38;0;1
-21;-11;17;0;1
-42;44;36;0;1
-26;17;44;0;1
-38;-3;44;0;1
-39;-3;26;1;1
-30;35;26;0;1
-30;-40;22;0;1
-42;-14;32;1;1
-30;29;13;1;1
-59;27;18;0;1
-39;-17;49;1;1
-27;36;44;1;1
-62;23;20;0;1
-31;3;49;0;1
-43;7;12;1;1
-39;-37;34;0;1
-27;14;27;1;1
-19;28;49;0;1
-52;20;32;1;1
-53;15;18;0;1
-38;32;19;0;1
-48;17;20;0;1
-14;7;36;0;1
-48;3;31;0;1
-23;-22;28;1;1
-60;28;22;0;1
-35;-16;14;1;1
-33;8;24;1;1
-27;-30;38;1;1
-25;-23;19;1;1
-46;11;39;0;1
-10;5;30;0;1
-24;11;21;1;1
-30;7;63;0;1
-42;-41;16;0;1
-40;12;38;0;1
-58;6;23;0;1
-23;30;33;0;1
-40;-15;29;1;1
-26;12;33;1;1
-60;3;24;0;1
-39;16;40;0;1
-29;12;47;0;1
-53;9;34;1;1
-26;-1;51;0;1
-42;-12;16;0;1
-29;-35;53;1;1
-21;34;34;1;1
-40;-36;26;0;1
-29;-7;16;0;1
-36;49;24;0;1
-32;35;39;0;1
-10;-13;31;0;1
-26;18;52;0;1
-50;11;21;0;1
-27;-33;41;0;1
-40;2;47;0;1
-32;46;24;0;1
-30;-7;58;1;1
-40;-14;25;0;1
-48;-30;42;0;1
-55;27;29;1;1
-30;46;24;1;1
-19;-28;23;0;1
-21;-25;18;1;1
-39;7;30;1;1
-17;12;46;0;1
-36;-22;48;0;1
-41;-28;31;1;1
-16;-23;26;0;1
-41;-8;38;0;1
-19;0;50;0;1
-31;19;31;0;1
-37;-16;58;1;1
-55;10;15;0;1
-59;-15;30;0;1
-32;15;29;0;1
-20;30;25;1;1
-35;15;27;0;1
-33;-8;14;0;1
-36;-35;26;0;1
-30;7;41;0;1
-46;-24;37;0;1
-57;17;31;0;1
-42;35;33;0;1
-28;12;40;0;1
-66;-5;20;1;1
-56;-20;17;0;1
-35;33;31;1;1
-30;25;36;0;1
-65;-6;24;1;1
-34;35;22;0;1
-46;48;24;1;1
-6;-8;25;0;1
-31;-33;44;0;1
-15;12;45;0;1
-25;34;45;1;1
-24;-35;17;1;1
-43;4;18;1;1
-39;21;14;0;1
-39;11;40;0;1
-46;-31;24;0;1
-31;-29;46;0;1
-38;40;44;1;1
-40;-24;42;0;1
-31;-35;27;0;1
-13;15;21;1;1
-30;10;14;0;1
-28;-15;23;0;1
-52;12;28;0;1
-50;-19;33;0;1
-35;5;44;1;1
-53;11;41;0;1
-53;-18;21;0;1
-18;11;52;0;1
-31;-11;47;0;1
-19;-23;59;1;1
-31;-23;31;0;1
-30;-23;11;0;1
-47;-21;25;0;1
-39;3;23;1;1
-20;25;47;0;1
-15;23;56;0;1
-27;46;23;1;1
-17;25;60;0;1
-22;-15;55;1;1
-27;-12;34;0;1
-31;20;24;0;1
-21;1;22;0;1
-51;-8;16;0;1
-42;3;17;0;1
-23;0;24;1;1
-29;-31;43;0;1
-52;-7;20;0;1
-49;20;46;1;1
-45;18;47;0;1
-58;12;38;0;1
-22;-20;58;0;1
-25;-15;32;1;1
-25;-1;20;1;1
-27;0;54;0;1
-37;15;47;0;1
-37;25;52;1;1
-39;24;48;0;1
-34;-17;22;1;1
-32;43;33;0;1
-37;-6;53;0;1
-51;28;17;1;1
-53;19;29;1;1
-10;9;28;1;1
-54;-9;17;1;1
-47;44;20;1;1
-48;6;49;1;1
-53;-39;23;0;1
-64;-8;27;1;1
-34;7;30;0;1
-44;-11;43;1;1
-20;-2;14;0;1
-35;13;21;0;1
-33;3;29;0;1
-19;-18;15;1;1
-37;15;44;0;1
-24;-18;18;0;1
-32;-16;13;0;1
-22;25;23;0;1
-39;-54;23;1;1
-21;6;19;0;1
-11;19;38;0;1
-16;-15;58;1;1
-27;10;17;0;1
-33;48;38;0;1
-55;10;21;0;1
-22;34;37;1;1
-21;32;27;0;1
-33;-38;42;0;1
-15;-21;11;1;1
-35;41;26;0;1
-30;20;15;1;1
-45;2;48;0;1
-38;18;56;1;1
-36;-53;22;0;1
-31;-40;28;0;1
-34;-6;46;1;1
-21;21;18;0;1
-58;3;34;0;1
-53;7;24;0;1
-29;6;19;1;1
-32;-24;46;1;1
-52;-41;18;0;1
-27;-29;50;0;1
-11;-5;23;1;1
-47;-13;26;1;1
-39;9;24;0;1
-45;12;44;1;1
-20;-20;40;1;1
-42;-19;29;1;1
-28;-10;33;0;1
-19;-25;30;1;1
-32;-11;50;0;1
-50;23;17;0;1
-26;-2;53;0;1
-37;25;37;0;1
-47;29;27;0;1
-37;41;26;1;1
-34;-24;48;0;1
-63;-15;25;1;1
-38;-44;23;0;1
-40;-46;29;0;1
-30;-19;25;0;1
-56;15;26;0;1
-61;0;28;0;1
-29;42;38;1;1
-28;-24;50;1;1
-54;-6;17;0;1
-53;38;27;0;1
-40;0;25;0;1
-17;19;47;0;1
-18;22;32;0;1
-34;43;34;0;1
-25;-8;16;0;1
-26;16;25;0;1
-41;42;21;1;1
-18;-30;26;0;1
-43;21;13;1;1
-26;-39;46;1;1
-39;-24;31;0;1
-26;24;27;0;1
-30;38;19;1;1
-10;13;32;0;1
-45;11;18;1;1
-41;-15;30;1;1
-30;-18;15;0;1
-55;5;33;0;1
-54;28;23;1;1
-27;-20;42;0;1
-64;-2;30;0;1
-38;-34;37;0;1
-55;3;44;0;1
-38;1;14;1;1
-59;3;37;0;1
-25;-21;36;1;1
-41;24;32;0;1
-16;18;17;0;1
-58;-6;19;1;1
-28;2;19;0;1
-39;9;45;0;1
-32;-4;52;0;1
-42;-17;14;0;1
-50;-29;18;1;1
-32;-16;14;1;1
-39;-3;58;0;1
-25;5;66;0;1
-38;38;27;0;1
-23;29;25;0;1
-36;-8;52;0;1
-37;-18;21;1;1
-33;15;30;1;1
-17;10;24;0;1
-26;22;42;1;1
-50;-10;38;0;1
-41;-52;25;0;1
-24;-15;17;0;1
-40;-17;38;1;1
-38;-29;13;1;1
-24;-8;15;0;1
-36;16;49;0;1
-31;8;49;1;1
-31;-13;21;1;1
-37;14;47;0;1
-53;2;41;1;1
-14;-15;41;1;1
-20;-13;27;1;1
-32;-3;57;0;1
-35;27;33;1;1
-64;-19;21;1;1
-37;14;33;1;1
-38;-9;56;0;1
-20;-19;55;1;1
-29;-29;30;0;1
-39;-25;34;1;1
-22;-22;29;1;1
-35;-44;16;0;1
-34;0;11;0;1
-35;37;42;0;1
-20;29;46;1;1
-31;-12;29;0;1
-46;13;51;0;1
-43;35;33;0;1
-28;25;18;0;1
-42;-7;25;1;1
-34;51;24;0;1
-35;-38;34;0;1
-39;7;26;1;1
-44;26;38;1;1
-25;11;8;1;1
-13;-18;32;0;1
-11;5;29;0;1
-31;34;25;0;1
-42;-12;34;0;1
-45;9;54;1;1
-23;-14;28;0;1
-13;8;24;1;1
-20;28;12;0;1
-58;-22;19;0;1
-31;15;31;0;1
-34;34;37;1;1
-46;12;13;1;1
-17;12;28;0;1
-23;16;14;0;1
-61;9;30;0;1
-60;-13;22;1;1
-28;13;11;1;1
-41;29;18;0;1
-38;-5;27;0;1
-40;-15;26;0;1
-21;35;30;0;1
-42;-9;35;1;1
-20;-16;24;1;1
-33;-57;20;0;1
-46;-1;33;0;1
-45;43;23;0;1
-41;-10;19;0;1
-18;-11;25;1;1
-50;-31;16;0;1
-30;11;42;0;1
-33;40;30;0;1
-33;-1;16;0;1
-42;40;31;1;1
-26;41;48;0;1
-59;23;29;1;1
-36;-35;18;0;1
-23;18;39;0;1
-30;-48;34;1;1
-37;-27;50;0;1
-31;-21;18;1;1
-21;-20;35;0;1
-31;11;17;0;1
-35;-26;14;0;1
-19;30;22;0;1
-38;28;50;1;1
-39;31;30;1;1
-42;-6;51;0;1
-34;-24;33;0;1
-28;-34;53;1;1
-43;-11;49;0;1
-21;-9;59;1;1
-50;-3;20;1;1
-12;-18;34;1;1
-17;10;38;1;1
-19;15;47;0;1
-27;42;16;0;1
-50;-6;45;0;1
-54;22;27;1;1
-54;0;37;0;1
-10;8;31;0;1
-34;16;32;1;1
-54;-25;31;1;1
-25;31;26;0;1
-36;47;25;0;1
-57;24;18;0;1
-12;9;35;0;1
-18;29;37;1;1
-46;14;13;0;1
-24;-4;13;1;1
-30;32;27;0;1
-45;32;15;0;1
-54;-12;42;0;1
-17;-13;50;0;1
-22;-2;21;1;1
-34;27;33;1;1
-42;8;49;0;1
-21;-19;26;1;1
-14;10;33;0;1
-51;-29;36;1;1
-21;4;12;0;1
-15;-14;28;1;1
-22;36;55;0;1
-43;6;36;0;1
-20;20;27;0;1
-24;-9;12;0;1
-37;-42;39;0;1
-32;-25;40;0;1
-38;-26;33;0;1
-21;-22;24;0;1
-39;-31;28;0;1
-42;16;42;0;1
-26;19;44;0;1
-33;-18;30;1;1
-37;-4;59;0;1
-54;-29;34;0;1
-24;-9;31;0;1
-22;19;25;0;1
-64;9;22;0;1
-21;9;40;0;1
-37;1;14;0;1
-35;-20;30;0;1
-54;-10;41;1;1
-26;8;30;0;1
-58;-13;24;1;1
-59;-4;25;1;1
-24;-4;42;1;1
-45;-26;22;0;1
-48;1;41;0;1
-36;34;26;0;1
-30;38;26;0;1
-20;-14;39;0;1
-48;7;42;1;1
-13;-18;23;1;1
-44;-6;51;0;1
-57;-15;34;0;1
-28;17;61;1;1
-22;-9;40;1;1
-19;-23;56;0;1
-27;-4;31;1;1
-28;33;55;0;1
-35;6;53;0;1
-32;29;36;1;1
-38;-14;54;0;1
-36;-17;48;0;1
-40;-26;18;0;1
-33;12;21;0;1
-31;28;20;0;1
-33;44;41;1;1
-25;17;20;0;1
-25;-22;52;0;1
-35;28;32;1;1
-22;35;45;1;1
-51;25;37;0;1
-26;10;47;1;1
-37;-16;56;0;1
-20;30;57;0;1
-51;1;27;0;1
-45;23;42;1;1
-21;-4;47;0;1
-8;-5;23;1;1
-47;-21;21;0;1
-38;-38;17;0;1
-16;-23;24;0;1
-45;40;33;1;1
-34;8;48;1;1
-51;12;17;0;1
-25;23;23;1;1
-43;22;44;0;1
-39;14;38;1;1
-36;-34;38;0;1
-15;-19;52;0;1
-15;-25;19;1;1
-40;8;45;0;1
-47;-3;49;0;1
-15;-24;39;0;1
-18;-12;29;0;1
-26;-6;57;1;1
-42;39;34;0;1
-26;29;53;0;1
-33;37;17;0;1
-47;29;42;0;1
-27;39;22;0;1
-36;-10;14;1;1
-26;-1;12;0;1
-49;-13;46;0;1
-59;5;17;1;1
-57;-22;28;0;1
-43;0;41;0;1
-21;7;22;0;1
-48;40;31;0;1
-32;12;19;0;1
-30;-16;53;0;1
-58;-1;18;0;1
-27;2;14;0;1
-34;19;36;1;1
-53;2;42;1;1
-29;-25;24;1;1
-49;-20;20;0;1
-16;4;22;0;1
-46;-1;16;0;1
-24;12;34;1;1
-41;21;33;1;1
-48;10;36;1;1
-40;0;47;1;1
-23;-26;46;0;1
-33;26;42;0;1
-33;-28;29;0;1
-16;18;16;0;1
-24;7;66;1;1
-33;-51;21;1;1
-48;13;15;0;1
-22;34;17;0;1
-33;-3;19;1;1
-40;-20;49;1;1
-22;-17;60;1;1
-34;14;43;0;1
-16;19;13;0;1
-45;22;41;1;1
-54;31;25;1;1
-35;-4;15;0;1
-54;-11;35;0;1
-34;15;55;0;1
-36;-8;32;1;1
-47;3;22;1;1
-19;-27;48;0;1
-39;34;26;1;1
-18;13;48;0;1
-28;-8;30;0;1
-26;-40;38;1;1
-20;-25;49;0;1
-42;23;31;0;1
-31;-6;58;0;1
-39;8;37;1;1
-33;36;37;1;1
-24;-37;51;0;1
-19;-17;62;0;1
-32;-34;19;0;1
-52;-40;24;0;1
-17;19;57;0;1
-29;18;40;0;1
-32;-11;36;0;1
-52;-3;31;1;1
-34;52;25;0;1
-39;-7;55;1;1
-64;-9;23;0;1
-26;15;49;1;1
-54;21;35;0;1
-26;30;23;1;1
-20;23;20;1;1
-66;-1;24;0;1
-49;6;25;0;1
-37;-35;37;1;1
-56;22;21;1;1
-34;23;39;1;1
-51;35;31;0;1
-42;8;52;0;1
-19;7;35;0;1
-12;18;15;0;1
-35;-7;45;1;1
-36;-12;45;0;1
-29;-43;21;0;1
-21;32;57;0;1
-44;33;38;1;1
-18;26;14;0;1
-46;35;16;1;1
-30;32;53;0;1
-34;-16;42;1;1
-11;1;22;0;1
-31;13;59;0;1
-16;-26;52;0;1
-14;-22;61;1;1
-21;16;53;1;1
-41;-19;49;0;1
-35;6;58;1;1
-17;-14;56;0;1
-13;-1;24;0;1
-10;-15;42;1;1
-54;-14;24;1;1
-47;-18;40;0;1
-48;-5;19;0;1
-42;-12;32;0;1
-47;34;34;0;1
-23;-35;41;0;1
-27;45;46;0;1
-26;-4;18;0;1
-18;-23;42;0;1
-33;-14;35;1;1
-20;8;55;1;1
-37;-15;39;0;1
-34;-41;20;1;1
-10;12;24;1;1
-32;16;11;0;1
-28;-14;13;0;1
-33;-10;46;0;1
-61;9;35;0;1
-27;6;56;0;1
-20;-22;11;1;1
-30;-37;33;1;1
-49;-34;35;0;1
-37;5;19;1;1
-44;0;45;0;1
-53;19;34;1;1
-49;5;24;1;1
-16;12;25;0;1
-57;-31;27;0;1
-41;2;12;1;1
-53;11;29;0;1
-30;38;39;0;1
-31;11;20;1;1
-49;11;27;0;1
-42;50;21;0;1
-22;-15;28;0;1
-22;-24;20;0;1
-42;26;50;1;1
-49;-12;44;0;1
-36;-17;36;1;1
-54;-33;29;0;1
-31;-39;25;0;1
-46;21;48;1;1
-41;28;25;1;1
-52;-10;23;0;1
-29;-42;36;0;1
-30;-2;63;0;1
-52;-7;15;1;1
-16;-3;21;0;1
-36;-27;13;1;1
-46;-1;14;1;1
-23;9;55;0;1
-36;33;22;0;1
-44;-6;33;1;1
-51;4;30;0;1
-37;35;38;0;1
-16;-14;56;1;1
-24;38;22;0;1
-17;12;55;1;1
-47;9;51;0;1
-58;13;23;0;1
-21;-6;57;0;1
-28;-1;22;1;1
-37;11;14;0;1
-22;-32;45;1;1
-18;-21;62;1;1
-41;-22;15;0;1
-44;27;41;0;1
-47;-19;17;0;1
-47;8;18;1;1
-25;-5;39;0;1
-39;32;27;0;1
-39;38;44;0;1
-30;16;32;1;1
-29;-43;19;1;1
-41;0;18;0;1
-38;10;29;1;1
-21;-30;18;0;1
-41;-9;39;1;1
-29;20;10;0;1
-33;-23;55;0;1
-57;1;34;0;1
-65;-8;24;0;1
-29;9;18;0;1
-52;6;32;1;1
-41;-14;24;0;1
-48;29;16;1;1
-40;21;13;0;1
-59;9;27;1;1
-19;-9;51;0;1
-19;-27;29;0;1
-59;4;29;0;1
-38;-41;35;1;1
-14;-15;47;1;1
-38;19;50;0;1
-44;-16;19;0;1
-18;-6;35;1;1
-23;35;57;1;1
-33;-7;57;0;1
-46;14;15;0;1
-41;40;33;1;1
-39;-6;12;0;1
-17;14;57;1;1
-24;-28;57;0;1
-27;11;40;0;1
-21;2;49;0;1
-36;26;22;1;1
-21;-12;8;0;1
-29;15;47;0;1
-22;-2;31;0;1
-59;10;18;0;1
-52;9;15;0;1
-34;-13;35;0;1
-41;-29;29;0;1
-27;10;56;1;1
-10;7;31;0;1
-21;-14;57;0;1
-60;10;28;0;1
-41;-15;45;1;1
-33;-5;37;0;1
-25;-23;20;0;1
-14;11;38;1;1
-45;-22;39;1;1
-41;-31;24;1;1
-41;17;19;1;1
-26;-14;10;0;1
-9;-15;47;0;1
-37;-2;26;0;1
-45;1;52;0;1
-38;3;26;0;1
-37;3;26;0;1
-31;34;22;0;1
-40;-4;19;0;1
-52;-29;16;1;1
-40;-38;39;0;1
-49;25;19;1;1
-51;28;31;1;1
-43;-45;34;0;1
-16;19;57;1;1
-43;16;33;0;1
-20;10;11;0;1
-40;30;20;0;1
-26;-10;34;0;1
-45;-6;43;0;1
-21;29;56;1;1
-24;22;11;0;1
-31;-28;28;0;1
-55;9;39;0;1
-42;-10;35;0;1
-37;-55;19;0;1
-37;-4;31;0;1
-19;-23;21;1;1
-33;-14;51;0;1
-7;11;29;0;1
-34;-14;57;0;1
-39;-6;16;0;1
-50;13;45;1;1
-29;23;30;1;1
-35;-20;35;1;1
-12;-10;24;0;1
-21;17;55;0;1
-58;-33;19;0;1
-29;-15;49;1;1
-43;-26;41;0;1
-36;-40;35;0;1
-35;14;47;0;1
-23;-28;12;1;1
-38;13;34;1;1
-12;-18;17;0;1
-32;-17;20;0;1
-20;24;53;0;1
-30;-21;53;0;1
-54;35;28;0;1
-58;-22;22;0;1
-28;-32;16;1;1
-37;-20;41;0;1
-43;6;35;0;1
-9;-3;26;0;1
-35;-24;24;0;1
-32;1;50;1;1
-49;-2;17;0;1
-17;20;31;0;1
-51;20;29;0;1
-21;-24;38;0;1
-13;19;9;0;1
-32;-44;42;0;1
-54;-38;20;0;1
-40;-2;11;0;1
-29;-1;44;1;1
-14;22;59;0;1
-61;-1;25;0;1
-34;47;35;0;1
-23;39;54;1;1
-14;-14;35;1;1
-36;-26;30;0;1
-21;-27;16;0;1
-26;26;38;0;1
-35;-2;46;1;1
-23;38;29;0;1
-37;-22;25;0;1
-10;-17;19;0;1
-47;-15;36;0;1
-53;-3;36;0;1
-25;34;43;0;1
-33;27;25;1;1
-22;-12;33;1;1
-23;10;49;1;1
-34;-42;37;0;1
-39;34;32;0;1
-54;22;19;1;1
-53;-15;33;0;1
-50;37;18;1;1
-47;16;14;0;1
-18;21;45;0;1
-21;-19;53;1;1
-17;-12;51;1;1
-17;-28;14;0;1
-23;-14;52;1;1
-42;-19;54;0;1
-19;23;38;1;1
-38;39;16;0;1
-35;8;35;0;1
-24;-20;29;0;1
-63;19;25;1;1
-33;14;61;0;1
-38;13;45;1;1
-23;-18;55;0;1
-51;26;41;0;1
-29;-14;44;0;1
-22;-18;29;0;1
-27;-8;63;0;1
-22;-19;21;0;1
-46;-26;39;1;1
-56;-30;23;1;1
-32;30;34;0;1
-13;-22;11;0;1
-21;-10;58;0;1
-38;-2;33;1;1
-40;-38;31;0;1
-48;6;18;0;1
-25;-17;58;0;1
-30;34;24;1;1
-14;16;39;1;1
-32;12;59;0;1
-19;-11;39;1;1
-19;-17;65;1;1
-41;16;23;0;1
-19;30;55;0;1
-50;-21;37;0;1
-33;-29;21;0;1
-17;-16;25;0;1
-16;-23;60;1;1
-47;-21;14;0;1
-18;27;29;0;1
-63;-7;28;0;1
-32;0;29;0;1
-36;-13;37;0;1
-54;5;16;0;1
-44;-13;54;0;1
-50;30;27;1;1
-59;-22;20;0;1
-27;-24;41;0;1
-21;31;36;0;1
-32;48;34;0;1
-37;17;56;1;1
-42;-9;16;0;1
-15;-24;14;1;1
-50;7;26;1;1
-38;-38;23;0;1
-20;7;38;1;1
-54;22;32;1;1
-32;11;15;0;1
-34;-37;34;1;1
-51;-36;32;0;1
-48;-11;25;0;1
-23;-28;54;0;1
-34;30;13;1;1
-45;-11;49;1;1
-50;-11;45;0;1
-29;33;32;0;1
-55;26;18;0;1
-19;21;20;0;1
-9;-14;20;0;1
-51;9;42;0;1
-19;25;35;0;1
-25;27;14;1;1
-29;32;56;1;1
-42;5;15;0;1
-57;-22;21;1;1
-63;5;20;0;1
-32;38;41;0;1
-24;-13;16;0;1
-50;37;21;0;1
-47;-12;46;1;1
-50;28;17;0;1
-56;13;24;1;1
-24;-27;46;0;1
-36;-30;21;1;1
-50;17;32;1;1
-30;30;51;1;1
-16;-16;60;1;1
-47;-32;30;0;1
-32;-20;13;0;1
-43;12;29;0;1
-36;-30;52;0;1
-38;12;57;0;1
-35;36;37;0;1
-55;-4;30;0;1
-24;-39;25;0;1
-45;46;25;0;1
-57;3;18;0;1
-46;26;21;1;1
-15;-11;31;1;1
-30;26;40;0;1
-55;1;33;1;1
-50;29;40;1;1
-27;-9;36;1;1
-25;-12;19;0;1
-28;19;61;0;1
-28;25;54;0;1
-28;-17;31;0;1
-28;39;17;1;1
-53;-1;20;0;1
-39;16;55;0;1
-40;-32;21;1;1
-40;-9;53;0;1
-37;5;28;1;1
-42;42;25;0;1
-13;-7;24;0;1
-52;-1;36;1;1
-60;20;19;0;1
-54;-40;20;0;1
-54;14;28;0;1
-32;-33;50;0;1
-26;-26;28;1;1
-18;-24;64;0;1
-39;45;16;0;1
-25;-9;55;0;1
-26;-16;39;0;1
-33;19;28;1;1
-42;7;23;0;1
-31;6;48;1;1
-32;-14;48;0;1
-22;0;29;0;1
-14;-10;45;0;1
-39;-28;41;0;1
-22;-19;28;0;1
-32;1;51;0;1
-51;-26;18;0;1
-6;-9;27;0;1
-38;28;19;1;1
-60;-12;33;0;1
-24;-12;16;1;1
-34;-12;17;1;1
-14;-23;23;0;1
-42;-40;16;0;1
-53;-31;22;0;1
-47;-28;43;1;1
-15;-25;53;1;1
-53;19;30;0;1
-13;19;31;0;1
-48;45;25;1;1
-53;16;33;0;1
-28;-10;56;0;1
-46;8;32;0;1
-13;12;45;0;1
-50;-32;16;0;1
-36;-6;20;1;1
-18;-1;24;0;1
-48;28;33;0;1
-24;41;40;0;1
-16;24;41;1;1
-59;-11;37;0;1
-49;-14;43;0;1
-38;10;27;1;1
-54;2;38;1;1
-50;1;32;1;1
-42;-24;21;0;1
-37;-24;39;0;1
-13;12;40;1;1
-33;21;24;0;1
-20;6;31;0;1
-47;-9;44;0;1
-13;-5;27;1;1
-26;39;45;1;1
-65;10;19;1;1
-41;43;37;1;1
-30;36;24;0;1
-31;9;32;0;1
-36;8;12;1;1
-22;-10;31;0;1
-47;19;48;0;1
-23;-7;38;1;1
-29;-46;23;1;1
-32;2;31;0;1
-51;-36;31;1;1
-34;-18;24;0;1
-19;-1;24;0;1
-29;-25;52;1;1
-11;-13;23;0;1
-45;-7;41;0;1
-38;44;39;0;1
-29;34;26;0;1
-16;18;25;0;1
-45;17;45;0;1
-36;53;20;0;1
-10;8;23;0;1
-29;-23;57;0;1
-52;-22;27;0;1
-19;-15;15;1;1
-50;41;29;0;1
-22;-15;15;0;1
-23;-21;22;0;1
-13;-21;65;1;1
-30;-51;25;0;1
-51;-21;33;0;1
-10;6;32;0;1
-51;14;19;0;1
-17;21;55;0;1
-46;-7;19;0;1
-28;34;18;0;1
-33;46;31;0;1
-20;-23;39;0;1
-34;-13;27;1;1
-39;29;19;1;1
-30;-8;53;1;1
-48;-37;22;0;1
-36;-16;57;0;1
-30;48;39;0;1
-43;31;45;0;1
-30;34;46;1;1
-44;45;18;0;1
-28;27;11;1;1
-37;20;50;1;1
-24;-13;19;1;1
-50;-13;20;0;1
-44;-28;46;0;1
-44;-3;49;0;1
-24;-39;17;0;1
-42;5;48;1;1
-63;19;24;0;1
-26;-27;42;0;1
-33;-4;23;1;1
-27;25;15;1;1
-42;33;18;0;1
-66;8;21;0;1
-37;13;27;1;1
-22;6;57;1;1
-59;-10;27;0;1
-36;-4;46;1;1
-51;1;30;0;1
-39;15;34;0;1
-15;22;53;1;1
-36;-31;30;0;1
-40;-4;48;0;1
-26;-35;55;0;1
-32;-19;43;0;1
-48;-27;18;0;1
-30;-31;53;1;1
-29;30;12;1;1
-42;6;54;1;1
-31;24;33;0;1
-63;-21;24;0;1
-21;-26;37;1;1
-42;-18;16;0;1
-19;23;25;0;1
-49;14;23;1;1
-38;8;57;1;1
-45;-30;33;0;1
-35;-5;20;1;1
-19;-12;42;1;1
-24;-22;57;0;1
-38;-16;32;0;1
-28;-17;38;0;1
-47;25;21;0;1
-14;1;24;1;1
-62;10;23;0;1
-48;17;26;0;1
-47;23;18;0;1
-39;21;46;1;1
-47;27;27;0;1
-39;-45;18;0;1
-37;-28;30;0;1
-47;8;20;1;1
-49;11;50;0;1
-43;-36;35;1;1
-42;52;22;0;1
-44;20;48;1;1
-54;16;43;1;1
-55;-27;29;0;1
-30;16;14;0;1
-54;-23;18;0;1
-28;8;38;0;1
-51;7;27;1;1
-6;-10;31;1;1
-36;49;28;0;1
-27;36;41;0;1
-27;-14;57;0;1
-36;-55;26;1;1
-37;-5;29;0;1
-21;35;39;1;1
-60;22;29;1;1
-30;43;30;1;1
-31;50;38;0;1
-32;22;36;1;1
-39;50;31;0;1
-12;19;17;1;1
-41;33;33;0;1
-44;-38;16;1;1
-39;48;26;1;1
-27;7;60;0;1
-38;-50;26;1;1
-13;-17;45;1;1
-45;46;20;0;1
-35;-25;22;0;1
-16;25;11;1;1
-47;0;41;0;1
-22;25;20;0;1
-27;6;45;0;1
-60;9;32;1;1
-30;18;38;0;1
-18;13;57;0;1
-41;-25;17;1;1
-49;8;34;1;1
-21;36;41;1;1
-22;-24;24;1;1
-52;-5;23;0;1
-43;-31;18;1;1
-28;-16;40;1;1
-25;40;44;0;1
-42;-32;28;0;1
-39;-39;38;1;1
-24;-22;17;0;1
-23;-4;56;1;1
-33;-10;36;0;1
-48;-13;50;0;1
-25;-10;32;0;1
-22;-9;16;1;1
-28;-34;23;0;1
-23;-4;15;0;1
-43;25;41;1;1
-12;-15;52;0;1
-62;10;19;1;1
-26;36;49;0;1
-38;20;50;0;1
-44;-6;31;1;1
-52;-1;33;1;1
-36;2;25;0;1
-27;-16;34;0;1
-56;-3;26;0;1
-43;-8;25;0;1
-20;14;33;0;1
-10;4;28;0;1
-37;-49;20;1;1
-23;24;15;0;1
-16;27;31;1;1
-25;-14;37;0;1
-35;16;28;0;1
-25;-25;16;0;1
-25;0;36;1;1
-43;2;51;0;1
-25;-6;25;1;1
-27;-44;28;0;1
-34;2;49;0;1
-53;-5;31;1;1
-39;-25;23;1;1
-30;45;33;0;1
-47;5;14;0;1
-25;-37;41;1;1
-42;11;56;0;1
-45;-28;33;1;1
-38;-19;50;1;1
-47;12;31;0;1
-19;29;60;0;1
-24;-10;39;1;1
-29;-8;48;0;1
-19;28;21;1;1
-31;37;37;0;1
-24;16;11;0;1
-29;-21;32;0;1
-26;-9;64;1;1
-27;-11;57;0;1
-31;42;16;1;1
-30;-11;18;0;1
-34;46;33;1;1
-37;19;35;0;1
-39;-11;39;0;1
-38;-21;55;1;1
-11;18;15;0;1
-31;-16;60;0;1
-36;15;13;1;1
-42;-21;47;0;1
-53;-23;29;0;1
-18;3;17;0;1
-32;-23;55;0;1
-32;-12;35;0;1
-41;53;18;0;1
-32;-7;60;0;1
-29;26;14;0;1
-58;-5;26;0;1
-29;23;11;1;1
-17;-7;46;0;1
-26;-15;40;1;1
-37;-33;44;1;1
-21;13;26;0;1
-19;15;15;0;1
-27;10;15;0;1
-52;-15;43;0;1
-29;15;50;1;1
-47;-10;28;1;1
-56;-28;18;0;1
-49;37;28;0;1
-27;26;22;1;1
-51;-25;32;0;1
-59;2;32;0;1
-30;-30;45;1;1
-48;-36;36;0;1
-54;-9;39;0;1
-11;0;24;0;1
-27;12;40;0;1
-9;0;24;0;1
-44;1;41;0;1
-46;-33;31;0;1
-48;0;50;1;1
-20;-29;44;1;1
-16;-4;21;0;1
-42;9;43;1;1
-42;-2;56;0;1
-38;-36;40;0;1
-45;42;33;0;1
-41;10;12;1;1
-39;33;49;1;1
-15;-24;35;0;1
-25;-12;20;1;1
-11;-19;15;1;1
-23;-15;14;0;1
-13;-4;25;0;1
-47;25;18;1;1
-25;28;40;0;1
-30;33;53;1;1
-25;-42;50;0;1
-44;34;43;1;1
-25;13;52;0;1
-22;-12;53;0;1
-33;0;27;1;1
-42;-19;47;0;1
-30;-21;57;1;1
-13;1;35;0;1
-20;31;47;0;1
-16;27;50;1;1
-38;5;29;0;1
-44;-2;53;0;1
-32;31;22;1;1
-15;-19;17;0;1
-58;22;30;1;1
-37;-28;22;0;1
-25;-21;27;0;1
-32;7;47;1;1
-32;1;54;0;1
-18;15;26;0;1
-30;37;28;1;1
-37;11;24;0;1
-25;-1;43;0;1
-37;2;13;1;1
-20;32;30;0;1
-27;45;26;0;1
-45;-44;22;0;1
-15;23;37;0;1
-50;-25;41;1;1
-44;35;30;1;1
-29;-37;29;0;1
-13;-22;38;1;1
-40;17;16;1;1
-38;36;18;0;1
-14;-14;53;0;1
-25;42;46;0;1
-33;-32;43;0;1
-38;21;18;0;1
-28;15;43;1;1
-31;47;24;0;1
-39;1;40;1;1
-41;23;40;0;1
-37;26;22;1;1
-36;-19;35;0;1
-21;36;51;0;1
-55;5;30;0;1
-22;-8;35;1;1
-8;9;33;0;1
-27;31;26;0;1
-30;1;59;0;1
-56;-1;17;0;1
-36;32;31;1;1
-28;-2;50;0;1
-21;-6;15;1;1
-7;-7;24;0;1
-40;-22;14;0;1
-33;10;59;0;1
-39;-33;17;0;1
-16;6;27;1;1
-22;-4;13;1;1
-55;-3;40;1;1
-29;22;50;0;1
-21;22;34;1;1
-29;12;15;0;1
-40;31;17;1;1
-37;23;33;0;1
-18;15;16;0;1
-48;-9;48;1;1
-11;-18;37;1;1
-41;-46;19;0;1
-19;30;23;0;1
-39;-6;55;0;1
-19;-8;24;0;1
-14;-23;34;0;1
-31;-23;19;1;1
-41;-26;37;0;1
-9;-9;29;1;1
-40;-39;26;1;1
-32;40;41;0;1
-22;-30;49;0;1
-19;-14;7;0;1
-45;-32;18;0;1
-43;32;25;1;1
-32;-11;34;1;1
-46;-44;26;0;1
-47;-23;20;0;1
-40;-25;28;0;1
-34;46;38;0;1
-38;40;28;0;1
-28;-28;41;0;1
-44;0;46;1;1
-48;-30;28;0;1
-35;-36;30;0;1
-21;7;27;1;1
-33;13;61;1;1
-26;38;43;0;1
-35;32;41;1;1
-23;-27;60;0;1
-53;-25;36;0;1
-35;-22;55;1;1
-48;-15;39;1;1
-28;1;11;1;1
-62;-6;27;0;1
-37;-6;52;1;1
-26;-20;39;0;1
-26;1;28;1;1
-31;-40;14;0;1
-27;40;27;1;1
-42;2;19;1;1
-26;-12;8;0;1
-40;-7;37;0;1
-46;-18;49;0;1
-23;8;7;1;1
-50;5;38;1;1
-16;-16;19;0;1
-20;-24;29;0;1
-38;-45;17;1;1
-40;-45;24;0;1
-36;36;42;1;1
-48;-24;33;0;1
-53;-13;38;1;1
-36;-37;19;0;1
-23;-39;19;0;1
-39;-20;36;1;1
-56;-17;38;1;1
-25;1;8;0;1
-18;11;55;0;1
-58;11;17;1;1
-35;-19;30;0;1
-21;-10;11;1;1
-21;-19;55;1;1
-45;-14;43;0;1
-44;-32;19;0;1
-52;-2;40;0;1
-28;-17;46;1;1
-44;-42;23;0;1
-46;-4;14;0;1
-20;20;41;0;1
-21;-26;54;1;1
-34;9;17;1;1
-29;2;48;0;1
-29;13;20;0;1
-45;-31;44;0;1
-27;6;15;0;1
-40;-29;38;0;1
-57;-25;21;0;1
-38;-35;47;1;1
-41;22;36;1;1
-18;17;32;0;1
-28;16;56;0;1
-39;28;20;0;1
-49;-2;24;1;1
-39;-16;15;1;1
-17;21;18;0;1
-39;30;46;1;1
-25;27;56;0;1
-19;-32;60;1;1
-27;-33;18;0;1
-39;-19;20;1;1
-14;9;42;0;1
-23;35;28;0;1
-33;15;56;0;1
-44;31;22;0;1
-35;-27;36;1;1
-20;20;30;0;1
-52;32;25;1;1
-14;9;34;0;1
-27;32;27;1;1
-34;26;13;0;1
-26;-8;63;1;1
-28;17;13;1;1
-34;56;20;1;1
-34;11;45;0;1
-15;12;31;0;1
-32;-2;16;0;1
-35;28;37;0;1
-46;17;18;0;1
-53;32;21;0;1
-60;15;27;0;1
-63;15;28;0;1
-38;-10;54;0;1
-30;11;32;1;1
-50;1;46;0;1
-23;-1;13;0;1
-34;-1;61;0;1
-27;22;52;0;1
-20;22;58;0;1
-41;2;42;1;1
-25;24;47;1;1
-18;-15;30;1;1
-39;17;23;1;1
-32;-19;27;1;1
-32;-36;44;1;1
-20;13;61;1;1
-27;3;49;0;1
-51;-34;25;0;1
-38;23;12;0;1
-24;11;13;0;1
-22;-10;14;0;1
-45;-45;30;0;1
-54;3;40;1;1
-27;-14;29;0;1
-22;17;9;1;1
-46;14;23;1;1
-6;10;25;0;1
-20;4;43;0;1
-28;39;47;1;1
-37;-27;28;1;1
-37;-27;49;0;1
-18;-22;43;0;1
-32;17;41;0;1
-23;-32;17;0;1
-28;-25;22;0;1
-40;28;51;1;1
-30;-1;63;1;1
-46;20;38;0;1
-38;22;29;1;1
-35;13;44;1;1
-14;8;36;1;1
-47;3;37;1;1
-44;1;33;1;1
-28;30;57;0;1
-15;-23;26;1;1
-30;-17;12;0;1
-39;2;51;1;1
-50;-22;35;0;1
-14;22;21;0;1
-29;-18;61;1;1
-42;-31;40;0;1
-36;-2;36;0;1
-54;11;22;0;1
-36;39;43;1;1
-42;10;12;0;1
-22;4;10;1;1
-16;-22;15;0;1
-26;-33;39;0;1
-24;38;20;0;1
-17;26;55;0;1
-23;-1;25;1;1
-29;-21;59;1;1
-60;-3;22;0;1
-34;-3;12;0;1
-18;28;14;0;1
-21;21;24;0;1
-39;30;40;1;1
-31;35;31;0;1
-19;12;39;0;1
-46;-37;39;0;1
-42;-27;33;1;1
-34;-11;37;0;1
-25;-17;53;0;1
-17;13;32;0;1
-23;38;35;0;1
-29;23;42;0;1
-13;-18;14;0;1
-36;-27;26;0;1
-25;-20;59;1;1
-44;-18;21;0;1
-20;-33;54;1;1
-20;31;19;0;1
-18;-26;26;0;1
-57;1;30;0;1
-51;9;27;1;1
-14;18;45;0;1
-22;5;61;0;1
-52;11;42;0;1
-33;-42;40;0;1
-22;30;25;0;1
-37;8;23;1;1
-18;-24;37;0;1
-36;10;15;1;1
-35;-2;31;0;1
-27;-40;25;0;1
-39;-2;28;0;1
-48;-24;34;0;1
-24;-9;36;1;1
-25;42;17;0;1
-52;-21;16;1;1
-44;-38;36;0;1
-24;33;41;0;1
-44;5;48;0;1
-24;40;50;0;1
-39;-24;16;0;1
-23;18;52;0;1
-26;-40;39;0;1
-48;-44;23;0;1
-29;36;32;1;1
-28;6;8;0;1
-21;18;50;0;1
-33;21;49;0;1
-14;21;28;1;1
-32;19;33;0;1
-54;-8;38;1;1
-17;-19;31;0;1
-26;35;42;0;1
-13;17;47;1;1
-39;38;16;0;1
-16;27;63;1;1
-59;-8;16;1;1
-43;-24;40;0;1
-54;11;34;1;1
-55;-37;18;0;1
-23;-1;16;0;1
-38;8;59;0;1
-57;4;24;1;1
-42;-8;13;0;1
-43;-6;36;1;1
-35;4;29;0;1
-34;-26;35;0;1
-45;-35;39;0;1
-27;-36;45;1;1
-29;23;48;0;1
-65;12;23;1;1
-54;-1;39;0;1
-29;33;50;1;1
-51;11;16;1;1
-26;-10;50;0;1
-40;-12;34;0;1
-42;-34;18;0;1
-28;32;56;0;1
-34;-27;51;1;1
-21;8;52;0;1
-12;-16;46;0;1
-19;13;20;1;1
-17;26;27;0;1
-19;8;56;0;1
-38;3;31;0;1
-24;-40;27;0;1
-29;21;58;0;1
-47;2;52;0;1
-37;3;19;1;1
-22;-34;55;1;1
-55;13;38;0;1
-13;18;40;0;1
-26;-41;35;1;1
-47;-12;42;0;1
-11;-11;21;1;1
-14;15;44;1;1
-25;40;14;0;1
-36;-30;41;0;1
-18;-20;47;1;1
-47;-4;19;1;1
-47;0;48;1;1
-29;43;47;0;1
-21;19;46;0;1
-40;53;20;0;1
-32;7;9;0;1
-8;13;30;0;1
-42;11;28;1;1
-30;20;17;0;1
-42;-33;19;0;1
-58;-7;19;1;1
-27;-19;32;1;1
-38;-22;28;0;1
-23;-25;57;0;1
-44;-3;15;0;1
-54;21;20;1;1
-18;-7;22;0;1
-35;-13;11;0;1
-48;-10;24;0;1
-18;-3;34;0;1
-33;-1;34;1;1
-22;24;13;0;1
-42;37;17;1;1
-22;-16;32;0;1
-20;2;26;0;1
-31;-11;17;0;1
-59;-32;22;0;1
-38;31;51;0;1
-35;7;58;0;1
-50;2;22;1;1
-25;6;65;0;1
-31;26;56;0;1
-20;-24;16;0;1
-24;1;20;0;1
-42;48;22;0;1
-28;30;37;0;1
-39;-19;16;1;1
-58;17;28;0;1
-30;-7;19;0;1
-39;-6;13;0;1
-38;7;49;0;1
-34;-50;35;0;1
-59;-10;31;0;1
-18;22;17;0;1
-38;-44;36;0;1
-50;-1;31;0;1
-26;-18;10;0;1
-46;-17;36;0;1
-35;16;25;0;1
-52;-35;26;1;1
-53;-27;19;1;1
-33;34;41;1;1
-30;-18;12;0;1
-33;19;12;0;1
-37;-30;23;0;1
-39;23;32;1;1
-19;25;22;1;1
-22;28;43;1;1
-12;11;34;0;1
-24;40;26;1;1
-33;10;51;0;1
-29;-20;31;1;1
-21;-35;54;1;1
-34;-40;21;0;1
-32;-7;50;1;1
-35;42;16;1;1
-22;6;61;0;1
-30;33;32;1;1
-34;35;43;1;1
-31;37;42;1;1
-25;4;49;0;1
-20;-7;27;1;1
-20;-20;55;0;1
-22;-7;50;0;1
-32;-31;52;0;1
-58;16;20;1;1
-23;12;61;0;1
-38;19;37;0;1
-35;-16;22;1;1
-25;-11;55;1;1
-20;-12;63;1;1
-21;-25;32;0;1
-17;17;65;0;1
-39;29;28;0;1
-57;0;40;0;1
-45;7;14;0;1
-11;-17;33;1;1
-39;-30;39;0;1
-38;-5;43;1;1
-16;-13;19;1;1
-24;17;10;1;1
-33;38;19;1;1
-56;9;41;0;1
-22;-4;51;1;1
-21;-11;25;0;1
-24;-7;43;0;1
-28;-45;43;0;1
-31;-11;40;1;1
-38;5;51;0;1
-18;-17;37;1;1
-41;46;30;0;1
-52;-32;35;1;1
-26;-7;21;0;1
-19;-13;63;0;1
-39;35;46;0;1
-45;21;32;0;1
-28;30;39;1;1
-24;30;37;1;1
-11;-12;31;1;1
-39;1;12;1;1
-31;-9;37;1;1
-33;12;61;0;1
-38;13;23;1;1
-43;-33;28;1;1
-17;-19;50;0;1
-27;-1;23;0;1
-27;30;48;0;1
-34;-28;15;0;1
-36;-14;24;0;1
-41;45;19;1;1
-34;-6;49;0;1
-34;-11;27;1;1
-44;-29;42;0;1
-31;-31;55;1;1
-22;-26;36;0;1
-45;0;27;0;1
-22;-38;14;0;1
-58;30;20;0;1
-13;18;46;0;1
-24;6;50;0;1
-37;12;26;1;1
-44;-20;30;0;1
-65;11;26;1;1
-32;40;25;1;1
-36;-24;39;0;1
-24;-2;26;0;1
-50;-24;27;1;1
-57;-13;36;1;1
-8;12;33;1;1
-22;22;11;0;1
-31;-17;10;0;1
-45;-27;38;1;1
-39;16;37;1;1
-60;-10;31;0;1
-38;-4;17;0;1
-43;-6;53;1;1
-49;-32;26;0;1
-22;-25;17;0;1
-18;-21;46;0;1
-48;-28;18;0;1
-55;27;23;0;1
-48;11;31;0;1
-49;-36;21;0;1
-55;-26;25;0;1
-36;-13;14;0;1
-21;-9;46;1;1
-20;10;49;1;1
-49;12;14;0;1
-54;-22;37;1;1
-49;-32;25;1;1
-36;-15;23;0;1
-29;-10;30;0;1
-23;20;25;0;1
-45;11;19;1;1
-15;-20;31;1;1
-40;9;43;0;1
-33;0;57;0;1
-21;-31;50;0;1
-21;-23;43;0;1
-49;33;28;0;1
-31;-41;17;0;1
-28;-19;61;1;1
-34;-23;26;0;1
-30;12;62;0;1
-24;-25;13;0;1
-43;25;44;0;1
-51;22;43;1;1
-46;43;20;1;1
-47;4;14;1;1
-32;46;34;1;1
-54;0;24;0;1
-9;-2;23;0;1
-49;-13;48;0;1
-22;10;62;0;1
-26;-42;51;1;1
-44;-7;55;0;1
-53;16;38;1;1
-16;18;47;0;1
-50;-24;44;0;1
-30;-43;20;0;1
-18;-24;51;0;1
-13;18;13;0;1
-13;-18;57;0;1
-20;-17;49;1;1
-37;9;56;0;1
-16;14;21;0;1
-36;-37;15;1;1
-50;7;23;1;1
-54;-10;21;0;1
-57;-17;37;1;1
-25;43;41;0;1
-41;29;22;1;1
-13;7;24;0;1
-25;21;51;0;1
-30;37;21;1;1
-36;3;13;1;1
-26;-44;39;0;1
-32;18;60;1;1
-41;18;19;1;1
-48;-45;19;0;1
-26;23;53;0;1
-28;18;26;1;1
-14;21;15;0;1
-32;-38;42;0;1
-55;-23;31;0;1
-36;-2;11;0;1
-34;-17;57;1;1
-13;21;65;0;1
-32;-30;29;1;1
-26;6;62;1;1
-44;-11;50;0;1
-31;4;26;1;1
-26;-13;60;0;1
-43;-28;31;0;1
-43;-6;21;1;1
-31;36;18;0;1
-27;-16;20;1;1
-29;-23;17;0;1
-46;-17;49;1;1
-22;-5;48;0;1
-21;32;49;0;1
-11;4;26;0;1
-50;3;46;1;1
-50;30;38;0;1
-23;27;14;1;1
-24;10;62;1;1
-60;-21;26;0;1
-37;4;52;0;1
-45;-18;39;0;1
-43;38;37;0;1
-32;20;13;1;1
-31;-50;18;1;1
-29;36;18;0;1
-13;-17;56;0;1
-20;6;53;0;1
-44;4;27;0;1
-63;-2;17;0;1
-35;-20;31;1;1
-23;14;34;0;1
-13;21;34;0;1
-35;56;22;1;1
-36;42;34;1;1
-30;43;34;1;1
-38;-30;28;0;1
-22;-20;22;1;1
-47;9;44;1;1
-30;47;25;0;1
-25;-41;19;1;1
-34;20;53;0;1
-59;-12;33;0;1
-24;-32;24;0;1
-54;8;39;1;1
-39;-10;12;0;1
-33;-56;22;1;1
-41;6;47;0;1
-25;-24;54;0;1
-32;-37;18;0;1
-21;-31;24;0;1
-25;-31;48;0;1
-41;-28;48;1;1
-37;11;59;1;1
-54;-25;23;1;1
-24;1;51;0;1
-43;-3;50;0;1
-48;16;25;1;1
-27;14;61;0;1
-16;-21;58;0;1
-25;-10;18;0;1
-37;-50;28;1;1
-61;-2;33;0;1
-31;7;15;1;1
-45;44;24;0;1
-22;11;60;1;1
-45;-3;14;0;1
-39;-4;12;1;1
-36;-44;22;1;1
-38;26;49;1;1
-24;9;27;0;1
-40;11;16;1;1
-29;-20;56;0;1
-48;-16;19;1;1
-41;-14;51;0;1
-17;-25;62;1;1
-47;15;14;1;1
-33;26;46;1;1
-35;37;47;0;1
-46;18;46;1;1
-49;-37;27;0;1
-27;-42;25;1;1
-50;25;40;0;1
-26;19;27;0;1
-47;-10;32;0;1
-26;40;16;0;1
-33;-26;35;0;1
-31;31;25;0;1
-37;-25;43;1;1
-27;-18;10;0;1
-39;-6;42;0;1
-46;-6;44;0;1
-51;44;20;1;1
-43;-31;15;1;1
-19;-29;22;1;1
-40;35;41;0;1
-34;-40;15;1;1
-35;33;33;0;1
-32;-39;30;0;1
-43;3;37;1;1
-50;-12;23;0;1
-49;-10;48;1;1
-19;23;24;0;1
-39;-14;46;0;1
-24;-14;23;1;1
-33;-21;16;0;1
-52;42;18;0;1
-50;17;31;1;1
-52;5;31;1;1
-48;-22;32;1;1
-31;51;32;1;1
-25;18;51;1;1
-26;-9;34;1;1
-34;3;15;1;1
-23;7;21;1;1
-55;-6;44;1;1
-43;-37;22;0;1
-41;2;38;0;1
-37;-42;30;1;1
-33;-1;17;0;1
-40;-21;30;1;1
-28;-24;41;0;1
-15;21;49;0;1
-25;13;19;0;1
-59;23;19;0;1
-31;11;27;0;1
-46;22;34;1;1
-38;-35;18;0;1
-42;16;30;0;1
-14;2;31;0;1
-35;-18;28;1;1
-25;-40;42;0;1
-10;-15;18;1;1
-46;14;26;0;1
-54;-15;19;0;1
-9;-15;26;0;1
-24;36;12;0;1
-23;4;22;0;1
-15;21;43;1;1
-27;-5;59;1;1
-29;-36;36;0;1
-38;-38;35;0;1
-34;-30;47;1;1
-44;-19;24;0;1
-53;23;25;0;1
-30;39;31;0;1
-33;-57;21;0;1
-28;-22;28;0;1
-35;21;32;1;1
-22;-19;59;1;1
-53;-26;21;0;1
-48;3;27;0;1
-54;-24;28;0;1
-61;-8;27;0;1
-16;13;35;1;1
-34;20;28;0;1
-47;35;18;0;1
-49;14;20;0;1
-41;35;41;1;1
-47;41;27;0;1
-41;-26;49;0;1
-25;26;45;1;1
-21;31;59;0;1
-49;-35;18;0;1
-26;12;52;0;1
-20;-22;55;1;1
-24;-37;48;0;1
-33;-19;31;1;1
-37;20;21;1;1
-23;21;37;1;1
-42;40;36;1;1
-35;21;36;1;1
-39;-9;55;1;1
-26;7;31;0;1
-18;-25;22;0;1
-15;20;44;1;1
-48;48;20;0;1
-25;-40;43;0;1
-28;-14;39;0;1
-36;9;12;0;1
-54;-16;21;0;1
-31;-10;13;1;1
-18;10;19;0;1
-34;-12;12;1;1
-19;-19;37;0;1
-42;5;29;1;1
-28;-6;53;0;1
-13;4;36;0;1
-43;14;44;0;1
-30;-13;25;0;1
-22;-28;11;0;1
-29;7;45;0;1
-34;-1;27;0;1
-24;9;14;0;1
-38;27;39;0;1
-20;11;10;0;1
-33;18;53;0;1
-40;15;55;0;1
-33;51;22;1;1
-44;-1;39;0;1
-20;-26;18;0;1
-10;-12;22;0;1
-44;-1;45;1;1
-28;31;22;0;1
-33;38;47;0;1
-29;11;61;0;1
-22;5;51;1;1
-38;-42;42;0;1
-51;19;36;0;1
-12;17;22;0;1
-41;45;28;0;1
-34;-55;22;0;1
-33;-11;56;1;1
-19;-1;19;0;1
-51;-10;27;1;1
-25;-4;62;0;1
-21;-3;42;1;1
-38;2;16;0;1
-43;9;38;0;1
-36;15;38;1;1
-46;32;31;0;1
-24;41;37;1;1
-44;1;12;0;1
-22;2;33;0;1
-10;-16;50;1;1
-28;48;27;1;1
-12;-17;46;0;1
-30;-43;25;0;1
-40;8;31;1;1
-59;-4;39;0;1
-35;-34;26;1;1
-21;6;55;0;1
-46;8;42;0;1
-37;30;31;0;1
-31;27;47;0;1
-54;30;26;0;1
-40;-10;57;0;1
-44;24;18;0;1
-15;22;55;0;1
-43;-27;41;0;1
-35;46;31;0;1
-42;19;18;1;1
-20;-31;55;1;1
-42;-6;23;0;1
-42;-19;51;1;1
-39;-37;31;0;1
-51;17;43;1;1
-30;5;63;1;1
-28;2;26;1;1
-28;-11;53;0;1
-60;20;30;1;1
-50;37;27;1;1
-55;11;30;1;1
-53;5;21;0;1
-59;2;37;1;1
-54;-2;43;0;1
-24;-28;19;0;1
-36;-11;20;0;1
-27;-29;38;1;1
-20;-29;22;0;1
-28;-12;24;0;1
-44;-7;50;1;1
-58;-24;18;0;1
-53;4;18;0;1
-32;17;58;0;1
-34;-26;28;0;1
-43;19;42;0;1
-53;39;19;0;1
-41;27;22;1;1
-59;7;21;1;1
-37;47;28;0;1
-30;4;22;0;1
-36;-24;19;0;1
-63;4;29;0;1
-14;13;45;0;1
-17;-2;37;0;1
-17;11;19;0;1
-14;-19;8;1;1
-32;14;30;1;1
-28;1;19;1;1
-32;27;41;0;1
-38;36;22;1;1
-17;26;41;1;1
-27;4;24;1;1
-65;7;27;1;1
-41;2;40;0;1
-24;28;32;0;1
-51;-32;25;1;1
-38;9;33;0;1
-33;-40;37;1;1
-40;12;43;0;1
-18;-11;54;1;1
-31;31;17;0;1
-52;1;34;0;1
-30;38;30;0;1
-45;46;23;1;1
-43;-34;15;0;1
-24;-3;62;1;1
-25;3;43;1;1
-22;-35;20;1;1
-54;-12;37;0;1
-60;4;25;0;1
-42;17;52;1;1
-29;-7;45;1;1
-44;-9;28;0;1
-36;20;39;1;1
-26;40;23;1;1
-56;17;40;1;1
-50;-32;28;1;1
-51;-40;26;0;1
-49;31;38;1;1
-23;11;23;0;1
-19;-12;61;1;1
-61;2;28;0;1
-41;21;52;0;1
-43;14;27;0;1
-41;17;40;0;1
-39;15;47;0;1
-53;-15;16;1;1
-44;0;23;0;1
-26;-27;18;0;1
-49;29;27;1;1
-26;34;27;0;1
-22;-5;37;0;1
-26;-15;14;1;1
-33;8;33;0;1
-61;19;22;1;1
-40;-45;22;1;1
-37;15;54;1;1
-25;5;7;0;1
-27;-26;19;1;1
-48;-11;49;1;1
-45;16;25;0;1
-25;2;59;1;1
-31;35;23;0;1
-33;44;35;1;1
-52;-22;32;1;1
-41;22;30;0;1
-35;-24;47;0;1
-31;22;42;0;1
-30;-34;44;0;1
-26;17;42;1;1
-11;-19;25;1;1
-43;31;41;0;1
-39;-27;19;0;1
-32;-1;19;1;1
-61;16;19;1;1
-31;-27;33;1;1
-23;12;44;1;1
-39;-26;31;0;1
-17;-6;18;0;1
-18;-25;50;1;1
-27;-12;60;1;1
-33;-29;49;1;1
-52;13;24;1;1
-17;4;27;1;1
-41;9;40;1;1
-34;-27;21;1;1
-17;-17;66;0;1
-25;-29;12;1;1
-37;46;35;1;1
-37;21;26;0;1
-28;12;9;1;1
-37;-45;40;0;1
-35;-50;32;0;1
-10;-7;27;0;1
-31;19;53;0;1
-49;-13;43;1;1
-35;-32;45;0;1
-23;-4;52;0;1
-48;2;18;0;1
-7;-12;23;1;1
-18;20;52;0;1
-33;23;26;0;1
-28;12;47;0;1
-12;18;40;0;1
-48;18;37;0;1
-35;0;13;0;1
-34;-25;54;1;1
-48;12;26;1;1
-34;36;30;1;1
-35;44;22;1;1
-33;48;16;0;1
-55;-33;25;1;1
-22;5;35;0;1
-24;31;59;0;1
-34;20;12;0;1
-25;-36;38;1;1
-29;27;22;1;1
-28;6;58;1;1
-45;-16;41;0;1
-29;14;62;1;1
-37;-28;24;0;1
-26;34;49;0;1
-48;-13;24;0;1
-47;-17;29;0;1
-56;13;37;0;1
-30;12;15;1;1
-22;36;40;1;1
-39;-1;41;1;1
-14;7;24;1;1
-19;-28;60;0;1
-51;-17;20;0;1
-64;-2;24;0;1
-47;-13;39;0;1
-17;0;36;0;1
-11;-12;39;0;1
-48;-14;44;0;1
-21;11;17;0;1
-51;19;38;0;1
-24;-26;28;0;1
-20;-30;46;0;1
-7;8;24;0;1
-24;-37;29;0;1
-44;-11;44;0;1
-15;-19;14;1;1
-19;4;37;1;1
-30;0;17;1;1
-31;17;55;0;1
-28;46;45;0;1
-33;-3;54;1;1
-21;22;36;0;1
-33;17;53;0;1
-23;-2;55;0;1
-31;29;37;0;1
-32;3;9;0;1
-30;48;42;1;1
-47;45;22;0;1
-39;15;21;0;1
-34;-4;14;0;1
-17;17;64;1;1
-31;17;43;0;1
-29;6;37;0;1
-51;28;23;1;1
-46;11;24;0;1
-29;-23;29;0;1
-39;4;34;0;1
-33;23;57;0;1
-19;-2;17;0;1
-18;-27;30;0;1
-23;-8;24;0;1
-40;-2;13;0;1
-19;-14;55;0;1
-33;8;17;0;1
-18;-17;53;1;1
-39;47;29;1;1
-29;17;19;1;1
-28;-33;32;1;1
-34;12;58;0;1
-45;-20;36;0;1
-41;-47;34;0;1
-35;50;25;0;1
-60;25;20;0;1
-48;-6;50;0;1
-21;9;28;0;1
-51;0;33;0;1
-38;-49;30;1;1
-40;-7;19;0;1
-36;19;40;1;1
-28;-30;33;0;1
-41;51;23;0;1
-23;20;28;0;1
-22;-27;39;0;1
-38;-33;35;0;1
-46;-18;33;1;1
-47;9;28;1;1
-44;-43;20;0;1
-19;-24;29;0;1
-32;43;26;0;1
-29;-4;28;0;1
-30;7;58;1;1
-38;-14;18;1;1
-26;6;25;0;1
-27;-13;44;0;1
-19;-21;56;0;1
-47;1;26;1;1
-14;18;35;0;1
-65;-3;21;0;1
-19;20;65;1;1
-45;-23;39;0;1
-18;19;42;0;1
-14;19;10;1;1
-26;-4;27;1;1
-49;-34;37;0;1
-47;20;29;0;1
-35;27;52;0;1
-32;23;59;0;1
-35;33;15;1;1
-42;-3;31;1;1
-53;-25;16;0;1
-43;-26;14;1;1
-60;31;21;0;1
-54;38;23;0;1
-44;15;37;1;1
-30;-39;18;1;1
-11;16;39;0;1
-33;37;43;0;1
-33;25;21;0;1
-40;-45;29;0;1
-26;23;15;0;1
-50;3;15;0;1
-24;-36;55;0;1
-53;9;32;0;1
-20;-1;42;1;1
-29;-14;23;0;1
-17;3;38;0;1
-24;-23;55;0;1
-39;7;34;1;1
-42;14;46;1;1
-28;30;52;0;1
-49;12;25;0;1
-39;36;23;1;1
-36;27;25;1;1
-45;0;15;0;1
-25;-10;60;0;1
-39;-9;22;0;1
-53;4;15;0;1
-27;-44;37;0;1
-47;-10;51;0;1
-25;-4;54;1;1
-28;-35;39;0;1
-24;10;24;0;1
-30;10;29;0;1
-35;38;47;1;1
-38;-19;43;0;1
-31;12;42;0;1
-42;21;39;0;1
-34;-43;21;0;1
-53;18;43;0;1
-19;14;42;0;1
-28;37;21;0;1
-35;-3;50;0;1
-27;25;25;1;1
-47;-30;26;1;1
-54;14;33;0;1
-48;-29;31;0;1
-19;-29;57;0;1
-21;11;52;0;1
-32;-46;37;0;1
-43;18;36;1;1
-26;-7;47;1;1
-46;-34;16;0;1
-47;-16;24;0;1
-29;-11;44;0;1
-16;-12;31;1;1
-19;29;18;1;1
-30;0;48;0;1
-20;8;40;0;1
-33;7;36;1;1
-44;-15;33;0;1
-18;-16;14;1;1
-20;-32;35;0;1
-40;42;21;0;1
-30;-44;31;1;1
-54;-12;38;1;1
-38;-32;50;1;1
-49;34;26;1;1
-29;18;44;0;1
-33;-51;25;0;1
-57;9;33;0;1
-29;45;33;0;1
-42;27;27;0;1
-43;-3;38;0;1
-37;-9;23;0;1
-8;9;31;0;1
-26;-26;11;0;1
-27;-24;33;1;1
-43;0;12;0;1
-50;30;30;1;1
-31;32;18;0;1
-34;-25;13;1;1
-44;38;21;0;1
-49;-20;33;0;1
-17;-24;48;1;1
-59;-12;28;0;1
-35;-13;21;0;1
-30;-12;43;1;1
-12;-20;15;1;1
-32;-25;33;1;1
-34;-12;28;0;1
-13;12;27;0;1
-36;-14;45;0;1
-15;25;26;0;1
-20;-13;17;0;1
-11;6;31;0;1
-22;-16;29;1;1
-51;-9;27;0;1
-52;23;23;0;1
-52;-22;42;0;1
-26;21;48;1;1
-65;-1;21;0;1
-44;35;31;1;1
-39;-1;29;0;1
-34;-16;30;0;1
-29;17;41;0;1
-36;-26;28;1;1
-16;-18;43;1;1
-23;-26;13;1;1
-29;-6;41;0;1
-44;-7;38;0;1
-45;12;27;0;1
-40;32;42;0;1
-25;-24;15;1;1
-16;-12;19;1;1
-24;-2;44;0;1
-28;3;39;1;1
-26;5;58;1;1
-36;-13;50;0;1
-31;-47;29;1;1
-29;16;18;1;1
-24;37;45;1;1
-47;-23;36;0;1
-52;-12;28;1;1
-61;1;23;0;1
-54;-28;24;1;1
-45;-16;48;1;1
-40;14;55;1;1
-37;-1;42;0;1
-37;30;29;0;1
-47;30;33;0;1
-30;-31;42;0;1
-31;-3;37;1;1
-48;-15;21;0;1
-36;-9;41;0;1
-31;21;18;0;1
-45;27;15;0;1
-18;-21;47;1;1
-27;-34;41;0;1
-42;23;33;0;1
-29;-34;46;1;1
-33;22;33;1;1
-22;-20;39;0;1
-39;30;31;1;1
-42;52;20;0;1
-43;-18;13;0;1
-28;-32;37;0;1
-26;-44;26;0;1
-60;-13;27;0;1
-52;-39;21;0;1
-40;41;38;0;1
-52;-12;16;0;1
-27;46;25;0;1
-31;-27;31;1;1
-34;-28;14;1;1
-16;10;50;0;1
-22;35;14;0;1
-49;-5;32;1;1
-40;18;37;0;1
-37;6;25;1;1
-36;-45;32;0;1
-53;-13;43;0;1
-32;-5;11;1;1
-38;-5;17;1;1
-36;22;25;0;1
-28;5;42;1;1
-28;20;12;0;1
-47;-31;28;0;1
-41;6;34;0;1
-38;-41;38;0;1
-32;5;10;0;1
-24;-25;34;1;1
-58;20;23;0;1
-50;13;42;1;1
-16;12;52;0;1
-51;-18;27;1;1
-14;18;61;1;1
-22;7;44;0;1
-22;-19;14;0;1
-24;3;8;0;1
-36;24;12;1;1
-33;48;27;0;1
-41;17;25;1;1
-41;-1;55;1;1
-55;31;28;0;1
-53;-12;45;0;1
-19;20;63;0;1
-63;-14;18;0;1
-27;29;44;1;1
-34;11;44;1;1
-25;24;57;1;1
-54;4;40;1;1
-31;5;53;0;1
-43;32;31;0;1
-20;32;27;0;1
-32;-41;33;0;1
-12;-13;39;0;1
-36;38;31;0;1
-17;18;23;1;1
-28;-39;13;0;1
-30;8;39;0;1
-34;-52;27;0;1
-37;-37;33;0;1
-28;23;44;0;1
-31;-18;38;0;1
-30;-37;23;0;1
-56;15;41;0;1
-31;-18;15;1;1
-29;-18;48;0;1
-39;29;31;0;1
-13;-12;47;1;1
-63;3;30;0;1
-40;48;18;1;1
-31;6;42;0;1
-14;23;35;1;1
-19;28;57;1;1
-23;-29;36;1;1
-44;-28;38;0;1
-41;-7;32;0;1
-39;-19;53;0;1
-24;-2;53;0;1
-28;-3;46;0;1
-34;17;32;1;1
-22;17;25;0;1
-29;-9;13;1;1
-35;21;22;0;1
-47;28;33;0;1
-24;32;16;1;1
-43;9;20;1;1
-36;-33;21;1;1
-50;4;44;0;1
-32;-16;47;0;1
-19;26;11;1;1
-48;29;33;1;1
-48;17;25;0;1
-14;16;52;0;1
-50;-1;16;1;1
-28;-7;51;0;1
-25;23;18;1;1
-34;34;29;0;1
-59;-16;32;0;1
-40;19;47;0;1
-37;-28;52;1;1
-40;19;44;0;1
-33;10;32;1;1
-25;-2;38;0;1
-25;16;30;1;1
-6;-9;28;1;1
-41;-16;36;1;1
-12;-13;31;1;1
-25;23;52;0;1
-25;40;32;0;1
-50;16;24;1;1
-30;-39;27;1;1
-19;-26;15;1;1
-15;-22;52;0;1
-12;-7;21;0;1
-31;9;29;0;1
-58;9;35;1;1
-52;-14;33;0;1
-37;-18;52;1;1
-42;15;42;0;1
-41;-21;49;0;1
-46;3;35;1;1
-45;27;23;0;1
-35;-38;44;0;1
-51;2;29;0;1
-48;13;17;1;1
-37;-1;11;1;1
-65;-18;22;1;1
-24;-5;28;1;1
-50;-3;49;1;1
-34;26;18;1;1
-22;-13;28;1;1
-40;-40;22;1;1
-36;18;54;0;1
-43;-2;39;1;1
-49;29;35;0;1
-41;28;45;0;1
-19;-1;51;0;1
-26;28;11;0;1
-47;30;22;1;1
-34;-12;36;0;1
-42;2;33;0;1
-27;-22;23;0;1
-38;35;29;0;1
-37;-13;51;0;1
-41;28;30;0;1
-41;-33;38;0;1
-45;12;25;1;1
-12;20;42;1;1
-31;-3;10;1;1
-29;-45;22;1;1
-28;-21;17;1;1
-53;32;30;1;1
-25;23;15;0;1
-59;29;23;1;1
-46;-39;24;0;1
-52;16;43;0;1
-55;14;42;0;1
-29;-13;13;1;1
-31;31;44;0;1
-30;21;60;1;1
-41;-25;49;0;1
-45;1;49;0;1
-29;-29;53;0;1
-43;8;38;0;1
-40;-6;32;0;1
-43;26;19;0;1
-35;-24;23;1;1
-27;24;31;0;1
-22;36;37;1;1
-43;-7;56;1;1
-48;-40;22;1;1
-38;31;40;0;1
-46;28;19;1;1
-22;-19;37;0;1
-61;-20;21;0;1
-32;-23;31;0;1
-21;4;55;1;1
-57;-7;34;1;1
-22;-25;27;0;1
-20;30;22;1;1
-47;-16;30;1;1
-61;-10;35;0;1
-46;-7;28;1;1
-32;-49;26;1;1
-21;12;47;1;1
-26;23;14;0;1
-31;22;19;0;1
-37;-8;28;0;1
-55;4;24;0;1
-57;2;21;1;1
-44;10;47;1;1
-43;28;36;1;1
-49;-22;33;1;1
-30;-18;24;1;1
-47;-7;37;0;1
-55;-28;27;1;1
-56;15;20;0;1
-51;27;41;1;1
-55;29;33;0;1
-57;-15;32;0;1
-21;29;17;0;1
-32;-6;39;1;1
-48;-28;23;0;1
-41;12;34;0;1
-35;2;26;1;1
-43;6;49;0;1
-19;18;64;1;1
-16;-14;45;0;1
-61;0;25;0;1
-28;36;32;0;1
-43;22;52;0;1
-60;-5;37;0;1
-22;-14;11;1;1
-26;-16;51;0;1
-36;-7;58;0;1
-42;-5;26;0;1
-60;-27;25;0;1
-53;2;34;0;1
-36;-26;26;0;1
-29;-46;19;0;1
-26;-44;38;0;1
-57;5;35;1;1
-29;-6;32;0;1
-23;-27;10;0;1
-61;-17;18;1;1
-19;19;36;0;1
-44;8;28;1;1
-29;-10;29;1;1
-29;22;13;1;1
-15;14;20;1;1
-34;-33;21;0;1
-26;33;53;1;1
-13;6;32;0;1
-24;-2;17;0;1
-60;-8;20;0;1
-28;-22;22;1;1
-20;-12;34;0;1
-19;24;61;0;1
-55;16;36;0;1
-30;-33;37;0;1
-22;31;38;0;1
-28;-46;30;0;1
-38;15;47;1;1
-37;18;54;0;1
-23;-21;14;1;1
-45;-4;43;1;1
-35;11;20;1;1
-35;-43;44;0;1
-48;1;29;1;1
-18;-13;42;1;1
-58;18;22;0;1
-14;23;9;1;1
-26;-8;52;0;1
-35;38;20;0;1
-39;4;13;0;1
-23;35;18;0;1
-17;-27;44;0;1
-38;10;59;0;1
-42;39;16;0;1
-31;-5;45;0;1
-61;20;23;1;1
-42;-41;28;0;1
-41;8;57;0;1
-55;-13;36;0;1
-46;-28;34;0;1
-32;33;20;0;1
-57;13;34;0;1
-57;8;26;0;1
-27;-1;52;0;1
-23;-29;40;1;1
-36;-19;45;1;1
-50;-9;23;1;1
-61;26;20;0;1
-21;-17;35;1;1
-23;-21;30;0;1
-56;2;27;0;1
-27;-31;40;1;1
-45;-13;21;0;1
-8;-7;27;0;1
-23;25;30;1;1
-36;29;34;1;1
-23;29;37;0;1
-35;8;14;0;1
-25;-19;39;0;1
-18;31;18;1;1
-33;-20;25;0;1
-62;6;33;1;1
-33;12;23;1;1
-37;49;24;1;1
-45;11;26;0;1
-25;-17;16;0;1
-34;8;38;1;1
-30;24;50;1;1
-33;-3;22;0;1
-31;-6;15;0;1
-31;-29;14;0;1
-40;21;42;1;1
-40;-52;26;1;1
-45;-27;47;1;1
-44;-8;28;0;1
-48;20;28;0;1
-37;27;48;0;1
-24;-5;23;0;1
-38;37;44;0;1
-34;4;46;1;1
-18;27;15;0;1
-15;-18;56;0;1
-20;23;58;1;1
-27;3;65;1;1
-41;-34;27;0;1
-50;4;27;0;1
-26;-26;45;1;1
-38;17;52;1;1
-34;42;16;1;1
-50;-12;45;0;1
-45;7;45;0;1
-22;2;27;0;1
-31;38;31;0;1
-49;19;44;1;1
-27;39;17;0;1
-32;-11;23;1;1
-32;5;46;0;1
-29;50;41;1;1
-35;18;30;0;1
-57;22;25;1;1
-16;0;20;0;1
-32;-25;58;1;1
-33;21;43;0;1
-42;-34;22;1;1
-45;37;37;0;1
-25;-32;45;0;1
-39;18;24;1;1
-65;-3;25;0;1
-24;-4;55;0;1
-29;24;32;0;1
-60;22;19;0;1
-58;1;40;1;1
-55;21;31;1;1
-44;45;32;0;1
-66;-4;19;0;1
-31;-37;40;0;1
-49;-17;34;0;1
-21;-28;36;0;1
-51;3;36;0;1
-53;-6;26;0;1
-59;0;28;1;1
-52;0;32;0;1
-51;-36;17;0;1
-38;11;23;0;1
-39;-27;48;1;1
-25;10;19;0;1
-24;-21;21;0;1
-48;-5;30;1;1
-33;46;22;1;1
-26;-10;11;0;1
-29;26;27;0;1
-24;21;37;0;1
-41;2;50;0;1
-40;30;19;0;1
-32;23;52;0;1
-38;33;39;0;1
-36;27;28;1;1
-30;15;38;1;1
-35;4;61;0;1
-31;13;43;0;1
-23;-36;38;1;1
-26;-36;23;1;1
-29;-14;49;0;1
-20;-7;49;1;1
-52;-2;38;1;1
-47;2;29;0;1
-25;29;31;0;1
-40;8;37;0;1
-49;13;49;0;1
-50;35;17;0;1
-37;-39;32;0;1
-26;-2;42;0;1
-33;39;41;0;1
-38;-17;37;1;1
-61;11;25;1;1
-21;-17;53;1;1
-36;-25;47;1;1
-50;25;25;0;1
-17;29;16;1;1
-34;27;14;1;1
-13;-22;27;0;1
-46;-31;31;0;1
-34;10;39;1;1
-56;9;25;0;1
-7;11;22;0;1
-43;-11;12;1;1
-25;-1;13;0;1
-25;2;38;0;1
-26;-9;62;1;1
-29;-12;23;1;1
-51;14;39;1;1
-32;28;55;0;1
-38;10;34;1;1
-32;43;36;0;1
-41;31;33;0;1
-40;35;30;1;1
-34;18;57;1;1
-43;-44;28;1;1
-42;-21;33;0;1
-48;-14;30;0;1
-10;10;35;1;1
-36;6;55;0;1
-62;-10;28;0;1
-38;27;40;0;1
-40;-43;32;0;1
-17;11;44;0;1
-43;-29;48;0;1
-16;-15;34;1;1
-40;-50;30;0;1
-26;4;14;0;1
-14;13;18;0;1
-41;-23;35;1;1
-27;-32;45;0;1
-14;15;19;0;1
-30;19;35;0;1
-30;-24;25;1;1
-45;-23;44;1;1
-31;-15;12;1;1
-20;-5;49;1;1
-21;20;37;0;1
-35;-18;37;1;1
-63;2;32;1;1
-29;4;39;1;1
-32;-10;14;1;1
-61;2;20;1;1
-21;12;46;1;1
-40;14;21;1;1
-13;-19;45;0;1
-56;10;29;0;1
-27;14;63;0;1
-39;-2;52;0;1
-48;22;18;0;1
-20;-3;29;1;1
-24;17;16;1;1
-33;-49;20;1;1
-32;18;46;0;1
-47;-4;17;0;1
-52;-10;47;1;1
-25;20;11;1;1
-54;-12;20;0;1
-65;16;20;0;1
-23;32;30;1;1
-36;-10;15;0;1
-9;-10;25;1;1
-28;5;16;1;1
-22;23;38;0;1
-19;-26;51;1;1
-37;46;29;0;1
-15;-14;16;1;1
-25;-29;11;0;1
-51;26;35;1;1
-17;18;12;0;1
-37;-47;33;0;1
-36;9;40;1;1
-26;18;25;0;1
-12;17;41;1;1
-22;-35;14;1;1
-34;0;61;1;1
-38;-40;18;0;1
-34;-26;19;0;1
-30;2;21;0;1
-42;2;49;0;1
-19;-25;20;1;1
-29;23;51;0;1
-39;39;20;1;1
-23;19;34;1;1
-36;31;19;0;1
-18;-15;9;1;1
-34;-25;24;0;1
-56;9;16;1;1
-37;20;16;0;1
-51;-24;31;1;1
-22;4;46;1;1
-23;-11;57;0;1
-21;8;48;1;1
-28;-15;34;0;1
-30;-19;58;1;1
-29;17;26;1;1
-19;-15;27;0;1
-46;-19;49;0;1
-14;20;44;0;1
-17;-14;54;1;1
-60;-18;20;0;1
-40;24;28;1;1
-31;-7;10;0;1
-36;-6;15;1;1
-23;-24;34;0;1
-36;28;50;1;1
-56;-7;39;1;1
-33;7;42;0;1
-25;7;11;1;1
-26;-21;56;1;1
-25;5;19;0;1
-42;-38;37;0;1
-34;6;48;0;1
-25;-39;47;0;1
-17;14;23;0;1
-23;6;52;0;1
-29;46;34;0;1
-20;-22;46;0;1
-37;-37;16;0;1
-13;17;42;0;1
-16;11;36;0;1
-19;22;58;0;1
-40;-20;44;1;1
-63;13;29;1;1
-52;34;28;1;1
-30;24;27;0;1
-30;-23;27;0;1
-55;8;36;0;1
-37;-8;46;0;1
-47;-23;28;0;1
-30;19;29;1;1
-48;20;41;1;1
-33;-12;59;1;1
-27;-11;31;0;1
-43;1;35;1;1
-32;24;37;0;1
-55;6;21;0;1
-16;-6;26;0;1
-62;22;21;0;1
-67;2;21;1;1
-21;14;20;0;1
-14;-12;43;0;1
-40;-22;46;1;1
-26;-8;42;0;1
-38;1;34;0;1
-32;30;54;0;1
-41;5;56;0;1
-51;12;18;0;1
-26;43;19;0;1
-23;15;27;0;1
-10;-12;33;0;1
-60;-1;33;1;1
-22;-29;55;0;1
-10;-17;35;1;1
-12;-18;15;1;1
-50;-3;27;0;1
-62;-8;24;0;1
-31;-43;22;1;1
-40;-52;23;1;1
-47;-5;35;1;1
-21;24;44;1;1
-11;-12;23;0;1
-51;-19;28;1;1
-31;-7;26;0;1
-52;-11;33;1;1
-31;12;60;1;1
-24;12;17;0;1
-22;-28;45;0;1
-35;41;19;1;1
-38;23;26;1;1
-25;-34;37;1;1
-26;-24;43;1;1
-21;2;47;0;1
-37;-40;20;0;1
-50;2;36;0;1
-13;21;17;0;1
-31;19;44;0;1
-29;-20;24;0;1
-29;45;42;0;1
-31;-4;51;1;1
-41;-21;13;0;1
-34;-50;20;0;1
-39;-9;32;1;1
-30;26;12;0;1
-47;10;37;0;1
-31;36;42;1;1
-38;-46;36;1;1
-33;16;21;1;1
-26;-34;48;1;1
-50;-15;32;1;1
-32;-14;41;0;1
-33;26;49;0;1
-29;0;29;1;1
-21;-15;42;0;1
-49;24;19;0;1
-20;-18;43;0;1
-21;27;34;1;1
-24;-16;33;0;1
-30;34;34;0;1
-22;-29;11;0;1
-23;-35;40;1;1
-33;-30;29;0;1
-28;14;32;0;1
-39;-35;31;0;1
-55;25;23;1;1
-41;-42;32;1;1
-47;8;37;0;1
-36;-27;31;0;1
-20;-13;15;1;1
-66;-3;24;0;1
-31;-15;58;1;1
-37;-8;23;1;1
-17;-20;26;0;1
-24;-37;34;1;1
-19;-4;25;1;1
-38;26;30;0;1
-28;-34;38;0;1
-33;10;52;1;1
-38;15;17;1;1
-32;-37;22;1;1
-46;29;20;0;1
-43;-16;41;0;1
-52;43;21;1;1
-40;35;39;0;1
-21;28;50;0;1
-46;44;21;1;1
-54;-3;16;0;1
-64;-4;29;0;1
-44;-9;42;0;1
-42;-21;16;1;1
-50;-13;14;1;1
-22;-6;42;1;1
-62;-21;24;0;1
-21;-30;33;0;1
-23;-12;13;0;1
-23;25;20;0;1
-22;-15;58;0;1
-64;13;18;0;1
-32;-15;24;0;1
-19;23;47;1;1
-37;-23;41;0;1
-15;-24;24;0;1
-28;8;19;1;1
-26;-39;40;0;1
-31;11;39;0;1
-50;13;20;1;1
-30;18;35;0;1
-20;26;51;0;1
-15;6;27;0;1
-24;21;53;0;1
-45;-5;52;0;1
-39;-50;21;0;1
-38;15;58;1;1
-54;8;41;1;1
-30;17;56;1;1
-32;-44;17;1;1
-37;-40;44;0;1
-40;-18;16;0;1
-34;40;21;0;1
-20;-2;41;1;1
-45;-12;31;0;1
-47;-14;34;0;1
-47;0;53;1;1
-30;-29;55;0;1
-20;30;51;0;1
-25;30;57;1;1
-38;46;33;0;1
-53;-20;26;0;1
-14;12;42;0;1
-53;-32;32;0;1
-31;19;51;1;1
-29;35;30;0;1
-12;-15;46;1;1
-34;26;16;1;1
-50;2;34;0;1
-43;7;16;0;1
-30;23;42;1;1
-36;-39;36;0;1
-24;10;11;0;1
-26;21;12;0;1
-29;-44;33;0;1
-46;27;23;0;1
-56;-19;21;0;1
-35;50;21;1;1
-56;6;31;1;1
-23;2;61;1;1
-36;32;48;0;1
-16;-23;54;1;1
-44;-31;39;0;1
-43;11;50;1;1
-37;38;45;0;1
-34;35;32;1;1
-33;26;30;0;1
-27;-33;44;1;1
-27;-11;52;0;1
-45;-15;44;1;1
-24;2;48;0;1
-55;16;16;0;1
-22;20;33;1;1
-22;19;63;0;1
-25;40;15;0;1
-33;18;41;1;1
-18;11;26;0;1
-20;16;29;1;1
-46;1;31;0;1
-30;-29;33;0;1
-39;30;19;1;1
-19;24;30;0;1
-15;-19;56;0;1
-39;-46;25;0;1
-17;3;36;0;1
-13;3;28;0;1
-31;-35;28;0;1
-24;39;14;0;1
-43;-21;26;0;1
-63;6;25;0;1
-50;-38;23;1;1
-26;25;24;0;1
-32;-29;12;0;1
-54;23;24;0;1
-41;32;45;0;1
-35;6;16;1;1
-20;-24;56;0;1
-26;-13;53;1;1
-27;-14;43;0;1
-54;18;32;1;1
-51;3;35;0;1
-41;33;22;0;1
-22;-11;47;0;1
-17;-17;27;1;1
-33;-36;43;0;1
-32;-13;30;0;1
-30;-4;47;0;1
-16;26;47;0;1
-14;16;13;0;1
-53;33;18;0;1
-41;-11;52;0;1
-47;18;19;1;1
-43;24;26;1;1
-34;-20;46;0;1
-36;24;36;1;1
-32;23;54;1;1
-12;17;53;1;1
-19;27;36;1;1
-39;-36;20;0;1
-36;37;25;0;1
-16;-8;18;0;1
-25;10;65;1;1
-36;-37;47;0;1
-27;-43;25;0;1
-53;1;32;0;1
-57;4;41;0;1
-32;21;16;0;1
-25;13;37;1;1
-33;10;33;1;1
-41;-31;25;0;1
-28;21;22;1;1
-46;13;33;1;1
-46;-27;45;0;1
-51;7;42;0;1
-34;-50;30;1;1
-57;-3;39;0;1
-54;8;15;1;1
-59;-5;20;0;1
-21;5;51;0;1
-37;-31;17;0;1
-38;27;26;0;1
-29;-42;42;1;1
-22;-16;13;1;1
-48;-26;25;0;1
-26;6;12;1;1
-16;9;38;0;1
-35;-4;29;0;1
-56;-18;19;1;1
-28;-5;38;0;1
-24;13;11;0;1
-34;-33;29;0;1
-14;-5;35;0;1
-38;-43;28;0;1
-44;1;52;1;1
-49;-9;28;0;1
-38;13;16;0;1
-18;-25;52;0;1
-49;-6;37;0;1
-22;35;21;1;1
-35;-10;61;1;1
-11;10;23;0;1
-21;36;30;0;1
-36;27;45;0;1
-27;-23;29;0;1
-36;45;29;1;1
-52;-32;25;0;1
-10;-10;33;0;1
-49;-2;28;1;1
-64;17;22;1;1
-38;50;19;0;1
-35;44;28;1;1
-15;16;16;0;1
-57;26;29;1;1
-15;-11;49;1;1
-56;-14;22;1;1
-40;3;15;1;1
-17;28;56;0;1
-43;-7;32;0;1
-15;21;47;1;1
-49;17;22;0;1
-30;10;17;0;1
-34;33;22;0;1
-53;7;23;1;1
-25;20;62;0;1
-22;27;58;1;1
-26;-39;45;1;1
-21;-1;25;1;1
-15;16;39;0;1
-13;-4;21;1;1
-53;-7;15;0;1
-49;13;23;0;1
-16;-18;34;1;1
-46;13;41;1;1
-37;-24;42;0;1
-37;7;25;0;1
-32;-18;51;0;1
-47;-23;29;0;1
-50;35;36;0;1
-26;40;21;0;1
-29;-29;24;1;1
-15;-20;10;0;1
-41;4;48;0;1
-57;-3;20;1;1
-43;15;14;0;1
-41;2;51;1;1
-33;25;25;1;1
-18;29;29;0;1
-36;-45;20;0;1
-47;14;37;1;1
-22;9;43;0;1
-35;-12;26;0;1
-28;-37;33;0;1
-47;41;28;0;1
-27;-9;15;0;1
-20;-33;51;0;1
-33;-26;53;0;1
-24;-8;51;1;1
-27;33;56;1;1
-21;20;11;0;1
-25;18;41;1;1
-43;-6;16;0;1
-58;-4;36;0;1
-47;-37;38;1;1
-17;-14;37;1;1
-44;-9;41;1;1
-32;-16;49;1;1
-24;-34;18;0;1
-28;22;21;1;1
-32;41;33;0;1
-32;-42;46;1;1
-49;16;14;0;1
-23;4;21;0;1
-32;2;33;0;1
-39;-21;25;0;1
-46;20;27;0;1
-41;-42;27;0;1
-35;-31;26;0;1
-21;-36;18;1;1
-35;-48;28;1;1
-41;25;18;0;1
-23;-20;57;0;1
-36;3;23;1;1
-24;18;47;0;1
-49;39;25;0;1
-28;-33;17;0;1
-33;11;18;1;1
-25;23;14;0;1
-32;-29;16;0;1
-32;12;26;0;1
-18;-7;20;1;1
-24;18;44;1;1
-34;18;31;0;1
-41;-48;31;0;1
-13;22;48;1;1
-39;19;40;1;1
-18;19;50;1;1
-50;-5;50;1;1
-50;-17;27;0;1
-60;29;20;1;1
-24;27;37;1;1
-24;2;15;0;1
-43;-20;39;0;1
-20;9;34;0;1
-28;30;24;1;1
-27;-36;23;0;1
-28;18;21;1;1
-52;-2;41;1;1
-21;18;39;0;1
-34;-26;55;0;1
-31;-15;40;0;1
-56;1;32;0;1
-16;-22;65;0;1
-43;-33;44;1;1
-32;3;19;0;1
-14;-20;28;0;1
-21;-27;27;0;1
-43;37;37;0;1
-61;3;32;1;1
-42;-8;40;0;1
-25;-32;33;0;1
-23;-8;20;0;1
-45;26;15;0;1
-51;7;33;1;1
-28;-14;40;0;1
-24;-26;21;1;1
-27;-46;41;0;1
-33;-27;41;0;1
-31;-19;24;0;1
-11;4;24;0;1
-41;-28;50;1;1
-48;-8;47;0;1
-40;-45;31;0;1
-23;33;33;0;1
-27;-40;37;1;1
-32;31;47;0;1
-32;-21;20;0;1
-31;-11;22;0;1
-52;33;30;1;1
-34;24;41;0;1
-12;11;31;0;1
-37;32;32;0;1
-18;-20;18;0;1
-56;-8;27;0;1
-12;-14;36;0;1
-21;16;65;0;1
-21;-8;24;1;1
-44;-15;28;0;1
-24;-23;35;0;1
-61;5;29;0;1
-32;-40;41;1;1
-28;-31;40;1;1
-51;-23;25;1;1
-21;29;26;1;1
-41;-2;14;0;1
-11;-18;40;0;1
-32;9;36;0;1
-50;16;45;1;1
-45;3;18;1;1
-18;14;17;0;1
-66;15;20;1;1
-48;-26;23;0;1
-32;25;47;1;1
-20;-17;24;1;1
-47;-21;29;0;1
-37;-5;21;1;1
-25;16;36;0;1
-50;-3;14;0;1
-30;-29;54;0;1
-10;-17;34;1;1
-36;15;57;1;1
-42;-46;23;0;1
-48;-20;24;1;1
-32;-14;44;0;1
-41;-28;36;0;1
-40;-37;40;0;1
-19;17;66;0;1
-48;26;44;1;1
-50;34;30;0;1
-23;31;52;1;1
-17;-20;35;0;1
-36;18;49;1;1
-25;24;13;0;1
-32;11;24;0;1
-35;43;34;1;1
-28;10;57;0;1
-57;18;32;0;1
-35;52;30;1;1
-33;-28;49;0;1
-27;4;65;1;1
-64;14;18;0;1
-37;-19;47;1;1
-39;-29;43;0;1
-46;10;37;1;1
-34;17;24;0;1
-22;28;18;1;1
-20;6;36;0;1
-58;12;26;0;1
-19;-18;27;0;1
-30;-35;18;1;1
-52;4;39;0;1
-26;-3;57;0;1
-28;-2;17;0;1
-24;2;38;0;1
-30;-15;53;1;1
-43;-18;15;0;1
-34;6;54;1;1
-30;-42;15;0;1
-31;-34;42;0;1
-11;-17;17;0;1
-52;-36;21;0;1
-38;-17;47;0;1
-9;13;38;0;1
-36;-23;36;0;1
-11;18;30;0;1
-31;19;34;0;1
-36;-44;40;1;1
-64;-17;18;1;1
-37;-20;31;0;1
-33;55;28;0;1
-39;-6;39;1;1
-42;-16;39;1;1
-29;30;25;1;1
-18;-2;36;0;1
-12;17;55;0;1
-58;-13;35;0;1
-17;24;59;0;1
-15;23;49;1;1
-57;-3;21;1;1
-34;-31;45;0;1
-35;-1;11;0;1
-21;27;12;0;1
-42;45;24;0;1
-31;-27;28;1;1
-26;-32;35;0;1
-45;-41;28;0;1
-23;-25;14;0;1
-12;-14;33;0;1
-15;-2;26;0;1
-45;-38;32;1;1
-47;-40;18;1;1
-34;-36;43;0;1
-18;26;29;1;1
-33;17;29;0;1
-30;-28;36;0;1
-28;-44;21;0;1
-37;-9;54;0;1
-17;9;24;1;1
-45;-29;27;1;1
-17;-27;50;1;1
-37;45;39;0;1
-20;-11;59;0;1
-28;-12;41;0;1
-39;26;46;0;1
-44;-15;23;0;1
-22;36;34;1;1
-54;-17;28;0;1
-25;33;27;0;1
-23;-30;39;0;1
-31;-43;26;0;1
-40;0;15;0;1
-32;-38;39;1;1
-32;-5;24;1;1
-53;-40;24;0;1
-32;-6;54;1;1
-44;42;24;1;1
-54;2;30;0;1
-35;-40;28;0;1
-26;44;28;0;1
-23;-25;10;0;1
-23;0;59;0;1
-36;27;37;0;1
-56;-18;20;1;1
-47;9;25;0;1
-39;-4;44;0;1
-19;-18;33;1;1
-38;-33;17;0;1
-51;9;21;1;1
-40;-25;18;0;1
-39;-10;49;0;1
-28;-35;23;0;1
-64;-8;18;0;1
-25;28;33;1;1
-50;4;17;0;1
-56;16;37;0;1
-30;-5;52;1;1
-46;10;31;1;1
-16;-17;26;0;1
-40;-15;55;0;1
-20;20;53;0;1
-50;14;31;0;1
-59;26;22;0;1
-46;4;44;1;1
-37;-1;28;0;1
-19;1;25;0;1
-28;-8;53;1;1
-16;-13;16;0;1
-22;35;54;0;1
-12;-19;51;0;1
-40;43;19;0;1
-31;-17;47;0;1
-15;20;36;0;1
-46;9;24;0;1
-36;16;53;0;1
-51;40;29;1;1
-13;21;9;0;1
-22;-26;14;0;1
-35;39;36;1;1
-63;-4;23;0;1
-39;20;26;1;1
-35;36;16;0;1
-15;20;48;0;1
-36;8;53;1;1
-36;24;19;0;1
-18;29;56;1;1
-40;-18;36;1;1
-23;-31;18;0;1
-37;7;58;1;1
-60;5;33;1;1
-16;20;31;0;1
-57;-8;37;0;1
-49;-12;41;0;1
-51;11;28;0;1
-20;-34;59;1;1
-28;-14;50;0;1
-24;-20;31;0;1
-44;-21;46;1;1
-28;9;57;1;1
-41;-13;33;1;1
-26;-21;35;1;1
-16;25;13;1;1
-32;5;15;0;1
-49;-38;26;0;1
-12;5;32;1;1
-23;-6;21;1;1
-27;12;51;0;1
-22;-37;12;1;1
-40;-46;34;0;1
-63;-5;31;1;1
-54;19;40;0;1
-23;-13;23;0;1
-25;8;17;0;1
-17;15;58;0;1
-14;15;54;1;1
-37;24;53;0;1
-47;-10;42;0;1
-30;41;32;0;1
-24;13;20;0;1
-34;23;15;0;1
-31;-4;55;0;1
-20;20;9;1;1
-32;-9;53;1;1
-23;38;44;1;1
-58;-11;21;0;1
-42;44;22;1;1
-36;-39;21;1;1
-21;-11;7;1;1
-39;-1;53;0;1
-23;-15;8;0;1
-38;-22;39;1;1
-25;25;36;0;1
-49;23;24;0;1
-48;1;52;1;1
-41;19;35;1;1
-37;47;37;1;1
-17;15;49;1;1
-22;2;16;0;1
-35;-21;52;0;1
-28;-18;51;0;1
-44;-45;24;1;1
-33;32;46;1;1
-35;44;17;1;1
-37;-21;37;0;1
-16;23;20;0;1
-48;-31;26;0;1
-41;15;17;0;1
-45;4;18;0;1
-49;27;28;0;1
-35;-22;40;0;1
-34;-44;28;1;1
-49;12;47;1;1
-35;50;17;1;1
-48;16;23;0;1
-25;0;16;0;1
-21;-27;52;0;1
-37;43;31;1;1
-25;-3;49;1;1
-52;1;44;0;1
-27;37;30;1;1
-38;-4;53;0;1
-21;21;58;0;1
-35;5;11;0;1
-32;-17;53;1;1
-28;-31;20;0;1
-40;44;25;0;1
-29;33;33;0;1
-31;31;31;0;1
-29;-16;56;0;1
-31;-32;36;1;1
-34;6;45;0;1
-38;-46;25;0;1
-48;-16;29;1;1
-51;32;17;1;1
-43;-4;43;1;1
-57;-6;32;0;1
-37;18;29;1;1
-49;-38;21;0;1
-20;-12;18;0;1
-19;-16;35;1;1
-12;15;40;0;1
-46;-18;48;1;1
-27;11;63;1;1
-18;2;44;0;1
-40;-33;21;1;1
-45;-3;20;0;1
-42;-4;47;0;1
-12;19;32;1;1
-36;9;57;1;1
-34;-8;36;1;1
-67;4;22;0;1
-46;-48;23;1;1
-26;14;64;0;1
-24;-25;31;1;1
-42;-35;17;0;1
-38;25;38;0;1
-55;-17;36;0;1
-16;-17;14;0;1
-24;-31;27;1;1
-30;44;42;0;1
-32;-40;48;1;1
-25;-9;38;1;1
-30;28;34;0;1
-30;15;27;0;1
-14;2;25;1;1
-52;8;44;0;1
-11;17;14;0;1
-39;-28;46;1;1
-18;21;23;1;1
-27;31;18;0;1
-36;3;25;1;1
-42;-40;37;0;1
-19;-28;42;0;1
-45;20;36;0;1
-26;0;22;0;1
-47;-13;33;1;1
-48;-1;49;1;1
-32;50;21;1;1
-45;-20;33;0;1
-36;-7;10;1;1
-56;5;21;0;1
-28;-8;17;0;1
-49;-5;14;0;1
-49;-38;24;1;1
-31;-34;19;1;1
-42;50;22;0;1
-28;-3;14;0;1
-37;20;57;0;1
-21;34;57;0;1
-19;-25;62;0;1
-12;5;29;0;1
-34;-27;22;1;1
-37;-48;19;0;1
-43;-24;41;0;1
-39;19;46;0;1
-43;-31;27;1;1
-30;-3;61;1;1
-53;-28;29;0;1
-16;14;34;1;1
-45;-25;30;0;1
-45;41;30;0;1
-16;0;26;0;1
-54;-14;22;0;1
-25;8;30;1;1
-57;25;24;0;1
-25;-17;21;0;1
-40;-47;22;1;1
-34;33;19;1;1
-57;-1;21;1;1
-53;20;18;1;1
-45;-3;48;1;1
-33;21;12;0;1
-26;38;38;0;1
-40;12;49;1;1
-32;48;30;0;1
-19;-26;54;0;1
-30;-21;47;0;1
-35;36;30;1;1
-57;-16;35;0;1
-27;-20;21;0;1
-35;8;52;0;1
-30;-27;26;1;1
-34;39;25;0;1
-59;15;32;1;1
-26;-1;57;1;1
-15;18;27;0;1
-19;-2;41;0;1
-29;1;48;0;1
-20;17;42;0;1
-35;13;36;0;1
-30;-24;34;0;1
-54;4;36;0;1
-29;-42;33;0;1
-66;-8;25;1;1
-46;-16;44;0;1
-51;13;23;1;1
-31;25;25;0;1
-37;27;27;1;1
-53;-4;43;0;1
-22;25;61;0;1
-13;18;17;0;1
-48;-14;25;0;1
-39;34;15;0;1
-24;-15;9;1;1
-28;23;31;1;1
-34;-40;34;1;1
-24;-36;26;1;1
-56;9;18;0;1
-26;-12;48;0;1
-34;-1;17;0;1
-28;45;46;0;1
-50;-8;27;0;1
-58;13;35;1;1
-43;36;43;1;1
-24;-16;39;0;1
-28;-24;54;1;1
-35;-17;11;0;1
-58;33;21;0;1
-59;3;39;0;1
-53;33;24;1;1
-21;18;36;0;1
-27;40;25;0;1
-29;-3;31;0;1
-30;-9;45;0;1
-33;2;21;0;1
-50;42;22;1;1
-18;6;22;0;1
-26;34;32;0;1
-50;10;35;1;1
-36;13;48;1;1
-41;2;26;1;1
-47;-8;31;0;1
-38;-3;49;1;1
-45;6;51;0;1
-26;-36;15;1;1
-41;-32;25;1;1
-45;30;38;1;1
-25;-7;21;0;1
-38;0;13;0;1
-44;4;32;0;1
-46;19;18;0;1
-22;30;39;1;1
-17;-12;50;0;1
-37;-38;41;0;1
-23;5;45;0;1
-35;11;11;0;1
-58;-1;25;1;1
-39;-30;23;0;1
-44;21;24;0;1
-31;-40;29;0;1
-27;-18;14;1;1
-32;-17;25;0;1
-38;6;31;0;1
-10;12;21;0;1
-12;-20;10;0;1
-42;14;53;0;1
-32;10;37;0;1
-24;14;58;0;1
-43;-41;18;0;1
-33;42;41;0;1
-31;-4;43;0;1
-59;9;18;1;1
-17;11;50;0;1
-42;-25;25;1;1
-47;-24;41;1;1
-34;19;30;1;1
-24;-19;49;0;1
-22;14;38;1;1
-31;23;42;0;1
-35;37;48;0;1
-36;-27;15;1;1
-26;17;17;0;1
-27;-34;43;0;1
-23;6;40;0;1
-19;24;55;0;1
-61;17;30;0;1
-24;28;22;0;1
-44;-25;43;0;1
-23;25;44;1;1
-56;-24;24;0;1
-52;-10;31;1;1
-31;-4;48;1;1
-34;-13;28;0;1
-30;-39;19;0;1
-24;-18;29;0;1
-24;28;50;0;1
-22;-38;43;1;1
-38;19;18;0;1
-44;13;30;0;1
-37;45;17;0;1
-24;-23;53;0;1
-35;16;32;1;1
-34;13;20;1;1
-20;-26;24;1;1
-27;-10;56;0;1
-48;43;18;0;1
-18;-8;38;1;1
-28;-16;11;0;1
-45;-20;14;1;1
-41;11;45;1;1
-26;-25;56;0;1
-45;-2;21;0;1
-24;16;64;0;1
-23;-26;28;0;1
-50;17;18;0;1
-14;-20;14;1;1
-20;-3;21;1;1
-30;-29;41;1;1
-52;-3;17;1;1
-14;-23;14;1;1
-33;12;50;1;1
-41;15;54;1;1
-13;-21;23;1;1
-46;-10;16;0;1
-36;-22;57;0;1
-5;-8;24;1;1
-31;-25;47;0;1
-39;-25;16;1;1
-33;31;51;0;1
-37;10;29;0;1
-27;9;10;0;1
-38;8;30;1;1
-31;50;30;0;1
-48;-11;22;0;1
-26;0;62;0;1
-14;-19;59;0;1
-44;-35;23;1;1
-22;-5;10;0;1
-51;-4;21;1;1
-26;35;54;1;1
-51;6;25;0;1
-50;-18;18;0;1
-61;4;26;0;1
-34;49;33;0;1
-39;12;49;0;1
-19;-5;34;0;1
-23;12;38;1;1
-26;-41;47;0;1
-35;-20;27;0;1
-23;21;34;0;1
-18;25;63;0;1
-45;2;41;0;1
-42;-11;40;0;1
-42;10;52;0;1
-18;-16;42;0;1
-35;-14;49;0;1
-34;26;26;1;1
-42;23;30;1;1
-36;35;47;1;1
-27;-10;60;0;1
-29;-20;32;1;1
-31;-16;22;0;1
-50;-17;39;0;1
-22;-14;46;0;1
-29;4;51;0;1
-40;-12;51;1;1
-28;-37;53;0;1
-29;-48;20;0;1
-54;-31;25;1;1
-47;-25;15;1;1
-25;-18;43;1;1
-57;8;18;0;1
-34;-40;16;0;1
-38;30;37;0;1
-21;0;24;0;1
-38;35;37;0;1
-42;31;23;0;1
-34;-8;50;0;1
-21;11;51;1;1
-32;0;35;0;1
-46;26;42;0;1
-20;-3;14;1;1
-18;-24;39;0;1
-26;37;35;0;1
-34;42;38;1;1
-35;39;32;0;1
-52;-19;29;0;1
-41;-29;23;0;1
-43;9;41;0;1
-43;3;34;0;1
-34;-23;48;0;1
-16;22;58;0;1
-38;13;49;1;1
-35;-45;25;1;1
-52;5;46;1;1
-31;-17;25;1;1
-6;-10;25;0;1
-46;38;28;0;1
-20;19;45;1;1
-59;1;28;0;1
-44;20;41;1;1
-47;20;37;0;1
-29;-1;32;0;1
-42;-42;27;0;1
-55;6;44;1;1
-20;0;34;0;1
-24;-36;21;1;1
-18;-29;21;0;1
-35;-29;31;1;1
-33;26;21;1;1
-48;-19;16;1;1
-63;17;26;0;1
-35;-30;42;0;1
-18;-16;64;1;1
-34;-31;34;1;1
-24;-28;26;0;1
-28;37;16;0;1
-37;30;45;1;1
-40;-23;22;1;1
-48;-15;44;0;1
-45;19;39;1;1
-39;-19;18;0;1
-39;-11;27;1;1
-22;-8;29;0;1
-26;-13;9;0;1
-23;-10;24;0;1
-27;-28;39;0;1
-59;-21;27;0;1
-42;-7;44;1;1
-42;1;53;1;1
-38;37;28;0;1
-54;15;36;0;1
-29;-48;31;0;1
-22;-9;25;1;1
-41;-44;25;0;1
-61;13;24;1;1
-44;7;36;1;1
-29;11;34;0;1
-28;3;31;0;1
-29;19;24;0;1
-26;13;36;0;1
-46;19;49;0;1
-21;36;24;0;1
-25;30;18;0;1
-52;-11;27;0;1
-35;33;28;1;1
-33;-24;22;0;1
-34;-3;46;0;1
-13;-21;40;1;1
-39;3;39;1;1
-18;-25;46;0;1
-30;-6;61;1;1
-19;16;22;0;1
-26;3;8;0;1
-22;-23;27;0;1
-18;-16;36;1;1
-21;-2;48;0;1
-22;-19;11;0;1
-31;9;38;0;1
-42;4;32;0;1
-46;-28;33;1;1
-25;-39;41;1;1
-29;-18;47;1;1
-48;-5;15;1;1
-50;-2;48;0;1
-54;3;34;0;1
-37;9;46;0;1
-29;26;33;0;1
-30;48;38;1;1
-35;-6;61;1;1
-33;17;58;0;1
-58;-11;16;1;1
-24;-19;20;0;1
-27;35;20;1;1
-35;-13;19;1;1
-61;7;25;0;1
-34;49;23;0;1
-30;21;48;1;1
-26;13;27;0;1
-44;10;23;0;1
-42;21;43;0;1
-46;-37;24;0;1
-56;11;28;1;1
-17;24;11;0;1
-38;39;39;1;1
-23;8;50;1;1
-46;-31;27;0;1
-18;-16;57;1;1
-64;-10;19;0;1
-37;-22;36;1;1
-47;-4;13;0;1
-36;19;26;1;1
-56;11;29;1;1
-38;-14;56;0;1
-36;36;22;0;1
-11;13;22;0;1
-30;-15;13;1;1
-27;29;26;1;1
-29;-22;10;0;1
-60;-16;32;0;1
-56;20;29;0;1
-20;20;15;1;1
-20;26;56;1;1
-33;40;48;1;1
-21;-9;49;0;1
-20;-12;62;0;1
-21;-15;31;0;1
-46;-7;15;1;1
-43;5;48;0;1
-23;-4;47;1;1
-37;25;35;0;1
-44;3;31;0;1
-52;-37;29;1;1
-40;3;41;0;1
-9;-12;21;0;1
-66;2;20;0;1
-28;46;16;0;1
-27;26;11;1;1
-23;-36;46;1;1
-39;-45;29;1;1
-19;9;40;0;1
-33;-15;53;0;1
-29;11;15;0;1
-45;-17;50;1;1
-42;-44;29;0;1
-54;23;19;0;1
-12;-20;21;0;1
-38;48;28;0;1
-43;-14;17;0;1
-35;21;20;1;1
-36;17;50;0;1
-22;-37;45;0;1
-11;-17;16;1;1
-27;33;13;1;1
-47;0;39;0;1
-36;-27;18;0;1
-40;-21;37;0;1
-32;9;37;1;1
-53;3;25;0;1
-32;-36;46;0;1
-15;25;14;0;1
-10;17;19;0;1
-28;-38;47;0;1
-45;-9;51;0;1
-11;-17;38;0;1
-16;16;58;1;1
-40;32;48;1;1
-25;-12;36;1;1
-38;2;22;0;1
-36;29;31;0;1
-40;-4;20;0;1
-18;-14;23;0;1
-18;26;51;1;1
-42;-17;38;1;1
-50;19;32;0;1
-31;-24;30;0;1
-44;19;17;0;1
-28;18;17;0;1
-43;-46;19;1;1
-24;-21;15;1;1
-19;-11;18;1;1
-35;-10;55;0;1
-16;20;66;0;1
-23;35;55;1;1
-39;28;46;1;1
-30;31;51;0;1
-43;-22;18;0;1
-37;23;48;0;1
-49;-8;34;0;1
-31;47;28;1;1
-27;6;63;1;1
-50;-29;16;1;1
-30;12;49;1;1
-43;-24;24;0;1
-38;24;17;1;1
-19;25;20;1;1
-20;4;14;0;1
-37;36;42;0;1
-44;-50;20;0;1
-40;12;22;0;1
-25;34;28;1;1
-44;37;21;1;1
-62;-20;24;1;1
-22;16;50;0;1
-50;10;45;0;1
-32;-16;58;1;1
-19;26;48;0;1
-26;6;53;1;1
-31;-33;37;0;1
-29;7;12;1;1
-47;-33;37;0;1
-28;37;52;0;1
-42;38;41;1;1
-40;34;24;0;1
-28;-21;58;0;1
-33;2;59;0;1
-56;-28;27;0;1
-21;-10;38;1;1
-20;-14;10;0;1
-38;29;46;1;1
-27;25;19;1;1
-17;24;51;0;1
-30;-23;59;0;1
-23;19;53;1;1
-24;-32;58;1;1
-46;-3;38;1;1
-41;-2;53;0;1
-28;22;52;0;1
-18;-29;28;1;1
-44;23;27;1;1
-27;44;23;0;1
-21;-20;64;0;1
-36;10;59;1;1
-17;-10;43;0;1
-63;-7;29;0;1
-29;38;41;0;1
-36;48;38;1;1
-51;21;28;0;1
-27;-35;15;0;1
-22;34;23;0;1
-26;10;59;1;1
-32;22;54;0;1
-20;-34;46;0;1
-33;50;36;0;1
-37;15;19;0;1
-61;5;23;1;1
-21;-14;54;0;1
-43;13;29;0;1
-29;-44;21;0;1
-20;31;12;0;1
-21;-2;25;0;1
-60;23;26;0;1
-31;-49;33;1;1
-21;17;60;0;1
-28;-29;57;1;1
-22;10;56;0;1
-28;31;18;0;1
-45;-16;20;0;1
-55;11;31;0;1
-16;-12;34;1;1
-44;-49;21;0;1
-44;-19;43;0;1
-22;-1;16;0;1
-41;27;20;1;1
-16;-23;16;0;1
-39;-35;34;0;1
-44;-16;23;0;1
-38;-13;48;0;1
-40;2;54;0;1
-63;8;24;1;1
-55;21;38;0;1
-16;-25;22;0;1
-48;23;45;0;1
-59;6;36;0;1
-27;-24;32;0;1
-49;-12;46;1;1
-54;-9;26;1;1
-55;-10;35;0;1
-37;-23;56;0;1
-25;-6;40;1;1
-38;-43;26;0;1
-58;9;27;0;1
-57;18;20;1;1
-60;-15;22;0;1
-37;18;14;1;1
-27;-42;39;0;1
-42;8;16;0;1
-30;-33;53;0;1
-42;-9;38;1;1
-47;39;17;0;1
-13;-7;25;1;1
-45;20;25;1;1
-56;-24;32;1;1
-25;-9;64;1;1
-30;15;46;1;1
-34;-5;34;0;1
-25;-22;56;0;1
-32;18;49;1;1
-30;-11;17;0;1
-55;-18;37;0;1
-23;-15;63;1;1
-35;51;34;0;1
-16;-9;49;1;1
-30;17;25;1;1
-23;37;31;1;1
-18;19;16;0;1
-20;-17;11;0;1
-33;40;38;0;1
-47;-30;40;0;1
-33;-36;38;0;1
-25;19;60;1;1
-30;8;30;0;1
-22;18;22;0;1
-40;35;20;0;1
-31;23;16;0;1
-47;33;18;0;1
-47;10;38;1;1
-23;9;25;0;1
-18;8;44;1;1
-43;23;40;1;1
-56;8;25;0;1
-28;0;52;0;1
-53;13;15;0;1
-50;27;19;1;1
-58;-11;18;1;1
-21;21;31;0;1
-19;-20;50;0;1
-36;40;42;0;1
-36;25;50;1;1
-46;-26;28;0;1
-36;-30;23;0;1
-32;-5;36;0;1
-34;-13;39;0;1
-40;11;48;0;1
-15;-13;15;1;1
-18;-20;25;0;1
-52;4;46;0;1
-35;-5;38;0;1
-45;5;37;0;1
-33;-39;43;1;1
-22;-20;48;1;1
-24;1;15;0;1
-37;32;16;1;1
-23;-24;14;1;1
-35;-18;41;0;1
-38;9;16;0;1
-37;8;12;0;1
-26;29;16;1;1
-48;-14;36;1;1
-37;39;25;1;1
-41;-34;38;0;1
-16;-12;18;1;1
-29;50;38;1;1
-40;-5;21;0;1
-64;2;19;0;1
-50;8;47;1;1
-38;-5;42;0;1
-23;25;46;0;1
-31;-7;55;1;1
-15;19;17;1;1
-59;-2;21;0;1
-36;-14;13;1;1
-53;-20;33;0;1
-12;-6;21;0;1
-54;13;19;0;1
-46;44;25;1;1
-51;18;32;0;1
-34;49;17;0;1
-38;49;34;1;1
-27;-15;56;0;1
-53;-30;32;0;1
-25;-7;26;1;1
-31;26;51;1;1
-37;35;23;1;1
-35;13;53;1;1
-41;-33;33;0;1
-44;16;44;0;1
-41;31;44;0;1
-27;34;46;0;1
-28;26;50;0;1
-35;-23;32;0;1
-48;-13;33;1;1
-42;-16;14;0;1
-60;-7;18;0;1
-18;-17;51;0;1
-34;6;32;1;1
-18;-21;45;1;1
-49;16;43;0;1
-40;-8;13;1;1
-22;-1;58;0;1
-32;-36;41;0;1
-41;8;18;0;1
-19;15;46;0;1
-43;20;39;0;1
-34;-57;24;0;1
-37;-44;23;0;1
-27;-6;54;0;1
-36;5;58;0;1
-26;-19;44;0;1
-44;-1;37;0;1
-43;-11;42;0;1
-18;21;22;0;1
-40;19;25;0;1
-34;22;23;0;1
-40;-2;49;0;1
-31;-11;48;0;1
-38;-53;19;0;1
-45;40;34;1;1
-20;16;64;0;1
-26;11;30;0;1
-19;23;36;0;1
-55;-32;25;1;1
-52;27;28;0;1
-18;-4;23;0;1
-33;8;54;0;1
-20;21;62;0;1
-49;-11;46;1;1
-55;-21;34;0;1
-54;25;16;0;1
-30;16;43;0;1
-41;30;36;0;1
-13;-21;28;0;1
-48;23;29;0;1
-31;19;21;1;1
-49;8;29;0;1
-23;-30;53;1;1
-21;15;45;1;1
-41;21;35;0;1
-16;23;58;0;1
-55;10;29;0;1
-29;-15;34;1;1
-22;0;22;0;1
-29;-38;21;0;1
-35;1;42;1;1
-37;14;17;0;1
-32;-1;62;1;1
-21;-32;20;1;1
-23;-1;62;1;1
-26;-29;25;1;1
-39;-49;30;0;1
-51;12;23;0;1
-27;-27;41;1;1
-42;9;40;1;1
-29;-32;41;0;1
-17;13;41;0;1
-35;39;44;1;1
-46;-10;26;0;1
-11;-19;57;0;1
-24;-26;55;1;1
-30;8;13;1;1
-44;18;24;0;1
-29;-24;51;0;1
-39;-16;21;0;1
-52;-3;15;0;1
-17;22;8;0;1
-42;22;15;0;1
-25;12;56;0;1
-24;-8;64;1;1
-40;47;26;0;1
-32;32;16;1;1
-26;24;51;0;1
-56;-19;18;0;1
-42;12;41;1;1
-23;27;45;0;1
-53;25;30;1;1
-54;-13;39;0;1
-35;-2;41;0;1
-28;13;48;0;1
-33;-27;25;0;1
-13;7;34;0;1
-58;12;20;1;1
-39;19;21;1;1
-38;-31;17;1;1
-25;23;57;1;1
-34;-1;57;0;1
-28;-31;21;0;1
-27;21;26;1;1
-31;-23;58;1;1
-28;-13;61;0;1
-27;19;22;1;1
-30;-34;32;0;1
-20;-12;15;0;1
-31;-32;26;0;1
-39;-8;45;0;1
-22;29;54;1;1
-65;-7;20;1;1
-34;-30;40;0;1
-33;1;46;1;1
-32;-35;48;0;1
-51;1;35;1;1
-23;16;18;0;1
-55;13;27;0;1
-35;1;44;1;1
-49;21;19;1;1
-29;0;23;1;1
-55;-2;20;1;1
-38;50;29;0;1
-34;13;44;0;1
-33;32;33;0;1
-21;26;58;0;1
-62;-13;19;1;1
-32;17;22;0;1
-34;23;18;1;1
-23;-30;58;1;1
-31;-28;53;0;1
-19;14;43;0;1
-43;-47;21;1;1
-30;23;26;0;1
-29;2;44;0;1
-42;22;44;1;1
-30;19;51;1;1
-47;7;25;1;1
-51;-14;30;0;1
-28;1;38;0;1
-14;-4;36;0;1
-20;-19;15;1;1
-33;-28;14;0;1
-16;-6;40;1;1
-13;1;21;1;1
-53;9;41;0;1
-30;38;34;1;1
-16;24;29;1;1
-50;-7;44;0;1
-38;26;38;0;1
-47;-9;42;0;1
-13;-17;52;1;1
-18;-5;48;1;1
-45;-20;16;0;1
-51;25;16;0;1
-36;-48;18;1;1
-43;-18;52;0;1
-46;13;38;0;1
-58;10;30;0;1
-23;22;50;1;1
-27;-15;50;0;1
-58;19;30;1;1
-38;-5;21;1;1
-24;34;48;0;1
-23;5;49;0;1
-16;2;22;0;1
-24;-26;17;1;1
-20;21;33;1;1
-19;5;15;1;1
-44;1;53;0;1
-33;32;51;0;1
-29;-30;57;0;1
-15;18;42;1;1
-23;34;14;0;1
-47;35;22;0;1
-24;6;19;0;1
-31;9;19;0;1
-35;-8;49;1;1
-33;7;35;1;1
-36;0;43;0;1
-44;20;49;1;1
-55;7;42;0;1
-37;45;34;1;1
-52;9;42;1;1
-30;22;11;0;1
-30;-27;38;0;1
-12;20;55;0;1
-58;-21;20;1;1
-34;-2;50;1;1
-45;-39;31;1;1
-59;10;38;1;1
-37;-8;26;0;1
-49;-19;18;1;1
-40;-38;38;1;1
-13;19;33;0;1
-17;2;34;1;1
-34;14;40;0;1
-25;-36;50;0;1
-49;-11;41;0;1
-58;-15;17;1;1
-39;-52;19;0;1
-25;0;10;0;1
-56;13;32;0;1
-19;25;12;0;1
-20;6;23;1;1
-31;6;21;0;1
-61;-20;28;0;1
-52;-8;32;0;1
-60;4;31;0;1
-39;24;42;1;1
-21;16;62;0;1
-22;-33;52;0;1
-27;44;21;0;1
-29;-23;55;0;1
-31;-34;41;0;1
-30;42;43;1;1
-29;24;15;1;1
-43;36;39;1;1
-47;-31;39;0;1
-46;33;39;0;1
-15;7;45;1;1
-26;32;52;0;1
-37;-31;26;1;1
-27;-12;47;1;1
-46;30;22;0;1
-51;16;41;0;1
-34;-34;47;0;1
-28;-37;19;1;1
-22;25;58;0;1
-43;31;39;1;1
-42;2;53;1;1
-21;12;57;0;1
-41;7;42;0;1
-34;-18;29;0;1
-53;-12;43;0;1
-33;2;12;0;1
-63;5;30;0;1
-33;43;17;0;1
-44;8;34;0;1
-59;25;28;0;1
-31;12;17;0;1
-19;0;39;0;1
-63;24;20;1;1
-51;27;29;1;1
-38;-35;19;0;1
-45;43;24;0;1
-26;-10;33;0;1
-32;-23;27;1;1
-24;-3;28;0;1
-38;-11;43;0;1
-41;-48;22;0;1
-45;-9;25;0;1
-32;49;24;0;1
-16;2;27;0;1
-54;41;21;0;1
-29;-8;35;0;1
-39;-16;35;1;1
-38;33;42;0;1
-27;17;11;1;1
-25;23;50;1;1
-52;-32;30;0;1
-38;9;43;1;1
-42;-13;31;0;1
-24;-15;29;1;1
-54;-13;16;0;1
-66;0;25;0;1
-33;-25;42;0;1
-45;3;19;0;1
-32;-28;12;1;1
-57;-5;16;0;1
-30;9;53;0;1
-51;-35;26;1;1
-59;-28;27;1;1
-49;-33;22;0;1
-28;-39;31;0;1
-55;10;16;0;1
-26;0;65;1;1
-43;39;20;1;1
-41;29;45;1;1
-12;-19;21;1;1
-36;-31;44;0;1
-16;17;19;0;1
-19;-23;32;0;1
-35;3;53;0;1
-13;11;22;0;1
-55;-9;39;0;1
-41;-32;33;1;1
-38;-24;27;0;1
-37;-33;42;0;1
-34;-39;46;1;1
-48;-3;28;0;1
-29;12;14;1;1
-21;-17;52;0;1
-33;-37;36;0;1
-16;-4;40;1;1
-46;-36;39;0;1
-30;48;25;1;1
-43;-22;24;0;1
-57;0;23;0;1
-38;-44;39;0;1
-25;-22;58;0;1
-34;17;30;0;1
-66;1;20;1;1
-26;24;45;1;1
-24;33;29;0;1
-47;1;42;1;1
-47;34;35;1;1
-37;34;37;1;1
-41;-13;44;1;1
-62;22;23;0;1
-18;27;45;0;1
-54;-5;21;0;1
-54;-31;27;0;1
-26;-3;9;1;1
-40;6;33;0;1
-48;-39;32;0;1
-33;-23;17;0;1
-22;24;20;0;1
-23;-20;22;1;1
-63;15;23;1;1
-26;-1;15;1;1
-50;4;18;0;1
-21;-33;14;0;1
-56;13;35;0;1
-19;-4;26;0;1
-13;-19;34;0;1
-42;-17;22;0;1
-32;-15;44;0;1
-46;16;47;0;1
-35;-16;21;1;1
-35;31;23;1;1
-35;8;20;0;1
-45;11;39;1;1
-15;-18;50;1;1
-43;-33;16;1;1
-16;-23;27;1;1
-16;11;44;0;1
-48;-11;15;0;1
-27;-1;19;0;1
-23;10;62;0;1
-19;-25;41;1;1
-19;6;41;0;1
-55;7;36;0;1
-38;2;41;0;1
-31;-24;39;0;1
-53;-19;24;1;1
-31;-37;43;1;1
-50;-15;14;0;1
-48;22;42;0;1
-23;-25;12;0;1
-27;38;23;0;1
-23;-18;33;0;1
-34;-29;20;1;1
-58;-12;33;1;1
-28;15;9;0;1
-30;6;64;0;1
-28;14;48;0;1
-16;22;40;0;1
-21;-21;14;1;1
-22;-35;56;0;1
-18;10;37;1;1
-28;20;41;1;1
-46;25;29;0;1
-20;-33;25;0;1
-31;-35;50;0;1
-35;15;41;1;1
-20;-23;43;0;1
-50;-33;21;1;1
-35;11;21;0;1
-37;-11;36;0;1
-45;-8;40;0;1
-39;-42;28;1;1
-49;-10;25;0;1
-11;11;28;0;1
-50;10;42;0;1
-22;18;21;0;1
-55;-12;19;1;1
-35;6;47;1;1
-33;-18;54;0;1
-23;20;17;0;1
-36;-28;52;1;1
-49;1;39;0;1
-38;-51;18;1;1
-36;-8;13;0;1
-24;-21;14;1;1
-27;-4;56;0;1
-12;16;48;0;1
-47;14;41;0;1
-41;-49;21;0;1
-28;12;42;0;1
-42;-18;51;1;1
-9;10;32;0;1
-40;8;13;0;1
-19;-30;52;0;1
-19;14;37;1;1
-45;0;53;0;1
-27;2;37;1;1
-45;-10;20;1;1
-22;16;35;0;1
-52;-15;36;0;1
-44;-31;24;0;1
-36;9;25;1;1
-27;-19;25;0;1
-24;27;54;1;1
-31;0;10;1;1
-39;9;52;0;1
-28;-39;19;0;1
-34;6;49;1;1
-18;-4;33;0;1
-21;-18;59;0;1
-32;-14;27;0;1
-46;8;46;0;1
-35;-38;17;0;1
-58;-16;35;1;1
-37;-52;18;0;1
-24;-14;59;1;1
-41;-26;32;0;1
-23;-20;47;0;1
-52;-35;19;0;1
-19;-26;18;1;1
-34;-21;40;1;1
-27;-25;49;0;1
-21;-20;30;1;1
-23;31;25;0;1
-51;16;36;0;1
-45;6;22;0;1
-62;-24;19;0;1
-42;-46;26;1;1
-52;-8;44;1;1
-17;-23;65;0;1
-49;-26;33;0;1
-21;26;34;0;1
-29;35;19;0;1
-37;8;37;0;1
-31;5;26;0;1
-11;10;39;0;1
-34;-14;22;0;1
-30;-12;29;0;1
-20;-15;26;0;1
-37;12;21;0;1
-58;7;24;0;1
-33;-15;29;0;1
-42;5;49;0;1
-35;17;35;1;1
-51;42;19;0;1
-54;-21;24;0;1
-31;-29;33;0;1
-41;-47;32;0;1
-34;28;33;1;1
-50;-9;20;0;1
-17;7;37;1;1
-18;-22;38;0;1
-51;10;38;0;1
-15;-25;50;0;1
-29;14;46;0;1
-31;-14;18;0;1
-30;4;45;0;1
-20;29;22;1;1
-28;5;15;1;1
-39;-18;33;0;1
-39;-30;50;0;1
-38;-20;48;0;1
-38;21;16;1;1
-11;-10;32;1;1
-27;43;14;1;1
-27;9;54;1;1
-31;12;14;0;1
-58;6;19;0;1
-34;-32;33;0;1
-37;-5;31;0;1
-42;10;34;1;1
-26;-3;43;0;1
-17;14;21;0;1
-26;-45;48;0;1
-21;-12;53;0;1
-13;-19;10;1;1
-37;-39;44;0;1
-38;5;58;0;1
-27;-8;54;1;1
-57;-4;26;1;1
-28;45;38;1;1
-26;34;38;1;1
-23;-22;43;0;1
-13;-15;45;0;1
-10;-8;27;0;1
-44;24;33;0;1
-25;-17;9;0;1
-27;25;58;1;1
-24;34;52;1;1
-64;9;28;0;1
-37;-17;27;1;1
-30;29;36;1;1
-16;-5;40;0;1
-33;20;23;1;1
-55;-35;27;0;1
-27;-24;27;0;1
-51;27;31;0;1
-41;-31;38;0;1
-24;5;11;0;1
-35;-38;39;1;1
-33;-6;50;0;1
-33;27;56;1;1
-22;19;41;1;1
-53;1;35;0;1
-21;19;41;0;1
-45;-9;52;1;1
-13;-10;45;0;1
-36;0;57;0;1
-52;32;20;1;1
-28;17;15;0;1
-48;33;40;1;1
-45;1;54;0;1
-46;-15;14;0;1
-30;43;37;0;1
-27;2;17;0;1
-29;1;54;1;1
-30;-21;29;1;1
-37;32;40;1;1
-10;17;52;0;1
-35;-13;59;1;1
-15;11;27;1;1
-19;-14;64;0;1
-43;20;29;1;1
-35;40;29;1;1
-65;6;19;0;1
-27;4;13;1;1
-24;18;57;0;1
-37;42;41;1;1
-29;31;27;1;1
-48;6;48;1;1
-21;24;47;0;1
-53;23;26;1;1
-29;-34;13;1;1
-44;-12;44;0;1
-32;14;58;0;1
-49;6;15;0;1
-18;-23;30;0;1
-27;40;15;0;1
-50;-31;17;0;1
-24;39;37;1;1
-42;-35;21;0;1
-41;4;23;0;1
-30;-49;20;0;1
-51;6;31;1;1
-21;-14;27;1;1
-47;-25;25;0;1
-37;26;45;0;1
-40;16;39;0;1
-21;-19;62;0;1
-35;-53;23;0;1
-53;-29;23;0;1
-26;17;56;0;1
-41;-10;15;1;1
-40;-35;37;1;1
-34;29;27;0;1
-29;9;23;0;1
-43;-29;33;0;1
-39;33;27;0;1
-53;-17;18;0;1
-48;8;33;0;1
-35;-18;25;0;1
-31;-8;58;0;1
-23;10;33;1;1
-16;23;42;0;1
-22;-20;34;1;1
-54;-6;35;1;1
-29;-50;35;0;1
-14;-17;29;1;1
-55;-6;15;1;1
-32;-14;45;0;1
-25;-29;49;0;1
-18;-30;15;1;1
-42;9;55;0;1
-45;1;17;1;1
-47;-20;47;0;1
-28;-5;51;0;1
-41;-6;36;1;1
-49;-5;36;1;1
-29;17;35;0;1
-21;-36;24;0;1
-42;-27;27;0;1
-35;-49;18;0;1
-31;41;18;1;1
-46;-26;31;1;1
-54;15;23;0;1
-50;12;26;1;1
-23;13;11;0;1
-41;-32;36;1;1
-25;33;36;0;1
-17;-22;34;1;1
-18;-23;53;0;1
-32;7;25;1;1
-30;39;50;0;1
-14;-19;15;1;1
-40;13;48;0;1
-26;6;19;0;1
-33;9;51;0;1
-29;47;34;0;1
-41;25;30;1;1
-24;-12;33;0;1
-31;9;24;0;1
-35;-17;15;0;1
-43;22;49;1;1
-41;-1;50;1;1
-26;16;20;0;1
-46;-46;24;1;1
-36;17;12;1;1
-54;18;35;1;1
-49;-36;35;0;1
-21;-3;20;0;1
-40;-6;31;1;1
-52;13;32;0;1
-25;-14;61;0;1
-43;-3;42;0;1
-19;27;43;0;1
-63;-24;22;0;1
-12;20;58;0;1
-30;20;52;1;1
-20;0;18;1;1
-27;-14;36;0;1
-42;7;25;0;1
-41;44;31;0;1
-45;-20;35;0;1
-49;12;24;0;1
-29;39;46;0;1
-47;28;16;0;1
-42;33;36;0;1
-40;-8;43;0;1
-19;17;46;0;1
-34;-46;25;1;1
-50;37;25;0;1
-28;48;35;0;1
-21;-11;8;0;1
-20;20;34;0;1
-43;6;25;1;1
-22;33;36;0;1
-47;-31;35;1;1
-42;-24;30;0;1
-34;2;29;1;1
-19;21;40;0;1
-26;-11;40;1;1
-26;16;9;0;1
-49;35;23;1;1
-18;17;23;0;1
-30;-5;10;0;1
-23;5;9;1;1
-22;-24;48;0;1
-39;-9;51;1;1
-55;3;36;0;1
-40;-11;28;0;1
-25;-33;22;1;1
-18;24;32;1;1
-24;29;19;0;1
-29;43;41;0;1
-34;-10;50;1;1
-43;-18;42;0;1
-44;-20;47;0;1
-51;-9;36;1;1
-27;-33;16;1;1
-32;-33;20;1;1
-18;-10;53;0;1
-52;21;26;0;1
-46;-31;30;1;1
-27;-17;15;0;1
-26;-20;14;0;1
-28;24;14;1;1
-43;45;20;1;1
-20;-5;50;0;1
-8;-11;21;1;1
-55;-6;30;1;1
-21;-22;53;0;1
-26;10;32;1;1
-51;15;21;1;1
-13;-11;26;0;1
-13;-18;16;0;1
-31;14;38;1;1
-48;-21;41;1;1
-41;10;32;1;1
-31;-19;59;0;1
-21;10;20;1;1
-38;20;56;1;1
-16;19;35;1;1
-43;-11;52;1;1
-31;5;45;1;1
-25;19;23;0;1
-44;-51;22;0;1
-19;26;26;0;1
-46;7;22;0;1
-37;-22;33;1;1
-64;9;21;0;1
-30;0;50;0;1
-56;18;25;0;1
-30;41;34;1;1
-15;16;37;0;1
-11;10;35;0;1
-30;9;58;0;1
-33;50;21;1;1
-34;5;31;0;1
-46;36;20;1;1
-16;-20;24;0;1
-32;-49;28;1;1
-15;-23;38;0;1
-39;-1;57;1;1
-66;4;19;1;1
-34;35;15;0;1
-62;1;20;0;1
-23;1;57;0;1
-23;32;27;0;1
-28;45;25;1;1
-18;14;50;0;1
-53;30;29;0;1
-17;22;63;0;1
-31;-25;20;0;1
-22;29;32;0;1
-49;-8;27;0;1
-14;-20;39;0;1
-21;33;52;0;1
-29;11;21;0;1
-16;-25;13;1;1
-34;-23;20;0;1
-24;10;53;1;1
-55;6;25;1;1
-34;-37;40;0;1
-10;-16;17;1;1
-34;-23;14;0;1
-24;29;58;0;1
-52;12;36;1;1
-48;8;15;0;1
-12;14;17;1;1
-38;-1;49;0;1
-57;9;38;0;1
-27;-4;41;1;1
-52;-24;21;0;1
-29;11;33;1;1
-40;-19;52;0;1
-36;31;24;0;1
-30;-3;34;1;1
-43;-17;34;0;1
-54;-6;24;0;1
-25;-18;34;0;1
-36;48;26;0;1
-53;6;21;0;1
-32;2;54;0;1
-34;20;46;1;1
-18;26;33;0;1
-27;-43;15;0;1
-33;-14;23;0;1
-23;-27;19;0;1
-22;-19;49;0;1
-59;-9;30;0;1
-25;29;25;1;1
-18;-29;51;0;1
-31;-53;26;0;1
-25;-1;11;0;1
-48;7;45;0;1
-35;7;50;0;1
-34;-8;41;1;1
-39;31;35;0;1
-32;-20;53;0;1
-26;25;19;0;1
-18;17;13;0;1
-29;7;55;1;1
-22;6;27;0;1
-42;42;17;0;1
-20;-15;58;1;1
-36;-27;32;0;1
-21;-33;58;1;1
-16;-26;31;1;1
-33;-8;39;0;1
-26;9;42;1;1
-38;-25;43;0;1
-30;9;27;0;1
-32;47;26;1;1
-46;8;19;0;1
-59;33;19;1;1
-27;-10;59;0;1
-32;-15;58;0;1
-12;11;22;1;1
-54;11;43;0;1
-22;-27;27;1;1
-42;-42;35;0;1
-40;-3;47;0;1
-39;24;23;1;1
-15;14;45;0;1
-29;18;47;0;1
-49;29;40;0;1
-50;-19;31;0;1
-38;-44;30;0;1
-35;27;22;0;1
-20;11;40;0;1
-15;25;17;0;1
-44;-16;27;1;1
-25;-31;11;0;1
-39;43;19;1;1
-22;17;35;0;1
-22;-8;64;1;1
-42;-26;37;0;1
-44;32;36;1;1
-29;15;41;0;1
-33;-52;29;0;1
-21;-12;61;0;1
-31;24;19;0;1
-42;-19;39;1;1
-52;-24;16;1;1
-28;36;19;1;1
-49;8;46;1;1
-39;-13;17;0;1
-39;-3;40;1;1
-26;-19;22;0;1
-34;34;42;0;1
-17;10;19;0;1
-33;-50;24;1;1
-42;-8;21;0;1
-25;-38;48;1;1
-35;-22;41;0;1
-30;-33;15;0;1
-43;38;28;0;1
-20;2;42;1;1
-28;35;18;0;1
-26;-7;11;1;1
-42;37;27;0;1
-34;-50;31;0;1
-34;-31;20;1;1
-28;-38;50;0;1
-24;-28;30;0;1
-50;6;32;0;1
-20;27;30;1;1
-47;33;35;1;1
-38;20;25;0;1
-45;11;21;0;1
-37;9;24;0;1
-42;16;26;0;1
-39;20;40;0;1
-30;-22;57;1;1
-13;-21;47;1;1
-26;-27;28;0;1
-57;16;38;0;1
-43;-3;49;0;1
-41;-54;20;1;1
-34;-1;23;0;1
-22;-23;47;0;1
-23;-33;53;1;1
-28;35;16;0;1
-13;-18;27;0;1
-16;21;20;1;1
-35;40;30;0;1
-15;20;32;0;1
-66;4;24;1;1
-17;-23;15;1;1
-44;1;35;0;1
-32;29;14;1;1
-37;40;33;0;1
-30;-29;40;0;1
-17;5;22;0;1
-46;18;43;0;1
-38;-14;30;0;1
-52;-3;28;0;1
-29;50;24;1;1
-39;-17;29;0;1
-32;-20;30;0;1
-42;-10;18;0;1
-48;-31;39;0;1
-14;23;49;1;1
-34;0;53;0;1
-53;-13;34;0;1
-28;-39;21;0;1
-50;35;26;0;1
-27;40;24;0;1
-24;-28;25;1;1
-25;34;31;0;1
-32;-8;33;0;1
-63;9;20;1;1
-31;22;40;1;1
-47;7;36;0;1
-18;-22;36;0;1
-33;11;21;0;1
-22;-34;52;1;1
-33;-26;39;1;1
-26;-33;17;0;1
-42;38;19;0;1
-47;-17;41;1;1
-20;22;25;1;1
-42;-27;43;0;1
-49;-27;25;1;1
-27;-9;63;0;1
-10;-13;35;0;1
-26;-19;26;1;1
-36;25;55;0;1
-38;28;28;0;1
-30;19;39;0;1
-30;8;16;0;1
-36;-47;16;0;1
-17;-28;60;0;1
-24;-3;42;0;1
-46;7;39;0;1
-28;-1;32;1;1
-22;-16;18;1;1
-47;5;31;0;1
-19;-3;28;1;1
-41;4;29;0;1
-40;-3;46;1;1
-43;17;50;1;1
-44;48;21;0;1
-48;17;34;0;1
-26;-6;29;0;1
-32;-2;24;0;1
-21;-6;55;0;1
-37;5;31;1;1
-60;8;36;0;1
-27;44;38;1;1
-31;3;47;0;1
-30;29;49;0;1
-16;13;46;1;1
-56;-9;29;0;1
-39;8;44;0;1
-37;29;40;1;1
-19;-2;44;0;1
-22;35;47;1;1
-22;-37;33;0;1
-53;32;31;0;1
-16;1;38;1;1
-26;-7;60;1;1
-41;26;21;0;1
-49;29;41;1;1
-49;17;26;0;1
-51;14;43;0;1
-53;42;20;0;1
-22;-17;44;1;1
-12;-3;29;1;1
-44;35;22;1;1
-26;-18;11;0;1
-29;-1;25;0;1
-29;-18;40;1;1
-37;-24;50;0;1
-14;9;41;1;1
-17;-28;26;0;1
-29;-2;26;0;1
-52;14;19;0;1
-36;38;15;0;1
-49;-29;23;0;1
-49;29;28;0;1
-41;-11;55;1;1
-37;30;22;0;1
-27;29;37;0;1
-59;26;23;1;1
-10;7;24;0;1
-34;-20;17;1;1
-20;-14;29;1;1
-37;38;38;1;1
-23;10;44;0;1
-24;10;39;0;1
-12;8;38;0;1
-38;16;55;0;1
-23;-6;30;0;1
-38;-28;43;0;1
-29;-7;46;1;1
-15;14;48;0;1
-53;26;37;1;1
-61;-13;33;0;1
-30;-25;55;0;1
-35;-53;19;0;1
-59;-16;34;1;1
-36;-20;53;1;1
-23;-33;11;0;1
-10;-13;37;0;1
-16;25;27;1;1
-11;-13;20;1;1
-32;39;19;0;1
-53;0;40;1;1
-35;-55;19;0;1
-23;-10;56;1;1
-23;-35;14;0;1
-37;-28;17;1;1
-28;35;31;0;1
-16;19;56;0;1
-28;-42;15;1;1
-41;-20;23;0;1
-29;-4;16;1;1
-51;12;25;0;1
-48;-26;27;0;1
-28;-11;18;0;1
-44;-3;27;0;1
-37;1;37;0;1
-47;30;43;0;1
-34;1;25;0;1
-26;32;49;0;1
-44;16;42;0;1
-21;-36;22;1;1
-60;17;18;0;1
-39;-16;25;0;1
-14;-20;27;0;1
-32;-30;49;1;1
-53;-5;30;0;1
-21;33;16;0;1
-26;-15;10;1;1
-50;-36;21;0;1
-19;-14;58;0;1
-29;22;31;0;1
-26;-31;48;0;1
-53;0;38;1;1
-64;8;29;0;1
-17;17;19;0;1
-24;15;24;0;1
-13;-17;36;1;1
-64;20;21;0;1
-11;10;34;1;1
-30;-6;28;0;1
-26;27;39;1;1
-21;17;65;0;1
-25;-20;18;1;1
-40;-11;22;1;1
-40;27;13;0;1
-13;12;18;0;1
-20;-14;37;1;1
-16;5;44;1;1
-46;7;49;1;1
-29;19;61;1;1
-44;-29;46;0;1
-41;-15;46;1;1
-42;-27;20;0;1
-26;-18;44;0;1
-48;-23;28;0;1
-33;54;28;1;1
-25;26;59;0;1
-34;0;16;1;1
-43;2;53;0;1
-27;28;45;0;1
-32;14;26;0;1
-14;-18;23;1;1
-22;5;50;1;1
-24;-16;25;0;1
-27;-36;24;0;1
-17;9;50;0;1
-59;-9;26;0;1
-49;19;26;1;1
-26;44;24;0;1
-34;-37;44;1;1
-36;10;45;0;1
-47;-1;45;0;1
-34;39;38;0;1
-50;-21;16;0;1
-32;-33;19;0;1
-12;8;22;0;1
-41;-19;48;1;1
-60;-12;18;1;1
-29;11;49;0;1
-31;-46;23;0;1
-44;-34;32;0;1
-18;29;55;0;1
-33;-21;12;1;1
-33;-39;19;0;1
-28;-5;39;0;1
-40;17;47;0;1
-36;-5;27;0;1
-37;-40;37;0;1
-21;24;16;0;1
-37;15;36;0;1
-60;-3;17;0;1
-34;44;21;0;1
-25;34;34;1;1
-41;-10;37;0;1
-57;26;27;0;1
-24;-18;56;0;1
-59;-17;35;1;1
-13;-17;34;0;1
-28;11;47;1;1
-37;38;20;0;1
-15;-23;34;0;1
-26;-1;26;1;1
-45;-6;24;1;1
-25;-9;56;0;1
-46;2;36;1;1
-57;21;18;0;1
-22;-22;16;0;1
-49;-4;19;0;1
-47;-24;31;0;1
-47;-22;24;1;1
-45;21;36;0;1
-25;-40;27;1;1
-20;-30;53;1;1
-26;2;43;0;1
-35;21;27;1;1
-29;18;22;0;1
-35;23;37;0;1
-40;-16;21;0;1
-52;28;16;0;1
-40;44;35;0;1
-33;-25;37;1;1
-28;-31;46;1;1
-41;3;32;1;1
-40;-32;38;1;1
-35;-23;51;0;1
-16;-3;30;0;1
-36;28;38;1;1
-46;-41;19;0;1
-54;-8;17;0;1
-24;16;8;0;1
-15;14;47;0;1
-40;2;45;0;1
-38;-23;27;1;1
-45;-9;36;0;1
-30;40;39;0;1
-32;-45;19;0;1
-26;-38;51;0;1
-24;14;10;0;1
-41;-25;14;0;1
-30;17;13;1;1
-32;-46;34;0;1
-42;-11;27;0;1
-45;-22;25;1;1
-27;-22;46;0;1
-47;-4;42;1;1
-41;-6;14;0;1
-28;-40;31;0;1
-58;3;16;0;1
-21;4;58;0;1
-36;-9;25;1;1
-41;-19;17;1;1
-26;-1;56;0;1
-20;0;48;0;1
-40;-28;19;1;1
-18;23;39;1;1
-41;7;53;0;1
-37;13;32;0;1
-18;-15;19;0;1
-42;25;32;1;1
-43;14;51;0;1
-29;-17;20;1;1
-29;-15;50;0;1
-55;18;34;1;1
-37;25;17;0;1
-45;14;21;1;1
-18;-22;35;0;1
-39;18;42;0;1
-28;-46;26;1;1
-52;-1;42;0;1
-16;-10;31;1;1
-16;-19;12;0;1
-27;36;53;1;1
-60;9;34;0;1
-33;5;21;0;1
-22;-5;18;0;1
-45;14;42;0;1
-36;7;40;1;1
-29;30;22;0;1
-50;25;28;0;1
-49;-13;16;1;1
-41;-15;36;1;1
-37;-15;53;0;1
-39;-1;47;0;1
-28;8;50;1;1
-34;-26;18;0;1
-44;34;41;0;1
-35;41;16;0;1
-57;15;32;0;1
-41;11;52;1;1
-41;-8;55;1;1
-51;12;21;1;1
-23;16;52;1;1
-34;4;51;0;1
-59;15;26;0;1
-12;10;21;0;1
-18;10;41;0;1
-46;36;32;0;1
-22;-27;20;1;1
-35;-8;61;0;1
-42;9;27;1;1
-15;-22;14;1;1
-66;-3;19;0;1
-16;-8;26;0;1
-18;9;35;0;1
-34;34;39;0;1
-30;43;25;1;1
-27;8;24;0;1
-39;14;23;0;1
-33;-10;43;0;1
-27;25;55;0;1
-19;-22;9;1;1
-24;23;62;1;1
-24;-1;12;1;1
-49;-19;15;1;1
-14;7;21;1;1
-45;11;22;0;1
-43;35;17;0;1
-36;-32;30;0;1
-16;-12;52;0;1
-13;12;38;0;1
-36;27;52;1;1
-41;10;24;0;1
-40;18;26;1;1
-23;36;35;0;1
-22;2;39;1;1
-50;26;40;1;1
-45;-36;27;0;1
-10;-9;30;0;1
-32;-31;50;0;1
-18;17;35;0;1
-62;13;30;1;1
-29;-2;25;0;1
-47;3;35;1;1
-20;-28;47;0;1
-46;-5;34;1;1
-41;-20;35;0;1
-35;22;15;0;1
-35;-27;13;0;1
-48;2;15;1;1
-20;9;17;1;1
-31;0;25;0;1
-51;-43;20;1;1
-32;29;50;1;1
-29;-12;31;0;1
-36;-6;28;1;1
-39;-6;38;0;1
-59;16;30;0;1
-39;-51;21;1;1
-55;9;34;0;1
-24;-5;57;1;1
-28;-41;38;0;1
-23;4;64;1;1
-20;25;32;1;1
-34;-16;48;0;1
-21;28;53;0;1
-28;-32;23;1;1
-27;-26;13;1;1
-50;10;46;0;1
-53;-3;30;0;1
-39;9;27;0;1
-37;-12;44;0;1
-27;31;25;0;1
-22;36;22;1;1
-30;8;35;0;1
-27;-17;47;1;1
-43;-12;19;0;1
-30;-11;9;0;1
-18;19;34;0;1
-16;27;26;0;1
-27;-38;23;0;1
-24;-2;18;0;1
-22;24;10;0;1
-43;-28;22;0;1
-55;20;18;0;1
-37;43;21;0;1
-40;-7;47;0;1
-24;-8;66;0;1
-26;15;36;1;1
-38;14;57;0;1
-34;-40;46;0;1
-52;6;42;0;1
-20;30;16;1;1
-17;12;15;0;1
-24;4;66;0;1
-42;-50;20;0;1
-45;18;35;0;1
-24;-38;32;0;1
-26;0;31;0;1
-64;-17;24;0;1
-31;-20;12;0;1
-29;14;19;0;1
-40;-3;14;0;1
-39;16;49;1;1
-22;-11;37;0;1
-34;-35;51;1;1
-19;-29;11;0;1
-42;6;35;0;1
-15;-13;17;1;1
-16;26;60;1;1
-48;16;34;0;1
-24;-13;25;0;1
-50;-43;18;0;1
-37;-21;40;1;1
-37;6;28;0;1
-7;-8;27;0;1
-22;-3;13;0;1
-32;11;29;0;1
-23;31;55;0;1
-55;-17;22;0;1
-32;-34;41;0;1
-19;-15;28;0;1
-15;24;56;0;1
-24;-22;44;0;1
-29;-3;35;1;1
-44;44;32;1;1
-32;-43;21;0;1
-24;7;21;1;1
-55;-25;35;0;1
-40;2;19;1;1
-35;-6;37;0;1
-33;-7;36;0;1
-19;-9;54;1;1
-18;3;43;0;1
-37;-57;19;0;1
-58;11;36;1;1
-36;45;38;1;1
-34;-35;26;0;1
-35;-45;26;0;1
-30;22;43;1;1
-32;0;23;0;1
-58;22;26;1;1
-22;-12;37;1;1
-24;14;50;1;1
-45;-33;36;0;1
-26;6;36;0;1
-12;-15;39;1;1
-34;-1;38;1;1
-32;-48;35;0;1
-24;7;23;0;1
-35;10;21;1;1
-27;12;28;0;1
-15;-10;45;0;1
-28;-21;48;0;1
-34;-2;44;0;1
-27;-4;59;1;1
-27;-30;56;1;1
-31;14;36;0;1
-25;-7;60;0;1
-31;-3;49;0;1
-15;-23;62;1;1
-52;35;32;0;1
-45;4;54;0;1
-29;1;31;0;1
-33;-49;22;1;1
-28;36;16;0;1
-19;-25;43;0;1
-45;6;14;0;1
-64;11;18;1;1
-39;46;34;0;1
-31;-9;26;0;1
-39;-15;12;0;1
-52;-17;33;0;1
-46;1;38;0;1
-32;-25;20;1;1
-34;14;31;0;1
-55;9;22;0;1
-47;36;16;0;1
-32;27;29;0;1
-18;27;16;1;1
-43;37;33;1;1
-57;-18;34;0;1
-44;18;25;0;1
-41;-22;41;1;1
-20;25;42;0;1
-24;10;25;0;1
-31;-29;25;0;1
-44;-1;32;0;1
-36;-1;55;1;1
-26;3;29;1;1
-38;-12;29;0;1
-20;17;29;1;1
-25;0;61;1;1
-19;-25;18;0;1
-28;11;49;0;1
-36;4;14;0;1
-22;18;43;1;1
-47;35;28;1;1
-42;-24;32;1;1
-32;43;30;0;1
-21;-20;18;1;1
-24;-9;45;0;1
-34;-22;42;1;1
-48;-10;38;0;1
-46;18;39;0;1
-51;-38;21;0;1
-30;-29;18;1;1
-24;-41;46;0;1
-51;-5;41;1;1
-9;-15;38;1;1
-29;-40;14;0;1
-34;3;37;0;1
-60;6;32;0;1
-22;18;60;0;1
-41;-27;30;0;1
-18;-8;16;0;1
-20;12;10;1;1
-17;7;26;0;1
-24;-34;23;1;1
-25;-24;44;0;1
-52;20;42;0;1
-28;-41;45;1;1
-23;14;10;0;1
-41;-18;36;0;1
-11;18;25;0;1
-27;46;44;1;1
-29;-42;35;1;1
-45;19;18;0;1
-32;28;53;0;1
-52;-8;18;0;1
-28;35;19;1;1
-19;-16;13;0;1
-17;-24;20;0;1
-9;-3;23;0;1
-54;0;45;1;1
-33;2;20;0;1
-31;21;14;1;1
-54;20;32;0;1
-53;14;37;0;1
-24;-6;8;1;1
-47;6;31;0;1
-22;-30;41;1;1
-51;26;16;0;1
-36;15;45;0;1
-52;-20;28;1;1
-19;20;58;1;1
-21;11;8;0;1
-17;-26;9;1;1
-30;-43;33;0;1
-24;-29;39;0;1
-31;-13;55;1;1
-18;-17;15;1;1
-36;44;26;0;1
-32;36;20;1;1
-35;-38;29;0;1
-46;-18;23;0;1
-14;11;48;0;1
-47;-29;41;1;1
-48;33;35;0;1
-33;9;40;1;1
-33;-21;11;0;1
-39;43;36;0;1
-46;22;33;0;1
-62;15;31;0;1
-40;24;47;0;1
-25;-15;21;1;1
-31;3;40;0;1
-59;-14;29;0;1
-25;23;16;1;1
-23;-7;36;0;1
-40;15;26;0;1
-23;-15;41;1;1
-21;-30;22;0;1
-11;19;20;0;1
-32;27;23;0;1
-41;-5;49;1;1
-33;27;54;0;1
-38;-36;25;0;1
-46;-3;44;1;1
-52;-13;32;0;1
-21;31;39;0;1
-26;-37;18;0;1
-28;-25;51;0;1
-23;5;56;0;1
-32;14;48;1;1
-24;0;40;0;1
-35;-35;26;0;1
-38;-22;26;0;1
-31;-32;21;1;1
-19;-5;46;0;1
-32;21;49;0;1
-37;-10;58;0;1
-18;24;48;0;1
-30;-36;25;0;1
-43;3;51;0;1
-22;19;31;0;1
-30;21;42;1;1
-52;22;43;1;1
-52;-29;29;1;1
-38;-19;30;1;1
-40;-5;24;0;1
-22;-4;46;1;1
-48;28;27;1;1
-23;9;52;0;1
-36;-8;39;1;1
-24;38;36;0;1
-55;12;18;1;1
-35;-18;23;0;1
-65;-14;19;0;1
-49;-39;28;0;1
-27;-1;29;1;1
-30;22;36;1;1
-13;15;22;0;1
-55;23;26;0;1
-28;28;29;1;1
-22;-30;12;1;1
-26;31;29;1;1
-36;-48;32;0;1
-34;-18;59;0;1
-31;14;54;0;1
-42;29;14;0;1
-46;-7;43;0;1
-34;-17;50;1;1
-20;-8;52;1;1
-44;24;29;1;1
-16;-18;53;0;1
-19;-32;11;0;1
-44;42;32;0;1
-25;-14;17;1;1
-25;-41;37;0;1
-26;-19;39;0;1
-37;32;42;0;1
-43;30;38;0;1
-21;-30;48;1;1
-24;38;29;1;1
-58;-17;21;0;1
-32;-35;29;0;1
-21;28;55;0;1
-38;-19;35;0;1
-24;4;45;1;1
-26;-42;41;1;1
-9;-11;21;0;1
-38;-32;49;0;1
-36;-39;33;1;1
-46;18;25;0;1
-16;20;13;1;1
-36;-15;18;0;1
-21;0;14;0;1
-17;2;23;0;1
-35;8;27;1;1
-52;5;29;0;1
-47;26;22;0;1
-29;35;31;1;1
-32;-25;44;1;1
-54;14;18;0;1
-50;-25;22;1;1
-39;-37;33;0;1
-41;23;34;1;1
-32;44;26;1;1
-34;33;43;0;1
-18;-7;28;0;1
-22;16;21;1;1
-26;24;38;0;1
-42;-3;48;0;1
-35;-56;20;0;1
-42;-46;18;1;1
-40;29;30;0;1
-49;-7;24;1;1
-41;-31;28;1;1
-29;6;45;0;1
-42;-2;13;0;1
-20;18;63;0;1
-57;-16;22;1;1
-26;4;63;1;1
-19;-29;45;0;1
-41;-42;20;0;1
-21;-23;34;1;1
-56;19;31;0;1
-28;17;28;0;1
-41;-2;43;1;1
-33;16;32;1;1
-59;26;28;1;1
-40;0;52;0;1
-42;-18;31;0;1
-29;-11;35;0;1
-33;19;30;0;1
-24;36;29;0;1
-25;8;51;1;1
-25;43;37;0;1
-28;-4;14;0;1
-26;-36;39;0;1
-45;-10;27;0;1
-41;-8;52;0;1
-19;-17;47;1;1
-20;-1;54;0;1
-20;33;22;0;1
-42;-4;14;1;1
-53;-24;24;0;1
-13;15;15;0;1
-16;-17;39;1;1
-29;-48;23;0;1
-42;-21;39;0;1
-32;29;31;0;1
-41;-20;45;0;1
-47;-29;39;1;1
-44;-12;38;0;1
-49;-20;34;1;1
-17;12;39;0;1
-28;5;65;0;1
-23;-6;40;0;1
-41;-35;43;0;1
-42;-1;48;0;1
-28;4;37;0;1
-44;32;23;0;1
-13;18;27;1;1
-20;16;60;0;1
-33;-45;38;1;1
-35;-44;29;0;1
-28;32;29;1;1
-17;16;27;0;1
-33;-45;19;0;1
-30;5;9;0;1
-37;-12;51;0;1
-28;-16;18;0;1
-17;25;47;0;1
-55;-16;29;0;1
-31;9;62;0;1
-48;5;34;1;1
-21;20;20;0;1
-66;4;25;0;1
-62;1;21;1;1
-25;32;54;0;1
-54;39;21;1;1
-25;-38;17;0;1
-26;-43;50;1;1
-44;-3;36;0;1
-34;31;28;1;1
-59;-16;19;0;1
-52;-10;34;0;1
-38;32;16;0;1
-38;-12;33;1;1
-21;35;16;0;1
-53;-22;29;1;1
-14;-12;42;0;1
-39;19;43;0;1
-36;-36;36;0;1
-31;-3;28;0;1
-56;-12;40;0;1
-18;-5;37;0;1
-10;17;46;0;1
-38;14;16;1;1
-21;-3;29;1;1
-36;-4;11;1;1
-57;25;19;1;1
-35;-54;19;1;1
-62;-1;30;0;1
-19;-17;13;0;1
-18;-15;44;1;1
-38;-18;14;0;1
-51;-31;26;0;1
-27;-38;52;0;1
-13;21;30;0;1
-54;-2;21;1;1
-28;1;8;0;1
-24;33;38;0;1
-32;37;26;1;1
-46;-11;21;0;1
-17;27;61;0;1
-31;-43;32;0;1
-25;9;29;1;1
-38;16;20;1;1
-34;-51;29;1;1
-39;-41;39;0;1
-42;-9;56;0;1
-31;-33;50;0;1
-28;-22;46;1;1
-33;5;28;0;1
-36;29;44;1;1
-42;37;35;0;1
-33;18;11;0;1
-33;-23;42;0;1
-33;18;47;0;1
-43;12;49;1;1
-21;36;42;0;1
-29;3;36;0;1
-47;-33;16;1;1
-40;-11;49;0;1
-59;16;35;0;1
-42;12;51;0;1
-27;5;34;0;1
-39;32;34;0;1
-30;-13;43;0;1
-28;26;28;1;1
-11;16;31;0;1
-26;23;58;0;1
-37;-22;20;0;1
-24;30;47;1;1
-36;31;36;1;1
-47;25;23;0;1
-22;-22;63;0;1
-45;0;14;0;1
-29;39;17;0;1
-33;-16;37;1;1
-48;-2;37;0;1
-29;-19;30;1;1
-18;29;12;0;1
-33;-25;54;1;1
-49;-7;31;0;1
-33;-39;38;0;1
-23;15;58;0;1
-33;-11;11;0;1
-35;-24;13;1;1
-29;-40;39;0;1
-20;-23;52;1;1
-29;-37;33;0;1
-49;31;28;1;1
-26;21;57;1;1
-45;30;30;0;1
-59;-23;29;0;1
-30;21;43;0;1
-45;23;40;0;1
-48;-1;38;0;1
-28;-17;63;0;1
-20;25;37;1;1
-38;21;30;0;1
-23;0;38;0;1
-22;-26;35;1;1
-39;-2;53;0;1
-31;-6;10;1;1
-48;-10;43;0;1
-20;22;19;0;1
-54;-19;29;0;1
-44;36;30;0;1
-34;7;16;1;1
-41;-31;16;1;1
-20;11;51;0;1
-62;-22;18;0;1
-52;-19;31;0;1
-44;-9;20;1;1
-26;10;50;1;1
-27;-15;54;0;1
-47;-18;39;0;1
-32;3;22;1;1
-34;30;39;1;1
-47;-17;42;0;1
-17;-27;34;0;1
-12;-18;50;0;1
-22;-34;13;0;1
-38;17;43;0;1
-31;-8;17;0;1
-27;-4;15;0;1
-32;40;43;1;1
-37;24;42;0;1
-30;-21;60;0;1
-30;-30;32;0;1
-56;-10;39;1;1
-11;11;23;0;1
-29;28;47;0;1
-23;-19;23;1;1
-22;30;50;0;1
-52;12;15;1;1
-49;13;41;1;1
-30;-32;22;0;1
-40;32;28;1;1
-17;17;34;0;1
-36;12;21;1;1
-46;-7;24;0;1
-50;-17;40;1;1
-31;-11;20;0;1
-25;25;25;1;1
-49;-20;16;0;1
-29;-18;10;0;1
-11;15;38;1;1
-40;-36;43;1;1
-17;19;31;0;1
-57;2;24;0;1
-29;13;56;0;1
-48;-36;37;1;1
-26;-45;34;0;1
-34;-49;37;1;1
-22;-14;21;0;1
-65;-9;18;0;1
-13;-21;52;0;1
-67;4;18;0;1
-34;13;28;0;1
-40;-14;28;0;1
-27;-36;48;1;1
-28;28;43;0;1
-18;-20;34;1;1
-44;5;53;1;1
-19;-23;33;0;1
-38;17;57;0;1
-40;-38;32;0;1
-37;39;18;1;1
-30;41;44;0;1
-32;-42;35;1;1
-30;1;34;0;1
-46;10;51;1;1
-31;-5;54;0;1
-25;37;20;0;1
-26;24;30;0;1
-21;34;37;0;1
-44;18;28;1;1
-29;41;48;0;1
-36;-21;23;0;1
-55;-32;29;0;1
-31;-20;30;0;1
-53;1;20;1;1
-28;28;34;0;1
-32;1;62;0;1
-36;8;11;0;1
-21;-23;52;0;1
-16;3;20;1;1
-40;-37;25;1;1
-62;22;18;0;1
-52;-1;30;0;1
-47;-3;28;1;1
-30;-35;47;1;1
-21;33;39;0;1
-30;32;41;0;1
-24;-5;51;0;1
-32;4;51;1;1
-44;-35;43;0;1
-40;-17;30;0;1
-20;15;54;0;1
-24;0;52;1;1
-41;-11;32;0;1
-30;-48;35;0;1
-26;8;58;0;1
-37;9;57;0;1
-35;3;57;0;1
-36;-3;29;0;1
-30;0;16;0;1
-15;-23;22;1;1
-24;-37;23;1;1
-14;-20;51;0;1
-24;-10;20;0;1
-40;33;47;0;1
-30;-39;42;0;1
-36;-12;53;0;1
-24;1;60;0;1
-31;44;23;1;1
-68;-1;20;0;1
-39;48;24;0;1
-22;-11;43;1;1
-57;-16;31;1;1
-35;-37;33;1;1
-6;9;23;1;1
-37;-15;13;0;1
-33;-13;16;0;1
-39;-23;16;0;1
-62;-19;28;0;1
-39;5;46;1;1
-14;-20;21;1;1
-11;-15;39;0;1
-47;-12;39;0;1
-29;-4;48;0;1
-17;3;31;0;1
-24;12;8;0;1
-28;14;15;1;1
-24;-3;20;1;1
-12;-20;12;0;1
-38;17;54;0;1
-43;-5;13;1;1
-54;31;18;0;1
-65;3;27;0;1
-44;3;13;0;1
-10;-11;37;0;1
-31;2;50;0;1
-56;-5;42;0;1
-39;-23;26;0;1
-21;17;40;1;1
-66;-11;22;0;1
-36;11;18;0;1
-21;0;41;0;1
-47;10;44;1;1
-32;4;39;0;1
-20;19;25;1;1
-33;5;11;0;1
-22;22;14;0;1
-40;-15;32;0;1
-41;-11;51;0;1
-47;14;31;0;1
-46;34;36;0;1
-56;18;21;1;1
-35;-35;47;1;1
-54;-29;25;0;1
-29;38;22;0;1
-14;-21;36;0;1
-31;23;54;0;1
-39;-46;31;0;1
-21;-9;32;0;1
-31;8;51;1;1
-17;18;16;0;1
-28;27;13;0;1
-23;-13;49;1;1
-46;-6;13;0;1
-25;18;31;0;1
-42;-9;54;1;1
-22;-21;51;0;1
-22;-30;20;1;1
-35;-9;34;1;1
-36;30;18;0;1
-39;-42;41;0;1
-48;-17;38;0;1
-33;-33;31;1;1
-63;15;19;0;1
-17;5;36;1;1
-51;10;40;0;1
-23;38;40;0;1
-28;-30;43;0;1
-24;-33;58;0;1
-36;-50;23;0;1
-16;26;39;0;1
-40;29;51;0;1
-35;33;29;1;1
-23;10;61;0;1
-48;43;19;1;1
-46;-5;39;1;1
-28;-31;52;1;1
-16;-27;56;0;1
-30;37;47;0;1
-59;17;30;1;1
-10;6;31;1;1
-26;28;12;1;1
-33;-5;19;1;1
-42;-10;49;0;1
-54;-16;41;0;1
-24;16;41;0;1
-56;-10;32;0;1
-11;-18;52;0;1
-23;15;10;0;1
-30;-9;35;1;1
-26;-20;44;1;1
-61;-4;24;1;1
-20;29;23;0;1
-20;10;31;0;1
-21;17;30;1;1
-57;2;34;1;1
-31;-9;40;0;1
-36;21;14;1;1
-49;14;31;1;1
-33;22;55;0;1
-48;-36;25;1;1
-16;-24;39;0;1
-30;-21;24;0;1
-36;-4;59;1;1
-29;3;10;1;1
-30;-5;29;1;1
-46;-7;13;0;1
-10;-14;27;1;1
-60;14;23;0;1
-32;24;49;1;1
-28;-44;32;0;1
-19;-20;42;1;1
-46;2;48;1;1
-36;-32;37;1;1
-35;-40;46;1;1
-29;0;21;0;1
-28;9;36;0;1
-45;3;50;0;1
-16;-12;17;1;1
-49;28;27;0;1
-55;-12;20;0;1
-22;4;33;1;1
-21;18;42;0;1
-48;-9;27;0;1
-26;13;20;1;1
-17;20;36;1;1
-35;32;38;1;1
-30;9;12;0;1
-15;-17;62;0;1
-50;-37;32;0;1
-28;-48;15;0;1
-46;48;23;0;1
-23;-29;11;1;1
-53;2;20;0;1
-19;-24;36;0;1
-55;-31;29;1;1
-50;-5;23;0;1
-54;19;35;1;1
-28;11;51;0;1
-34;12;11;1;1
-31;20;21;0;1
-55;-21;20;0;1
-14;-18;21;0;1
-43;-32;38;1;1
-15;10;25;1;1
-22;20;54;0;1
-22;6;36;0;1
-35;11;27;0;1
-36;-4;57;1;1
-45;19;32;0;1
-37;-22;56;0;1
-39;-27;26;1;1
-33;-36;25;1;1
-9;15;24;1;1
-35;-7;49;0;1
-39;-39;28;1;1
-53;-26;37;1;1
-36;-3;60;0;1
-26;13;24;1;1
-26;-34;52;1;1
-50;-9;39;1;1
-30;24;16;0;1
-57;-22;25;0;1
-18;-11;22;0;1
-18;15;22;0;1
-36;10;14;1;1
-52;-23;22;1;1
-51;-41;24;1;1
-32;11;25;0;1
-38;16;47;0;1
-34;42;46;1;1
-31;25;12;0;1
-31;-1;62;0;1
-35;-2;39;0;1
-30;-36;17;0;1
-66;-1;23;0;1
-20;-20;56;0;1
-30;3;64;1;1
-46;46;28;0;1
-19;19;30;0;1
-52;36;30;0;1
-64;5;30;0;1
-48;41;26;1;1
-25;-32;14;1;1
-25;-11;17;1;1
-41;-33;25;0;1
-26;12;57;0;1
-23;-21;51;0;1
-28;-33;27;0;1
-32;3;21;1;1
-13;17;48;0;1
-26;-5;30;0;1
-38;-18;57;0;1
-14;-23;59;1;1
-39;12;52;1;1
-13;-21;61;0;1
-61;11;19;1;1
-56;16;31;1;1
-39;-20;15;0;1
-32;-40;38;1;1
-25;-34;26;0;1
-26;0;18;1;1
-17;-20;15;0;1
-57;-11;24;0;1
-25;-11;47;1;1
-22;14;64;0;1
-23;-36;20;1;1
-57;-12;30;0;1
-36;-38;37;0;1
-35;-11;20;0;1
-34;10;51;1;1
-34;38;21;1;1
-45;-10;18;0;1
-22;20;60;0;1
-30;-19;38;0;1
-51;37;27;0;1
-36;12;14;1;1
-40;-25;17;1;1
-48;24;18;1;1
-29;-29;52;0;1
-26;26;32;0;1
-40;-40;37;0;1
-34;-33;19;0;1
-65;-8;23;0;1
-37;10;17;0;1
-23;-12;55;0;1
-46;16;14;1;1
-30;42;27;0;1
-52;-25;37;1;1
-29;-31;40;1;1
-12;2;26;0;1
-23;22;21;0;1
-43;-35;42;0;1
-27;15;18;1;1
-48;6;42;0;1
-37;7;12;1;1
-53;0;18;1;1
-50;-23;27;1;1
-10;-2;24;1;1
-18;26;20;0;1
-33;29;47;0;1
-27;-39;46;0;1
-38;-24;39;1;1
-46;-37;20;0;1
-56;-15;40;0;1
-34;20;50;0;1
-34;35;21;0;1
-32;34;47;0;1
-38;-10;23;1;1
-44;-36;19;0;1
-32;14;36;0;1
-26;-21;54;0;1
-19;19;61;1;1
-25;-13;62;0;1
-22;-23;37;1;1
-37;30;23;0;1
-44;-2;15;0;1
-17;-28;40;1;1
-28;-25;40;1;1
-15;-22;45;1;1
-29;-15;26;0;1
-48;38;17;0;1
-15;-20;43;0;1
-23;39;30;0;1
-34;-49;36;0;1
-27;17;46;0;1
-44;5;51;0;1
-32;-14;47;1;1
-28;18;36;1;1
-47;17;24;0;1
-59;23;23;1;1
-41;-2;36;0;1
-40;1;14;0;1
-43;-4;40;1;1
-53;39;26;1;1
-57;16;30;0;1
-15;-15;25;0;1
-42;-8;14;1;1
-15;-14;23;0;1
-17;-19;30;0;1
-41;-26;14;0;1
-28;17;41;1;1
-44;-14;29;1;1
-20;17;64;0;1
-55;30;25;1;1
-42;3;37;0;1
-18;16;58;1;1
-33;41;33;1;1
-19;-24;57;0;1
-24;-17;46;0;1
-48;0;33;1;1
-47;-20;14;1;1
-34;15;17;1;1
-57;-2;32;1;1
-41;-35;38;0;1
-39;-16;12;1;1
-26;39;14;1;1
-31;0;22;1;1
-25;-32;12;0;1
-38;-20;46;0;1
-44;31;39;1;1
-14;-23;43;0;1
-19;18;56;0;1
-47;19;28;0;1
-46;-14;32;0;1
-44;-1;51;1;1
-38;0;12;0;1
-29;29;19;0;1
-29;42;33;1;1
-24;-14;31;0;1
-35;24;46;0;1
-14;-20;36;1;1
-14;9;29;0;1
-25;-28;19;0;1
-28;-2;41;0;1
-14;-18;41;0;1
-16;-4;38;1;1
-54;3;28;0;1
-25;-12;26;0;1
-47;16;17;1;1
-23;-37;44;1;1
-26;39;41;0;1
-28;10;59;0;1
-18;-14;10;1;1
-60;-22;31;0;1
-20;-18;30;0;1
-22;8;32;1;1
-42;-5;56;0;1
-14;4;38;0;1
-24;-36;23;0;1
-40;12;18;0;1
-38;34;37;0;1
-31;-36;31;1;1
-30;-46;31;1;1
-27;-26;27;1;1
-40;49;17;0;1
-24;11;64;0;1
-57;11;34;0;1
-27;-21;52;1;1
-21;-21;52;0;1
-18;15;33;0;1
-42;-17;53;0;1
-19;2;31;1;1
-51;7;48;1;1
-41;-20;25;1;1
-46;20;30;0;1
-45;-29;33;0;1
-24;-13;23;0;1
-37;-11;52;0;1
-40;29;16;0;1
-37;29;47;1;1
-28;-28;35;0;1
-21;-21;64;0;1
-32;10;43;1;1
-30;-7;14;1;1
-32;-33;22;0;1
-41;3;18;0;1
-11;13;37;0;1
-48;2;29;0;1
-39;-44;17;1;1
-36;-18;56;0;1
-53;26;38;0;1
-27;-37;38;0;1
-19;0;27;1;1
-36;10;26;1;1
-54;-10;17;1;1
-37;20;39;0;1
-38;38;42;1;1
-56;-6;29;1;1
-41;40;23;0;1
-46;-29;18;1;1
-19;15;21;1;1
-37;22;42;1;1
-18;-20;57;0;1
-42;-11;56;0;1
-33;-20;57;0;1
-21;-13;21;0;1
-32;0;15;0;1
-30;28;30;0;1
-22;5;16;0;1
-28;-15;13;1;1
-56;20;21;0;1
-19;-4;22;0;1
-29;24;26;1;1
-39;-24;15;1;1
-27;24;51;1;1
-31;-53;30;1;1
-62;10;28;1;1
-11;11;27;0;1
-49;-12;33;0;1
-59;22;28;1;1
-23;-35;25;0;1
-19;2;25;1;1
-40;27;14;0;1
-36;-49;19;0;1
-22;-9;10;1;1
-29;-45;20;0;1
-67;0;19;1;1
-27;32;18;0;1
-45;11;23;0;1
-23;25;41;1;1
-22;34;39;1;1
-26;-13;31;0;1
-54;36;28;0;1
-49;-29;18;0;1
-33;44;17;1;1
-44;-12;42;0;1
-16;-12;32;0;1
-43;9;17;0;1
-53;-2;41;1;1
-27;31;53;0;1
-24;12;62;1;1
-37;-56;19;1;1
-39;-8;20;0;1
-27;45;17;0;1
-39;42;20;0;1
-45;-29;45;1;1
-58;-8;40;0;1
-32;15;36;0;1
-25;14;43;0;1
-32;-34;17;1;1
-37;-28;29;0;1
-37;-13;19;0;1
-18;25;13;1;1
-42;-6;49;0;1
-36;-39;28;1;1
-65;7;26;1;1
-54;-31;23;0;1
-34;17;33;0;1
-35;51;30;0;1
-19;28;33;0;1
-21;-15;64;0;1
-21;18;45;0;1
-38;24;19;1;1
-61;0;35;0;1
-22;9;53;1;1
-39;23;48;0;1
-23;27;58;0;1
-34;31;41;1;1
-22;21;49;1;1
-35;0;46;0;1
-29;-21;46;0;1
-24;-31;35;0;1
-18;-16;32;1;1
-35;7;59;0;1
-43;25;50;0;1
-37;-30;52;1;1
-32;3;27;0;1
-28;-33;36;0;1
-56;-25;24;0;1
-30;22;14;0;1
-31;20;49;1;1
-35;23;34;0;1
-15;-13;37;0;1
-26;-36;38;0;1
-37;26;27;0;1
-36;19;27;0;1
-23;7;27;0;1
-22;-34;58;0;1
-25;-27;52;1;1
-33;28;35;1;1
-48;-6;30;0;1
-35;-7;38;0;1
-23;18;18;1;1
-46;-10;14;1;1
-20;-26;36;0;1
-17;1;40;1;1
-64;-1;25;0;1
-40;11;17;1;1
-19;-30;13;0;1
-65;13;19;0;1
-37;53;22;1;1
-32;41;42;0;1
-26;31;31;1;1
-42;30;14;1;1
-18;23;52;0;1
-28;-38;25;1;1
-33;-39;28;0;1
-35;11;51;0;1
-62;1;28;0;1
-60;-3;19;0;1
-34;-49;29;0;1
-36;23;32;0;1
-36;23;17;0;1
-20;7;21;0;1
-40;-17;33;0;1
-38;5;22;0;1
-18;-23;38;1;1
-27;17;50;0;1
-29;-36;50;1;1
-37;-52;25;0;1
-31;-1;11;1;1
-9;-14;39;1;1
-24;-2;49;0;1
-41;12;53;0;1
-42;37;19;1;1
-48;5;17;0;1
-15;21;59;1;1
-26;-15;33;1;1
-30;20;38;1;1
-39;-20;24;1;1
-38;43;34;1;1
-46;37;30;1;1
-24;6;64;1;1
-57;10;17;0;1
-47;32;17;0;1
-60;-6;21;1;1
-25;15;49;1;1
-28;29;23;0;1
-23;-12;29;0;1
-24;14;46;0;1
-16;-12;44;1;1
-40;40;33;0;1
-23;3;62;1;1
-26;-14;55;0;1
-57;17;32;0;1
-25;-16;11;0;1
-61;-4;18;1;1
-16;-23;35;0;1
-19;-27;60;1;1
-34;-4;61;0;1
-60;6;34;1;1
-40;-21;35;0;1
-26;31;48;0;1
-34;25;43;0;1
-35;-48;30;0;1
-36;-29;41;0;1
-23;-12;42;1;1
-37;47;19;1;1
-8;12;21;0;1
-25;27;20;1;1
-27;9;26;0;1
-23;11;35;0;1
-20;-22;9;1;1
-27;-31;34;0;1
-28;-42;26;0;1
-43;-2;47;0;1
-27;-39;35;1;1
-38;35;23;1;1
-27;-9;35;0;1
-41;-18;26;1;1
-29;40;20;1;1
-44;-8;37;0;1
-18;-15;57;0;1
-21;9;10;0;1
-35;-2;53;0;1
-45;43;30;0;1
-46;17;48;0;1
-56;21;25;0;1
-43;-9;34;0;1
-31;-14;33;1;1
-49;0;33;0;1
-60;6;19;0;1
-22;32;50;0;1
-51;23;19;1;1
-40;-24;15;0;1
-55;-7;25;0;1
-34;33;51;0;1
-42;-10;51;0;1
-29;-45;32;0;1
-24;23;24;0;1
-44;-4;52;1;1
-40;13;25;0;1
-28;34;31;1;1
-58;13;25;0;1
-53;-22;36;1;1
-49;-28;34;0;1
-34;3;38;0;1
-51;25;20;0;1
-55;-10;22;1;1
-23;3;15;1;1
-55;-23;36;1;1
-29;36;26;0;1
-43;-14;21;0;1
-31;45;34;0;1
-21;13;16;0;1
-23;-4;20;0;1
-36;-17;23;0;1
-19;-27;35;0;1
-58;-19;19;1;1
-45;-28;19;0;1
-45;-22;16;0;1
-25;-28;18;0;1
-49;37;20;0;1
-36;51;30;1;1
-30;12;46;0;1
-28;20;22;0;1
-14;19;52;0;1
-25;-5;56;0;1
-39;0;28;0;1
-31;24;39;0;1
-24;17;19;0;1
-37;-40;36;1;1
-24;35;46;0;1
-18;6;40;0;1
-56;26;32;0;1
-41;6;51;1;1
-31;30;45;0;1
-20;-12;46;0;1
-24;-18;21;1;1
-41;27;51;0;1
-25;34;25;0;1
-54;23;30;1;1
-9;-15;27;0;1
-34;-55;25;0;1
-33;-34;25;0;1
-33;19;49;0;1
-24;17;39;0;1
-44;49;23;0;1
-42;-11;24;1;1
-32;-16;37;0;1
-28;-17;45;1;1
-29;-25;23;1;1
-44;15;45;0;1
-37;-9;45;0;1
-31;-20;44;1;1
-33;12;51;0;1
-47;-28;38;1;1
-45;20;23;0;1
-35;-33;37;1;1
-36;8;19;1;1
-47;-33;17;0;1
-25;32;12;1;1
-24;25;54;0;1
-34;46;42;1;1
-60;-21;31;0;1
-27;-15;9;0;1
-20;-15;45;1;1
-39;2;43;1;1
-33;32;48;0;1
-32;9;46;0;1
-45;-18;21;0;1
-31;-12;34;0;1
-51;9;28;0;1
-25;-31;50;0;1
-35;45;31;1;1
-50;-3;33;1;1
-25;-13;28;0;1
-27;27;45;0;1
-16;17;26;0;1
-53;-38;22;0;1
-19;16;17;1;1
-26;33;41;0;1
-35;12;55;0;1
-22;11;13;1;1
-17;22;42;0;1
-49;43;26;0;1
-49;-5;45;0;1
-38;12;48;0;1
-39;-12;57;1;1
-32;44;28;0;1
-50;-9;30;0;1
-39;3;29;0;1
-36;-30;43;0;1
-40;9;18;1;1
-50;21;31;0;1
-67;5;22;1;1
-41;25;21;0;1
-33;-15;19;0;1
-35;-26;38;1;1
-22;23;18;1;1
-28;13;18;0;1
-36;-22;25;1;1
-25;-13;47;1;1
-25;8;15;0;1
-40;-35;18;0;1
-53;-33;33;0;1
-33;-45;23;1;1
-33;32;30;0;1
-16;-20;7;0;1
-36;5;26;0;1
-23;-26;29;0;1
-34;21;58;0;1
-42;6;38;0;1
-39;32;44;0;1
-32;11;37;0;1
-35;9;52;1;1
-42;39;18;0;1
-15;11;43;0;1
-31;0;54;0;1
-20;12;28;0;1
-32;-26;17;1;1
-34;2;19;1;1
-65;14;21;0;1
-14;23;46;0;1
-37;35;15;0;1
-20;2;23;0;1
-49;-16;48;1;1
-23;1;62;0;1
-30;-14;52;0;1
-35;41;40;0;1
-22;17;34;0;1
-45;50;19;0;1
-44;22;34;1;1
-51;3;40;0;1
-36;9;32;1;1
-34;-34;30;1;1
-11;-7;23;0;1
-26;30;17;0;1
-33;-17;55;1;1
-21;10;43;0;1
-28;28;56;0;1
-29;20;24;0;1
-35;-21;17;1;1
-17;-10;15;0;1
-24;13;55;1;1
-28;-22;19;1;1
-55;8;37;1;1
-56;10;21;0;1
-23;-3;45;0;1
-27;5;10;1;1
-26;8;10;1;1
-39;23;35;1;1
-16;3;21;0;1
-31;47;38;0;1
-41;-28;49;0;1
-47;-27;30;0;1
-36;-39;27;0;1
-24;-2;10;0;1
-40;11;14;0;1
-35;3;47;0;1
-16;15;33;1;1
-26;-9;44;0;1
-17;25;40;0;1
-34;-38;14;1;1
-30;41;14;0;1
-31;-42;34;1;1
-44;14;22;0;1
-48;3;37;0;1
-16;-27;52;0;1
-55;20;22;0;1
-34;-43;30;1;1
-31;24;38;0;1
-35;-5;57;0;1
-26;45;45;1;1
-46;25;44;0;1
-18;-18;41;0;1
-58;-33;24;0;1
-53;-30;23;0;1
-46;4;25;0;1
-24;8;13;0;1
-23;15;12;0;1
-53;-22;32;0;1
-66;0;18;0;1
-18;17;21;0;1
-24;-28;39;1;1
-35;47;17;0;1
-42;40;26;1;1
-27;-43;17;0;1
-22;19;40;0;1
-43;-23;39;1;1
-56;-10;29;0;1
-45;27;45;1;1
-37;-42;32;0;1
-57;11;33;0;1
-18;-5;49;1;1
-15;20;54;0;1
-26;-21;48;0;1
-13;19;51;0;1
-41;44;22;1;1
-45;-12;48;0;1
-37;5;11;0;1
-18;0;36;1;1
-50;-18;20;0;1
-26;33;39;1;1
-45;-22;43;0;1
-50;30;17;0;1
-18;9;55;1;1
-45;-10;21;0;1
-38;-7;49;0;1
-37;-9;43;0;1
-49;-32;28;0;1
-40;14;39;0;1
-31;-9;25;0;1
-31;-5;61;0;1
-28;22;20;0;1
-20;-25;9;0;1
-26;-13;36;0;1
-61;24;20;0;1
-26;21;42;1;1
-49;-30;18;0;1
-43;9;42;1;1
-31;38;23;1;1
-39;-26;37;1;1
-27;-7;62;1;1
-61;-29;20;0;1
-44;15;15;1;1
-47;11;19;1;1
-37;8;26;0;1
-22;11;52;1;1
-43;-40;27;0;1
-46;-6;41;0;1
-56;5;26;1;1
-24;22;47;0;1
-12;19;54;1;1
-38;-35;33;1;1
-19;25;14;0;1
-14;-24;47;0;1
-42;7;29;0;1
-26;-41;40;0;1
-29;-19;14;1;1
-31;-17;38;0;1
-54;-19;24;0;1
-41;-38;17;0;1
-36;-2;54;0;1
-51;-21;20;0;1
-25;-33;47;0;1
-28;41;17;0;1
-22;29;28;0;1
-37;-33;39;0;1
-57;6;17;1;1
-43;-25;49;1;1
-27;1;54;0;1
-43;10;47;0;1
-47;-48;21;0;1
-15;14;44;0;1
-22;28;15;0;1
-31;-12;57;1;1
-35;-5;34;0;1
-26;-12;23;0;1
-13;-17;12;0;1
-15;14;23;0;1
-33;-13;53;1;1
-37;-9;13;0;1
-51;29;18;0;1
-46;-4;48;1;1
-54;36;26;0;1
-31;-17;15;0;1
-31;40;25;0;1
-46;-5;24;1;1
-24;10;38;1;1
-18;-24;42;0;1
-36;-17;38;0;1
-40;0;30;1;1
-52;-17;16;1;1
-30;-38;50;0;1
-47;25;42;1;1
-42;7;45;1;1
-17;-16;15;0;1
-31;-1;61;1;1
-42;43;18;0;1
-31;50;35;0;1
-39;32;33;0;1
-62;-12;17;0;1
-24;23;28;1;1
-9;14;23;0;1
-33;36;36;0;1
-23;15;30;1;1
-30;15;33;1;1
-59;2;20;0;1
-32;12;10;1;1
-40;16;30;0;1
-33;-1;32;0;1
-30;-50;35;0;1
-25;-36;36;0;1
-28;34;13;1;1
-56;-4;25;1;1
-27;-5;48;1;1
-48;31;39;1;1
-45;32;43;0;1
-59;-13;35;0;1
-48;7;13;1;1
-53;-15;20;0;1
-29;14;20;0;1
-29;4;14;0;1
-49;17;32;0;1
-21;-23;57;0;1
-39;13;40;1;1
-48;-5;31;0;1
-30;-8;21;0;1
-24;9;48;0;1
-32;19;18;0;1
-28;-23;61;0;1
-19;9;45;0;1
-37;57;19;1;1
-37;-25;18;0;1
-30;5;14;1;1
-34;43;44;0;1
-29;9;55;0;1
-50;-31;39;1;1
-27;3;33;0;1
-42;29;27;0;1
-14;-17;42;0;1
-32;31;28;1;1
-28;22;39;0;1
-36;38;27;0;1
-37;-38;47;1;1
-21;4;17;1;1
-30;27;46;0;1
-36;45;17;0;1
-32;-32;43;1;1
-33;6;42;0;1
-51;-24;27;0;1
-27;37;22;1;1
-32;-2;58;0;1
-50;-33;30;1;1
-34;44;20;0;1
-25;-11;51;0;1
-37;-44;41;0;1
-29;-6;19;0;1
-48;2;46;0;1
-48;3;19;0;1
-29;32;14;1;1
-63;-11;29;1;1
-43;19;41;0;1
-8;-10;25;1;1
-27;23;42;1;1
-29;-3;11;0;1
-48;12;50;0;1
-40;19;24;0;1
-55;0;33;1;1
-31;-2;29;1;1
-56;-28;25;0;1
-57;-11;20;1;1
-32;32;25;0;1
-25;14;11;0;1
-46;23;17;0;1
-32;16;26;0;1
-14;22;56;0;1
-47;25;31;0;1
-24;-3;14;0;1
-10;-15;28;0;1
-24;-35;52;1;1
-25;-30;17;0;1
-55;-12;24;0;1
-43;-9;43;1;1
-36;14;54;0;1
-15;5;23;0;1
-39;3;15;0;1
-42;24;19;0;1
-18;-13;49;1;1
-20;2;36;1;1
-52;3;21;0;1
-64;-3;28;0;1
-14;-15;54;0;1
-33;26;31;0;1
-28;14;54;1;1
-15;8;25;0;1
-42;1;57;1;1
-28;30;16;0;1
-25;40;43;1;1
-24;14;47;1;1
-27;-15;27;0;1
-42;-42;36;0;1
-38;-12;13;1;1
-14;-10;43;1;1
-35;17;12;1;1
-55;1;15;1;1
-49;-9;40;0;1
-23;14;56;0;1
-17;-7;39;0;1
-15;-6;41;1;1
-24;0;55;0;1
-46;5;41;0;1
-20;-16;56;0;1
-47;-41;24;0;1
-36;-49;33;1;1
-18;15;35;0;1
-16;23;54;1;1
-63;-15;22;0;1
-31;8;59;0;1
-25;-1;40;0;1
-42;-46;20;0;1
-19;-15;24;0;1
-36;17;43;1;1
-46;15;36;1;1
-35;27;25;0;1
-57;-2;36;0;1
-53;-36;25;0;1
-59;-4;23;0;1
-53;-30;34;0;1
-43;-26;49;0;1
-43;3;17;0;1
-41;17;24;0;1
-36;51;20;0;1
-10;11;39;1;1
-40;-32;37;1;1
-34;3;21;1;1
-39;15;55;1;1
-52;-3;45;0;1
-23;27;51;1;1
-38;-43;32;1;1
-22;-26;39;0;1
-31;-28;33;1;1
-38;-26;27;0;1
-15;-9;37;1;1
-52;-14;32;1;1
-18;-5;28;1;1
-49;0;21;0;1
-23;-5;32;0;1
-52;-1;20;0;1
-25;39;45;0;1
-63;1;31;0;1
-42;-27;23;0;1
-53;17;21;1;1
-62;4;28;0;1
-33;-31;13;0;1
-23;12;60;0;1
-21;0;35;0;1
-48;14;41;1;1
-33;-18;12;0;1
-37;42;24;1;1
-12;10;23;0;1
-51;-8;34;0;1
-26;7;50;1;1
-27;-36;27;0;1
-27;34;23;0;1
-35;10;43;1;1
-24;-1;14;0;1
-20;6;40;0;1
-20;-23;47;1;1
-16;-20;40;0;1
-31;-40;40;0;1
-21;4;37;1;1
-46;40;35;0;1
-46;19;32;0;1
-17;26;19;1;1
-26;20;20;1;1
-33;16;45;0;1
-34;4;53;1;1
-52;2;46;1;1
-31;-20;17;0;1
-18;-16;30;1;1
-41;-26;33;0;1
-17;22;60;0;1
-40;38;38;0;1
-44;19;44;0;1
-11;-16;47;0;1
-45;-16;25;0;1
-36;-3;59;1;1
-33;-41;29;0;1
-32;-45;39;0;1
-28;-32;49;0;1
-47;24;43;0;1
-30;22;18;0;1
-37;-42;35;0;1
-38;21;19;0;1
-27;37;37;0;1
-21;17;41;0;1
-26;-24;30;1;1
-43;0;54;0;1
-28;-19;45;0;1
-49;-40;19;1;1
-42;8;20;0;1
-16;-20;19;1;1
-48;26;45;0;1
-46;-15;32;1;1
-48;17;36;1;1
-55;-7;24;1;1
-19;17;30;0;1
-53;-29;33;1;1
-23;-18;32;1;1
-42;2;36;0;1
-39;33;37;0;1
-55;-16;39;1;1
-16;24;18;0;1
-33;12;18;0;1
-27;21;60;1;1
-47;27;32;1;1
-38;-1;44;0;1
-36;-5;53;1;1
-26;-10;51;1;1
-44;10;16;0;1
-39;-55;20;0;1
-38;-19;17;1;1
-40;22;39;0;1
-41;-48;30;0;1
-38;-31;29;0;1
-44;7;48;1;1
-22;13;10;1;1
-22;24;45;0;1
-44;-4;19;0;1
-20;20;11;1;1
-22;-6;36;0;1
-45;12;26;0;1
-35;21;46;0;1
-36;-24;34;0;1
-29;-17;46;1;1
-38;-42;26;1;1
-24;-15;20;0;1
-49;-37;19;0;1
-54;-13;34;1;1
-17;-3;24;0;1
-40;-1;25;0;1
-39;-38;38;0;1
-26;13;52;1;1
-44;13;27;0;1
-42;3;42;0;1
-51;32;36;1;1
-28;18;27;1;1
-19;-23;54;1;1
-26;-45;43;1;1
-33;-12;53;1;1
-34;-27;36;1;1
-42;-21;44;0;1
-31;-30;42;0;1
-37;12;50;0;1
-23;36;25;1;1
-17;-26;51;0;1
-30;20;48;0;1
-19;-21;53;1;1
-21;-29;18;1;1
-17;22;55;1;1
-44;29;28;1;1
-55;-9;26;0;1
-21;23;25;1;1
-17;-25;21;0;1
-34;-42;23;0;1
-50;26;33;1;1
-30;37;45;0;1
-32;-35;23;0;1
-18;-29;48;0;1
-40;-9;37;0;1
-36;14;35;1;1
-44;-17;43;0;1
-39;-5;59;0;1
-23;-18;10;0;1
-17;-22;14;1;1
-8;-8;27;0;1
-28;16;9;0;1
-53;2;37;0;1
-63;18;23;1;1
-44;15;32;0;1
-30;-32;46;0;1
-16;21;41;1;1
-50;-7;14;0;1
-25;-6;52;0;1
-37;-6;20;0;1
-32;7;38;0;1
-27;-41;17;0;1
-56;-6;37;0;1
-29;-17;32;0;1
-26;-15;31;1;1
-24;0;33;1;1
-19;-15;35;0;1
-41;25;33;1;1
-49;3;14;1;1
-27;-12;50;1;1
-43;5;22;0;1
-34;48;31;1;1
-23;23;46;1;1
-24;32;26;0;1
-49;-14;49;0;1
-33;35;36;0;1
-50;0;40;0;1
-12;3;31;0;1
-38;-14;38;0;1
-54;-24;35;0;1
-44;-5;32;1;1
-17;20;30;0;1
-24;25;35;0;1
-34;28;14;0;1
-22;-34;12;1;1
-43;-5;18;0;1
-33;7;18;1;1
-20;15;28;0;1
-30;-17;46;0;1
-39;-20;45;0;1
-41;0;49;0;1
-16;-13;37;1;1
-51;-14;23;0;1
-33;29;44;1;1
-17;28;15;0;1
-34;-28;12;0;1
-32;49;38;0;1
-18;19;61;0;1
-46;-30;31;0;1
-31;-13;12;0;1
-32;53;29;0;1
-17;13;39;1;1
-46;3;42;0;1
-52;26;36;1;1
-28;11;19;0;1
-33;-7;60;1;1
-20;-15;35;0;1
-40;-38;28;0;1
-20;12;8;0;1
-25;-34;51;1;1
-35;-3;43;0;1
-14;-17;52;0;1
-24;-9;22;1;1
-28;26;43;1;1
-48;-15;47;0;1
-29;-33;53;1;1
-18;-31;47;0;1
-31;8;28;0;1
-22;-9;11;1;1
-35;-26;40;0;1
-43;-22;15;1;1
-62;-5;23;0;1
-25;-43;49;0;1
-22;-35;25;1;1
-38;-8;45;1;1
-40;-1;14;0;1
-38;14;19;0;1
-42;2;35;0;1
-21;15;27;0;1
-27;-17;33;0;1
-14;23;14;0;1
-45;17;31;0;1
-23;-1;24;1;1
-22;-16;39;0;1
-32;-43;45;0;1
-41;39;35;0;1
-25;-27;14;0;1
-28;42;36;0;1
-21;-20;17;1;1
-41;-16;37;1;1
-37;-1;45;1;1
-46;-25;20;1;1
-66;-6;25;0;1
-20;2;54;0;1
-19;28;56;0;1
-39;-26;32;0;1
-47;-28;44;1;1
-35;5;57;1;1
-39;21;52;1;1
-40;-31;26;0;1
-31;39;45;0;1
-12;5;21;0;1
-52;-39;23;1;1
-25;37;40;0;1
-41;14;24;1;1
-32;5;14;0;1
-46;10;47;0;1
-37;-10;49;0;1
-25;1;7;0;1
-40;10;54;1;1
-50;-23;18;0;1
-31;41;34;0;1
-34;-26;14;1;1
-46;-30;27;0;1
-24;-21;43;0;1
-44;-49;24;0;1
-48;33;20;0;1
-15;-9;27;0;1
-50;20;25;0;1
-21;23;59;1;1
-19;7;21;1;1
-44;-34;24;1;1
-25;-4;9;1;1
-33;19;59;1;1
-57;-12;21;0;1
-56;20;37;1;1
-62;-18;28;0;1
-20;-15;61;0;1
-18;26;18;0;1
-59;-9;34;0;1
-49;13;44;0;1
-17;14;12;0;1
-17;16;44;1;1
-32;-28;30;1;1
-52;-35;32;1;1
-11;-16;40;0;1
-50;-25;18;0;1
-58;20;20;0;1
-33;-14;45;0;1
-11;-17;43;0;1
-51;-34;20;1;1
-40;12;19;0;1
-17;24;32;1;1
-33;-10;10;0;1
-48;37;37;0;1
-22;20;41;1;1
-25;-42;24;0;1
-22;-20;17;0;1
-52;25;16;1;1
-28;43;39;0;1
-48;37;21;0;1
-45;27;40;0;1
-40;-30;46;0;1
-33;2;47;0;1
-36;21;42;0;1
-39;-12;25;0;1
-44;44;24;1;1
-30;-34;19;0;1
-26;-13;44;0;1
-44;37;26;1;1
-32;-31;29;1;1
-39;-21;28;0;1
-34;19;38;0;1
-26;-4;63;1;1
-47;-11;24;0;1
-46;11;29;1;1
-28;2;34;0;1
-16;26;41;1;1
-53;35;27;0;1
-24;17;60;0;1
-52;-5;48;0;1
-50;-9;19;1;1
-35;-18;44;1;1
-49;11;40;0;1
-25;4;41;0;1
-31;-27;52;1;1
-41;-3;46;1;1
-44;-36;22;1;1
-39;-28;49;1;1
-45;16;16;1;1
-40;51;23;0;1
-46;12;43;0;1
-24;-37;19;0;1
-44;35;21;0;1
-20;-16;23;1;1
-17;16;39;1;1
-30;44;35;0;1
-36;-29;25;1;1
-53;28;25;0;1
-24;-38;26;1;1
-25;7;12;0;1
-32;25;15;0;1
-39;-49;17;0;1
-43;-12;29;1;1
-35;24;51;0;1
-24;9;64;0;1
-21;12;51;0;1
-45;12;38;1;1
-40;-2;57;1;1
-13;-22;14;1;1
-48;31;33;1;1
-23;-36;43;0;1
-26;14;42;1;1
-39;-49;32;0;1
-31;-7;29;0;1
-58;25;19;0;1
-23;-33;34;0;1
-48;17;16;1;1
-24;22;53;0;1
-19;-26;27;1;1
-57;-19;26;0;1
-61;0;36;0;1
-44;7;52;0;1
-34;3;25;0;1
-18;21;53;0;1
-40;-8;16;0;1
-30;-1;25;0;1
-44;2;12;0;1
-21;26;14;0;1
-43;-22;27;0;1
-30;7;42;0;1
-44;-14;24;1;1
-21;28;45;1;1
-39;-15;17;0;1
-59;4;16;1;1
-31;-20;28;1;1
-23;5;31;0;1
-46;-43;32;0;1
-27;33;25;1;1
-13;-19;54;0;1
-26;13;43;0;1
-54;13;40;0;1
-18;4;38;1;1
-38;-5;44;0;1
-56;-32;22;0;1
-31;-14;12;0;1
-34;36;22;0;1
-36;-55;22;1;1
-27;15;15;0;1
-22;2;32;0;1
-49;-3;34;1;1
-36;54;19;0;1
-28;-15;48;0;1
-45;2;21;1;1
-26;-3;19;0;1
-26;38;20;1;1
-41;1;58;1;1
-20;-17;46;0;1
-39;-12;53;1;1
-50;20;43;1;1
-47;-36;17;1;1
-30;37;27;0;1
-38;-4;49;1;1
-54;-39;18;0;1
-38;-4;59;1;1
-16;-8;30;0;1
-17;25;31;0;1
-38;-24;34;0;1
-41;14;43;0;1
-65;18;21;1;1
-43;-37;36;0;1
-30;-17;40;1;1
-34;-6;29;0;1
-23;31;41;1;1
-48;-2;45;0;1
-14;1;22;0;1
-51;-15;45;0;1
-20;15;62;1;1
-36;10;33;0;1
-39;0;12;0;1
-21;-20;52;1;1
-47;-3;17;1;1
-31;-33;25;1;1
-59;11;34;0;1
-52;18;29;1;1
-48;-30;17;1;1
-30;-13;27;1;1
-29;24;39;0;1
-28;-38;20;0;1
-41;32;30;0;1
-43;-17;42;0;1
-16;-17;61;0;1
-21;14;30;0;1
-31;-34;18;0;1
-23;20;39;1;1
-52;23;18;0;1
-26;-1;28;0;1
-21;-24;52;1;1
-7;12;34;0;1
-51;-6;47;0;1
-29;28;41;0;1
-51;28;39;0;1
-52;13;18;0;1
-27;3;22;1;1
-31;3;52;1;1
-31;-17;23;0;1
-14;-15;31;0;1
-21;16;44;1;1
-56;-6;42;1;1
-25;20;27;1;1
-30;42;38;0;1
-36;37;17;0;1
-36;11;33;0;1
-9;12;30;0;1
-41;-1;42;0;1
-10;4;29;0;1
-57;24;27;1;1
-39;-33;29;1;1
-14;14;20;0;1
-45;-11;45;1;1
-39;-9;23;1;1
-41;-17;32;1;1
-25;-20;35;0;1
-9;-10;27;0;1
-25;43;19;0;1
-40;-37;42;0;1
-25;21;39;0;1
-17;10;36;0;1
-65;6;27;0;1
-56;-2;43;1;1
-43;-10;14;1;1
-42;4;12;0;1
-20;16;63;0;1
-41;40;29;0;1
-26;31;42;1;1
-26;9;25;0;1
-54;-16;26;0;1
-19;-32;25;0;1
-34;-49;35;0;1
-32;38;47;0;1
-46;-13;34;1;1
-25;22;46;0;1
-31;32;33;1;1
-18;-26;38;1;1
-26;-7;45;0;1
-22;10;28;0;1
-33;-8;21;0;1
-21;23;44;1;1
-43;-31;17;0;1
-22;-35;33;0;1
-56;2;33;0;1
-38;-28;37;1;1
-20;13;16;0;1
-23;-17;23;0;1
-24;15;51;1;1
-40;26;32;1;1
-37;-18;24;1;1
-51;-41;22;0;1
-16;-25;30;0;1
-43;-44;30;1;1
-22;1;18;0;1
-58;-7;30;0;1
-21;6;16;0;1
-7;8;28;1;1
-34;22;41;0;1
-40;-6;57;1;1
-31;10;28;0;1
-51;-4;28;0;1
-42;-8;45;1;1
-30;-5;62;0;1
-17;-15;30;1;1
-47;-20;32;0;1
-19;-31;11;0;1
-36;-25;49;1;1
-61;12;17;0;1
-30;31;27;0;1
-25;-37;42;0;1
-21;-22;20;1;1
-42;40;17;0;1
-16;-25;27;0;1
-22;-12;57;0;1
-18;-27;54;0;1
-27;-21;50;1;1
-46;0;44;0;1
-7;10;22;1;1
-19;20;34;0;1
-36;-37;44;1;1
-53;-34;17;0;1
-32;25;46;0;1
-38;40;31;0;1
-40;-35;28;0;1
-14;11;39;0;1
-16;23;19;0;1
-45;-5;23;0;1
-25;-11;52;0;1
-48;-22;47;0;1
-18;-7;42;0;1
-31;34;54;0;1
-37;35;30;0;1
-38;22;51;0;1
-43;-35;44;1;1
-37;-40;28;1;1
-31;13;38;1;1
-28;25;21;0;1
-19;8;15;0;1
-19;-14;31;1;1
-34;46;25;0;1
-35;-12;23;0;1
-24;3;13;1;1
-48;6;15;1;1
-29;-40;31;0;1
-31;-10;45;1;1
-22;12;31;1;1
-68;-5;19;0;1
-36;46;29;1;1
-17;-8;36;0;1
-38;-33;22;1;1
-28;-27;21;1;1
-6;10;27;0;1
-30;9;31;0;1
-18;20;47;1;1
-34;13;25;0;1
-31;22;46;0;1
-19;31;43;1;1
-42;-21;28;1;1
-15;10;36;1;1
-44;-20;35;0;1
-28;17;29;0;1
-27;19;55;0;1
-20;-9;33;1;1
-26;-18;14;0;1
-49;2;47;1;1
-36;-7;22;0;1
-18;21;44;0;1
-27;2;22;0;1
-36;-9;57;0;1
-40;2;37;0;1
-62;-2;23;0;1
-41;48;17;0;1
-51;9;47;0;1
-37;-6;49;0;1
-14;18;19;0;1
-40;-21;27;1;1
-38;15;18;0;1
-24;35;38;0;1
-24;-22;15;0;1
-49;-8;30;1;1
-16;23;14;1;1
-23;-30;56;1;1
-22;-11;31;0;1
-23;11;57;0;1
-43;3;56;1;1
-31;35;21;0;1
-22;-8;12;0;1
-34;-26;50;0;1
-24;10;41;1;1
-22;4;29;0;1
-27;-12;64;0;1
-38;36;42;0;1
-16;-19;17;1;1
-28;-12;35;1;1
-21;-15;36;0;1
-24;-3;33;0;1
-18;1;26;1;1
-35;42;43;1;1
-35;31;50;0;1
-50;31;39;0;1
-18;23;13;0;1
-40;-22;45;0;1
-62;17;23;0;1
-30;0;9;1;1
-39;8;30;1;1
-40;6;49;1;1
-19;-13;62;0;1
-46;-4;32;1;1
-16;20;64;0;1
-48;-1;15;0;1
-46;-27;16;1;1
-51;6;43;0;1
-33;43;16;0;1
-22;-24;32;0;1
-42;38;31;0;1
-19;-22;15;1;1
-19;-31;22;1;1
-55;-2;44;0;1
-35;-40;30;0;1
-31;24;34;0;1
-29;-37;14;0;1
-36;47;18;0;1
-17;-29;32;0;1
-30;42;31;0;1
-28;0;56;0;1
-29;19;12;0;1
-38;23;33;0;1
-34;-23;17;0;1
-31;-6;16;1;1
-46;20;32;1;1
-36;-32;39;0;1
-17;-24;17;0;1
-41;43;17;0;1
-29;-15;45;0;1
-44;-11;21;0;1
-29;3;16;0;1
-24;4;51;0;1
-45;-1;32;0;1
-35;-37;37;1;1
-16;-21;47;0;1
-26;-40;13;0;1
-29;-25;59;0;1
-32;-21;39;0;1
-30;30;44;0;1
-29;4;16;1;1
-31;-25;56;0;1
-20;6;25;0;1
-50;-32;30;1;1
-39;23;53;1;1
-14;-24;41;1;1
-19;14;34;0;1
-21;-10;56;1;1
-60;-8;35;0;1
-19;18;20;0;1
-32;-26;20;0;1
-34;-24;40;0;1
-37;24;39;0;1
-37;32;14;0;1
-16;20;25;1;1
-25;-37;55;0;1
-15;-20;49;1;1
-37;31;14;0;1
-29;47;21;1;1
-25;5;58;1;1
-25;34;29;0;1
-42;-9;55;1;1
-22;-31;32;0;1
-18;-5;51;1;1
-31;21;47;1;1
-27;-39;26;1;1
-51;-22;22;0;1
-28;14;19;0;1
-29;7;41;0;1
-33;3;36;0;1
-19;-21;41;1;1
-9;8;25;0;1
-18;18;53;0;1
-41;24;50;0;1
-12;8;25;0;1
-53;23;28;0;1
-24;2;60;0;1
-43;-14;38;0;1
-51;-6;22;0;1
-30;35;42;0;1
-40;-36;34;0;1
-31;53;27;0;1
-19;25;24;1;1
-36;-5;59;1;1
-53;-3;28;0;1
-24;0;43;0;1
-45;-10;53;0;1
-39;22;15;0;1
-42;-17;50;0;1
-26;30;56;0;1
-11;-19;35;0;1
-42;20;29;1;1
-13;22;8;0;1
-23;4;56;1;1
-20;-22;31;0;1
-39;-17;45;1;1
-24;-34;30;1;1
-14;-11;20;0;1
-31;-36;21;0;1
-27;30;28;0;1
-21;17;23;0;1
-44;-26;17;0;1
-45;-26;26;1;1
-33;21;23;1;1
-62;-16;19;1;1
-32;-14;11;0;1
-31;-3;22;0;1
-52;-33;23;0;1
-36;2;12;0;1
-21;23;55;0;1
-14;-20;45;1;1
-27;36;32;1;1
-41;-43;20;1;1
-59;5;19;1;1
-36;-15;53;0;1
-48;18;20;0;1
-38;55;19;0;1
-38;22;45;0;1
-22;-8;60;0;1
-22;-21;33;0;1
-35;-5;12;0;1
-24;-20;50;0;1
-38;17;35;0;1
-18;13;44;0;1
-32;-45;16;0;1
-30;-6;35;1;1
-61;1;36;1;1
-51;-1;49;0;1
-35;5;16;1;1
-28;-45;41;1;1
-39;-26;24;1;1
-23;37;27;1;1
-26;-17;31;0;1
-36;1;58;0;1
-24;-12;50;1;1
-53;-30;21;1;1
-38;-27;34;1;1
-38;9;46;0;1
-36;-52;17;0;1
-31;-21;52;1;1
-46;-1;53;0;1
-51;10;22;1;1
-17;29;62;0;1
-36;9;42;1;1
-24;-13;40;0;1
-41;-35;33;1;1
-10;10;36;1;1
-15;-21;58;0;1
-38;-14;47;0;1
-27;24;18;1;1
-14;-23;18;0;1
-38;-12;19;0;1
-49;5;23;1;1
-25;27;35;1;1
-44;1;45;1;1
-53;-4;31;0;1
-20;-33;49;0;1
-41;9;31;1;1
-10;-17;29;0;1
-36;-19;51;0;1
-33;16;54;0;1
-35;-18;21;0;1
-28;-23;24;0;1
-23;-4;38;1;1
-33;-8;57;1;1
-48;-33;35;1;1
-11;13;41;1;1
-20;13;22;0;1
-42;-34;41;1;1
-40;40;21;0;1
-23;34;16;0;1
-63;6;27;1;1
-14;22;11;0;1
-43;-16;37;0;1
-29;-45;15;1;1
-40;19;12;0;1
-22;32;11;1;1
-15;-2;24;1;1
-49;2;43;1;1
-44;-44;27;0;1
-30;13;27;1;1
-55;32;27;1;1
-25;31;46;1;1
-24;8;24;0;1
-27;-1;62;0;1
-13;-14;34;0;1
-28;7;47;1;1
-15;22;14;0;1
-47;24;24;0;1
-27;-29;33;0;1
-44;-25;41;0;1
-56;32;26;1;1
-38;47;34;1;1
-10;-1;23;0;1
-57;-12;22;0;1
-24;-30;33;0;1
-34;-11;23;1;1
-49;-29;32;1;1
-17;9;29;1;1
-30;24;37;0;1
-41;5;57;0;1
-50;-23;15;0;1
-27;-15;16;1;1
-59;26;29;1;1
-19;9;28;1;1
-15;-14;17;0;1
-37;9;47;1;1
-19;31;27;1;1
-50;22;31;1;1
-18;15;63;0;1
-43;13;51;1;1
-18;-10;39;1;1
-48;-30;40;0;1
-24;-4;63;0;1
-22;18;48;0;1
-35;-39;20;0;1
-26;-22;10;0;1
-19;-23;13;0;1
-52;36;22;0;1
-32;-8;21;1;1
-33;-13;27;0;1
-59;17;18;0;1
-27;0;32;0;1
-30;28;19;0;1
-52;5;17;0;1
-25;12;46;0;1
-29;3;24;0;1
-13;12;25;0;1
-45;-40;26;1;1
-20;-23;54;0;1
-20;-24;42;1;1
-27;15;48;0;1
-59;-25;24;0;1
-32;34;16;0;1
-17;13;22;1;1
-34;-28;19;0;1
-37;-7;47;0;1
-26;13;58;1;1
-19;-15;29;0;1
-25;-15;54;0;1
-31;13;35;0;1
-24;-9;30;1;1
-22;12;59;1;1
-42;-4;12;0;1
-37;23;52;1;1
-40;17;23;0;1
-18;-1;45;1;1
-29;5;27;0;1
-48;32;27;0;1
-30;32;33;0;1
-56;-22;30;0;1
-30;16;37;0;1
-59;8;38;1;1
-37;-35;43;0;1
-52;-26;33;0;1
-42;-38;32;1;1
-35;-16;49;1;1
-55;29;34;0;1
-16;-27;13;0;1
-49;-7;29;0;1
-40;-3;43;0;1
-36;5;45;0;1
-27;12;17;1;1
-42;0;30;0;1
-56;-29;30;0;1
-31;46;32;1;1
-20;33;59;0;1
-29;-35;16;0;1
-21;-8;38;0;1
-39;3;37;0;1
-57;-23;24;1;1
-11;-10;39;0;1
-9;14;28;1;1
-38;14;34;0;1
-14;5;31;0;1
-25;21;14;1;1
-45;-22;24;0;1
-37;0;48;1;1
-46;-16;45;0;1
-24;28;15;0;1
-21;-11;56;0;1
-7;7;24;1;1
-22;-34;36;1;1
-30;41;49;0;1
-23;38;47;0;1
-43;-11;17;0;1
-28;5;25;1;1
-28;-44;28;1;1
-35;-12;11;0;1
-28;4;53;1;1
-60;-3;24;1;1
-40;0;33;0;1
-23;-21;39;0;1
-25;-5;34;1;1
-37;18;45;0;1
-49;-26;30;0;1
-54;-8;16;0;1
-32;8;36;0;1
-45;39;22;0;1
-21;-35;19;0;1
-35;15;54;0;1
-41;-46;25;0;1
-23;-10;14;0;1
-22;13;52;0;1
-31;-14;40;0;1
-55;-7;32;0;1
-30;26;13;1;1
-28;6;41;0;1
-36;1;10;0;1
-39;16;45;0;1
-56;11;27;0;1
-57;3;40;0;1
-19;-28;62;0;1
-48;-33;29;1;1
-41;21;26;0;1
-40;0;22;0;1
-29;2;20;1;1
-54;-2;18;1;1
-34;-5;38;1;1
-23;17;14;0;1
-17;16;29;1;1
-44;-10;46;1;1
-48;-6;29;1;1
-47;15;23;0;1
-40;4;24;0;1
-26;28;41;0;1
-46;21;38;1;1
-43;13;44;1;1
-13;-4;30;0;1
-22;19;54;0;1
-27;-40;48;0;1
-27;-15;51;0;1
-48;43;29;0;1
-38;-25;32;0;1
-40;-41;16;0;1
-32;26;30;1;1
-45;-24;44;1;1
-12;17;17;1;1
-57;-8;41;1;1
-25;4;10;1;1
-28;9;19;0;1
-7;12;23;0;1
-45;-29;37;0;1
-53;19;32;0;1
-30;2;35;1;1
-13;15;37;0;1
-35;-6;35;1;1
-29;9;32;0;1
-36;-2;61;0;1
-54;6;40;0;1
-33;38;21;1;1
-7;-12;33;0;1
-56;29;26;1;1
-36;19;47;1;1
-18;-1;25;0;1
-45;10;13;0;1
-50;-9;28;1;1
-30;23;22;1;1
-34;51;18;0;1
-21;9;39;0;1
-20;-9;51;0;1
-39;-43;16;1;1
-27;1;39;1;1
-30;31;26;0;1
-27;24;27;1;1
-38;34;47;0;1
-19;-29;53;0;1
-33;2;26;1;1
-21;4;35;0;1
-24;3;42;1;1
-51;-19;41;0;1
-28;-39;27;0;1
-59;6;29;1;1
-25;14;10;1;1
-49;-27;26;1;1
-17;17;43;1;1
-60;1;22;1;1
-55;12;20;1;1
-30;-9;62;1;1
-39;4;48;0;1
-43;30;21;1;1
-30;-51;39;0;1
-21;-8;48;0;1
-18;-31;14;1;1
-41;1;22;0;1
-27;-35;32;0;1
-29;-27;58;1;1
-25;13;51;1;1
-35;41;37;1;1
-53;25;16;0;1
-36;-40;28;0;1
-29;-33;45;1;1
-34;41;22;0;1
-46;13;27;1;1
-19;-24;9;1;1
-40;-46;28;0;1
-40;-23;24;0;1
-29;-48;33;0;1
-37;21;13;0;1
-45;-37;24;0;1
-52;-11;35;0;1
-16;20;14;0;1
-23;-16;29;1;1
-28;29;20;0;1
-14;15;53;1;1
-19;-15;58;0;1
-14;19;21;1;1
-40;-22;22;0;1
-42;36;19;1;1
-13;20;61;0;1
-46;-11;26;0;1
-56;31;22;1;1
-63;17;20;0;1
-49;-27;31;1;1
-31;36;15;1;1
-42;1;36;0;1
-33;-20;12;1;1
-23;-12;37;1;1
-41;-10;13;1;1
-61;13;26;1;1
-24;20;18;0;1
-50;12;21;0;1
-57;-16;16;1;1
-25;31;47;0;1
-39;0;19;0;1
-33;-20;32;0;1
-49;0;32;1;1
-21;-35;30;0;1
-20;5;31;0;1
-22;32;39;0;1
-30;41;35;0;1
-36;-34;21;0;1
-28;37;41;1;1
-38;20;38;0;1
-43;-37;30;1;1
-40;-5;58;0;1
-23;15;14;1;1
-47;-18;43;1;1
-17;24;16;1;1
-36;-7;14;1;1
-26;-20;50;1;1
-41;-38;39;0;1
-35;-5;50;0;1
-34;21;27;0;1
-18;-21;17;0;1
-39;13;18;0;1
-30;23;53;0;1
-39;-1;27;1;1
-29;14;33;0;1
-30;5;29;1;1
-22;-5;25;1;1
-32;-7;58;0;1
-41;18;33;1;1
-38;48;19;0;1
-35;-46;29;0;1
-14;16;34;0;1
-18;-21;34;1;1
-58;-6;29;1;1
-41;29;29;1;1
-35;47;22;0;1
-25;-9;34;0;1
-50;33;36;1;1
-35;10;45;1;1
-35;39;21;0;1
-38;-10;53;0;1
-23;-25;41;1;1
-37;-6;58;1;1
-29;23;27;1;1
-19;23;62;1;1
-43;-34;38;0;1
-34;20;34;1;1
-40;-7;20;0;1
-20;-17;16;1;1
-19;-24;52;0;1
-40;-27;32;0;1
-34;-9;22;0;1
-27;12;12;0;1
-31;-21;55;1;1
-21;27;45;0;1
-9;1;23;1;1
-18;-15;54;0;1
-23;22;51;1;1
-46;7;16;0;1
-43;40;36;0;1
-62;-6;32;0;1
-55;36;23;0;1
-52;24;17;0;1
-42;-15;18;1;1
-16;14;57;0;1
-42;12;25;0;1
-36;5;19;0;1
-24;-16;42;0;1
-20;12;22;0;1
-35;38;26;1;1
-27;34;21;1;1
-31;-7;21;1;1
-21;-7;25;0;1
-11;-9;20;1;1
-51;-11;27;0;1
-51;-3;20;1;1
-15;20;7;0;1
-13;-16;36;1;1
-35;19;38;1;1
-38;5;40;1;1
-52;36;26;0;1
-34;35;28;0;1
-27;-9;43;0;1
-36;18;51;0;1
-55;3;43;0;1
-14;-2;24;0;1
-42;6;44;0;1
-39;-41;33;1;1
-47;31;17;0;1
-40;-50;19;1;1
-31;0;44;0;1
-16;-14;32;0;1
-16;-3;24;0;1
-47;22;21;0;1
-35;-5;58;0;1
-41;-13;43;0;1
-27;-17;25;1;1
-51;20;27;0;1
-27;30;33;1;1
-30;47;15;0;1
-22;24;32;1;1
-25;-21;17;0;1
-35;17;36;0;1
-37;-18;49;0;1
-47;19;38;0;1
-24;-20;44;0;1
-28;-40;42;0;1
-26;-35;25;0;1
-35;-30;52;0;1
-25;-9;53;1;1
-58;13;16;0;1
-17;25;42;0;1
-39;-41;42;1;1
-22;29;18;0;1
-48;-20;46;1;1
-32;-50;30;0;1
-37;-13;22;0;1
-27;-9;34;0;1
-45;-48;26;0;1
-13;19;24;0;1
-66;0;26;0;1
-53;-12;25;0;1
-31;13;39;1;1
-31;-47;38;1;1
-18;-19;32;0;1
-24;-21;47;0;1
-29;9;37;1;1
-28;0;55;0;1
-32;1;28;0;1
-22;-2;48;0;1
-35;-32;17;0;1
-21;-18;65;0;1
-42;3;20;0;1
-21;34;43;0;1
-31;-44;46;1;1
-38;22;47;1;1
-59;10;30;0;1
-42;4;18;0;1
-44;26;16;0;1
-41;30;38;0;1
-40;-5;29;0;1
-30;-21;10;0;1
-18;-26;28;0;1
-35;10;55;0;1
-42;-25;23;0;1
-29;48;17;0;1
-30;4;50;0;1
-51;-28;36;1;1
-60;31;19;1;1
-17;25;15;0;1
-18;1;44;0;1
-9;15;25;0;1
-18;28;59;0;1
-26;13;54;0;1
-30;39;32;0;1
-25;1;30;0;1
-48;-22;40;0;1
-18;11;42;0;1
-33;-40;28;0;1
-36;14;56;1;1
-50;-5;34;0;1
-11;-11;42;0;1
-48;-19;25;0;1
-29;18;24;0;1
-42;35;40;0;1
-46;26;35;0;1
-28;-12;28;0;1
-34;28;31;0;1
-42;-30;26;1;1
-23;-34;51;1;1
-34;36;38;0;1
-51;-16;41;0;1
-36;18;21;1;1
-18;-20;42;0;1
-28;4;10;0;1
-36;-38;15;0;1
-46;-37;38;0;1
-51;-17;43;0;1
-42;-14;49;1;1
-43;10;13;0;1
-48;-14;39;0;1
-33;20;16;1;1
-29;5;38;0;1
-29;-49;24;0;1
-18;26;40;1;1
-35;-22;33;1;1
-17;4;39;0;1
-31;13;18;1;1
-44;28;27;0;1
-22;1;34;1;1
-45;12;46;1;1
-50;-28;24;0;1
-23;-11;18;0;1
-22;-2;20;0;1
-47;-5;49;0;1
-40;46;36;0;1
-36;4;27;0;1
-43;32;34;0;1
-48;7;37;1;1
-55;8;33;0;1
-11;13;29;0;1
-52;19;27;0;1
-21;-6;16;0;1
-44;48;22;1;1
-36;49;19;1;1
-23;0;53;0;1
-31;4;10;0;1
-62;8;19;1;1
-56;23;37;1;1
-46;-46;19;0;1
-32;26;38;1;1
-57;-9;24;0;1
-29;19;55;1;1
-44;-18;32;1;1
-43;44;24;1;1
-29;-16;26;0;1
-38;-44;26;0;1
-31;-47;30;1;1
-26;27;54;0;1
-21;13;48;0;1
-42;10;29;0;1
-54;-2;45;0;1
-44;15;30;0;1
-35;16;16;0;1
-31;-26;47;0;1
-38;-39;44;1;1
-40;6;20;1;1
-29;-18;37;0;1
-26;29;35;1;1
-40;-47;28;0;1
-11;-2;22;0;1
-17;12;48;0;1
-15;-18;62;1;1
-46;45;30;0;1
-42;-33;34;0;1
-56;-15;17;0;1
-27;-11;49;1;1
-38;3;40;1;1
-48;26;31;1;1
-51;19;26;0;1
-19;-16;23;0;1
-18;18;35;1;1
-33;4;20;1;1
-56;-8;18;0;1
-42;-39;21;1;1
-47;-22;37;1;1
-33;-35;45;1;1
-31;-44;17;1;1
-32;30;27;1;1
-31;-4;53;1;1
-13;3;32;1;1
-19;-28;16;1;1
-32;53;28;0;1
-40;-16;39;0;1
-23;-15;51;1;1
-18;28;12;0;1
-20;5;28;0;1
-38;23;16;0;1
-27;39;39;1;1
-54;-23;34;0;1
-35;34;33;0;1
-15;-9;20;0;1
-41;-25;23;0;1
-25;26;39;0;1
-46;11;21;1;1
-29;-6;49;1;1
-52;-27;17;1;1
-36;-18;19;0;1
-14;-14;49;1;1
-45;-13;25;1;1
-16;17;17;0;1
-11;-7;28;0;1
-38;24;54;0;1
-30;7;34;0;1
-14;9;21;0;1
-38;2;38;0;1
-31;12;21;0;1
-47;26;16;1;1
-47;18;18;0;1
-38;20;20;0;1
-20;13;62;1;1
-24;37;36;1;1
-55;22;34;1;1
-49;31;32;0;1
-39;-33;22;0;1
-51;-21;30;1;1
-38;-2;30;1;1
-29;11;43;0;1
-36;-5;60;0;1
-39;43;34;1;1
-47;38;37;0;1
-41;-33;41;0;1
-27;11;43;1;1
-53;35;29;0;1
-28;22;58;0;1
-17;28;61;1;1
-29;-31;23;1;1
-24;1;56;1;1
-20;-32;11;0;1
-28;0;26;0;1
-54;2;36;0;1
-54;-4;19;1;1
-30;-9;36;0;1
-40;14;29;1;1
-29;0;55;0;1
-11;-16;45;0;1
-33;-53;27;0;1
-15;15;40;1;1
-39;24;36;0;1
-37;35;40;0;1
-39;-25;43;1;1
-27;-8;61;0;1
-46;-19;38;1;1
-41;33;35;0;1
-46;32;19;0;1
-27;20;52;0;1
-19;-17;22;0;1
-49;-25;40;0;1
-37;15;13;0;1
-53;-1;18;1;1
-44;32;22;1;1
-34;-26;51;0;1
-9;-8;24;0;1
-30;21;12;0;1
-60;14;19;1;1
-28;-13;29;0;1
-41;4;37;1;1
-42;17;33;0;1
-16;-1;39;0;1
-58;-25;20;1;1
-24;-1;40;0;1
-22;-32;41;0;1
-40;33;35;0;1
-32;-4;23;0;1
-41;-5;48;0;1
-23;-1;47;0;1
-47;15;28;0;1
-25;13;12;0;1
-32;-14;57;1;1
-39;16;21;1;1
-29;-10;32;0;1
-36;-19;18;0;1
-43;43;35;0;1
-62;15;19;1;1
-61;-2;20;0;1
-33;16;31;1;1
-52;-18;32;1;1
-38;-9;16;1;1
-19;17;16;0;1
-13;-13;47;0;1
-57;23;20;1;1
-34;-32;29;1;1
-39;37;20;1;1
-24;-2;43;0;1
-37;16;43;0;1
-30;45;32;0;1
-54;18;34;1;1
-11;16;34;1;1
-41;4;32;0;1
-13;15;33;0;1
-27;7;57;1;1
-46;40;20;0;1
-61;-11;18;0;1
-40;-15;37;1;1
-28;-13;40;0;1
-32;5;61;0;1
-39;-30;47;0;1
-28;28;41;1;1
-63;11;18;0;1
-36;-28;37;0;1
-33;-20;52;0;1
-50;35;27;1;1
-29;-37;23;1;1
-57;16;28;0;1
-34;-28;28;0;1
-22;33;38;0;1
-46;10;29;0;1
-12;-8;21;0;1
-30;-35;31;0;1
-33;16;50;0;1
-32;35;52;1;1
-16;-20;36;1;1
-37;-10;36;0;1
-14;11;41;0;1
-12;18;22;1;1
-41;-42;35;1;1
-35;-23;40;0;1
-31;23;36;0;1
-50;-8;37;0;1
-26;-39;30;0;1
-26;2;23;0;1
-46;-19;26;1;1
-36;38;29;1;1
-31;-29;27;1;1
-27;-20;26;1;1
-37;40;35;0;1
-37;10;41;1;1
-15;-18;32;0;1
-38;-22;48;0;1
-34;1;33;1;1
-48;33;16;1;1
-35;-54;28;0;1
-39;50;23;0;1
-34;-26;39;0;1
-34;-29;36;0;1
-18;28;23;0;1
-20;-12;16;0;1
-41;25;39;0;1
-42;48;30;0;1
-31;45;24;1;1
-37;15;58;0;1
-52;-14;26;1;1
-37;27;19;0;1
-23;4;29;0;1
-36;11;29;1;1
-25;41;51;1;1
-22;-12;42;1;1
-56;-37;23;0;1
-40;46;26;0;1
-39;12;31;1;1
-53;13;36;0;1
-24;17;40;1;1
-32;-18;46;0;1
-40;-49;30;0;1
-26;3;51;1;1
-41;11;22;0;1
-26;-15;41;0;1
-56;-9;21;0;1
-38;9;21;1;1
-56;26;26;0;1
-36;-5;25;1;1
-43;-17;20;1;1
-29;-28;40;1;1
-52;-2;34;1;1
-39;-29;23;0;1
-52;26;17;1;1
-31;19;22;1;1
-17;15;40;1;1
-33;-48;23;1;1
-54;-33;20;1;1
-36;27;21;1;1
-50;15;38;0;1
-42;-1;26;0;1
-31;-42;15;0;1
-42;40;24;1;1
-29;-48;29;0;1
-23;-7;54;1;1
-28;-18;58;0;1
-50;-25;24;0;1
-17;8;17;1;1
-30;16;16;1;1
-39;4;52;1;1
-29;-38;34;1;1
-62;14;29;1;1
-37;-50;19;0;1
-37;6;49;0;1
-18;19;18;0;1
-57;-2;30;0;1
-24;-2;56;0;1
-48;2;33;1;1
-45;-46;29;1;1
-22;-33;33;0;1
-16;-19;10;0;1
-44;-30;20;1;1
-49;30;30;1;1
-49;9;35;0;1
-34;24;47;1;1
-41;6;37;0;1
-35;-9;43;1;1
-40;-18;38;0;1
-47;-13;47;0;1
-19;10;34;0;1
-31;-23;22;0;1
-43;19;31;1;1
-17;-9;50;1;1
-15;24;51;0;1
-34;30;49;1;1
-13;21;64;0;1
-60;1;38;0;1
-52;-11;22;1;1
-33;37;32;1;1
-56;6;28;1;1
-17;24;50;1;1
-35;6;10;0;1
-35;31;41;1;1
-54;-33;25;1;1
-28;-19;39;0;1
-30;14;47;0;1
-26;22;30;0;1
-16;14;24;0;1
-46;-2;32;0;1
-32;-40;30;0;1
-48;-7;28;1;1
-40;13;27;0;1
-20;1;44;0;1
-29;20;45;0;1
-46;10;41;1;1
-57;15;23;0;1
-37;-4;29;1;1
-49;-31;16;1;1
-51;19;22;0;1
-34;10;22;1;1
-46;-18;47;1;1
-22;-30;58;0;1
-25;25;39;1;1
-26;13;22;0;1
-23;11;52;1;1
-39;-14;29;0;1
-53;25;25;1;1
-36;14;21;0;1
-18;31;41;0;1
-16;-26;55;1;1
-60;-12;20;0;1
-28;34;28;1;1
-28;-14;19;0;1
-49;19;34;1;1
-19;-26;46;1;1
-34;-2;15;1;1
-24;18;12;0;1
-54;17;32;0;1
-33;-7;24;0;1
-19;16;47;1;1
-30;-12;44;0;1
-33;5;34;0;1
-51;22;38;1;1
-28;9;37;1;1
-25;-34;27;1;1
-45;39;17;0;1
-37;5;25;1;1
-42;42;28;0;1
-24;-23;11;0;1
-35;-50;22;0;1
-30;-48;24;0;1
-19;-4;53;1;1
-12;-16;18;0;1
-58;-18;31;1;1
-20;-4;49;1;1
-51;29;16;0;1
-26;4;65;0;1
-25;41;44;0;1
-42;-8;44;0;1
-41;-16;42;0;1
-33;-12;43;0;1
-42;17;24;1;1
-59;-31;22;1;1
-43;38;34;1;1
-33;-18;24;0;1
-33;-23;50;1;1
-27;13;17;0;1
-26;11;16;0;1
-24;-31;59;1;1
-25;-37;49;0;1
-42;-4;43;0;1
-40;-34;45;1;1
-29;45;40;1;1
-44;-25;32;1;1
-19;29;59;0;1
-27;19;57;0;1
-27;13;24;1;1
-53;2;36;0;1
-11;-3;26;1;1
-31;5;44;1;1
-16;27;9;0;1
-22;-36;43;0;1
-27;-13;30;0;1
-34;-19;34;0;1
-39;4;25;0;1
-50;40;19;1;1
-27;8;48;0;1
-29;-39;38;0;1
-42;35;18;0;1
-24;-28;29;0;1
-24;17;53;1;1
-61;19;18;1;1
-23;37;41;1;1
-46;29;24;1;1
-38;40;35;0;1
-41;3;29;1;1
-34;7;50;0;1
-20;-31;54;0;1
-49;22;35;1;1
-45;20;44;0;1
-32;23;39;1;1
-27;31;15;0;1
-32;6;37;0;1
-59;4;37;1;1
-48;-20;28;0;1
-43;11;32;0;1
-44;38;36;0;1
-25;34;33;1;1
-49;-22;31;0;1
-47;-24;36;0;1
-35;-56;21;0;1
-29;-10;48;1;1
-24;-6;63;0;1
-26;13;21;0;1
-39;14;55;0;1
-26;-22;22;0;1
-29;-36;21;0;1
-31;-36;30;1;1
-17;-17;57;0;1
-38;-48;17;1;1
-22;8;29;1;1
-54;-25;37;1;1
-36;-12;27;0;1
-7;7;27;1;1
-15;15;22;0;1
-43;1;16;1;1
-33;23;19;1;1
-36;12;26;1;1
-21;22;25;1;1
-30;-13;45;1;1
-46;18;29;1;1
-21;-28;29;1;1
-16;4;29;0;1
-24;3;15;0;1
-60;-9;24;1;1
-43;-17;36;1;1
-43;23;48;0;1
-28;-23;60;1;1
-41;48;28;0;1
-53;-8;39;1;1
-19;24;57;1;1
-16;-13;32;0;1
-34;-44;31;0;1
-51;-15;28;0;1
-40;-51;29;0;1
-49;13;48;0;1
-43;-2;46;0;1
-53;0;32;0;1
-20;-33;30;0;1
-27;16;43;0;1
-27;45;33;0;1
-17;24;34;0;1
-16;-11;46;1;1
-23;0;28;0;1
-37;20;44;0;1
-34;-33;51;1;1
-43;34;32;0;1
-32;8;43;0;1
-54;-3;19;0;1
-18;-15;24;1;1
-25;35;37;1;1
-22;8;60;1;1
-18;-14;11;1;1
-31;-37;17;0;1
-13;-15;48;1;1
-29;-49;21;0;1
-27;4;26;1;1
-9;14;32;1;1
-27;29;52;0;1
-52;-19;38;0;1
-36;30;21;0;1
-14;19;55;0;1
-44;4;18;0;1
-21;-34;37;1;1
-34;-28;20;0;1
-19;-4;15;1;1
-30;43;27;1;1
-41;17;38;1;1
-27;15;19;0;1
-22;-37;34;0;1
-67;5;21;0;1
-36;-3;39;1;1
-31;40;49;0;1
-48;-8;49;0;1
-18;-26;17;1;1
-42;-18;19;0;1
-18;-28;21;0;1
-49;3;18;0;1
-39;31;21;1;1
-31;-39;26;1;1
-11;-13;30;0;1
-25;-26;48;0;1
-31;3;58;1;1
-36;-42;43;0;1
-39;-34;47;0;1
-54;-28;25;0;1
-58;-26;19;1;1
-17;-27;55;1;1
-49;-25;34;0;1
-26;-3;38;0;1
-34;-33;50;0;1
-43;9;22;0;1
-37;3;49;1;1
-24;-30;44;0;1
-43;-36;36;0;1
-25;-29;58;0;1
-27;27;22;0;1
-52;17;30;0;1
-40;-26;30;0;1
-32;-49;39;0;1
-20;2;33;1;1
-14;-19;58;0;1
-20;-27;27;0;1
-42;-27;36;0;1
-18;-17;28;0;1
-40;-11;53;1;1
-44;10;33;0;1
-25;5;48;1;1
-28;19;24;1;1
-26;-37;54;1;1
-26;14;43;1;1
-32;-10;10;1;1
-28;-39;24;0;1
-50;20;37;0;1
-51;-23;35;0;1
-26;-1;64;1;1
-37;5;57;0;1
-22;28;56;0;1
-34;28;18;0;1
-37;-7;54;1;1
-21;24;59;0;1
-27;41;22;0;1
-48;7;40;0;1
-13;21;47;0;1
-40;27;25;0;1
-25;8;34;0;1
-60;-2;37;1;1
-22;24;42;1;1
-18;27;26;0;1
-48;26;40;1;1
-30;-18;14;0;1
-23;-4;62;1;1
-21;-33;22;0;1
-21;-14;50;0;1
-27;30;20;0;1
-60;26;21;0;1
-20;29;58;1;1
-41;-52;23;0;1
-33;24;25;1;1
-61;-3;30;1;1
-21;-25;49;1;1
-41;-22;34;0;1
-43;-11;28;0;1
-35;-19;36;0;1
-10;13;29;0;1
-16;-1;27;1;1
-29;2;61;0;1
-43;18;51;0;1
-28;-32;51;0;1
-32;22;13;0;1
-40;-6;48;0;1
-20;1;30;1;1
-29;-11;17;0;1
-17;-2;28;0;1
-27;-14;10;1;1
-48;33;29;0;1
-23;12;15;1;1
-19;-25;9;1;1
-16;14;58;0;1
-48;-16;27;0;1
-41;-14;17;0;1
-36;-28;53;0;1
-22;31;53;1;1
-34;25;45;0;1
-52;27;31;0;1
-17;11;48;1;1
-26;-12;15;0;1
-23;39;25;1;1
-35;-18;52;1;1
-53;-26;32;0;1
-21;-16;40;1;1
-52;37;19;1;1
-41;26;16;0;1
-34;-31;21;0;1
-31;3;16;0;1
-31;-50;38;0;1
-36;36;41;0;1
-26;35;48;0;1
-12;16;21;1;1
-37;-11;15;0;1
-51;-7;35;1;1
-24;-11;52;1;1
-47;7;21;0;1
-38;-21;31;1;1
-21;17;16;1;1
-25;-35;51;1;1
-48;28;35;0;1
-18;17;10;1;1
-48;-12;46;0;1
-33;35;51;0;1
-44;-23;32;1;1
-9;4;27;0;1
-39;6;17;1;1
-39;17;26;0;1
-26;33;26;0;1
-36;-41;36;0;1
-34;-29;39;0;1
-24;16;15;0;1
-39;-52;28;0;1
-55;17;37;1;1
-44;-19;49;0;1
-22;14;12;1;1
-22;6;54;0;1
-31;-30;17;1;1
-26;1;50;0;1
-45;-15;30;1;1
-31;-39;37;1;1
-49;2;49;0;1
-39;19;47;0;1
-51;33;20;1;1
-25;-2;53;0;1
-54;-19;40;1;1
-19;27;15;0;1
-32;25;14;1;1
-57;-15;30;0;1
-32;10;60;0;1
-44;-17;16;1;1
-35;18;36;0;1
-28;-27;18;0;1
-38;35;40;0;1
-24;-28;40;0;1
-23;15;51;0;1
-28;-28;11;0;1
-17;25;25;0;1
-20;-32;12;0;1
-21;-5;49;0;1
-24;-15;16;0;1
-15;18;59;0;1
-24;-35;22;0;1
-49;16;35;0;1
-54;11;38;0;1
-27;-40;52;0;1
-38;23;53;0;1
-17;-26;19;0;1
-48;-7;27;0;1
-41;-30;39;1;1
-16;19;17;1;1
-29;16;59;0;1
-28;27;24;1;1
-29;25;23;0;1
-48;32;31;0;1
-60;-15;26;0;1
-31;-42;24;0;1
-58;-3;20;1;1
-23;-19;17;0;1
-48;-27;34;0;1
-52;4;22;0;1
-22;-24;52;1;1
-41;25;50;1;1
-47;-10;41;1;1
-47;-5;38;1;1
-62;-2;17;0;1
-50;-23;35;1;1
-15;15;17;0;1
-40;-38;19;0;1
-36;52;29;1;1
-47;-11;25;0;1
-19;17;54;0;1
-26;-14;23;1;1
-20;20;51;0;1
-35;15;57;0;1
-30;12;51;1;1
-37;-10;34;0;1
-46;18;38;0;1
-57;-28;27;0;1
-55;8;17;1;1
-27;46;15;0;1
-13;22;44;0;1
-38;25;44;0;1
-25;41;52;1;1
-30;12;57;0;1
-30;42;30;0;1
-23;22;48;1;1
-62;-18;24;0;1
-45;-23;25;1;1
-25;-12;13;0;1
-44;16;47;0;1
-30;31;34;0;1
-49;-9;16;1;1
-26;-42;31;0;1
-25;-3;63;0;1
-15;-7;31;0;1
-28;-17;32;1;1
-31;23;45;0;1
-13;-18;56;1;1
-55;2;39;0;1
-32;11;42;0;1
-36;5;34;1;1
-30;12;28;0;1
-25;-36;48;1;1
-51;-2;17;0;1
-56;-25;29;0;1
-17;16;14;0;1
-23;2;35;0;1
-47;-39;27;1;1
-31;26;23;0;1
-29;9;45;0;1
-39;-6;36;1;1
-10;17;44;1;1
-26;20;37;0;1
-35;46;28;0;1
-50;-32;31;1;1
-36;1;14;1;1
-31;-13;57;0;1
-30;-41;27;1;1
-31;29;31;0;1
-45;-15;39;1;1
-51;-6;14;0;1
-25;14;34;1;1
-30;-27;52;0;1
-46;-17;20;1;1
-31;33;24;0;1
-25;22;34;0;1
-63;-6;17;1;1
-50;11;45;1;1
-33;-2;11;1;1
-15;9;21;0;1
-22;25;47;1;1
-44;-21;37;1;1
-13;14;33;0;1
-32;-24;16;0;1
-43;26;31;1;1
-38;21;14;0;1
-28;20;15;0;1
-29;33;13;1;1
-32;29;16;0;1
-27;4;50;0;1
-63;-23;21;0;1
-21;-7;17;1;1
-28;-35;54;0;1
-52;14;20;1;1
-18;-30;51;0;1
-29;-46;42;0;1
-36;16;28;1;1
-44;-39;26;0;1
-29;-42;18;0;1
-32;-39;17;1;1
-53;-33;22;0;1
-10;-17;49;1;1
-37;-9;11;0;1
-20;-33;22;0;1
-36;-4;10;1;1
-27;19;51;0;1
-62;-3;27;0;1
-32;-24;14;0;1
-32;16;31;0;1
-41;20;45;1;1
-17;-19;59;0;1
-28;15;22;1;1
-27;-42;45;1;1
-29;-5;13;0;1
-23;33;24;0;1
-51;-10;17;1;1
-61;7;30;1;1
-47;21;15;1;1
-46;-5;17;0;1
-25;26;40;0;1
-24;13;33;1;1
-17;23;39;0;1
-58;-18;34;0;1
-19;29;35;1;1
-46;37;17;1;1
-42;-12;40;1;1
-52;-10;41;1;1
-34;-2;33;0;1
-41;-9;52;1;1
-14;16;50;1;1
-41;41;23;1;1
-23;-33;36;1;1
-32;-37;43;1;1
-12;6;28;0;1
-20;17;26;0;1
-21;-21;8;0;1
-21;-12;40;0;1
-51;34;27;0;1
-52;5;37;0;1
-30;-47;29;0;1
-38;-23;14;0;1
-50;-11;36;0;1
-53;6;30;0;1
-44;-8;19;0;1
-24;2;61;1;1
-39;3;56;1;1
-48;36;21;0;1
-61;11;20;1;1
-41;5;39;0;1
-23;-29;50;0;1
-30;-12;53;1;1
-44;21;38;0;1
-59;3;20;0;1
-20;5;33;1;1
-24;-19;35;1;1
-48;-36;21;1;1
-15;19;14;0;1
-33;-12;31;1;1
-28;-19;21;1;1
-49;-4;16;1;1
-30;-26;44;0;1
-32;-7;18;1;1
-45;40;22;0;1
-31;33;16;1;1
-9;-10;21;1;1
-50;31;33;0;1
-50;-3;15;1;1
-27;13;29;1;1
-24;-32;14;0;1
-14;21;65;0;1
-42;-9;18;1;1
-18;-27;10;1;1
-54;24;34;0;1
-29;-11;28;1;1
-38;9;56;0;1
-28;-40;18;0;1
-21;-12;59;1;1
-23;27;37;0;1
-50;-13;19;0;1
-20;-19;9;0;1
-52;15;41;0;1
-54;19;39;0;1
-47;-32;40;0;1
-33;47;31;0;1
-38;7;43;0;1
-55;12;38;1;1
-25;34;36;0;1
-28;29;48;0;1
-45;30;23;0;1
-26;11;18;0;1
-19;-21;12;0;1
-40;23;51;1;1
-34;-2;30;0;1
-15;25;31;1;1
-10;17;33;1;1
-21;-19;40;0;1
-18;-8;24;1;1
-33;27;40;1;1
-44;8;35;0;1
-29;10;56;0;1
-45;4;41;0;1
-34;25;38;1;1
-43;31;15;1;1
-40;40;41;0;1
-33;-19;27;0;1
-26;-43;27;1;1
-48;-9;19;1;1
-36;-53;23;0;1
-34;23;38;0;1
-51;4;29;0;1
-40;-22;51;0;1
-48;-43;26;0;1
-38;1;33;0;1
-23;-7;40;1;1
-58;11;38;0;1
-33;-13;56;1;1
-39;35;35;0;1
-26;-2;7;1;1
-46;-6;46;1;1
-17;19;61;0;1
-37;-31;28;1;1
-34;-31;33;0;1
-35;18;54;0;1
-58;14;31;0;1
-53;2;28;0;1
-15;-23;27;0;1
-36;-31;19;1;1
-50;-39;21;0;1
-29;4;33;1;1
-32;22;49;0;1
-25;2;40;1;1
-40;-20;20;1;1
-31;-19;38;0;1
-33;-14;10;1;1
-28;-47;32;0;1
-29;-10;11;0;1
-22;-4;38;0;1
-21;-7;23;1;1
-61;8;28;1;1
-27;9;21;1;1
-18;15;15;0;1
-40;32;15;1;1
-47;-35;21;0;1
-52;25;19;1;1
-37;-28;34;1;1
-26;45;27;0;1
-14;-24;10;0;1
-27;37;33;1;1
-17;-17;16;0;1
-34;40;44;0;1
-34;-16;37;1;1
-46;-20;42;0;1
-40;-31;43;0;1
-41;49;23;0;1
-44;-13;27;1;1
-25;42;35;1;1
-59;-10;25;0;1
-45;33;31;0;1
-44;29;36;0;1
-31;-28;23;0;1
-42;-12;25;1;1
-58;-9;32;1;1
-23;-3;51;0;1
-16;23;61;0;1
-38;24;40;0;1
-6;-10;29;0;1
-30;10;58;0;1
-20;27;52;0;1
-49;13;25;1;1
-36;-13;36;0;1
-27;29;17;1;1
-33;52;20;0;1
-27;24;24;0;1
-33;26;18;0;1
-61;9;32;0;1
-56;-2;16;0;1
-41;-24;14;0;1
-39;1;36;0;1
-28;-6;62;0;1
-38;-19;13;1;1
-11;-6;26;0;1
-25;-31;16;0;1
-46;33;42;0;1
-50;3;25;1;1
-55;11;33;0;1
-32;17;12;0;1
-65;-11;19;0;1
-44;23;21;0;1
-43;34;23;1;1
-19;13;28;0;1
-30;-13;51;0;1
-30;-17;26;1;1
-30;-5;64;1;1
-35;38;35;0;1
-37;17;48;1;1
-20;22;61;1;1
-32;30;36;0;1
-44;-35;41;0;1
-25;-27;53;0;1
-37;-27;45;0;1
-50;-41;24;0;1
-53;-21;18;0;1
-32;14;55;1;1
-33;-41;25;1;1
-23;35;54;0;1
-15;11;39;0;1
-33;-1;10;0;1
-23;36;23;0;1
-41;-32;45;0;1
-47;-10;52;0;1
-35;2;34;1;1
-27;-1;45;0;1
-31;43;21;0;1
-19;-23;44;0;1
-31;10;11;1;1
-31;-41;15;0;1
-21;-31;15;0;1
-28;16;22;0;1
-19;-31;43;0;1
-21;-1;23;1;1
-9;15;18;0;1
-39;10;14;0;1
-30;33;18;1;1
-43;13;23;0;1
-21;-24;50;1;1
-52;-8;23;0;1
-17;27;42;0;1
-45;23;21;0;1
-51;-33;33;1;1
-49;7;28;1;1
-33;8;49;0;1
-55;-4;19;0;1
-29;4;45;1;1
-43;-8;32;1;1
-44;22;14;1;1
-18;-8;18;0;1
-47;10;47;1;1
-26;11;22;0;1
-40;15;56;0;1
-51;-7;41;1;1
-59;34;19;0;1
-46;3;14;1;1
-15;-11;39;0;1
-53;-7;32;1;1
-36;30;51;1;1
-18;23;21;0;1
-63;16;24;0;1
-26;20;63;0;1
-18;-28;15;0;1
-20;-33;37;1;1
-58;12;30;1;1
-19;17;41;1;1
-39;20;50;1;1
-19;10;49;1;1
-37;-17;56;1;1
-24;24;36;0;1
-34;7;48;1;1
-42;-11;50;1;1
-28;40;16;1;1
-26;-20;9;0;1
-60;-1;34;1;1
-42;7;32;1;1
-27;36;36;0;1
-49;-8;44;0;1
-27;-33;36;0;1
-37;-55;24;0;1
-56;-6;19;0;1
-40;-21;47;1;1
-29;33;47;1;1
-27;-42;17;0;1
-38;-20;25;0;1
-51;5;23;0;1
-40;0;24;1;1
-24;-12;42;0;1
-22;-30;13;0;1
-23;19;39;1;1
-37;11;54;0;1
-33;24;28;1;1
-21;-36;36;1;1
-17;3;23;0;1
-53;4;42;1;1
-45;-17;14;0;1
-40;11;20;0;1
-43;-4;51;1;1
-52;31;24;0;1
-29;-3;51;0;1
-26;7;46;0;1
-25;3;47;0;1
-20;-2;39;1;1
-34;-23;37;0;1
-36;-19;32;0;1
-18;11;22;0;1
-57;6;34;0;1
-29;23;23;1;1
-53;8;28;0;1
-24;-35;55;1;1
-33;4;57;0;1
-22;-36;54;0;1
-36;-18;48;1;1
-57;3;33;0;1
-20;-26;52;0;1
-27;32;42;0;1
-54;22;18;1;1
-44;-44;19;1;1
-34;13;33;1;1
-17;3;29;0;1
-31;-5;24;0;1
-30;9;46;0;1
-54;18;33;1;1
-30;13;13;1;1
-38;-20;29;0;1
-14;18;12;0;1
-35;-9;49;1;1
-25;15;37;1;1
-29;-41;31;0;1
-22;-17;12;1;1
-15;13;30;0;1
-36;24;24;1;1
-58;-10;28;1;1
-57;1;23;0;1
-27;-8;34;0;1
-40;-28;23;1;1
-35;17;33;1;1
-48;-15;36;0;1
-44;32;33;0;1
-35;34;50;0;1
-55;19;17;0;1
-26;-35;29;0;1
-27;-38;34;0;1
-56;-17;34;1;1
-42;25;25;1;1
-30;17;36;1;1
-53;28;22;0;1
-23;-26;40;0;1
-55;3;25;0;1
-37;3;53;1;1
-50;3;17;1;1
-52;-14;35;1;1
-24;33;37;1;1
-47;22;18;0;1
-56;10;38;0;1
-51;-17;44;0;1
-28;13;33;0;1
-43;19;50;0;1
-52;4;34;0;1
-35;2;31;0;1
-35;13;34;1;1
-41;13;31;0;1
-61;19;25;1;1
-42;4;42;1;1
-23;23;23;0;1
-54;-9;38;1;1
-24;10;35;0;1
-38;-5;28;0;1
-38;-11;13;0;1
-32;0;54;1;1
-44;-24;32;0;1
-17;-1;21;0;1
-12;7;21;1;1
-60;-23;20;1;1
-20;-34;37;1;1
-20;14;26;0;1
-17;28;39;0;1
-59;-25;23;0;1
-41;27;36;1;1
-24;16;61;1;1
-20;27;32;1;1
-27;-32;22;1;1
-27;-16;37;0;1
-46;46;25;1;1
-27;-6;20;1;1
-20;-30;54;0;1
-28;21;30;1;1
-21;31;30;1;1
-11;9;36;1;1
-31;-5;27;0;1
-28;37;24;0;1
-46;-28;23;0;1
-56;1;29;0;1
-23;10;35;1;1
-64;4;28;0;1
-24;0;46;0;1
-27;-11;62;1;1
-38;42;17;0;1
-43;-13;20;0;1
-45;-32;22;0;1
-21;-23;32;0;1
-25;-42;27;1;1
-37;37;25;0;1
-32;-15;14;1;1
-48;18;44;0;1
-45;-33;31;1;1
-51;3;30;1;1
-24;-29;27;0;1
-40;31;44;1;1
-46;-39;19;1;1
-47;10;34;1;1
-29;16;60;0;1
-15;15;45;1;1
-40;32;33;0;1
-30;-40;16;0;1
-23;-7;64;1;1
-29;33;23;0;1
-22;-12;17;1;1
-30;36;22;0;1
-16;27;18;0;1
-36;-25;50;1;1
-17;-19;16;0;1
-38;35;24;1;1
-22;-23;61;1;1
-20;33;24;1;1
-58;6;21;1;1
-20;7;16;1;1
-47;34;36;0;1
-62;25;19;1;1
-53;-7;38;0;1
-46;-39;31;0;1
-32;25;42;0;1
-24;25;11;0;1
-52;-19;32;0;1
-16;-5;37;0;1
-49;9;20;1;1
-43;-2;55;1;1
-49;-21;31;0;1
-58;14;20;1;1
-34;-53;27;0;1
-25;-1;63;0;1
-18;7;25;0;1
-33;26;16;0;1
-23;22;32;1;1
-38;16;25;1;1
-58;-27;24;0;1
-44;1;42;1;1
-25;-43;26;1;1
-45;-27;43;1;1
-45;-1;18;0;1
-50;-6;35;0;1
-20;5;39;0;1
-23;-27;26;0;1
-41;31;18;0;1
-23;9;9;0;1
-17;-21;31;0;1
-39;-49;21;0;1
-30;25;52;0;1
-28;19;28;0;1
-50;-13;18;1;1
-39;-12;35;0;1
-17;26;29;0;1
-25;5;59;0;1
-44;29;32;0;1
-6;10;30;1;1
-28;-35;14;1;1
-20;-22;44;1;1
-20;-25;35;0;1
-37;-5;24;1;1
-36;20;52;0;1
-32;-23;34;1;1
-34;35;48;1;1
-24;21;56;0;1
-50;35;30;0;1
-46;48;22;0;1
-33;17;17;0;1
-37;4;14;1;1
-30;-22;16;0;1
-36;10;30;0;1
-21;-5;32;0;1
-23;31;13;1;1
-49;-21;17;1;1
-13;18;23;0;1
-23;20;22;0;1
-14;-23;24;0;1
-40;3;46;1;1
-24;2;11;0;1
-35;28;23;1;1
-41;11;36;0;1
-61;26;21;0;1
-22;-13;48;0;1
-28;17;30;0;1
-34;17;53;0;1
-18;27;60;0;1
-51;13;28;0;1
-22;-26;58;0;1
-48;13;46;0;1
-43;51;21;0;1
-23;22;40;0;1
-25;10;26;0;1
-47;-10;20;1;1
-38;35;18;0;1
-40;-7;26;0;1
-23;-27;14;0;1
-27;30;36;1;1
-28;-33;52;0;1
-53;17;38;1;1
-28;-28;48;0;1
-52;-4;36;1;1
-42;-4;55;0;1
-33;23;49;1;1
-24;-33;19;1;1
-47;-39;24;0;1
-22;10;46;0;1
-40;8;22;1;1
-46;16;19;0;1
-15;5;24;0;1
-16;16;37;0;1
-42;25;38;0;1
-27;-19;39;1;1
-19;-27;37;1;1
-37;-15;55;0;1
-32;43;19;0;1
-38;9;42;1;1
-29;-5;22;1;1
-20;27;49;1;1
-64;-11;23;1;1
-20;-13;35;0;1
-61;5;20;0;1
-37;8;22;1;1
-39;-13;14;0;1
-50;-4;26;1;1
-23;-5;59;1;1
-27;28;59;1;1
-28;26;20;0;1
-36;-31;45;1;1
-22;10;16;0;1
-46;-13;14;0;1
-52;22;25;1;1
-40;-31;47;1;1
-44;-20;52;0;1
-51;24;39;0;1
-39;32;15;0;1
-60;19;19;0;1
-33;-6;33;0;1
-56;17;26;1;1
-34;13;10;1;1
-27;-42;14;1;1
-30;-32;28;1;1
-17;-20;28;0;1
-20;-25;20;0;1
-45;32;37;1;1
-12;5;31;0;1
-50;-37;22;1;1
-20;3;28;0;1
-23;-18;49;1;1
-21;-15;25;1;1
-15;-20;21;0;1
-48;-18;37;1;1
-22;7;40;1;1
-29;44;26;0;1
-44;-17;51;1;1
-29;2;24;1;1
-26;-22;38;0;1
-16;-16;18;1;1
-38;36;33;0;1
-14;0;26;0;1
-34;14;23;1;1
-48;-21;25;0;1
-18;27;59;0;1
-38;39;40;0;1
-24;-22;52;1;1
-21;-20;27;0;1
-13;-21;31;1;1
-35;-50;34;0;1
-24;-28;58;1;1
-58;-12;34;0;1
-32;-51;18;1;1
-20;27;16;0;1
-31;-11;39;0;1
-37;-44;24;0;1
-39;-47;36;0;1
-42;-19;34;1;1
-52;-2;16;1;1
-32;36;40;0;1
-51;11;46;0;1
-49;4;50;0;1
-28;40;27;0;1
-22;29;29;0;1
-19;-26;44;0;1
-30;-40;19;0;1
-20;28;43;1;1
-58;-13;27;1;1
-42;34;26;0;1
-27;8;12;1;1
-7;8;23;0;1
-33;-28;37;0;1
-28;21;47;0;1
-53;12;22;0;1
-51;21;37;0;1
-53;33;26;1;1
-7;12;28;0;1
-33;-2;40;0;1
-27;-23;41;0;1
-32;-15;60;0;1
-52;-19;15;0;1
-37;-23;34;1;1
-62;-5;26;0;1
-27;17;31;1;1
-51;-41;23;0;1
-25;32;41;0;1
-41;39;38;0;1
-54;-16;30;1;1
-30;14;55;0;1
-36;13;55;0;1
-41;-22;30;0;1
-14;-23;56;0;1
-33;46;24;1;1
-49;25;27;1;1
-22;-4;36;0;1
-44;-11;35;1;1
-41;-11;24;0;1
-28;22;34;0;1
-42;8;22;0;1
-40;15;31;0;1
-33;15;60;1;1
-26;34;45;0;1
-32;24;33;0;1
-42;25;31;0;1
-35;-45;36;0;1
-43;-17;23;1;1
-38;13;15;0;1
-36;14;30;0;1
-24;-41;50;1;1
-35;53;22;1;1
-37;-42;41;1;1
-21;-26;26;1;1
-30;33;33;1;1
-31;19;25;1;1
-35;-14;60;1;1
-25;-26;38;1;1
-50;19;23;1;1
-13;22;31;0;1
-26;22;46;1;1
-50;-12;40;0;1
-43;38;20;1;1
-23;20;10;1;1
-36;48;17;1;1
-20;-11;19;0;1
-38;41;35;0;1
-58;16;24;0;1
-12;-20;30;0;1
-33;-7;56;0;1
-42;-10;12;0;1
-19;7;46;1;1
-23;16;56;0;1
-39;-33;37;0;1
-45;22;18;1;1
-39;-31;26;1;1
-61;3;35;0;1
-38;19;32;1;1
-21;26;61;0;1
-25;-31;15;0;1
-44;27;16;0;1
-20;-24;31;0;1
-38;-20;50;0;1
-19;-5;47;0;1
-40;-4;58;0;1
-50;6;21;1;1
-58;19;32;1;1
-35;54;24;0;1
-39;15;38;1;1
-15;-12;52;0;1
-26;-8;21;0;1
-53;-13;41;0;1
-52;-17;44;1;1
-40;-15;41;0;1
-16;22;61;1;1
-49;30;25;0;1
-55;-32;24;1;1
-26;23;47;1;1
-42;1;38;0;1
-27;13;56;1;1
-18;-6;38;0;1
-37;-1;24;0;1
-42;-17;18;1;1
-20;30;58;0;1
-49;20;22;0;1
-20;5;29;1;1
-27;-29;21;0;1
-57;3;23;0;1
-30;48;23;0;1
-43;12;47;0;1
-31;-42;33;0;1
-55;6;34;1;1
-19;-21;51;0;1
-37;42;42;1;1
-25;-8;28;0;1
-20;-10;41;1;1
-24;-8;57;0;1
-38;43;28;1;1
-34;-25;47;0;1
-41;6;33;0;1
-22;9;24;1;1
-17;-10;39;1;1
-27;20;44;0;1
-59;-12;25;1;1
-23;31;30;0;1
-46;-49;22;1;1
-23;-11;42;0;1
-34;-17;15;0;1
-37;-6;44;0;1
-55;20;35;1;1
-42;-5;35;1;1
-41;-1;24;0;1
-52;-22;40;1;1
-48;3;33;0;1
-22;21;10;1;1
-21;18;47;0;1
-31;52;22;1;1
-33;-40;21;1;1
-25;-13;27;1;1
-35;28;30;1;1
-35;39;28;1;1
-10;12;26;0;1
-20;-16;61;1;1
-53;7;41;0;1
-37;-9;40;0;1
-28;-48;18;1;1
-45;-41;27;0;1
-27;27;56;0;1
-30;-14;24;0;1
-54;28;34;1;1
-37;-21;15;0;1
-27;-9;53;1;1
-44;21;17;0;1
-13;16;53;1;1
-20;10;40;0;1
-12;9;32;1;1
-26;14;27;0;1
-44;36;16;0;1
-55;36;18;0;1
-14;-13;27;0;1
-54;1;15;0;1
-46;-16;16;1;1
-28;-4;27;0;1
-32;2;48;1;1
-12;12;40;1;1
-43;-42;31;1;1
-14;24;53;0;1
-26;15;44;0;1
-30;-16;16;1;1
-19;11;23;0;1
-42;1;33;0;1
-43;20;16;0;1
-28;9;24;1;1
-62;-22;25;0;1
-21;5;20;0;1
-22;26;57;0;1
-56;36;21;0;1
-30;4;13;0;1
-29;30;45;1;1
-48;-1;48;1;1
-12;-12;33;1;1
-52;-32;28;0;1
-19;5;24;1;1
-40;-47;23;1;1
-27;-7;53;0;1
-30;29;37;0;1
-56;14;23;1;1
-51;27;27;0;1
-41;-15;49;1;1
-21;-1;49;1;1
-50;7;32;0;1
-40;21;40;0;1
-36;-5;13;0;1
-24;18;25;1;1
-38;29;36;1;1
-43;34;17;0;1
-39;-20;32;1;1
-40;-17;54;0;1
-52;28;19;1;1
-49;-1;34;1;1
-27;-37;41;0;1
-33;-37;29;1;1
-52;-11;19;1;1
-26;-16;26;0;1
-23;34;46;0;1
-50;-15;45;0;1
-60;-16;27;0;1
-44;-22;14;0;1
-50;14;40;0;1
-58;17;29;0;1
-17;-1;33;1;1
-51;3;26;0;1
-29;-22;18;0;1
-18;17;65;1;1
-12;-11;36;0;1
-12;-10;21;0;1
-41;27;49;0;1
-40;32;47;1;1
-20;-11;28;1;1
-38;20;18;0;1
-46;-42;23;0;1
-21;20;41;0;1
-36;-42;40;1;1
-25;37;26;0;1
-24;-29;59;0;1
-15;-12;19;0;1
-21;2;56;0;1
-19;2;48;1;1
-29;18;30;1;1
-31;27;53;1;1
-34;3;39;0;1
-25;11;47;1;1
-34;23;12;0;1
-34;17;21;1;1
-33;-39;35;1;1
-34;14;13;1;1
-9;10;25;0;1
-47;7;19;0;1
-33;17;49;0;1
-32;42;32;1;1
-30;-42;28;1;1
-22;30;58;0;1
-11;-9;22;1;1
-43;-5;21;0;1
-17;-14;35;0;1
-61;-25;18;1;1
-26;27;50;1;1
-33;25;40;1;1
-23;-3;8;1;1
-37;7;20;1;1
-15;24;33;0;1
-63;3;29;0;1
-35;30;45;0;1
-25;-22;36;0;1
-15;21;58;0;1
-22;15;47;0;1
-54;25;27;1;1
-39;9;20;1;1
-15;-15;46;0;1
-20;-33;46;0;1
-42;26;29;0;1
-50;27;39;0;1
-30;34;22;0;1
-31;-11;41;0;1
-31;-14;60;1;1
-47;0;27;1;1
-29;26;39;0;1
-50;-9;40;1;1
-37;51;21;0;1
-33;-36;21;0;1
-12;17;37;0;1
-50;-21;39;0;1
-22;17;20;1;1
-41;31;35;0;1
-23;26;41;0;1
-38;-35;42;0;1
-20;-13;42;0;1
-48;-38;24;0;1
-21;-32;47;0;1
-25;5;39;0;1
-44;-26;26;0;1
-40;-3;45;0;1
-53;33;25;0;1
-45;34;43;0;1
-29;-18;58;0;1
-34;-27;23;0;1
-42;-8;24;1;1
-24;-13;30;0;1
-32;-23;16;1;1
-27;-12;30;1;1
-37;6;48;1;1
-28;-20;10;0;1
-44;-16;47;0;1
-28;29;40;0;1
-43;5;32;0;1
-35;-29;19;1;1
-45;11;47;0;1
-36;2;46;1;1
-26;-30;24;0;1
-25;3;45;0;1
-38;38;36;0;1
-30;-19;34;1;1
-52;3;17;0;1
-41;-50;25;0;1
-36;-27;19;0;1
-21;-31;40;1;1
-47;28;30;1;1
-49;12;18;1;1
-17;26;46;1;1
-30;-6;13;0;1
-14;-13;52;1;1
-17;18;53;1;1
-32;-48;16;1;1
-45;-34;23;1;1
-29;-6;58;1;1
-14;-8;37;0;1
-58;23;27;1;1
-38;10;52;1;1
-16;27;58;0;1
-53;-5;27;0;1
-18;-4;36;1;1
-20;29;42;1;1
-30;23;15;0;1
-25;2;43;0;1
-53;28;34;1;1
-39;-36;26;1;1
-19;28;52;0;1
-48;-14;29;0;1
-57;23;18;1;1
-39;20;45;1;1
-49;-19;43;1;1
-36;25;25;0;1
-35;21;17;1;1
-53;13;28;1;1
-39;11;46;1;1
-28;-19;55;0;1
-45;12;15;0;1
-22;-36;26;0;1
-22;-18;20;0;1
-23;-10;28;0;1
-42;9;41;1;1
-50;-15;21;0;1
-21;-32;42;1;1
-16;-2;28;0;1
-26;17;10;1;1
-34;-13;37;0;1
-51;21;20;0;1
-60;-3;30;1;1
-58;12;25;0;1
-41;-17;20;0;1
-37;7;29;0;1
-21;12;63;0;1
-34;5;54;1;1
-29;-48;40;1;1
-21;-18;44;0;1
-33;14;30;0;1
-11;-17;40;1;1
-38;-26;14;0;1
-46;-12;50;0;1
-54;-5;31;1;1
-16;-2;25;1;1
-59;-33;19;0;1
-52;-17;35;1;1
-31;26;24;1;1
-35;-13;49;0;1
-32;-23;20;0;1
-34;-44;23;0;1
-36;14;59;0;1
-20;-18;65;0;1
-13;14;19;0;1
-25;14;8;1;1
-44;-2;30;1;1
-31;10;33;1;1
-48;-25;46;0;1
-22;-29;25;0;1
-24;32;30;0;1
-57;-34;23;0;1
-28;42;21;0;1
-60;-8;26;0;1
-29;-8;60;0;1
-45;1;14;0;1
-20;20;10;0;1
-51;15;34;0;1
-24;-33;52;0;1
-15;14;40;0;1
-41;-14;47;0;1
-15;2;27;1;1
-21;31;32;0;1
-43;-4;46;0;1
-21;3;30;1;1
-28;22;15;1;1
-20;-26;63;0;1
-30;45;37;0;1
-25;-10;29;0;1
-21;28;16;1;1
-43;-12;35;1;1
-59;-15;32;0;1
-43;-10;15;0;1
-34;31;13;0;1
-47;15;24;0;1
-63;-10;22;1;1
-27;36;46;0;1
-48;9;34;1;1
-55;-12;17;0;1
-31;-23;25;1;1
-48;-1;33;0;1
-42;-19;36;0;1
-40;-10;15;0;1
-23;38;14;0;1
-56;22;18;0;1
-34;-34;33;1;1
-40;-14;54;1;1
-39;-21;33;1;1
-31;41;19;0;1
-20;-16;60;0;1
-55;6;27;1;1
-18;14;26;0;1
-39;-8;26;1;1
-29;-9;35;0;1
-49;7;29;0;1
-31;40;41;0;1
-29;-16;59;1;1
-48;38;28;0;1
-61;-14;32;1;1
-40;-33;20;1;1
-19;8;41;1;1
-29;27;18;1;1
-21;-13;22;0;1
-41;22;22;1;1
-32;48;35;0;1
-25;27;58;0;1
-23;-11;43;1;1
-47;-27;40;0;1
-21;-7;14;1;1
-29;-33;35;0;1
-32;-27;24;1;1
-26;-13;8;0;1
-56;-5;29;1;1
-46;-20;45;0;1
-23;1;10;0;1
-60;-5;26;1;1
-29;19;14;0;1
-57;4;36;0;1
-46;-5;32;0;1
-38;-10;36;0;1
-40;42;20;1;1
-33;10;38;1;1
-59;-7;29;0;1
-20;34;56;1;1
-23;-25;56;0;1
-39;-2;22;0;1
-27;5;53;0;1
-28;-46;29;0;1
-39;-38;25;1;1
-29;-50;33;1;1
-37;-30;41;0;1
-33;41;46;1;1
-49;9;24;0;1
-25;34;32;0;1
-27;-24;36;0;1
-32;-11;52;0;1
-35;-47;40;1;1
-62;6;26;1;1
-43;-24;17;0;1
-41;54;20;1;1
-27;11;31;0;1
-49;-2;16;0;1
-33;-6;56;1;1
-14;12;38;0;1
-40;17;15;1;1
-38;-34;28;0;1
-21;34;49;0;1
-49;23;35;1;1
-21;-34;26;1;1
-50;-31;33;1;1
-15;-16;50;1;1
-31;13;47;0;1
-13;-6;35;1;1
-28;-17;41;0;1
-12;-12;38;0;1
-38;2;30;0;1
-30;23;38;0;1
-14;-11;42;0;1
-32;-26;18;0;1
-46;3;41;1;1
-55;-15;25;0;1
-49;6;43;0;1
-21;-15;43;0;1
-44;-37;35;0;1
-45;8;29;0;1
-63;-12;20;0;1
-31;-37;26;0;1
-41;18;47;0;1
-32;-44;44;1;1
-43;-6;28;0;1
-30;-31;21;1;1
-29;-22;17;0;1
-23;13;53;0;1
-19;0;28;0;1
-27;25;24;0;1
-47;40;22;0;1
-64;-6;22;1;1
-55;-13;24;1;1
-32;22;11;0;1
-36;-31;20;0;1
-33;-32;26;0;1
-32;-22;14;1;1
-22;-22;60;1;1
-45;-18;46;0;1
-28;25;60;1;1
-22;18;8;1;1
-32;33;28;0;1
-33;-11;59;0;1
-24;9;59;0;1
-41;-25;34;1;1
-16;-24;35;0;1
-34;-6;47;0;1
-34;20;55;0;1
-56;-26;23;1;1
-43;-38;31;0;1
-32;-5;33;0;1
-41;32;38;0;1
-42;-19;49;1;1
-25;25;14;1;1
-40;-11;48;1;1
-22;-13;55;0;1
-32;21;42;0;1
-29;20;18;1;1
-31;20;11;1;1
-32;18;12;0;1
-40;27;33;0;1
-24;32;56;0;1
-53;-4;22;1;1
-15;24;20;0;1
-23;3;24;0;1
-38;-15;19;0;1
-32;2;29;0;1
-36;-22;27;0;1
-51;-28;19;1;1
-26;-14;14;1;1
-32;-3;44;0;1
-39;-34;26;0;1
-29;-3;12;0;1
-31;16;39;0;1
-37;-2;35;0;1
-35;30;53;0;1
-57;14;31;0;1
-32;16;23;0;1
-45;38;18;1;1
-40;2;13;1;1
-52;14;27;1;1
-50;-14;37;1;1
-25;18;19;0;1
-29;36;43;1;1
-49;29;20;0;1
-19;-20;53;0;1
-25;-18;22;0;1
-40;-22;26;1;1
-45;6;52;1;1
-30;37;16;0;1
-15;17;29;1;1
-18;-15;55;0;1
-44;-6;30;1;1
-27;-21;30;0;1
-40;1;29;0;1
-57;1;25;0;1
-35;15;38;0;1
-32;36;14;0;1
-13;14;30;0;1
-17;19;45;0;1
-37;-17;20;1;1
-56;15;29;1;1
-38;1;27;1;1
-39;0;34;0;1
-26;21;18;0;1
-46;-24;24;1;1
-27;33;27;0;1
-26;-6;42;0;1
-39;-14;26;1;1
-20;-6;36;0;1
-24;-4;56;1;1
-66;4;22;0;1
-37;7;26;0;1
-44;25;22;1;1
-36;38;30;0;1
-46;21;27;1;1
-59;9;32;0;1
-35;10;35;0;1
-22;-36;22;1;1
-18;31;43;1;1
-28;-32;21;1;1
-45;-7;51;0;1
-46;-5;28;0;1
-33;-4;31;0;1
-25;36;29;0;1
-29;43;26;1;1
-52;3;44;1;1
-15;-14;56;0;1
-44;21;29;1;1
-39;7;11;0;1
-64;-19;24;0;1
-33;-17;50;1;1
-31;2;53;0;1
-41;-8;33;0;1
-16;-22;61;0;1
-57;-2;39;1;1
-24;-26;10;0;1
-37;-24;44;0;1
-17;-13;30;0;1
-14;-19;26;1;1
-47;28;23;1;1
-60;-3;32;0;1
-13;4;23;0;1
-39;34;31;0;1
-21;10;18;0;1
-15;10;40;1;1
-33;-31;43;0;1
-10;-12;21;0;1
-44;-9;18;1;1
-51;21;38;0;1
-62;20;20;0;1
-66;1;26;1;1
-25;21;20;0;1
-55;-22;17;0;1
-42;19;26;0;1
-47;-17;50;0;1
-20;-9;50;0;1
-20;18;10;0;1
-30;25;31;1;1
-54;9;15;0;1
-53;0;34;0;1
-25;15;38;0;1
-35;31;44;0;1
-10;13;24;0;1
-20;-19;29;1;1
-43;1;52;1;1
-36;38;17;1;1
-52;-10;28;0;1
-41;39;27;0;1
-37;-37;42;0;1
-35;-5;41;0;1
-28;-36;50;1;1
-32;2;25;1;1
-21;12;52;0;1
-25;-32;51;0;1
-29;-16;25;1;1
-44;16;43;0;1
-21;-2;16;0;1
-28;39;25;0;1
-23;14;18;0;1
-50;25;41;0;1
-51;-26;17;1;1
-26;14;52;0;1
-51;28;22;0;1
-40;43;22;1;1
-65;-5;21;0;1
-24;-12;30;1;1
-33;-15;11;0;1
-62;17;18;1;1
-24;-24;19;1;1
-47;20;32;0;1
-19;7;25;1;1
-23;2;33;0;1
-21;-4;51;0;1
-20;21;38;0;1
-35;-19;46;1;1
-31;-8;13;1;1
-12;-14;44;0;1
-33;-18;53;0;1
-30;-32;13;0;1
-33;30;38;0;1
-37;-7;15;1;1
-27;-1;56;0;1
-21;20;44;0;1
-27;-26;47;0;1
-38;3;58;0;1
-35;47;23;0;1
-18;-16;31;0;1
-39;-53;25;0;1
-27;-31;35;0;1
-16;-15;47;0;1
-60;-26;20;1;1
-46;22;44;0;1
-22;-26;61;1;1
-16;21;15;0;1
-12;-20;22;0;1
-59;-17;32;0;1
-39;-42;25;0;1
-28;18;12;1;1
-20;-27;12;0;1
-33;-22;46;0;1
-16;-18;32;0;1
-53;-21;26;0;1
-31;-21;39;0;1
-46;14;25;0;1
-31;1;20;0;1
-21;26;57;0;1
-26;-30;56;0;1
-13;5;30;0;1
-42;-8;19;1;1
-56;-10;20;1;1
-43;12;19;0;1
-40;49;22;0;1
-54;10;44;1;1
-42;-11;47;0;1
-25;11;14;1;1
-36;23;16;0;1
-20;11;55;1;1
-35;-2;52;0;1
-14;-14;17;1;1
-32;6;17;0;1
-20;-12;30;1;1
-48;3;49;1;1
-39;-14;27;0;1
-22;13;62;1;1
-48;5;20;0;1
-27;3;41;0;1
-12;15;27;0;1
-18;-24;21;0;1
-19;23;39;0;1
-36;-25;19;1;1
-45;17;15;0;1
-40;-10;27;0;1
-28;-9;27;0;1
-54;26;21;1;1
-30;-31;14;0;1
-41;31;25;1;1
-51;20;22;0;1
-28;-22;43;0;1
-52;13;34;0;1
-32;-31;53;1;1
-24;10;45;1;1
-17;15;48;1;1
-56;18;18;1;1
-29;-24;50;0;1
-27;-22;32;0;1
-27;12;33;0;1
-50;-35;22;0;1
-32;-22;23;0;1
-46;12;27;0;1
-32;32;23;1;1
-48;-6;24;1;1
-19;12;60;1;1
-26;-35;23;0;1
-40;-40;42;0;1
-28;-29;15;0;1
-24;15;19;0;1
-25;12;47;1;1
-25;5;38;1;1
-58;-3;37;0;1
-19;2;30;0;1
-20;8;38;0;1
-23;32;48;0;1
-54;32;24;0;1
-20;-9;60;0;1
-21;-25;24;0;1
-16;11;32;0;1
-27;30;24;0;1
-8;-12;25;1;1
-26;-42;30;1;1
-36;10;12;0;1
-41;31;21;1;1
-45;15;32;0;1
-39;-12;11;1;1
-36;31;28;1;1
-24;22;18;1;1
-16;-15;27;0;1
-52;11;47;0;1
-25;-13;30;0;1
-49;4;24;1;1
-34;5;39;1;1
-31;-29;15;0;1
-35;8;17;0;1
-26;-44;24;0;1
-39;-16;13;0;1
-43;-14;20;0;1
-40;36;40;0;1
-29;13;58;0;1
-40;20;55;1;1
-35;-39;27;0;1
-22;-2;13;1;1
-31;18;26;1;1
-38;32;43;1;1
-30;39;19;1;1
-45;10;17;0;1
-28;32;16;0;1
-14;14;53;0;1
-21;6;33;1;1
-46;-4;34;1;1
-23;-21;36;0;1
-25;-10;61;0;1
-10;14;37;1;1
-50;-20;29;1;1
-21;-17;26;1;1
-24;31;31;1;1
-44;-14;27;0;1
-16;13;18;0;1
-32;15;34;0;1
-43;8;16;1;1
-32;28;12;0;1
-26;-3;65;0;1
-28;38;44;0;1
-63;2;23;0;1
-30;-12;12;1;1
-31;-25;12;1;1
-40;10;18;0;1
-37;39;38;1;1
-52;21;35;1;1
-25;6;44;0;1
-30;37;31;0;1
-33;-39;32;0;1
-41;37;24;0;1
-39;28;35;0;1
-31;-27;54;1;1
-19;-16;24;0;1
-20;-17;42;1;1
-17;23;35;0;1
-29;-16;40;0;1
-50;-36;26;0;1
-24;28;21;0;1
-22;-31;24;0;1
-53;12;42;0;1
-18;13;29;1;1
-15;-15;50;0;1
-36;-34;37;0;1
-34;24;31;1;1
-36;8;32;1;1
-29;-6;21;1;1
-17;-9;32;1;1
-51;-38;26;1;1
-40;-43;34;0;1
-23;12;33;0;1
-38;-32;42;1;1
-23;-9;31;0;1
-25;-5;54;0;1
-49;19;22;0;1
-31;-10;44;0;1
-23;11;16;0;1
-57;11;25;0;1
-19;27;22;0;1
-43;-33;39;1;1
-20;-14;7;0;1
-52;3;29;0;1
-30;-1;50;0;1
-42;20;24;0;1
-36;-18;21;0;1
-29;48;32;1;1
-31;18;61;1;1
-15;18;33;0;1
-17;-20;27;1;1
-41;13;55;0;1
-40;-11;46;1;1
-36;-32;24;0;1
-34;28;53;1;1
-25;10;61;0;1
-29;-24;34;1;1
-24;-19;43;0;1
-56;27;19;0;1
-47;-36;18;0;1
-55;15;33;0;1
-18;-12;28;0;1
-23;0;26;0;1
-47;25;45;0;1
-29;16;61;0;1
-42;34;34;0;1
-26;-17;51;0;1
-15;-20;59;0;1
-31;18;22;1;1
-22;19;13;0;1
-25;-23;35;0;1
-41;-26;34;1;1
-50;10;23;1;1
-31;9;58;1;1
-44;-24;50;1;1
-33;56;25;0;1
-15;-21;40;0;1
-11;9;33;0;1
-41;41;16;0;1
-28;35;13;1;1
-9;-7;31;1;1
-21;32;43;0;1
-20;-19;37;0;1
-28;47;17;1;1
-65;5;21;0;1
-22;-38;23;0;1
-10;-8;35;0;1
-38;12;27;0;1
-19;-23;43;0;1
-57;0;19;0;1
-51;13;29;0;1
-37;-15;24;0;1
-33;-21;28;0;1
-29;-6;18;0;1
-12;-18;46;0;1
-10;-15;25;0;1
-35;29;33;0;1
-27;-24;12;0;1
-34;-13;40;0;1
-41;2;48;1;1
-30;-29;37;0;1
-34;-21;15;0;1
-55;-7;33;0;1
-25;39;43;1;1
-45;37;39;0;1
-29;-7;53;1;1
-47;-41;19;0;1
-24;-24;20;0;1
-47;9;19;1;1
-14;17;27;1;1
-23;9;39;0;1
-29;9;16;0;1
-35;-30;44;0;1
-37;-5;56;0;1
-47;-15;19;0;1
-45;0;35;0;1
-57;-23;34;1;1
-50;-37;34;0;1
-47;10;19;0;1
-22;27;17;0;1
-41;-23;53;1;1
-40;-8;57;1;1
-55;17;33;0;1
-32;-43;35;0;1
-26;-16;47;0;1
-40;24;33;1;1
-23;14;40;0;1
-33;18;54;0;1
-30;-15;56;0;1
-44;9;43;0;1
-56;28;19;1;1
-42;-22;52;0;1
-33;17;42;0;1
-63;2;30;1;1
-54;0;16;1;1
-32;-47;22;0;1
-23;-14;46;1;1
-52;27;18;0;1
-36;47;26;1;1
-38;32;48;1;1
-29;23;55;0;1
-44;-3;31;0;1
-46;-22;42;0;1
-18;24;36;0;1
-43;-21;21;1;1
-33;-49;25;1;1
-15;1;38;0;1
-52;-1;43;1;1
-35;-33;35;0;1
-24;-8;41;0;1
-15;-17;26;1;1
-40;40;30;0;1
-34;25;19;0;1
-28;-1;15;0;1
-64;17;23;0;1
-43;4;31;0;1
-37;11;49;0;1
-32;17;24;0;1
-57;-3;40;0;1
-18;-30;11;0;1
-22;27;47;1;1
-28;24;29;1;1
-48;9;17;0;1
-16;21;18;0;1
-18;10;36;0;1
-33;34;35;1;1
-51;-24;38;1;1
-36;29;43;0;1
-40;-21;49;1;1
-28;10;24;0;1
-36;27;33;1;1
-16;-11;50;1;1
-27;22;12;0;1
-23;30;29;0;1
-46;-21;41;0;1
-56;16;34;0;1
-50;-10;14;0;1
-48;-20;23;0;1
-42;-52;23;0;1
-46;37;33;1;1
-38;24;14;1;1
-27;40;38;1;1
-55;26;21;0;1
-22;38;49;1;1
-41;-40;17;0;1
-25;-34;30;1;1
-23;-6;8;0;1
-20;-1;19;1;1
-65;-15;24;1;1
-22;6;21;0;1
-51;13;38;1;1
-44;18;39;0;1
-55;-39;22;1;1
-32;22;27;0;1
-31;-20;39;0;1
-13;-18;47;0;1
-55;32;24;1;1
-43;-29;22;0;1
-64;-13;23;1;1
-25;-1;44;0;1
-38;28;24;1;1
-33;31;46;0;1
-23;-21;34;0;1
-23;-6;24;1;1
-40;3;34;1;1
-62;-8;32;1;1
-28;-5;12;0;1
-27;21;52;0;1
-35;12;14;1;1
-15;-18;53;1;1
-50;-3;31;1;1
-44;20;30;1;1
-42;-37;22;0;1
-21;-5;52;1;1
-33;17;36;0;1
-50;5;19;1;1
-30;-16;15;0;1
-40;52;25;1;1
-28;-5;27;0;1
-47;0;43;0;1
-25;-16;39;0;1
-43;-43;22;0;1
-36;21;17;0;1
-33;-16;59;0;1
-32;-4;15;1;1
-47;47;23;0;1
-19;-32;35;1;1
-49;-17;47;1;1
-44;13;31;0;1
-45;20;39;1;1
-11;-10;31;1;1
-19;-22;63;0;1
-49;36;24;0;1
-32;-5;12;0;1
-22;29;41;0;1
-20;3;55;1;1
-18;21;61;0;1
-42;8;48;0;1
-33;-20;47;1;1
-42;0;35;0;1
-54;-16;34;1;1
-52;-10;18;1;1
-37;23;51;0;1
-56;-11;24;0;1
-27;20;26;1;1
-19;-26;40;0;1
-13;-15;33;0;1
-45;15;47;0;1
-59;-5;23;0;1
-36;0;48;1;1
-38;30;16;0;1
-25;-5;27;0;1
-30;27;37;0;1
-22;22;25;0;1
-64;-3;23;0;1
-50;5;23;1;1
-53;-25;28;1;1
-42;-4;56;1;1
-43;-23;20;1;1
-50;23;15;1;1
-50;32;35;1;1
-33;-6;12;0;1
-35;-24;32;0;1
-44;-25;37;0;1
-14;-18;59;0;1
-43;-22;37;1;1
-53;-5;44;0;1
-25;4;15;1;1
-62;1;23;1;1
-28;-5;46;1;1
-45;17;51;1;1
-41;7;29;0;1
-21;-13;64;0;1
-38;-20;27;0;1
-52;16;45;0;1
-29;21;21;0;1
-21;9;56;0;1
-38;9;53;0;1
-22;2;34;0;1
-28;22;37;0;1
-45;0;23;0;1
-28;1;40;0;1
-51;-16;38;0;1
-22;2;54;0;1
-21;3;49;0;1
-43;-23;49;0;1
-42;-22;30;1;1
-40;19;39;0;1
-32;-22;27;1;1
-27;43;15;0;1
-23;-34;20;0;1
-29;22;40;0;1
-59;-6;33;1;1
-38;-34;24;1;1
-49;-21;33;0;1
-31;14;43;0;1
-28;14;20;0;1
-47;-32;36;0;1
-53;23;23;1;1
-36;25;17;0;1
-23;-9;39;1;1
-44;-16;28;0;1
-45;-44;25;0;1
-38;22;16;0;1
-46;11;45;0;1
-54;-2;33;0;1
-18;-20;12;1;1
-44;-17;31;0;1
-26;26;57;0;1
-38;6;16;1;1
-42;36;31;0;1
-26;1;53;1;1
-35;40;33;0;1
-30;2;53;0;1
-17;-16;53;0;1
-34;22;46;1;1
-37;-26;43;0;1
-29;18;41;0;1
-37;-29;43;0;1
-26;-2;13;0;1
-12;-20;25;0;1
-24;-15;18;1;1
-46;41;23;0;1
-40;-20;52;0;1
-20;25;52;1;1
-30;-1;26;0;1
-42;-22;39;1;1
-34;-27;42;0;1
-45;29;32;0;1
-32;2;14;0;1
-13;-5;30;1;1
-27;-33;35;1;1
-42;7;56;0;1
-38;33;15;0;1
-20;27;60;1;1
-12;17;42;0;1
-35;-35;49;0;1
-25;-8;35;1;1
-29;-26;55;1;1
-24;0;39;0;1
-39;20;27;0;1
-58;16;27;0;1
-29;-24;57;1;1
-49;25;33;0;1
-37;11;38;0;1
-55;19;30;1;1
-48;10;17;0;1
-36;35;26;0;1
-35;-17;46;0;1
-28;14;43;1;1
-47;-15;17;0;1
-59;-28;21;0;1
-23;-20;61;0;1
-37;-48;33;1;1
-35;7;19;1;1
-59;-12;21;0;1
-60;15;29;0;1
-19;17;40;1;1
-33;6;18;1;1
-29;-43;25;0;1
-23;38;23;0;1
-36;3;37;0;1
-63;-6;25;0;1
-47;-5;32;0;1
-37;10;52;0;1
-29;-3;22;1;1
-36;0;12;0;1
-54;12;17;0;1
-25;-40;25;0;1
-16;-18;61;1;1
-57;-16;23;0;1
-28;23;48;1;1
-62;14;27;0;1
-29;16;38;1;1
-39;6;16;1;1
-16;1;30;1;1
-49;-18;31;1;1
-56;-6;26;1;1
-17;-17;43;0;1
-23;31;59;0;1
-36;5;35;0;1
-21;-2;42;0;1
-60;2;37;0;1
-31;14;56;0;1
-39;35;32;0;1
-15;-23;65;0;1
-19;6;54;0;1
-18;-28;61;0;1
-17;26;43;1;1
-21;9;17;1;1
-14;-23;42;0;1
-31;-39;42;1;1
-45;19;15;0;1
-64;-13;20;0;1
-14;-16;38;0;1
-17;26;62;1;1
-59;12;32;0;1
-36;30;42;0;1
-24;-40;17;1;1
-23;-24;59;1;1
-28;-18;23;0;1
-53;-21;19;1;1
-26;14;24;0;1
-33;18;20;0;1
-29;-34;53;0;1
-33;37;15;0;1
-62;-3;29;0;1
-49;42;26;0;1
-58;-16;20;1;1
-33;30;17;0;1
-19;7;44;0;1
-13;-19;39;0;1
-13;-16;52;1;1
-26;3;11;0;1
-47;3;30;1;1
-14;-4;23;0;1
-37;8;43;0;1
-35;-56;23;1;1
-22;15;55;0;1
-35;14;48;0;1
-25;-1;47;0;1
-32;-19;29;0;1
-49;18;14;0;1
-19;-15;63;0;1
-13;11;30;1;1
-34;41;37;0;1
-36;35;48;0;1
-63;10;29;1;1
-27;-39;34;0;1
-36;-10;33;0;1
-18;7;34;1;1
-26;3;47;1;1
-41;8;21;0;1
-50;18;44;1;1
-48;-39;19;1;1
-39;-32;40;0;1
-50;-23;30;0;1
-33;10;24;0;1
-14;-24;40;0;1
-21;1;57;0;1
-16;-19;43;1;1
-25;-16;60;1;1
-20;-12;13;0;1
-37;51;29;0;1
-15;23;26;0;1
-11;-6;30;0;1
-30;-39;35;0;1
-33;22;22;0;1
-22;20;27;0;1
-8;-11;35;0;1
-32;-29;17;0;1
-30;0;33;0;1
-29;-27;21;0;1
-41;-39;22;0;1
-57;-6;27;0;1
-51;-10;44;1;1
-16;-14;19;0;1
-21;-23;44;0;1
-32;6;36;0;1
-51;15;35;1;1
-54;30;19;1;1
-65;-5;27;1;1
-34;27;55;1;1
-29;-26;11;0;1
-29;-33;32;1;1
-47;-19;40;0;1
-28;47;45;0;1
-21;-14;33;0;1
-31;-41;28;0;1
-21;3;36;0;1
-21;-13;46;0;1
-19;23;42;1;1
-34;3;44;1;1
-12;-13;29;0;1
-32;-43;27;1;1
-64;-5;28;0;1
-27;-27;54;0;1
-25;9;35;0;1
-17;8;24;1;1
-11;-10;22;0;1
-18;21;49;0;1
-17;-4;39;1;1
-47;26;19;1;1
-27;-31;57;0;1
-18;-28;56;0;1
-41;31;48;1;1
-53;32;20;0;1
-62;-11;24;0;1
-53;-2;31;1;1
-58;19;17;1;1
-37;23;28;0;1
-41;-35;39;1;1
-13;-10;38;0;1
-21;-8;20;1;1
-24;-16;21;1;1
-16;-27;29;0;1
-44;14;29;0;1
-44;29;35;0;1
-23;29;51;0;1
-23;-29;39;0;1
-40;-12;40;0;1
-25;29;19;0;1
-14;-11;32;0;1
-12;-5;33;0;1
-48;-10;46;0;1
-29;45;16;1;1
-51;-19;38;0;1
-29;33;28;1;1
-24;17;57;1;1
-58;15;36;0;1
-35;-26;30;1;1
-46;-17;24;0;1
-18;21;25;1;1
-31;-51;18;1;1
-45;-35;33;0;1
-48;-8;38;0;1
-22;-1;45;1;1
-22;9;45;0;1
-26;30;48;1;1
-41;-10;56;0;1
-54;17;40;0;1
-28;6;33;1;1
-25;29;28;0;1
-33;11;53;0;1
-36;31;20;0;1
-32;17;54;0;1
-17;-14;12;0;1
-28;-24;18;0;1
-45;16;46;1;1
-30;-1;38;1;1
-24;-1;35;0;1
-36;-3;48;0;1
-16;8;45;0;1
-49;-19;25;0;1
-28;45;24;0;1
-48;-1;29;1;1
-14;-21;25;1;1
-46;26;27;0;1
-33;0;34;1;1
-43;1;45;0;1
-46;-5;27;0;1
-35;35;30;0;1
-44;14;33;1;1
-57;12;22;0;1
-30;9;15;1;1
-45;-32;24;1;1
-38;39;22;0;1
-36;-12;40;0;1
-29;14;25;0;1
-30;5;47;0;1
-51;-11;47;0;1
-36;-7;50;0;1
-32;-27;36;1;1
-33;-25;41;0;1
-26;-26;35;1;1
-27;-31;38;1;1
-6;10;28;0;1
-35;-6;29;0;1
-32;35;44;0;1
-29;-8;23;0;1
-26;28;32;1;1
-34;-32;27;1;1
-37;38;42;1;1
-47;-22;39;0;1
-42;-12;54;0;1
-61;13;23;1;1
-43;-11;55;0;1
-24;8;53;1;1
-19;8;40;0;1
-57;0;16;1;1
-46;13;35;0;1
-29;-41;25;1;1
-41;30;16;0;1
-35;20;22;1;1
-52;-5;41;1;1
-29;-11;39;1;1
-37;44;16;0;1
-26;-32;56;0;1
-17;-24;8;1;1
-45;19;37;0;1
-48;-31;35;0;1
-33;-38;37;0;1
-61;-22;19;0;1
-29;14;39;1;1
-34;-3;37;1;1
-39;-39;18;1;1
-18;-23;44;1;1
-35;-53;24;0;1
-35;-27;45;1;1
-9;-11;24;1;1
-48;-1;39;0;1
-33;3;10;0;1
-28;22;54;1;1
-19;15;28;1;1
-32;18;55;1;1
-25;-22;61;0;1
-56;-26;27;0;1
-55;-4;28;1;1
-24;22;33;0;1
-31;41;22;0;1
-15;16;60;0;1
-29;-12;32;1;1
-32;-1;12;1;1
-30;-46;23;0;1
-37;-24;49;0;1
-33;-9;62;1;1
-51;-21;22;1;1
-55;13;35;0;1
-37;-5;13;1;1
-54;12;20;0;1
-43;-4;25;1;1
-41;-1;30;0;1
-32;-2;51;0;1
-40;-8;14;1;1
-35;34;28;1;1
-45;8;54;0;1
-35;6;37;0;1
-23;-20;34;1;1
-26;-31;56;0;1
-16;4;37;1;1
-51;29;17;0;1
-22;5;56;0;1
-40;-13;33;1;1
-19;21;51;1;1
-19;-4;43;1;1
-26;-42;21;1;1
-15;-3;26;1;1
-36;-9;24;1;1
-17;-20;9;0;1
-38;-3;48;0;1
-31;4;31;1;1
-39;-16;14;1;1
-17;18;9;0;1
-40;51;24;0;1
-43;40;38;0;1
-32;8;49;0;1
-14;-16;31;0;1
-36;35;28;0;1
-44;-15;27;0;1
-13;-1;35;1;1
-45;36;39;1;1
-22;37;25;0;1
-58;17;36;1;1
-38;-39;26;1;1
-25;4;28;0;1
-20;-8;39;0;1
-13;-8;20;1;1
-40;35;19;1;1
-36;1;33;1;1
-40;-16;20;0;1
-42;-26;19;1;1
-43;46;19;1;1
-38;-20;52;0;1
-21;-22;45;1;1
-35;7;22;0;1
-50;26;32;1;1
-41;-26;22;0;1
-28;-17;51;1;1
-26;-32;24;1;1
-26;-28;54;1;1
-31;-35;21;1;1
-27;31;19;0;1
-49;25;41;1;1
-60;2;22;1;1
-33;20;17;0;1
-17;-29;24;0;1
-38;8;21;0;1
-46;-7;44;0;1
-56;-11;41;0;1
-17;8;47;1;1
-43;3;28;1;1
-61;5;21;0;1
-32;41;40;1;1
-25;-37;31;0;1
-26;9;45;0;1
-41;-32;17;0;1
-24;39;39;0;1
-14;-23;17;0;1
-49;26;38;0;1
-60;-13;21;0;1
-26;43;22;0;1
-29;-20;49;1;1
-9;12;34;1;1
-30;3;39;1;1
-52;-16;15;1;1
-41;-23;19;0;1
-13;16;44;0;1
-53;15;22;0;1
-19;-5;52;1;1
-50;-1;48;1;1
-44;17;27;1;1
-40;-43;26;0;1
-25;7;50;0;1
-32;0;30;1;1
-36;-19;40;0;1
-32;3;38;0;1
-27;-13;40;0;1
-61;-12;27;1;1
-21;30;13;0;1
-22;25;26;1;1
-34;13;57;1;1
-24;34;21;0;1
-42;-1;24;1;1
-33;-16;30;0;1
-56;36;19;0;1
-43;-15;33;0;1
-26;42;22;0;1
-28;-18;62;0;1
-51;24;27;1;1
-48;-17;14;1;1
-39;44;28;1;1
-40;54;21;0;1
-34;46;17;1;1
-27;-14;30;0;1
-13;18;55;0;1
-16;5;30;0;1
-27;43;35;0;1
-31;-21;43;0;1
-17;13;55;1;1
-45;-6;54;0;1
-16;-5;38;0;1
-42;11;50;1;1
-40;-48;33;0;1
-17;7;42;0;1
-27;2;53;1;1
-16;27;19;0;1
-42;-3;47;0;1
-62;-9;24;1;1
-41;2;53;0;1
-47;-34;19;0;1
-29;-8;47;1;1
-24;-10;14;1;1
-52;28;32;1;1
-40;10;21;0;1
-32;6;51;0;1
-15;-21;29;0;1
-40;35;21;1;1
-33;-50;25;0;1
-32;-8;44;0;1
-21;13;65;1;1
-31;34;46;1;1
-40;19;17;1;1
-13;-17;13;1;1
-25;-38;26;0;1
-24;21;15;0;1
-18;7;38;0;1
-22;22;22;1;1
-55;-15;19;0;1
-31;-17;32;0;1
-34;5;55;1;1
-21;13;37;1;1
-51;-1;39;0;1
-53;11;19;0;1
-29;32;22;0;1
-19;13;18;0;1
-46;2;14;0;1
-35;25;27;1;1
-39;27;30;0;1
-22;19;17;0;1
-51;-2;27;0;1
-13;11;19;0;1
-26;3;46;0;1
-39;-31;24;0;1
-15;-17;46;0;1
-32;12;18;1;1
-30;23;13;0;1
-44;-40;23;1;1
-48;-2;17;0;1
-50;21;24;0;1
-59;-2;25;0;1
-30;29;29;0;1
-46;-4;40;0;1
-60;4;18;0;1
-54;11;33;0;1
-28;-28;33;1;1
-30;38;40;0;1
-41;40;18;1;1
-30;-6;25;0;1
-49;22;45;1;1
-24;35;16;0;1
-51;21;34;0;1
-45;-10;19;0;1
-35;2;12;1;1
-22;19;38;0;1
-40;13;15;0;1
-33;-15;22;1;1
-27;-38;48;0;1
-34;-12;14;0;1
-35;-38;18;0;1
-39;-48;19;0;1
-34;22;14;1;1
-13;21;21;1;1
-27;-22;51;0;1
-36;-29;29;0;1
-20;20;29;0;1
-20;12;61;0;1
-11;16;29;0;1
-60;-8;22;0;1
-47;7;35;0;1
-48;24;46;1;1
-27;-11;61;0;1
-28;26;38;0;1
-17;23;16;0;1
-32;-23;37;0;1
-19;-19;11;0;1
-28;-16;38;0;1
-53;12;23;0;1
-62;-10;19;1;1
-11;19;33;1;1
-42;4;44;0;1
-19;12;19;0;1
-20;17;49;0;1
-46;22;48;0;1
-57;0;36;0;1
-9;-14;30;1;1
-24;-12;46;0;1
-43;-12;43;0;1
-33;38;23;0;1
-29;-12;56;1;1
-58;-7;20;0;1
-16;-17;32;0;1
-24;-28;51;0;1
-26;45;47;0;1
-23;22;56;0;1
-32;24;36;1;1
-29;8;54;1;1
-32;-31;48;1;1
-30;48;33;1;1
-45;-33;15;1;1
-24;35;22;0;1
-29;-21;45;0;1
-42;36;35;1;1
-37;31;20;0;1
-12;10;28;0;1
-52;-18;20;1;1
-35;30;44;0;1
-42;28;28;1;1
-17;11;51;0;1
-16;24;64;0;1
-27;13;27;0;1
-37;40;20;1;1
-28;12;31;0;1
-34;16;20;0;1
-48;-20;35;0;1
-35;-4;28;0;1
-29;-12;11;1;1
-24;26;59;1;1
-29;7;51;0;1
-36;-12;28;0;1
-51;-38;30;0;1
-29;-38;24;0;1
-34;-28;35;0;1
-37;16;36;0;1
-49;-7;46;0;1
-44;-11;37;0;1
-17;1;46;1;1
-16;2;41;0;1
-50;-9;45;0;1
-12;19;25;0;1
-43;-24;33;0;1
-51;8;37;0;1
-34;16;39;0;1
-23;32;39;0;1
-45;-12;41;1;1
-27;-41;25;0;1
-30;10;34;0;1
-35;24;54;0;1
-45;14;20;0;1
-15;-18;48;0;1
-32;-8;54;0;1
-34;-29;31;0;1
-40;21;48;1;1
-31;32;30;1;1
-16;-16;58;1;1
-29;13;37;0;1
-42;-9;31;0;1
-43;41;28;1;1
-31;-7;59;0;1
-39;-10;57;1;1
-17;17;37;0;1
-20;-32;14;1;1
-18;-9;34;0;1
-47;17;44;0;1
-52;-11;18;1;1
-48;4;13;0;1
-49;-14;38;1;1
-19;5;40;0;1
-43;12;30;1;1
-25;33;32;1;1
-47;-16;14;1;1
-32;-44;31;0;1
-48;-24;17;0;1
-16;10;20;0;1
-27;35;16;1;1
-31;1;30;0;1
-17;16;49;1;1
-20;-27;18;1;1
-43;42;31;0;1
-34;49;25;1;1
-20;-29;53;0;1
-48;-25;21;1;1
-32;55;24;0;1
-27;-6;14;0;1
-19;15;8;0;1
-28;-37;30;1;1
-42;-9;34;0;1
-18;-26;53;0;1
-34;-32;46;0;1
-33;38;28;0;1
-15;24;19;1;1
-28;5;54;1;1
-38;2;48;1;1
-23;-20;11;0;1
-56;15;30;0;1
-37;2;49;0;1
-45;-6;26;1;1
-41;-14;53;1;1
-26;-21;27;1;1
-57;27;32;0;1
-32;-52;26;0;1
-26;11;46;0;1
-46;-10;45;0;1
-34;-15;42;0;1
-24;20;12;0;1
-63;12;27;0;1
-41;37;22;0;1
-37;-23;22;1;1
-19;0;18;0;1
-38;-18;45;1;1
-26;-18;20;0;1
-36;-5;47;0;1
-6;8;25;1;1
-55;18;25;0;1
-34;52;28;1;1
-24;11;58;1;1
-41;-4;47;1;1
-45;24;14;0;1
-41;-20;18;1;1
-35;30;28;1;1
-19;9;26;0;1
-44;43;20;0;1
-36;-37;22;1;1
-25;21;52;0;1
-23;0;10;0;1
-32;-41;48;0;1
-49;4;25;0;1
-38;4;13;0;1
-19;-14;10;1;1
-42;39;30;1;1
-39;-6;44;0;1
-29;11;47;0;1
-49;31;16;0;1
-45;-2;19;0;1
-13;-19;9;0;1
-49;-25;32;1;1
-14;-15;18;0;1
-54;-13;15;1;1
-18;13;34;1;1
-19;-21;64;1;1
-40;3;32;0;1
-19;6;36;0;1
-62;-10;33;1;1
-52;-9;17;0;1
-22;6;25;0;1
-32;-9;22;1;1
-28;6;22;0;1
-41;8;14;0;1
-42;35;23;0;1
-42;47;24;0;1
-52;-24;18;1;1
-10;-7;25;1;1
-66;6;24;1;1
-44;2;29;1;1
-48;3;35;1;1
-42;-25;16;0;1
-41;-23;13;1;1
-35;4;33;0;1
-27;16;15;0;1
-44;31;18;0;1
-20;-5;29;0;1
-16;-4;20;0;1
-33;15;13;1;1
-30;0;15;0;1
-60;-26;18;0;1
-54;-16;23;0;1
-42;-48;23;0;1
-23;-24;50;0;1
-52;-17;15;1;1
-39;5;16;1;1
-22;-27;42;1;1
-45;33;40;0;1
-40;-31;38;0;1
-36;-20;28;1;1
-50;13;14;1;1
-67;6;20;0;1
-44;-10;52;1;1
-41;49;29;1;1
-17;18;10;0;1
-43;-9;30;0;1
-20;25;22;0;1
-21;10;11;0;1
-53;-22;18;0;1
-30;-15;50;0;1
-46;-34;41;0;1
-39;20;12;0;1
-29;6;35;0;1
-17;-25;61;1;1
-56;-18;29;0;1
-26;-35;44;0;1
-21;16;25;0;1
-33;-1;9;0;1
-37;-32;46;1;1
-28;29;24;1;1
-61;-16;21;0;1
-37;-34;28;0;1
-38;-4;14;0;1
-36;-23;13;0;1
-54;10;24;0;1
-25;18;44;1;1
-43;13;30;0;1
-20;26;46;1;1
-46;25;42;1;1
-16;7;18;1;1
-34;16;42;1;1
-20;27;50;1;1
-27;-13;37;0;1
-30;-36;24;1;1
-52;7;39;0;1
-48;0;38;0;1
-58;-2;40;0;1
-12;7;30;0;1
-32;-27;48;1;1
-36;8;41;0;1
-38;2;40;0;1
-61;4;30;1;1
-21;33;21;1;1
-17;10;37;1;1
-37;6;50;0;1
-27;-45;29;0;1
-35;-5;14;0;1
-39;20;22;0;1
-25;-22;43;1;1
-37;12;46;0;1
-33;-6;37;1;1
-41;-13;22;0;1
-21;-14;52;1;1
-28;17;32;1;1
-37;11;58;0;1
-25;24;51;0;1
-29;15;52;0;1
-22;6;13;0;1
-44;-17;37;1;1
-47;8;40;1;1
-10;13;40;1;1
-7;11;27;1;1
-28;-45;16;0;1
-49;-1;47;0;1
-52;4;47;0;1
-40;-21;54;1;1
-27;3;16;1;1
-58;27;30;0;1
-22;-16;44;0;1
-19;18;60;1;1
-28;20;26;1;1
-20;-1;33;0;1
-12;-17;45;0;1
-14;-9;44;0;1
-42;17;46;1;1
-8;-12;34;0;1
-32;8;55;0;1
-35;-10;60;0;1
-61;-11;23;1;1
-36;-42;27;0;1
-41;-51;18;1;1
-18;15;18;0;1
-49;-18;25;0;1
-23;36;46;1;1
-36;24;40;0;1
-47;17;33;0;1
-58;-17;27;0;1
-61;-2;22;0;1
-47;-8;17;0;1
-39;39;22;1;1
-32;0;58;0;1
-45;8;18;0;1
-25;37;38;1;1
-39;-19;32;0;1
-36;29;41;0;1
-38;4;23;1;1
-38;24;34;0;1
-26;-12;65;0;1
-22;12;40;1;1
-54;18;42;1;1
-12;20;43;0;1
-37;31;40;0;1
-32;28;54;0;1
-21;-6;45;0;1
-25;27;25;1;1
-28;-24;22;1;1
-40;-23;48;1;1
-20;32;60;1;1
-38;-10;40;1;1
-37;20;13;1;1
-46;25;16;1;1
-47;-13;50;0;1
-23;30;59;0;1
-22;12;58;0;1
-19;24;41;0;1
-53;-18;36;1;1
-20;-22;54;1;1
-21;-16;17;0;1
-26;19;24;1;1
-17;-15;46;0;1
-42;12;56;0;1
-28;35;51;0;1
-20;-1;34;1;1
-35;-6;31;0;1
-39;12;14;0;1
-36;44;23;1;1
-51;-12;44;0;1
-29;43;17;0;1
-32;-25;52;0;1
-18;22;40;0;1
-29;-18;35;1;1
-21;-15;7;0;1
-29;21;39;0;1
-16;-11;18;0;1
-36;11;19;1;1
-19;-4;48;1;1
-38;-51;23;0;1
-41;6;15;1;1
-56;3;26;1;1
-23;-1;50;0;1
-20;10;37;0;1
-48;-6;22;0;1
-28;-13;22;1;1
-24;29;60;1;1
-49;34;24;0;1
-39;30;21;0;1
-36;-18;25;0;1
-17;24;46;1;1
-35;1;38;0;1
-39;-8;53;1;1
-33;40;27;0;1
-32;33;23;0;1
-11;11;42;0;1
-18;-10;41;1;1
-23;20;13;0;1
-40;-11;26;0;1
-32;30;47;1;1
-53;25;29;0;1
-34;18;27;0;1
-41;18;21;1;1
-32;-24;26;0;1
-27;14;18;0;1
-39;-16;54;0;1
-35;30;50;1;1
-23;-3;36;1;1
-38;-14;32;0;1
-32;44;21;1;1
-20;8;47;0;1
-37;-30;42;1;1
-63;-9;28;0;1
-25;-34;28;1;1
-31;-47;33;1;1
-23;-36;35;1;1
-17;13;33;1;1
-56;-25;17;0;1
-51;23;40;0;1
-61;-19;25;0;1
-53;-5;29;0;1
-41;-26;25;0;1
-9;-14;23;0;1
-61;-7;29;0;1
-47;20;16;1;1
-47;5;34;0;1
-47;-2;13;0;1
-37;-32;51;1;1
-55;18;39;1;1
-21;18;28;1;1
-25;-23;57;1;1
-50;33;23;0;1
-52;16;15;1;1
-40;53;23;0;1
-43;32;39;0;1
-22;11;7;0;1
-25;39;32;0;1
-43;8;29;0;1
-47;1;13;0;1
-22;4;48;1;1
-47;15;26;0;1
-12;18;25;0;1
-23;-17;41;0;1
-22;-19;39;0;1
-31;-32;12;0;1
-32;3;54;0;1
-35;-25;18;0;1
-29;2;33;0;1
-14;21;10;1;1
-24;13;47;1;1
-55;-12;43;1;1
-21;26;50;0;1
-27;-12;35;0;1
-41;13;27;1;1
-35;13;55;0;1
-23;24;38;0;1
-34;36;43;0;1
-42;41;30;1;1
-39;-27;41;0;1
-33;-19;38;0;1
-48;2;45;0;1
-55;24;22;1;1
-26;34;28;1;1
-32;-41;34;0;1
-22;15;13;1;1
-25;-25;10;0;1
-42;15;22;0;1
-27;-27;39;1;1
-35;15;13;0;1
-25;-10;8;0;1
-59;-11;19;0;1
-28;37;38;0;1
-20;25;18;0;1
-41;5;51;0;1
-21;-28;30;1;1
-52;8;22;0;1
-33;13;28;1;1
-47;18;48;0;1
-35;36;20;1;1
-28;-7;57;0;1
-25;6;21;0;1
-31;-22;29;0;1
-36;-9;28;0;1
-41;-5;46;1;1
-23;-25;44;0;1
-19;-18;43;1;1
-35;37;27;0;1
-23;26;54;0;1
-19;-12;57;0;1
-34;-37;22;0;1
-40;10;51;0;1
-35;19;15;0;1
-17;-12;52;0;1
-27;1;27;0;1
-28;4;46;0;1
-51;-13;30;1;1
-43;23;17;0;1
-43;2;36;0;1
-11;4;25;1;1
-22;36;14;0;1
-43;-27;21;0;1
-24;31;21;1;1
-48;10;16;0;1
-44;-11;42;0;1
-25;8;60;0;1
-37;7;22;1;1
-13;21;48;0;1
-38;-13;52;0;1
-34;-12;27;1;1
-39;7;46;0;1
-42;21;49;1;1
-41;4;54;0;1
-22;37;40;0;1
-27;45;42;0;1
-24;0;48;0;1
-30;45;15;0;1
-28;-9;54;1;1
-36;-28;45;1;1
-25;19;11;0;1
-16;19;14;0;1
-43;17;40;0;1
-34;18;49;0;1
-23;-3;47;0;1
-11;-3;28;1;1
-37;11;47;0;1
-31;18;58;0;1
-25;21;53;1;1
-46;-40;31;1;1
-28;2;42;0;1
-26;26;29;1;1
-21;-4;43;1;1
-43;-29;23;1;1
-46;-9;16;0;1
-29;41;28;0;1
-37;-11;55;1;1
-14;3;36;1;1
-37;-28;16;0;1
-47;23;42;0;1
-31;-7;63;0;1
-38;17;50;0;1
-18;-12;53;0;1
-53;11;32;1;1
-40;-8;36;0;1
-32;-21;15;0;1
-47;3;19;1;1
-60;5;25;0;1
-29;23;32;1;1
-45;29;42;1;1
-17;-20;12;0;1
-57;-7;16;0;1
-34;-54;27;0;1
-21;24;13;0;1
-33;31;29;1;1
-57;-3;30;0;1
-31;-4;54;1;1
-24;9;47;0;1
-12;19;30;0;1
-47;-13;16;0;1
-21;-23;18;1;1
-48;18;21;0;1
-28;20;37;1;1
-23;-9;8;0;1
-26;32;37;0;1
-24;-13;58;1;1
-33;15;48;1;1
-58;-29;29;1;1
-52;20;21;1;1
-46;-28;20;0;1
-41;-22;19;1;1
-23;27;22;0;1
-45;-13;27;1;1
-35;29;39;0;1
-20;-26;30;0;1
-38;-44;29;1;1
-58;16;23;0;1
-48;38;29;1;1
-48;-9;35;0;1
-43;2;41;0;1
-22;-29;35;1;1
-38;13;54;0;1
-16;16;38;0;1
-33;33;51;1;1
-42;-23;33;0;1
-30;41;25;0;1
-43;-35;20;1;1
-10;-17;26;0;1
-25;-4;63;0;1
-49;15;16;0;1
-55;29;20;0;1
-29;21;56;1;1
-12;-19;60;1;1
-45;-22;37;1;1
-39;16;15;0;1
-37;-17;48;0;1
-26;43;36;1;1
-51;-13;25;0;1
-38;-3;51;1;1
-31;0;34;0;1
-61;-15;29;0;1
-49;0;19;1;1
-17;-17;52;1;1
-36;42;39;0;1
-17;26;17;0;1
-51;-1;16;1;1
-21;-30;44;1;1
-64;-10;28;1;1
-10;8;22;1;1
-49;32;30;0;1
-64;1;24;0;1
-37;-27;54;1;1
-30;36;34;1;1
-25;-33;56;0;1
-38;-7;13;0;1
-35;6;17;0;1
-45;37;30;1;1
-49;-36;17;0;1
-33;13;31;0;1
-51;-21;16;1;1
-33;1;42;0;1
-33;54;31;1;1
-41;-11;36;0;1
-15;21;17;1;1
-51;22;25;0;1
-27;-38;40;0;1
-22;14;7;0;1
-66;14;21;0;1
-52;19;17;0;1
-35;26;14;0;1
-28;-29;51;1;1
-17;19;66;0;1
-23;22;62;0;1
-30;9;60;1;1
-44;19;30;0;1
-28;21;59;1;1
-35;28;31;0;1
-33;-12;50;0;1
-30;-14;41;1;1
-48;-26;17;0;1
-24;36;48;0;1
-44;29;31;0;1
-8;-10;28;0;1
-30;-44;33;0;1
-49;-10;14;0;1
-27;0;56;1;1
-60;4;35;1;1
-43;-19;27;0;1
-21;3;41;1;1
-18;-14;33;1;1
-48;15;19;1;1
-30;-41;45;0;1
-30;26;24;0;1
-43;6;46;0;1
-56;1;30;0;1
-33;-46;25;0;1
-21;22;27;1;1
-14;-13;20;0;1
-40;-43;35;1;1
-43;8;17;0;1
-41;-25;45;0;1
-22;38;36;0;1
-18;-20;46;1;1
-32;-9;47;1;1
-33;15;16;0;1
-54;5;37;1;1
-30;0;29;1;1
-63;-10;21;1;1
-34;5;38;0;1
-26;16;61;1;1
-10;8;25;0;1
-25;-38;15;0;1
-31;-49;41;0;1
-39;14;26;1;1
-40;44;37;1;1
-43;11;21;1;1
-32;-42;25;0;1
-26;35;22;1;1
-22;-14;55;0;1
-35;-36;47;1;1
-28;-25;55;0;1
-31;4;37;0;1
-48;-12;19;1;1
-46;30;15;1;1
-41;-43;18;0;1
-56;24;32;0;1
-40;-5;28;0;1
-32;3;12;0;1
-32;13;19;0;1
-25;38;50;1;1
-22;-14;49;0;1
-33;-27;32;0;1
-47;31;40;0;1
-40;5;58;0;1
-20;-5;26;1;1
-15;-19;46;0;1
-39;-7;34;0;1
-35;46;20;1;1
-55;7;19;0;1
-55;-5;36;0;1
-53;-22;19;1;1
-61;-14;30;0;1
-24;27;28;1;1
-50;-20;23;0;1
-18;13;47;1;1
-35;-27;34;0;1
-59;-4;21;0;1
-44;45;22;0;1
-17;12;26;1;1
-23;12;22;0;1
-13;-18;50;0;1
-50;-17;32;1;1
-49;13;15;1;1
-20;33;17;0;1
-29;-11;43;1;1
-25;-16;30;1;1
-27;-38;30;1;1
-27;37;51;0;1
-44;7;35;0;1
-35;0;20;0;1
-24;-25;35;0;1
-56;1;37;0;1
-34;-43;38;0;1
-25;-9;24;0;1
-18;-5;24;1;1
-33;-51;17;1;1
-32;-4;38;0;1
-45;20;14;0;1
-34;46;16;1;1
-37;-36;29;1;1
-17;-25;34;0;1
-56;17;24;1;1
-28;0;44;0;1
-25;26;36;0;1
-39;22;27;0;1
-29;11;41;0;1
-23;9;20;0;1
-59;21;32;0;1
-41;-12;34;1;1
-21;25;54;0;1
-59;-4;19;0;1
-54;-10;25;1;1
-29;-29;21;0;1
-25;29;27;0;1
-23;-37;33;1;1
-27;10;28;0;1
-39;-3;47;0;1
-40;-47;19;0;1
-26;3;31;0;1
-50;-1;28;0;1
-42;-3;30;0;1
-28;14;33;0;1
-45;22;19;1;1
-29;-19;11;0;1
-41;32;15;1;1
-59;-11;29;0;1
-32;45;15;1;1
-58;12;18;0;1
-45;25;26;1;1
-36;-51;22;0;1
-18;20;40;0;1
-22;-27;29;0;1
-24;-20;18;0;1
-32;-5;58;0;1
-19;-16;50;1;1
-18;27;51;0;1
-34;-9;44;0;1
-37;18;56;1;1
-33;32;35;1;1
-10;-10;27;1;1
-16;-4;37;1;1
-29;36;23;0;1
-37;-26;26;1;1
-37;-26;18;1;1
-36;-11;36;0;1
-27;-3;47;1;1
-35;-28;35;0;1
-26;44;21;1;1
-15;17;47;0;1
-45;3;42;0;1
-49;-10;24;0;1
-45;5;19;0;1
-33;22;34;1;1
-39;43;21;0;1
-52;39;20;0;1
-43;-3;33;0;1
-21;-16;50;1;1
-58;-21;27;0;1
-36;28;26;0;1
-40;3;38;0;1
-54;-4;42;0;1
-24;-30;20;1;1
-22;-20;20;1;1
-19;11;27;0;1
-16;10;36;0;1
-45;19;49;0;1
-40;-22;49;0;1
-54;1;26;0;1
-20;11;62;0;1
-20;11;14;0;1
-46;28;24;0;1
-16;24;43;1;1
-23;20;61;1;1
-26;25;34;0;1
-46;-21;32;1;1
-28;-14;51;0;1
-43;18;25;1;1
-21;-24;13;1;1
-46;-25;39;0;1
-29;32;52;0;1
-30;-25;11;0;1
-22;34;43;1;1
-53;-26;33;0;1
-64;-5;18;0;1
-43;33;45;1;1
-27;29;31;0;1
-42;53;20;0;1
-37;-13;15;0;1
-36;-1;19;0;1
-29;-4;58;0;1
-54;-8;39;0;1
-35;-38;26;1;1
-13;-16;23;0;1
-46;-44;22;0;1
-17;-24;50;1;1
-47;10;42;0;1
-22;27;12;0;1
-33;-8;30;0;1
-35;1;15;1;1
-46;-5;48;0;1
-39;32;36;1;1
-38;-31;41;1;1
-20;-24;38;1;1
-53;-6;33;0;1
-62;2;28;0;1
-46;6;47;0;1
-36;-10;55;0;1
-23;23;20;0;1
-48;9;31;1;1
-35;38;44;0;1
-10;15;42;1;1
-65;-4;27;1;1
-21;5;52;0;1
-23;31;54;0;1
-25;15;40;0;1
-43;-39;26;0;1
-27;-37;39;0;1
-22;-37;29;0;1
-29;-9;15;0;1
-43;-40;32;1;1
-16;-23;57;0;1
-17;13;21;0;1
-28;5;57;1;1
-44;26;19;0;1
-23;-2;16;0;1
-24;4;30;0;1
-13;-12;37;0;1
-30;44;36;1;1
-23;33;36;0;1
-63;21;19;0;1
-22;16;51;1;1
-24;-12;34;0;1
-38;18;25;1;1
-9;-14;33;0;1
-42;-25;28;0;1
-45;4;16;0;1
-13;-14;22;0;1
-9;8;32;0;1
-10;-14;39;0;1
-55;-3;43;1;1
-43;29;33;0;1
-33;-55;20;0;1
-44;-40;29;1;1
-14;-12;47;0;1
-29;13;11;0;1
-54;-25;16;0;1
-30;17;48;0;1
-48;29;34;0;1
-35;-10;34;0;1
-28;46;24;0;1
-33;28;23;1;1
-60;-23;26;0;1
-19;7;40;1;1
-46;11;48;0;1
-43;29;20;0;1
-36;29;36;1;1
-26;13;39;0;1
-29;-39;35;0;1
-41;-12;15;1;1
-44;47;19;1;1
-44;-44;24;0;1
-22;0;23;0;1
-9;11;33;0;1
-49;44;23;0;1
-28;-28;34;0;1
-44;-12;20;1;1
-29;2;56;0;1
-21;19;48;0;1
-32;-30;22;0;1
-33;57;24;1;1
-42;-10;50;0;1
-27;-24;14;1;1
-22;-12;20;0;1
-31;-40;24;0;1
-12;11;41;0;1
-36;50;17;0;1
-26;-40;47;0;1
-27;36;20;0;1
-29;-12;29;1;1
-26;23;13;0;1
-48;5;42;0;1
-23;35;27;0;1
-48;-29;25;1;1
-50;22;21;0;1
-33;-50;37;0;1
-23;28;55;1;1
-20;32;18;0;1
-47;-18;35;1;1
-25;-21;25;1;1
-21;0;25;1;1
-33;-2;29;1;1
-39;50;25;0;1
-26;-33;57;1;1
-25;20;55;1;1
-21;-9;10;0;1
-35;-4;34;0;1
-33;-36;31;0;1
-54;-23;37;0;1
-40;-21;33;0;1
-37;-28;26;0;1
-35;-6;10;0;1
-24;-30;32;1;1
-28;-22;44;1;1
-17;21;51;0;1
-38;54;22;0;1
-21;15;52;0;1
-45;-42;26;0;1
-40;25;50;1;1
-45;2;54;0;1
-21;-36;37;0;1
-25;8;64;0;1
-60;-23;28;1;1
-10;-13;25;0;1
-30;-31;28;0;1
-54;32;27;0;1
-36;4;45;1;1
-28;20;46;1;1
-20;-10;24;0;1
-28;30;41;1;1
-21;5;53;1;1
-38;-53;26;1;1
-35;-20;48;1;1
-51;4;42;0;1
-27;20;32;1;1
-62;16;22;0;1
-17;-19;11;0;1
-13;4;26;0;1
-55;8;24;0;1
-26;21;49;1;1
-32;-12;23;0;1
-16;17;23;0;1
-29;-5;63;1;1
-38;-11;35;0;1
-45;35;35;0;1
-43;23;34;0;1
-37;51;30;1;1
-48;-25;18;1;1
-44;-35;37;0;1
-25;43;17;1;1
-28;-6;45;1;1
-30;-10;38;0;1
-32;12;33;0;1
-15;25;28;0;1
-18;-15;26;0;1
-52;-10;35;0;1
-34;19;31;0;1
-38;-16;21;0;1
-51;-18;19;0;1
-28;27;18;0;1
-37;40;39;0;1
-23;8;16;0;1
-29;49;42;0;1
-36;-51;30;0;1
-34;-4;23;1;1
-59;-10;36;0;1
-65;16;18;0;1
-29;41;30;1;1
-15;23;59;0;1
-18;30;24;0;1
-34;-32;35;1;1
-20;24;50;0;1
-49;-29;37;0;1
-29;-14;35;1;1
-27;22;51;1;1
-19;12;54;1;1
-51;5;37;1;1
-28;-3;41;1;1
-24;5;10;1;1
-40;-28;15;0;1
-27;-25;55;1;1
-43;39;27;0;1
-36;7;34;0;1
-51;-35;19;0;1
-62;-11;28;1;1
-43;-32;27;0;1
-22;18;19;1;1
-34;29;29;0;1
-45;-2;16;0;1
-30;-25;32;0;1
-32;-22;33;0;1
-32;36;30;1;1
-20;-7;25;0;1
-37;29;50;1;1
-41;6;44;1;1
-25;9;8;0;1
-41;5;22;0;1
-46;38;26;1;1
-19;28;38;0;1
-46;-9;31;1;1
-43;7;40;0;1
-23;-39;13;0;1
-46;5;48;0;1
-40;-31;40;0;1
-42;-4;27;0;1
-23;-35;36;0;1
-35;-10;12;1;1
-17;4;26;0;1
-42;-47;26;1;1
-62;-6;31;1;1
-12;8;37;1;1
-21;-15;45;0;1
-30;33;55;1;1
-23;13;36;0;1
-11;9;27;0;1
-49;-26;34;0;1
-38;-34;47;0;1
-32;-32;39;0;1
-37;4;33;1;1
-45;36;31;1;1
-46;34;31;1;1
-33;25;35;0;1
-36;-30;47;0;1
-38;-9;22;1;1
-38;33;34;0;1
-17;6;45;0;1
-63;7;32;0;1
-25;-8;55;0;1
-41;39;33;0;1
-15;-16;11;0;1
-30;-34;23;0;1
-18;23;19;1;1
-24;-17;44;0;1
-31;8;38;0;1
-56;3;23;1;1
-19;32;38;1;1
-55;3;38;1;1
-51;-39;26;0;1
-21;-29;40;0;1
-44;-19;26;0;1
-23;36;28;0;1
-18;-16;19;0;1
-45;-3;50;0;1
-46;25;28;1;1
-30;27;58;1;1
-27;46;18;0;1
-16;21;28;0;1
-55;-3;28;0;1
-36;-21;43;0;1
-48;-4;26;1;1
-38;-1;25;1;1
-23;-36;55;0;1
-22;-26;60;0;1
-27;-45;25;0;1
-11;16;23;1;1
-25;28;17;0;1
-39;40;25;0;1
-21;-33;34;0;1
-16;-16;32;1;1
-39;24;46;0;1
-24;14;37;1;1
-26;23;16;0;1
-29;-42;19;0;1
-40;-13;36;0;1
-36;13;20;0;1
-54;-36;28;0;1
-54;0;38;0;1
-58;-10;23;0;1
-25;5;25;0;1
-53;26;25;0;1
-54;-20;20;1;1
-43;-16;20;1;1
-26;-37;13;0;1
-48;14;35;1;1
-36;-3;61;1;1
-41;17;45;1;1
-41;-20;26;1;1
-45;-32;28;0;1
-24;15;23;1;1
-27;31;48;0;1
-12;-14;38;1;1
-16;23;34;0;1
-41;48;18;0;1
-49;10;39;0;1
-31;29;12;0;1
-22;-33;40;1;1
-52;1;22;0;1
-53;8;29;0;1
-31;43;17;0;1
-41;31;36;0;1
-32;-7;47;0;1
-44;-2;27;0;1
-47;-23;23;0;1
-34;-18;52;0;1
-35;49;30;0;1
-53;-19;37;0;1
-42;36;30;1;1
-18;-27;61;0;1
-24;38;27;0;1
-32;-18;37;0;1
-29;-21;34;1;1
-18;9;46;0;1
-40;8;57;0;1
-40;-5;17;0;1
-53;-8;35;0;1
-51;10;14;0;1
-54;27;18;0;1
-28;-35;13;0;1
-44;9;38;0;1
-27;7;53;0;1
-35;-13;41;0;1
-49;6;49;0;1
-56;28;17;1;1
-44;22;15;0;1
-38;7;15;0;1
-22;27;61;1;1
-37;7;46;0;1
-35;24;38;1;1
-25;36;51;0;1
-29;7;21;0;1
-14;24;63;1;1
-11;-16;36;0;1
-35;23;21;0;1
-36;3;56;0;1
-31;-12;48;0;1
-21;-12;15;1;1
-54;5;26;0;1
-45;11;34;0;1
-26;-16;41;0;1
-39;-48;34;1;1
-61;-1;18;0;1
-37;6;46;0;1
-36;33;33;0;1
-44;0;30;0;1
-54;-19;27;1;1
-54;-20;40;1;1
-29;-22;20;0;1
-11;14;18;1;1
-56;36;22;1;1
-35;8;42;1;1
-25;-43;21;0;1
-35;39;46;0;1
-21;32;22;1;1
-18;-28;31;0;1
-20;0;31;0;1
-38;40;32;0;1
-47;-17;40;1;1
-16;-23;62;1;1
-52;-29;20;0;1
-28;-35;29;0;1
-27;14;54;0;1
-21;-31;59;0;1
-49;1;25;0;1
-49;17;34;0;1
-31;-12;47;0;1
-29;19;59;1;1
-35;-19;53;0;1
-18;-9;49;0;1
-24;0;26;1;1
-43;-28;41;0;1
-58;11;22;1;1
-20;-8;59;0;1
-16;0;32;0;1
-18;-5;46;0;1
-28;42;33;0;1
-57;-3;36;0;1
-26;17;38;0;1
-22;18;45;0;1
-48;24;45;1;1
-41;-4;25;0;1
-45;-38;36;0;1
-37;53;29;0;1
-37;-4;43;0;1
-41;-39;21;0;1
-18;-5;36;0;1
-33;-5;23;0;1
-50;18;34;1;1
-31;-3;60;0;1
-31;-4;52;0;1
-47;-23;39;1;1
-28;23;42;0;1
-49;-1;15;0;1
-51;40;23;0;1
-55;-27;30;0;1
-28;7;33;0;1
-47;28;19;0;1
-43;-20;23;0;1
-42;11;21;0;1
-27;-5;19;0;1
-35;-22;57;0;1
-29;16;58;0;1
-26;15;27;0;1
-45;31;45;0;1
-22;-19;16;0;1
-36;-39;22;0;1
-20;-8;57;0;1
-32;-33;17;0;1
-15;-17;28;1;1
-44;-30;36;1;1
-22;2;24;1;1
-27;-25;25;1;1
-39;19;23;1;1
-24;-3;18;0;1
-23;15;64;1;1
-36;13;37;0;1
-42;-34;42;0;1
-36;21;12;1;1
-20;-27;31;1;1
-44;49;22;1;1
-56;-9;22;0;1
-34;54;23;0;1
-19;-7;36;0;1
-39;-48;25;0;1
-30;-19;36;0;1
-30;-2;35;1;1
-19;29;24;0;1
-25;3;23;1;1
-19;-29;25;0;1
-43;-47;19;0;1
-34;-10;39;0;1
-23;7;42;1;1
-36;15;39;1;1
-49;-13;23;0;1
-25;-36;28;0;1
-27;-16;9;1;1
-33;-35;20;0;1
-47;19;37;1;1
-30;-13;19;0;1
-19;-19;50;1;1
-58;23;17;0;1
-12;-15;37;0;1
-47;28;36;1;1
-40;24;46;0;1
-25;33;17;0;1
-33;-8;34;0;1
-41;3;13;0;1
-38;40;17;0;1
-40;8;29;0;1
-29;32;36;1;1
-38;24;39;0;1
-24;-21;32;0;1
-37;0;27;1;1
-58;-24;21;1;1
-29;1;9;0;1
-15;7;19;1;1
-25;27;38;0;1
-38;2;12;0;1
-28;-40;48;0;1
-45;-11;32;0;1
-33;55;21;0;1
-51;39;29;0;1
-28;-1;9;0;1
-26;-26;32;0;1
-24;-25;60;1;1
-60;-2;19;0;1
-44;8;33;0;1
-45;-35;41;0;1
-58;0;19;1;1
-51;24;19;1;1
-16;-20;8;0;1
-53;-20;36;1;1
-21;8;37;0;1
-13;13;36;0;1
-46;32;23;0;1
-54;-18;36;1;1
-41;8;39;0;1
-32;50;23;0;1
-30;-8;32;0;1
-54;25;20;0;1
-42;33;30;0;1
-33;1;56;1;1
-37;33;21;0;1
-44;14;45;0;1
-20;16;9;0;1
-26;39;17;1;1
-37;-22;52;0;1
-37;-15;51;1;1
-33;57;23;0;1
-24;23;21;1;1
-17;24;40;0;1
-51;25;28;1;1
-32;37;34;0;1
-38;-4;45;1;1
-39;25;50;0;1
-17;-17;58;0;1
-40;12;33;0;1
-34;31;47;0;1
-31;45;23;1;1
-25;-38;50;0;1
-43;19;19;0;1
-53;15;42;0;1
-39;-11;22;0;1
-46;28;42;0;1
-26;-22;42;1;1
-41;-30;16;0;1
-17;-29;60;0;1
-36;-5;32;0;1
-22;37;46;1;1
-32;39;42;0;1
-28;-12;59;0;1
-46;-16;26;0;1
-23;-17;11;0;1
-31;-26;28;0;1
-17;20;8;1;1
-62;3;31;0;1
-26;21;10;1;1
-37;31;16;1;1
-21;-28;55;1;1
-59;32;20;0;1
-29;25;14;0;1
-21;17;13;0;1
-27;28;12;1;1
-43;29;47;0;1
-46;-26;44;0;1
-22;-16;65;0;1
-32;8;56;1;1
-34;-35;29;0;1
-29;-11;37;0;1
-42;33;27;1;1
-25;27;27;1;1
-22;1;57;0;1
-13;-14;18;0;1
-20;15;39;0;1
-22;7;33;0;1
-46;-14;31;1;1
-48;-9;22;1;1
-46;11;23;0;1
-32;18;54;0;1
-31;24;37;0;1
-22;-26;57;1;1
-14;24;42;1;1
-31;6;63;0;1
-13;0;34;0;1
-50;-41;23;0;1
-25;-9;10;0;1
-39;-49;33;0;1
-11;19;32;1;1
-35;-18;35;0;1
-39;-22;37;1;1
-46;11;38;0;1
-17;-4;37;0;1
-28;20;10;0;1
-32;23;33;0;1
-53;15;17;0;1
-36;-22;17;0;1
-37;15;26;1;1
-54;8;19;1;1
-62;-3;20;0;1
-19;19;32;0;1
-24;-21;59;0;1
-35;-27;44;1;1
-22;-31;15;0;1
-32;8;19;0;1
-23;36;52;0;1
-21;-29;55;0;1
-45;21;18;0;1
-17;-20;29;0;1
-25;6;55;0;1
-25;-16;52;0;1
-21;36;12;0;1
-33;15;27;0;1
-20;11;53;0;1
-43;-3;17;0;1
-45;38;30;0;1
-28;31;32;1;1
-42;-8;18;0;1
-26;20;38;0;1
-49;-23;23;0;1
-35;29;27;1;1
-34;-23;27;1;1
-32;40;27;1;1
-60;-11;26;0;1
-42;-21;20;0;1
-53;-17;28;0;1
-22;25;37;1;1
-48;-25;20;1;1
-36;8;59;0;1
-24;32;50;1;1
-37;-1;21;1;1
-23;6;9;1;1
-54;24;19;1;1
-47;40;20;1;1
-28;3;57;0;1
-22;2;57;1;1
-38;-45;16;1;1
-48;0;34;0;1
-59;-19;33;1;1
-48;36;35;1;1
-41;-37;20;1;1
-33;3;31;0;1
-36;-12;35;0;1
-43;-26;22;0;1
-26;24;37;0;1
-34;43;45;0;1
-27;31;37;1;1
-56;-10;28;1;1
-37;0;15;0;1
-40;-38;42;1;1
-36;20;26;0;1
-49;-37;26;1;1
-27;28;41;0;1
-16;-2;20;0;1
-31;-45;27;1;1
-36;-27;33;0;1
-46;39;18;0;1
-36;-13;43;0;1
-32;-19;52;0;1
-35;-1;43;0;1
-13;21;51;1;1
-27;-20;12;1;1
-23;15;53;1;1
-49;-27;40;0;1
-39;-41;16;1;1
-16;5;32;1;1
-24;17;24;0;1
-40;-10;16;0;1
-45;-20;40;1;1
-35;-36;45;0;1
-20;5;55;1;1
-33;-34;24;0;1
-43;-38;25;1;1
-32;23;16;0;1
-21;26;30;0;1
-15;6;35;0;1
-57;23;19;1;1
-41;-29;49;1;1
-41;12;21;0;1
-23;-19;41;1;1
-37;-9;21;0;1
-24;17;29;1;1
-24;-13;48;0;1
-51;-25;30;0;1
-39;-24;46;1;1
-43;-1;30;1;1
-52;0;28;0;1
-49;-10;15;1;1
-28;-43;29;0;1
-44;-14;47;0;1
-29;-48;32;0;1
-16;17;52;1;1
-29;37;24;0;1
-31;37;47;1;1
-46;-26;27;0;1
-29;-4;54;0;1
-26;14;63;1;1
-42;-3;38;1;1
-17;-29;55;1;1
-23;-36;27;1;1
-25;-43;45;1;1
-38;-26;54;1;1
-21;3;47;0;1
-15;25;23;0;1
-35;-1;19;0;1
-16;-16;53;1;1
-19;20;13;0;1
-49;-8;37;0;1
-53;-9;31;0;1
-30;17;16;0;1
-38;-26;41;1;1
-18;30;31;1;1
-51;-9;45;0;1
-25;31;17;1;1
-56;-8;34;0;1
-46;42;19;0;1
-17;-28;47;0;1
-27;12;8;1;1
-23;24;54;0;1
-54;10;45;1;1
-21;-15;13;1;1
-29;5;62;0;1
-27;15;54;1;1
-12;-19;10;1;1
-21;-21;49;1;1
-17;7;40;0;1
-20;1;40;0;1
-27;-16;24;1;1
-39;0;58;0;1
-45;40;24;0;1
-44;2;55;1;1
-24;19;64;1;1
-38;27;41;0;1
-32;-24;25;0;1
-56;33;19;0;1
-59;-7;25;0;1
-17;25;16;0;1
-23;32;36;1;1
-28;27;14;1;1
-37;32;34;0;1
-38;-18;35;0;1
-15;24;25;1;1
-56;1;35;0;1
-58;0;29;1;1
-20;16;53;0;1
-26;-36;22;1;1
-22;31;11;0;1
-19;12;57;1;1
-33;49;39;0;1
-12;19;55;0;1
-26;-1;29;1;1
-59;-9;16;0;1
-34;5;26;0;1
-21;-21;24;1;1
-16;21;42;1;1
-52;-27;16;0;1
-27;7;31;0;1
-20;-3;33;0;1
-51;45;19;1;1
-32;-23;35;0;1
-55;24;31;1;1
-45;-11;40;0;1
-23;16;13;1;1
-20;-8;15;1;1
-39;40;34;0;1
-30;8;10;1;1
-32;-17;12;0;1
-30;-21;30;1;1
-27;17;17;0;1
-60;11;27;1;1
-42;-3;35;1;1
-51;-22;29;0;1
-60;-4;29;0;1
-37;-34;30;0;1
-26;8;62;0;1
-19;-20;8;0;1
-31;8;41;0;1
-28;-14;59;0;1
-51;-32;22;1;1
-50;27;37;1;1
-52;-34;17;0;1
-13;14;44;1;1
-49;24;45;0;1
-38;-34;14;1;1
-33;43;29;1;1
-45;-41;31;0;1
-42;32;41;0;1
-32;44;35;0;1
-30;-24;11;1;1
-14;-3;33;0;1
-39;-7;29;1;1
-55;-4;34;1;1
-27;-7;22;0;1
-50;-2;36;1;1
-39;-55;22;0;1
-49;26;23;0;1
-48;-10;21;0;1
-46;-15;27;0;1
-27;-4;54;0;1
-42;-38;21;1;1
-48;6;39;1;1
-44;3;38;0;1
-46;9;16;0;1
-33;-42;38;1;1
-26;-8;32;1;1
-30;4;15;1;1
-64;2;30;0;1
-53;6;17;1;1
-51;26;27;0;1
-55;-12;27;0;1
-32;-18;32;0;1
-58;-20;34;0;1
-24;-36;49;1;1
-11;-15;48;0;1
-36;21;15;0;1
-53;27;32;1;1
-55;-21;23;1;1
-36;18;12;0;1
-39;-33;38;1;1
-49;13;28;1;1
-41;15;47;1;1
-12;-5;28;0;1
-66;-9;22;0;1
-25;-43;33;1;1
-27;-5;36;1;1
-45;-19;23;0;1
-36;35;35;0;1
-19;26;42;0;1
-56;-28;21;1;1
-31;-21;31;0;1
-26;25;32;0;1
-38;-9;41;1;1
-14;21;56;0;1
-21;-3;30;0;1
-13;-13;21;0;1
-20;-18;57;0;1
-24;30;45;0;1
-28;17;38;0;1
-28;26;14;0;1
-17;14;59;1;1
-46;17;35;1;1
-46;-7;33;0;1
-36;3;59;0;1
-33;49;30;0;1
-36;25;36;0;1
-41;35;36;0;1
-40;-49;31;0;1
-27;32;51;0;1
-26;-24;45;0;1
-44;16;35;0;1
-53;-1;29;1;1
-25;-15;31;1;1
-20;-25;59;1;1
-32;-26;29;0;1
-14;5;22;1;1
-47;10;16;1;1
-44;-1;30;0;1
-34;0;56;0;1
-22;7;14;1;1
-34;40;47;0;1
-48;-19;42;0;1
-51;-15;21;1;1
-58;3;27;0;1
-31;-1;12;0;1
-39;-5;31;1;1
-48;-24;32;1;1
-55;3;20;1;1
-18;28;62;0;1
-62;14;20;0;1
-31;29;45;0;1
-40;-17;28;0;1
-37;22;13;0;1
-24;21;52;0;1
-36;-34;47;0;1
-15;-21;33;1;1
-52;36;23;0;1
-31;-31;27;1;1
-34;1;54;0;1
-42;32;39;1;1
-38;-30;15;1;1
-18;-17;20;1;1
-25;26;29;0;1
-46;-31;39;0;1
-22;-18;19;0;1
-34;-40;20;0;1
-11;-18;41;0;1
-33;28;55;0;1
-35;-43;41;0;1
-19;-29;28;0;1
-23;-6;54;0;1
-29;-9;34;1;1
-41;-34;17;0;1
-21;-3;22;0;1
-48;20;46;0;1
-24;5;35;1;1
-53;1;17;1;1
-48;-22;46;0;1
-20;-3;40;0;1
-47;-42;18;0;1
-42;-24;36;0;1
-44;24;35;0;1
-37;10;21;0;1
-27;-11;38;0;1
-50;-32;25;0;1
-17;0;30;0;1
-27;12;47;1;1
-14;-20;43;1;1
-35;-50;33;0;1
-30;-41;43;0;1
-20;-25;12;1;1
-29;19;29;0;1
-24;-15;59;0;1
-46;-45;25;1;1
-35;0;24;1;1
-30;-5;35;1;1
-36;-40;16;0;1
-17;-3;23;0;1
-44;-39;18;1;1
-53;40;21;0;1
-38;-50;24;1;1
-28;-27;16;0;1
-29;13;46;0;1
-58;-9;21;0;1
-45;33;17;0;1
-15;17;33;0;1
-60;24;24;1;1
-31;6;15;0;1
-30;26;45;0;1
-28;-2;43;0;1
-20;-21;20;1;1
-15;-7;20;0;1
-27;42;24;0;1
-41;15;30;0;1
-62;15;21;1;1
-51;19;33;0;1
-33;-37;16;0;1
-55;15;20;0;1
-55;1;42;1;1
-19;13;61;0;1
-23;-17;49;0;1
-60;19;26;1;1
-54;-4;26;1;1
-20;-14;58;0;1
-61;19;23;1;1
-48;-19;14;0;1
-20;-7;33;1;1
-52;3;35;0;1
-37;-51;27;0;1
-31;39;16;1;1
-39;4;22;1;1
-48;23;17;1;1
-17;28;32;0;1
-24;7;34;0;1
-22;-15;24;1;1
-29;31;29;0;1
-29;-14;20;0;1
-38;-31;25;0;1
-35;-9;33;0;1
-48;31;18;0;1
-18;-29;18;1;1
-51;0;49;0;1
-39;26;38;1;1
-23;-5;60;0;1
-25;-32;41;0;1
-18;4;50;0;1
-16;-8;32;1;1
-35;-4;45;0;1
-47;-23;34;0;1
-40;18;43;0;1
-53;31;28;1;1
-39;-16;28;1;1
-20;-28;24;0;1
-39;-29;45;0;1
-41;35;46;0;1
-40;39;16;1;1
-31;0;30;1;1
-24;12;54;0;1
-61;-12;29;0;1
-55;0;32;1;1
-53;19;25;0;1
-17;8;23;1;1
-47;-7;36;0;1
-60;14;27;1;1
-41;-11;18;0;1
-27;22;32;0;1
-61;26;18;0;1
-17;20;11;0;1
-33;-37;31;0;1
-38;28;25;1;1
-33;-13;37;0;1
-50;-3;23;0;1
-29;-7;41;0;1
-18;-24;11;0;1
-10;-5;29;0;1
-27;-40;47;0;1
-27;-31;31;1;1
-42;30;21;0;1
-50;10;26;1;1
-51;-6;26;0;1
-45;18;44;0;1
-37;39;32;0;1
-17;22;52;0;1
-56;-3;32;0;1
-34;5;14;0;1
-64;2;25;1;1
-40;-44;17;1;1
-30;-18;54;0;1
-35;5;59;1;1
-34;-15;31;1;1
-55;5;15;0;1
-21;29;13;0;1
-39;-3;32;1;1
-38;29;27;0;1
-54;-6;38;1;1
-13;-15;38;1;1
-16;0;42;1;1
-40;19;46;0;1
-34;31;27;0;1
-58;-4;39;0;1
-19;-1;27;0;1
-63;5;24;1;1
-15;16;13;0;1
-23;10;30;1;1
-22;35;57;1;1
-14;7;29;0;1
-25;-33;55;1;1
-15;24;43;0;1
-39;-2;11;0;1
-28;-18;52;0;1
-27;-41;28;1;1
-42;-17;37;1;1
-29;37;21;1;1
-18;-11;28;0;1
-21;11;48;0;1
-27;11;38;0;1
-9;-11;22;1;1
-51;37;17;0;1
-32;27;35;0;1
-41;-36;36;0;1
-38;-7;11;0;1
-36;25;21;1;1
-34;-22;58;1;1
-60;-17;26;0;1
-40;-51;21;0;1
-28;7;48;1;1
-23;-22;11;1;1
-44;-3;25;1;1
-22;11;61;1;1
-60;-27;20;0;1
-25;-18;13;0;1
-39;-51;22;0;1
-23;27;36;0;1
-53;38;23;1;1
-44;-27;33;0;1
-45;-19;20;0;1
-35;11;52;0;1
-50;10;16;0;1
-44;-50;22;0;1
-33;29;28;0;1
-42;1;15;0;1
-39;29;16;0;1
-44;2;18;1;1
-22;-20;24;0;1
-22;-23;53;0;1
-23;4;18;1;1
-45;-12;42;1;1
-35;-14;14;0;1
-32;8;35;0;1
-37;-20;21;0;1
-13;15;52;0;1
-22;-6;35;0;1
-23;-10;27;0;1
-46;-19;24;0;1
-27;-45;30;0;1
-35;-4;51;1;1
-32;2;34;0;1
-16;-21;48;1;1
-34;-1;40;0;1
-47;-34;16;0;1
-47;3;52;0;1
-34;25;17;1;1
-50;29;33;0;1
-40;7;24;0;1
-17;-22;23;0;1
-40;10;27;1;1
-34;-9;23;1;1
-32;5;60;0;1
-27;-30;18;0;1
-29;22;46;1;1
-45;42;30;0;1
-20;-5;20;0;1
-18;-29;62;0;1
-59;-20;27;1;1
-62;-1;18;0;1
-62;12;18;1;1
-46;-23;27;0;1
-28;41;18;1;1
-45;-19;40;1;1
-32;-47;40;0;1
-36;51;18;0;1
-40;32;46;0;1
-26;-26;39;0;1
-36;2;58;0;1
-57;-13;21;1;1
-17;-23;58;0;1
-31;-47;16;0;1
-30;35;19;1;1
-36;16;15;0;1
-23;-27;32;0;1
-27;-7;32;0;1
-32;-45;42;1;1
-28;10;9;1;1
-56;-12;33;1;1
-40;31;35;0;1
-23;10;24;0;1
-45;5;36;0;1
-18;25;31;0;1
-19;29;56;0;1
-34;-1;39;0;1
-40;-46;33;1;1
-27;-5;39;0;1
-23;-35;20;1;1
-18;19;35;0;1
-48;8;14;0;1
-51;-11;22;1;1
-17;-13;12;0;1
-24;-14;47;1;1
-47;2;47;1;1
-28;0;60;0;1
-43;-8;19;0;1
-20;31;29;0;1
-26;32;16;1;1
-15;21;41;0;1
-25;-1;37;0;1
-21;22;62;1;1
-23;-5;9;1;1
-26;10;29;0;1
-42;8;35;0;1
-67;-14;19;0;1
-23;-38;29;0;1
-20;27;53;0;1
-52;24;21;0;1
-19;16;35;0;1
-15;9;43;0;1
-26;-10;47;0;1
-46;32;41;0;1
-21;2;19;0;1
-26;-45;26;0;1
-45;2;49;1;1
-23;12;21;0;1
-42;8;45;1;1
-24;20;27;0;1
-25;-4;37;0;1
-46;38;34;0;1
-24;-9;59;0;1
-31;-26;27;0;1
-23;-1;39;0;1
-43;5;20;1;1
-16;-27;58;0;1
-9;12;24;1;1
-23;7;45;0;1
-36;-9;40;1;1
-23;-33;25;0;1
-32;-42;16;0;1
-22;-35;15;0;1
-22;-33;39;1;1
-26;-28;31;0;1
-40;-26;36;0;1
-34;23;16;0;1
-64;-4;19;0;1
-33;2;39;1;1
-29;16;36;1;1
-19;29;32;0;1
-26;-17;15;0;1
-35;-30;17;1;1
-31;16;25;1;1
-19;18;55;1;1
-15;20;57;1;1
-35;30;35;0;1
-18;15;40;0;1
-54;0;28;0;1
-55;-12;42;1;1
-14;-7;37;0;1
-20;-19;10;0;1
-13;0;31;0;1
-52;-3;27;1;1
-12;15;42;1;1
-25;37;12;0;1
-13;11;43;0;1
-42;45;34;0;1
-8;10;35;0;1
-35;-4;31;1;1
-39;10;20;0;1
-65;2;27;0;1
-12;18;50;1;1
-35;-10;35;0;1
-40;10;16;1;1
-38;-34;30;1;1
-49;6;24;0;1
-18;-16;40;0;1
-33;3;39;0;1
-32;-55;22;0;1
-46;32;34;1;1
-45;-19;39;0;1
-42;19;35;0;1
-28;10;54;1;1
-19;-22;37;1;1
-59;15;28;0;1
-24;3;62;0;1
-47;46;23;1;1
-27;-41;46;0;1
-21;-19;9;0;1
-23;26;19;0;1
-60;-9;33;0;1
-17;-14;57;1;1
-25;-23;41;1;1
-35;25;48;0;1
-17;1;19;0;1
-32;50;31;1;1
-26;-18;56;0;1
-22;15;8;0;1
-15;-9;28;0;1
-39;-22;39;0;1
-46;-17;32;1;1
-64;17;25;0;1
-56;6;19;0;1
-42;-20;25;1;1
-19;19;15;0;1
-26;26;51;1;1
-10;14;20;0;1
-44;11;27;1;1
-32;-38;14;1;1
-22;-25;21;1;1
-31;-10;54;1;1
-37;-3;43;0;1
-31;-27;22;0;1
-20;-18;63;0;1
-25;38;35;1;1
-31;18;50;0;1
-40;-26;49;1;1
-45;25;29;0;1
-15;-3;42;1;1
-12;13;43;0;1
-23;-15;60;1;1
-29;5;37;0;1
-48;2;49;1;1
-28;1;27;1;1
-40;13;43;1;1
-53;-31;21;0;1
-43;-9;15;0;1
-11;10;37;0;1
-37;25;13;1;1
-22;-3;46;0;1
-35;-16;11;0;1
-54;4;28;0;1
-31;-18;10;0;1
-47;-12;31;1;1
-62;-15;21;0;1
-46;32;33;0;1
-44;-47;20;1;1
-38;18;18;1;1
-11;-6;21;0;1
-40;-40;16;0;1
-24;20;36;0;1
-15;-14;34;1;1
-49;-24;29;0;1
-60;24;18;1;1
-44;-3;24;0;1
-29;4;62;0;1
-38;-47;27;0;1
-20;23;15;0;1
-26;9;26;0;1
-39;4;35;1;1
-44;-31;38;0;1
-34;-8;24;1;1
-20;21;42;1;1
-14;16;41;0;1
-31;-20;47;0;1
-31;19;24;0;1
-21;7;47;0;1
-37;21;18;0;1
-15;-23;11;0;1
-22;-32;25;0;1
-35;27;12;0;1
-64;-9;21;0;1
-21;-18;43;0;1
-26;4;51;1;1
-39;40;24;1;1
-34;10;26;0;1
-21;-1;18;0;1
-38;11;37;1;1
-21;18;37;1;1
-32;17;28;0;1
-39;-26;38;1;1
-16;10;33;1;1
-44;-6;43;0;1
-29;42;14;1;1
-45;-24;28;0;1
-21;-13;36;0;1
-34;8;24;0;1
-50;29;35;0;1
-36;-43;34;1;1
-26;-7;44;0;1
-26;45;21;0;1
-38;51;19;0;1
-42;-11;34;0;1
-56;-3;30;0;1
-30;-30;34;0;1
-13;-20;15;1;1
-45;-50;20;0;1
-30;-4;20;0;1
-29;-7;10;0;1
-35;-43;38;0;1
-38;-35;22;0;1
-22;20;31;1;1
-36;28;43;1;1
-47;5;42;1;1
-20;-24;32;0;1
-24;6;29;0;1
-51;-12;22;1;1
-36;23;46;0;1
-27;-42;33;0;1
-24;-25;30;0;1
-23;-17;36;0;1
-12;19;26;0;1
-60;1;28;0;1
-48;24;37;0;1
-63;-5;17;1;1
-42;49;26;0;1
-44;6;20;1;1
-44;-15;17;0;1
-24;-29;42;0;1
-26;45;34;0;1
-53;-6;38;0;1
-26;-10;54;1;1
-10;-14;20;0;1
-44;6;42;0;1
-54;30;25;0;1
-54;-23;22;0;1
-25;-26;47;0;1
-23;-35;51;1;1
-50;-31;24;1;1
-37;-34;24;1;1
-42;-27;37;0;1
-44;39;34;1;1
-24;-17;61;0;1
-37;21;14;1;1
-47;-18;32;0;1
-33;41;42;0;1
-33;-7;39;0;1
-56;-14;30;0;1
-23;-30;29;1;1
-35;-17;51;0;1
-26;44;34;0;1
-57;16;26;1;1
-34;-27;30;1;1
-28;23;49;0;1
-17;-3;46;0;1
-25;3;15;1;1
-38;-50;29;0;1
-52;29;18;0;1
-57;3;38;0;1
-41;-45;35;0;1
-25;-17;55;1;1
-13;6;30;0;1
-21;-5;16;0;1
-18;-21;55;0;1
-39;6;29;1;1
-28;26;37;0;1
-21;-28;22;1;1
-46;-25;41;0;1
-52;-16;32;0;1
-23;-25;35;1;1
-58;2;19;1;1
-40;38;33;0;1
-41;14;56;1;1
-42;-15;21;1;1
-34;4;40;0;1
-32;1;61;1;1
-45;38;24;0;1
-29;-12;12;0;1
-10;-10;31;0;1
-34;30;37;1;1
-23;-12;62;1;1
-47;18;33;0;1
-35;7;51;1;1
-41;13;21;0;1
-67;-8;20;0;1
-58;6;28;0;1
-44;-20;27;0;1
-40;24;13;0;1
-40;-26;35;0;1
-39;-13;32;0;1
-26;10;37;0;1
-29;-11;13;0;1
-25;-14;16;1;1
-21;-22;26;0;1
-28;25;37;0;1
-41;-13;24;1;1
-37;33;14;0;1
-20;-12;55;0;1
-56;-13;20;0;1
-33;30;31;0;1
-27;26;45;0;1
-41;33;45;0;1
-15;15;57;1;1
-8;10;31;1;1
-37;30;49;0;1
-38;48;23;1;1
-25;17;53;1;1
-46;-21;25;0;1
-47;-13;43;0;1
-38;39;23;0;1
-33;7;20;0;1
-25;22;11;0;1
-51;-5;43;1;1
-31;-18;16;1;1
-33;-4;26;0;1
-32;26;19;0;1
-33;43;30;0;1
-32;-12;38;0;1
-18;-21;16;0;1
-41;35;42;1;1
-36;4;35;0;1
-33;-30;46;1;1
-19;-30;43;0;1
-24;-28;53;1;1
-55;17;29;0;1
-36;-18;39;0;1
-30;35;30;0;1
-34;-17;30;0;1
-29;-17;38;0;1
-47;1;28;1;1
-50;-18;47;1;1
-38;-24;47;0;1
-31;-2;35;0;1
-34;-13;47;0;1
-23;28;49;0;1
-34;-16;39;0;1
-44;-28;14;0;1
-35;12;56;0;1
-18;-19;13;0;1
-29;-26;59;0;1
-41;-22;18;0;1
-58;2;28;0;1
-49;33;21;0;1
-16;-16;35;0;1
-21;-14;40;1;1
-14;20;37;0;1
-33;-15;12;0;1
-48;42;23;1;1
-40;3;13;0;1
-51;-7;29;0;1
-23;-32;44;1;1
-19;-25;59;1;1
-14;-11;44;0;1
-25;16;61;0;1
-53;0;45;1;1
-47;44;30;1;1
-36;41;31;0;1
-46;3;25;0;1
-17;25;33;1;1
-11;1;26;0;1
-23;-26;44;0;1
-43;38;16;0;1
-31;44;20;0;1
-9;10;34;0;1
-43;-9;13;0;1
-49;-23;46;1;1
-47;-7;52;0;1
-28;-33;29;0;1
-24;-14;65;1;1
-59;8;22;1;1
-41;40;27;0;1
-55;-17;23;1;1
-29;36;15;0;1
-42;10;37;0;1
-62;23;22;0;1
-37;-44;35;1;1
-39;-19;47;1;1
-16;15;58;0;1
-17;-16;51;1;1
-52;-4;20;0;1
-17;-18;41;0;1
-36;24;28;0;1
-49;0;27;0;1
-33;-20;44;1;1
-37;9;34;0;1
-43;-32;42;1;1
-37;19;44;1;1
-22;18;13;0;1
-38;43;17;0;1
-29;-41;33;1;1
-58;-4;19;0;1
-59;2;18;0;1
-32;-27;40;0;1
-18;22;31;0;1
-21;-22;15;0;1
-59;-16;26;0;1
-35;29;46;0;1
-48;-29;28;0;1
-27;-6;34;0;1
-27;44;36;1;1
-23;-7;49;1;1
-20;-3;18;1;1
-36;-46;27;0;1
-41;-31;14;0;1
-23;37;22;0;1
-26;21;54;1;1
-44;17;14;1;1
-27;-3;30;1;1
-25;-26;26;0;1
-26;-17;59;1;1
-21;17;53;1;1
-33;-40;29;0;1
-42;6;16;0;1
-22;31;60;1;1
-55;26;17;1;1
-39;-4;33;0;1
-51;18;42;1;1
-54;-9;36;1;1
-30;1;43;1;1
-64;-3;19;0;1
-25;3;14;1;1
-39;29;34;1;1
-43;-15;40;1;1
-49;6;18;0;1
-10;14;28;0;1
-42;4;38;0;1
-32;0;48;0;1
-25;-37;37;0;1
-35;-5;25;0;1
-11;-15;37;1;1
-17;20;60;0;1
-47;22;27;0;1
-43;15;27;1;1
-45;25;17;0;1
-41;50;24;0;1
-56;-8;22;1;1
-61;10;18;0;1
-20;-32;15;0;1
-26;-27;54;1;1
-27;21;11;0;1
-63;-5;23;0;1
-25;-27;59;0;1
-53;28;17;0;1
-27;10;19;1;1
-24;1;52;1;1
-32;17;45;0;1
-25;37;53;1;1
-26;-20;43;0;1
-21;-5;57;0;1
-34;15;38;0;1
-18;15;60;1;1
-38;39;28;0;1
-31;-4;21;1;1
-27;-22;28;0;1
-15;21;15;0;1
-36;15;25;0;1
-30;45;17;0;1
-43;20;37;0;1
-41;-8;27;1;1
-33;47;21;0;1
-47;-9;52;0;1
-33;38;46;0;1
-45;44;27;1;1
-25;11;55;0;1
-24;34;28;1;1
-28;23;45;1;1
-44;-23;39;1;1
-56;7;25;0;1
-33;14;49;1;1
-61;-19;19;1;1
-40;11;57;0;1
-43;37;30;0;1
-38;11;16;0;1
-18;15;14;1;1
-9;13;27;1;1
-63;15;29;0;1
-43;13;37;1;1
-31;22;41;0;1
-38;40;19;0;1
-35;0;57;1;1
-32;-8;20;0;1
-21;-16;46;1;1
-19;3;27;1;1
-14;15;33;1;1
-54;5;42;0;1
-32;19;42;0;1
-29;2;29;1;1
-30;-8;50;0;1
-43;39;26;0;1
-19;-1;38;1;1
-35;-13;29;0;1
-24;-26;61;0;1
-31;-44;29;0;1
-47;-13;24;0;1
-33;0;11;1;1
-34;33;32;0;1
-33;-28;16;0;1
-39;17;39;1;1
-18;16;62;1;1
-52;9;29;1;1
-41;22;24;0;1
-27;34;47;1;1
-47;32;40;0;1
-22;21;19;0;1
-49;41;25;1;1
-28;-37;15;0;1
-63;-25;21;0;1
-28;13;46;1;1
-27;-13;43;1;1
-15;-23;42;0;1
-48;14;33;1;1
-58;-26;31;0;1
-19;-15;7;0;1
-21;25;9;1;1
-11;-11;23;0;1
-39;-19;12;1;1
-29;37;33;1;1
-43;9;50;0;1
-28;30;49;1;1
-44;-22;16;0;1
-58;-16;25;0;1
-28;-29;11;0;1
-23;-3;12;0;1
-29;17;40;1;1
-31;9;40;0;1
-31;31;21;0;1
-26;24;29;0;1
-46;-1;19;0;1
-37;1;18;0;1
-33;-1;47;0;1
-33;11;54;0;1
-18;17;19;1;1
-28;41;35;1;1
-42;-3;33;0;1
-49;-19;42;0;1
-21;7;59;1;1
-28;-14;58;0;1
-55;-31;21;0;1
-22;-14;13;0;1
-35;-47;22;0;1
-32;-3;47;1;1
-14;19;18;0;1
-17;-21;20;0;1
-40;-11;29;0;1
-26;25;48;0;1
-36;-48;30;0;1
-19;-31;61;0;1
-26;-12;26;0;1
-46;-42;24;1;1
-48;-2;27;1;1
-20;-24;15;0;1
-44;-5;12;0;1
-27;44;47;0;1
-27;-13;52;1;1
-55;11;35;0;1
-27;-38;43;0;1
-18;-9;50;1;1
-31;-14;46;0;1
-43;-15;13;0;1
-30;-44;19;0;1
-17;7;31;0;1
-22;-24;58;1;1
-43;-11;19;0;1
-48;16;20;1;1
-36;30;47;1;1
-43;0;16;0;1
-38;-12;49;1;1
-30;18;23;1;1
-26;-8;23;0;1
-49;-11;22;0;1
-26;-31;50;1;1
-31;23;23;1;1
-35;-4;26;0;1
-45;11;53;1;1
-26;-31;53;0;1
-55;11;16;1;1
-25;-31;53;1;1
-34;-50;33;0;1
-18;27;30;0;1
-49;36;28;0;1
-26;-23;21;1;1
-62;-4;25;0;1
-63;-5;25;1;1
-44;-8;27;1;1
-28;2;50;0;1
-42;-24;25;0;1
-45;-16;37;0;1
-11;8;28;1;1
-45;-32;30;0;1
-34;-12;40;0;1
-16;15;27;0;1
-53;-19;17;0;1
-22;-27;56;0;1
-44;-34;21;0;1
-33;29;12;0;1
-25;-24;16;0;1
-26;8;59;0;1
-25;37;14;1;1
-19;15;27;0;1
-35;17;31;0;1
-58;33;19;0;1
-42;-23;49;1;1
-8;12;25;0;1
-57;-6;17;0;1
-34;-54;23;1;1
-42;8;37;0;1
-23;-12;57;1;1
-34;-25;36;1;1
-13;20;44;0;1
-68;3;19;1;1
-16;19;48;1;1
-36;35;15;1;1
-28;-8;41;1;1
-52;-13;39;0;1
-19;-13;35;0;1
-18;23;44;0;1
-23;26;17;0;1
-61;15;32;0;1
-33;25;16;1;1
-48;-17;20;0;1
-57;-16;36;1;1
-38;27;23;1;1
-37;-40;40;0;1
-44;-41;37;1;1
-46;19;31;0;1
-29;-36;48;1;1
-24;5;62;1;1
-45;7;54;0;1
-26;-8;29;0;1
-13;-21;60;1;1
-39;28;43;0;1
-13;19;22;1;1
-31;46;21;0;1
-35;6;27;0;1
-51;-22;19;1;1
-36;-1;10;0;1
-62;9;26;0;1
-14;-8;22;1;1
-24;19;36;0;1
-38;-17;25;1;1
-34;29;14;1;1
-25;19;20;0;1
-62;-20;23;1;1
-45;-33;41;0;1
-32;-7;16;0;1
-33;-8;47;0;1
-36;46;37;1;1
-26;-5;62;0;1
-39;0;14;1;1
-30;40;47;0;1
-17;24;20;0;1
-27;35;35;0;1
-44;-22;22;0;1
-25;-22;45;0;1
-36;-49;25;1;1
-28;27;36;0;1
-19;8;24;1;1
-24;16;22;0;1
-21;5;29;0;1
-20;-26;25;0;1
-33;32;24;1;1
-31;2;26;0;1
-24;8;63;0;1
-63;-16;28;1;1
-28;-26;12;0;1
-14;9;36;0;1
-20;-19;53;0;1
-46;-22;44;0;1
-11;-4;27;0;1
-35;11;22;0;1
-18;-25;14;1;1
-21;-12;66;0;1
-43;-42;18;0;1
-49;-5;25;1;1
-27;-24;53;1;1
-41;-5;28;0;1
-38;-12;44;0;1
-47;-15;22;0;1
-26;-38;50;0;1
-26;-25;17;0;1
-47;-37;28;0;1
-56;16;39;0;1
-20;25;28;1;1
-52;-21;43;0;1
-58;26;24;1;1
-27;-43;45;1;1
-25;23;39;0;1
-21;29;33;0;1
-58;19;18;1;1
-35;-1;38;0;1
-32;8;60;0;1
-44;25;32;1;1
-51;18;43;0;1
-17;-22;25;1;1
-21;35;57;0;1
-17;6;30;1;1
-13;15;54;1;1
-65;5;26;0;1
-31;11;42;1;1
-31;12;12;0;1
-28;-10;39;1;1
-44;18;35;0;1
-26;30;58;0;1
-19;31;49;0;1
-26;5;31;0;1
-53;7;36;0;1
-35;-37;39;0;1
-53;-18;31;0;1
-56;2;22;1;1
-51;-27;20;1;1
-42;34;45;1;1
-26;1;34;1;1
-54;-25;21;0;1
-49;-23;24;1;1
-27;4;30;0;1
-35;19;50;1;1
-26;-43;40;0;1
-27;-37;27;0;1
-14;13;46;1;1
-13;14;38;1;1
-45;7;38;0;1
-63;-18;27;0;1
-49;28;17;0;1
-32;0;11;0;1
-17;-19;14;1;1
-28;0;35;0;1
-26;22;59;0;1
-40;29;28;0;1
-41;-33;42;0;1
-25;38;36;0;1
-40;-2;40;0;1
-38;-25;54;0;1
-29;-45;17;0;1
-50;-23;37;0;1
-57;33;20;0;1
-16;-27;55;1;1
-39;-33;45;1;1
-13;19;25;0;1
-37;-38;29;0;1
-15;-7;38;0;1
-45;25;38;1;1
-28;19;10;0;1
-23;8;32;0;1
-17;28;33;0;1
-48;-6;17;0;1
-21;-30;56;0;1
-48;34;36;0;1
-12;-20;13;0;1
-44;-15;43;0;1
-37;-20;28;0;1
-44;-49;25;0;1
-41;20;18;0;1
-58;-3;19;0;1
-30;-4;62;0;1
-39;-5;43;0;1
-28;-34;45;1;1
-53;-1;24;0;1
-47;3;48;0;1
-13;19;20;0;1
-56;11;36;0;1
-38;4;36;0;1
-52;25;27;0;1
-23;5;35;0;1
-41;18;31;0;1
-23;-12;63;0;1
-17;3;25;0;1
-52;-18;17;1;1
-15;-21;60;1;1
-53;5;40;0;1
-24;-39;36;0;1
-51;2;30;0;1
-26;27;28;1;1
-42;-7;14;1;1
-62;26;21;0;1
-24;-38;54;1;1
-31;-7;61;1;1
-45;-17;32;0;1
-45;21;20;0;1
-38;-2;22;1;1
-53;-20;18;1;1
-34;2;36;1;1
-25;3;49;0;1
-52;-18;18;0;1
-18;-12;43;0;1
-33;45;16;0;1
-61;-10;22;0;1
-40;12;45;0;1
-61;-15;33;0;1
-23;-34;34;1;1
-37;43;27;0;1
-21;1;42;0;1
-48;-24;38;0;1
-68;-6;19;1;1
-40;17;41;0;1
-31;32;13;0;1
-51;0;45;1;1
-20;10;43;1;1
-34;17;41;1;1
-49;-18;43;1;1
-44;6;54;1;1
-25;-13;21;1;1
-45;24;26;1;1
-19;12;52;0;1
-34;13;43;0;1
-42;-17;27;0;1
-33;11;15;0;1
-59;-6;30;0;1
-60;-11;34;0;1
-21;5;26;0;1
-23;-13;25;0;1
-36;2;24;0;1
-20;11;15;0;1
-22;-21;34;0;1
-19;22;62;1;1
-31;45;41;1;1
-28;-43;44;1;1
-63;-4;18;1;1
-19;22;50;1;1
-23;-7;15;1;1
-24;16;20;0;1
-30;-3;44;1;1
-54;30;17;0;1
-48;18;27;0;1
-27;1;49;0;1
-18;22;50;1;1
-14;-22;47;1;1
-26;27;23;1;1
-15;-17;24;0;1
-35;-42;18;1;1
-29;36;33;0;1
-26;-33;20;1;1
-25;-19;30;0;1
-54;13;26;0;1
-50;8;33;0;1
-39;18;12;0;1
-43;-13;51;1;1
-21;29;38;0;1
-29;-22;51;0;1
-29;6;62;0;1
-63;1;21;1;1
-11;-13;36;1;1
-41;14;20;0;1
-47;-29;33;1;1
-10;3;25;0;1
-12;18;57;1;1
-13;6;34;0;1
-39;1;35;0;1
-52;33;35;0;1
-24;-32;39;1;1
-16;-6;27;1;1
-52;30;34;1;1
-13;8;33;1;1
-26;-32;51;1;1
-38;-1;56;0;1
-28;-12;37;0;1
-28;-9;60;1;1
-56;0;31;0;1
-46;34;25;0;1
-31;28;12;1;1
-40;-32;14;1;1
-23;11;7;1;1
-54;22;34;0;1
-30;-38;46;0;1
-46;36;19;1;1
-53;-7;44;0;1
-26;-34;51;1;1
-23;-13;31;0;1
-27;-13;13;1;1
-32;0;41;0;1
-40;-12;24;0;1
-23;-6;65;0;1
-37;-21;16;0;1
-43;26;46;1;1
-23;-34;38;0;1
-23;-23;51;1;1
-42;20;23;1;1
-18;17;7;1;1
-47;-28;31;0;1
-26;-39;35;0;1
-16;-11;26;0;1
-29;-47;40;1;1
-30;51;38;0;1
-46;-18;36;1;1
-33;-12;37;0;1
-32;-35;27;0;1
-26;44;47;0;1
-59;9;26;1;1
-26;-5;24;0;1
-34;21;43;0;1
-26;-5;49;0;1
-46;-1;21;0;1
-28;-26;21;0;1
-58;24;23;1;1
-41;17;33;0;1
-45;-14;23;0;1
-18;6;48;1;1
-25;-34;53;0;1
-14;18;58;0;1
-18;3;33;0;1
-42;28;17;0;1
-47;35;29;1;1
-27;-14;34;1;1
-31;24;25;1;1
-36;16;11;0;1
-49;3;38;1;1
-26;21;38;0;1
-26;2;37;0;1
-17;-14;34;0;1
-30;-6;46;0;1
-39;47;19;1;1
-25;11;61;1;1
-19;-11;40;1;1
-33;13;15;0;1
-28;-43;34;1;1
-26;1;14;0;1
-47;18;26;1;1
-19;10;17;0;1
-54;2;16;0;1
-27;7;10;1;1
-38;-26;13;1;1
-28;44;22;0;1
-54;8;17;1;1
-47;33;37;0;1
-21;-32;36;0;1
-51;32;19;0;1
-49;-7;38;0;1
-39;6;37;1;1
-14;-23;13;0;1
-31;-4;46;0;1
-19;-24;63;0;1
-31;-11;57;0;1
-16;16;25;1;1
-42;-44;31;1;1
-37;26;50;0;1
-25;30;35;1;1
-16;-17;59;1;1
-58;-19;24;0;1
-24;4;13;1;1
-39;21;25;0;1
-22;-17;37;1;1
-62;1;27;1;1
-51;-17;32;0;1
-51;-12;24;1;1
-50;-33;35;0;1
-14;14;51;1;1
-40;-30;47;0;1
-50;-5;41;0;1
-37;13;12;0;1
-30;16;36;0;1
-59;-10;37;0;1
-61;4;20;0;1
-28;-14;16;0;1
-42;16;32;1;1
-32;4;58;1;1
-29;1;55;0;1
-52;41;21;0;1
-34;21;12;0;1
-25;18;53;0;1
-41;16;20;0;1
-65;-14;21;1;1
-38;-38;27;1;1
-24;-40;41;1;1
-39;18;44;0;1
-26;19;56;1;1
-23;27;41;1;1
-23;26;49;0;1
-29;-37;13;1;1
-52;8;40;0;1
-19;25;10;1;1
-24;31;24;1;1
-49;12;29;1;1
-51;24;16;0;1
-25;-42;42;0;1
-20;28;34;0;1
-39;13;32;0;1
-31;-47;25;1;1
-14;11;18;0;1
-55;-19;40;0;1
-20;3;37;0;1
-22;-32;48;0;1
-62;24;22;0;1
-15;-17;50;1;1
-39;34;37;0;1
-32;-6;59;0;1
-20;-15;21;0;1
-17;-24;22;0;1
-28;12;46;1;1
-25;-9;41;0;1
-23;-17;22;1;1
-29;49;29;0;1
-35;-14;37;1;1
-41;-42;28;1;1
-35;17;28;1;1
-39;12;43;1;1
-35;-20;25;1;1
-43;13;28;0;1
-24;-15;64;0;1
-37;-1;54;0;1
-40;-1;31;1;1
-48;11;44;0;1
-26;-3;25;1;1
-60;17;25;0;1
-33;12;13;1;1
-22;27;42;0;1
-19;-18;57;0;1
-18;-24;30;1;1
-17;10;49;0;1
-36;-50;33;1;1
-47;11;46;0;1
-55;32;25;1;1
-49;-13;26;0;1
-36;-9;20;0;1
-19;-18;17;0;1
-33;-17;19;1;1
-11;-12;26;0;1
-36;-34;49;0;1
-37;-27;23;0;1
-22;14;21;0;1
-20;-21;14;1;1
-19;2;37;0;1
-49;-17;38;0;1
-19;-21;48;1;1
-40;-19;31;0;1
-43;-16;24;1;1
-40;2;22;1;1
-20;-19;62;0;1
-28;41;29;0;1
-38;-17;40;1;1
-36;2;20;1;1
-53;4;37;0;1
-23;8;44;0;1
-31;2;60;0;1
-25;5;23;1;1
-26;-32;36;1;1
-52;-25;32;0;1
-11;11;31;0;1
-36;40;17;1;1
-32;-8;59;0;1
-28;10;63;0;1
-14;-12;18;0;1
-10;-17;17;0;1
-44;17;30;0;1
-32;43;21;0;1
-26;12;32;1;1
-34;48;19;0;1
-60;11;17;0;1
-36;-43;17;0;1
-15;18;45;0;1
-38;-29;50;0;1
-59;-3;18;0;1
-20;25;27;0;1
-16;1;37;1;1
-32;21;29;0;1
-35;-41;37;0;1
-60;-7;21;0;1
-21;-35;21;1;1
-26;-7;25;1;1
-43;-9;42;0;1
-33;-29;37;0;1
-60;-18;31;1;1
-44;-23;28;0;1
-31;-33;24;0;1
-11;-14;37;0;1
-53;18;20;0;1
-42;-8;33;0;1
-31;48;29;1;1
-27;14;20;1;1
-47;1;29;0;1
-37;15;15;0;1
-8;-7;24;1;1
-12;-18;57;0;1
-20;-17;29;1;1
-48;6;31;1;1
-18;-31;44;1;1
-19;30;51;0;1
-18;-13;48;0;1
-40;12;27;1;1
-30;50;23;1;1
-24;-4;46;1;1
-41;-7;50;0;1
-35;-29;22;0;1
-26;2;44;1;1
-65;-1;18;0;1
-37;-12;34;0;1
-45;4;32;1;1
-20;-24;21;0;1
-60;-9;23;0;1
-41;-21;33;0;1
-27;-16;43;0;1
-43;45;17;0;1
-42;11;15;1;1
-47;-7;44;1;1
-58;-25;25;0;1
-29;34;16;0;1
-25;-20;63;0;1
-36;40;27;0;1
-43;-12;37;1;1
-35;10;17;0;1
-36;28;46;1;1
-17;-27;15;1;1
-39;-34;41;0;1
-44;-24;19;1;1
-31;-49;40;0;1
-38;-21;39;1;1
-57;26;21;1;1
-62;2;19;0;1
-24;25;30;1;1
-28;-9;57;0;1
-32;36;34;1;1
-51;27;16;1;1
-33;-26;32;1;1
-52;-29;25;1;1
-33;-48;21;1;1
-46;-8;40;1;1
-31;46;36;0;1
-32;-43;23;1;1
-31;-47;26;0;1
-30;-9;49;1;1
-20;33;32;0;1
-36;-8;45;1;1
-31;-28;18;0;1
-37;-47;18;1;1
-33;-2;53;0;1
-50;14;22;0;1
-26;18;26;1;1
-23;27;49;0;1
-22;21;14;0;1
-32;-13;31;0;1
-48;6;38;0;1
-35;15;58;0;1
-28;-20;62;1;1
-20;34;31;0;1
-47;-33;39;0;1
-21;24;62;0;1
-14;-17;22;0;1
-45;-32;44;0;1
-48;-29;36;1;1
-29;39;43;0;1
-39;-15;24;1;1
-46;29;34;0;1
-54;31;21;0;1
-38;0;23;0;1
-25;43;35;1;1
-31;-44;39;0;1
-24;17;25;0;1
-47;20;22;1;1
-27;15;52;0;1
-21;-11;62;1;1
-56;-7;27;0;1
-46;24;45;1;1
-19;3;49;1;1
-28;45;18;0;1
-30;-40;40;0;1
-62;-28;19;0;1
-39;30;26;0;1
-15;10;34;1;1
-25;-32;11;1;1
-36;-31;31;1;1
-28;6;63;0;1
-43;-33;21;0;1
-47;47;22;1;1
-44;8;38;0;1
-34;10;60;0;1
-53;0;46;0;1
-34;-7;44;0;1
-29;8;51;1;1
-17;8;38;0;1
-28;-15;11;0;1
-44;-4;14;1;1
-38;-25;39;1;1
-38;-29;33;0;1
-17;-20;50;0;1
-44;29;43;0;1
-27;-39;13;0;1
-39;-36;24;0;1
-47;1;30;1;1
-28;-47;42;0;1
-15;18;17;0;1
-38;-33;38;0;1
-32;-25;41;0;1
-51;-11;43;0;1
-11;-18;24;0;1
-34;-9;28;1;1
-14;-19;31;0;1
-31;22;16;1;1
-12;-16;17;1;1
-41;-46;34;0;1
-48;-3;52;0;1
-34;37;29;0;1
-63;-19;26;1;1
-34;21;13;0;1
-25;14;19;0;1
-12;-9;22;0;1
-53;23;33;0;1
-61;-16;23;1;1
-21;7;57;0;1
-19;23;19;0;1
-28;25;33;0;1
-54;-18;27;0;1
-49;-15;34;0;1
-43;13;46;0;1
-58;5;23;1;1
-30;18;12;0;1
-27;24;34;1;1
-21;-3;28;0;1
-14;22;31;0;1
-36;-20;21;1;1
-17;-26;40;0;1
-27;-27;45;0;1
-47;-21;37;0;1
-40;-41;26;0;1
-24;18;10;1;1
-57;34;24;1;1
-50;-30;25;1;1
-50;21;39;0;1
-46;19;46;0;1
-24;1;25;0;1
-32;-46;31;1;1
-33;34;31;0;1
-33;-33;30;0;1
-40;27;18;1;1
-24;-10;44;0;1
-48;-44;22;1;1
-44;-36;18;1;1
-19;-13;60;1;1
-29;6;49;1;1
-16;-11;16;1;1
-49;18;20;1;1
-28;-1;12;0;1
-33;-33;19;0;1
-42;40;30;1;1
-13;20;34;0;1
-19;-14;33;0;1
-45;10;14;0;1
-43;24;27;1;1
-54;-13;21;1;1
-38;47;26;1;1
-23;-5;36;0;1
-51;16;40;0;1
-30;30;16;1;1
-31;-14;59;1;1
-38;12;36;0;1
-34;49;16;1;1
-41;49;25;0;1
-27;37;36;1;1
-26;24;19;1;1
-27;30;12;0;1
-20;-24;51;0;1
-14;-24;8;1;1
-22;-12;40;1;1
-54;3;36;1;1
-38;-22;54;1;1
-49;-26;36;1;1
-31;40;27;0;1
-22;-15;45;0;1
-33;-15;17;1;1
-19;-4;40;1;1
-38;-14;28;0;1
-22;-26;55;0;1
-45;-16;28;0;1
-59;17;35;0;1
-43;36;17;1;1
-43;16;13;0;1
-47;-40;27;1;1
-19;7;37;0;1
-39;-50;29;0;1
-19;18;24;1;1
-21;-31;45;0;1
-20;-11;41;1;1
-56;30;29;0;1
-22;8;25;0;1
-13;11;26;0;1
-37;10;59;0;1
-17;-26;52;0;1
-16;-2;33;0;1
-15;18;46;0;1
-43;32;45;1;1
-21;5;18;0;1
-32;6;13;0;1
-48;3;44;0;1
-16;-13;40;1;1
-54;10;32;0;1
-46;-26;34;0;1
-21;-4;23;0;1
-36;-21;26;0;1
-17;4;18;0;1
-21;-15;59;0;1
-41;1;53;1;1
-37;40;18;0;1
-24;-3;43;1;1
-46;-33;25;1;1
-61;-20;20;0;1
-12;-7;38;1;1
-18;9;39;0;1
-31;17;23;0;1
-41;-44;26;0;1
-51;-11;40;0;1
-40;-23;38;0;1
-36;8;33;0;1
-39;14;20;1;1
-22;32;43;0;1
-20;-13;49;1;1
-9;-12;31;0;1
-18;-23;25;1;1
-10;8;32;1;1
-52;2;25;1;1
-14;11;19;0;1
-45;39;37;0;1
-28;-37;41;0;1
-20;-24;17;1;1
-44;-11;30;0;1
-58;25;31;0;1
-21;-26;51;0;1
-28;-27;32;0;1
-42;-5;46;0;1
-15;10;30;1;1
-54;-19;18;1;1
-36;-4;24;0;1
-24;-27;10;0;1
-14;-2;35;0;1
-33;-17;22;1;1
-30;-24;36;1;1
-36;-18;35;1;1
-52;-30;36;0;1
-20;18;30;1;1
-23;36;53;0;1
-10;12;33;0;1
-33;-36;23;0;1
-39;-20;22;0;1
-28;-20;50;0;1
-21;1;44;1;1
-15;-18;45;1;1
-36;-45;22;0;1
-47;12;27;0;1
-39;-52;22;0;1
-54;-13;43;1;1
-53;-33;29;0;1
-41;-24;19;0;1
-21;17;12;0;1
-40;-40;29;0;1
-15;23;60;0;1
-29;-50;21;1;1
-28;39;20;1;1
-31;-32;28;0;1
-32;-29;44;0;1
-49;13;14;0;1
-47;10;33;0;1
-39;-42;37;1;1
-29;11;11;0;1
-29;-16;48;0;1
-45;-3;49;1;1
-27;32;20;0;1
-31;2;10;1;1
-35;46;25;0;1
-21;34;36;0;1
-44;9;42;0;1
-35;-48;23;1;1
-18;-21;61;0;1
-59;-17;26;1;1
-46;-42;26;1;1
-52;39;18;0;1
-34;-39;15;1;1
-19;-4;41;0;1
-9;-15;28;1;1
-62;16;26;0;1
-42;26;32;0;1
-29;16;22;0;1
-28;-11;44;1;1
-41;6;13;0;1
-46;17;17;0;1
-20;18;25;1;1
-23;-36;19;1;1
-31;46;43;1;1
-36;51;29;0;1
-64;7;27;0;1
-19;31;36;0;1
-17;2;42;0;1
-20;7;48;0;1
-31;16;28;0;1
-26;30;57;1;1
-29;-12;42;0;1
-28;9;41;0;1
-20;23;24;1;1
-25;-28;42;0;1
-36;4;25;0;1
-49;12;49;1;1
-38;28;47;0;1
-15;-14;52;0;1
-40;25;22;1;1
-52;-33;19;0;1
-29;44;45;0;1
-47;21;28;1;1
-43;35;43;0;1
-28;10;20;1;1
-46;29;21;1;1
-34;31;21;1;1
-25;-33;26;1;1
-27;-34;40;0;1
-32;12;24;0;1
-44;4;43;1;1
-32;-53;21;0;1
-32;0;17;0;1
-58;-30;22;0;1
-36;-9;26;0;1
-25;38;13;0;1
-35;-46;24;1;1
-51;-24;39;0;1
-50;-21;36;0;1
-35;20;11;1;1
-15;25;8;0;1
-40;-27;44;1;1
-31;30;17;0;1
-40;6;51;1;1
-41;26;17;0;1
-31;22;20;0;1
-35;8;11;0;1
-30;11;37;0;1
-48;-33;32;1;1
-31;10;17;0;1
-20;5;15;0;1
-18;7;33;1;1
-27;-2;39;1;1
-40;-47;29;1;1
-46;36;21;0;1
-31;8;25;0;1
-27;7;40;0;1
-33;7;50;0;1
-17;8;39;0;1
-44;-26;31;1;1
-33;31;19;0;1
-48;22;26;1;1
-43;-21;23;0;1
-40;-3;25;0;1
-40;17;43;0;1
-46;-14;50;0;1
-54;26;36;1;1
-29;-7;26;1;1
-35;-14;27;0;1
-13;20;59;0;1
-11;-14;45;0;1
-58;0;18;1;1
-43;-15;31;0;1
-34;38;38;0;1
-38;3;24;1;1
-23;-35;19;0;1
-55;-33;29;1;1
-20;-15;22;0;1
-15;25;64;0;1
-54;29;35;0;1
-24;-36;56;0;1
-19;23;14;0;1
-31;9;14;0;1
-52;-12;34;0;1
-27;-11;13;0;1
-40;30;49;0;1
-21;9;36;1;1
-45;10;51;1;1
-22;32;44;0;1
-20;-26;51;0;1
-55;-2;16;0;1
-17;28;18;0;1
-47;33;27;0;1
-18;-29;53;1;1
-16;16;44;1;1
-23;-5;29;0;1
-55;-10;39;0;1
-43;-42;22;0;1
-9;13;34;1;1
-51;-15;33;0;1
-34;33;34;1;1
-21;-19;54;1;1
-49;11;29;0;1
-47;-9;51;1;1
-30;-41;16;1;1
-22;30;10;0;1
-28;-4;47;0;1
-47;31;35;0;1
-16;11;46;1;1
-36;12;18;1;1
-33;-6;57;0;1
-22;22;44;1;1
-31;-43;25;0;1
-21;0;42;1;1
-34;2;10;1;1
-29;9;62;1;1
-30;21;35;0;1
-49;26;26;0;1
-28;-7;53;0;1
-9;10;31;0;1
-39;12;22;1;1
-20;-8;49;0;1
-23;8;57;0;1
-30;-4;60;0;1
-18;26;23;0;1
-56;5;41;1;1
-21;28;19;1;1
-39;39;17;1;1
-32;48;28;1;1
-30;-22;17;0;1
-26;15;17;0;1
-22;-11;22;0;1
-20;-6;40;0;1
-21;12;61;0;1
-30;-2;34;0;1
-17;-18;38;0;1
-25;13;62;0;1
-37;-40;18;1;1
-33;39;14;0;1
-21;28;31;0;1
-27;12;15;0;1
-28;9;20;1;1
-42;3;39;1;1
-37;-6;25;1;1
-39;-2;27;1;1
-44;16;32;0;1
-38;10;18;0;1
-39;-5;32;0;1
-36;-38;47;1;1
-40;-46;26;0;1
-47;26;45;1;1
-18;28;10;0;1
-30;19;11;0;1
-67;-3;22;0;1
-24;-9;49;0;1
-29;16;55;0;1
-58;18;34;0;1
-31;-24;33;0;1
-43;35;21;1;1
-32;-42;20;0;1
-13;16;50;0;1
-42;39;31;0;1
-28;-41;21;1;1
-39;12;16;0;1
-26;22;35;0;1
-27;45;34;0;1
-14;-11;24;0;1
-26;0;12;1;1
-44;37;27;0;1
-31;-6;26;0;1
-19;2;47;0;1
-45;-26;48;0;1
-29;35;26;1;1
-23;26;25;1;1
-41;38;27;1;1
-26;-28;34;0;1
-30;-51;23;0;1
-37;-13;35;1;1
-44;20;36;1;1
-27;-34;47;1;1
-27;1;18;0;1
-33;-20;16;0;1
-16;27;21;1;1
-44;-14;16;0;1
-37;-2;22;0;1
-23;32;42;1;1
-45;-28;31;1;1
-20;-7;24;0;1
-53;-42;19;1;1
-14;9;37;1;1
-19;-26;23;1;1
-47;10;36;0;1
-51;18;35;0;1
-9;-13;20;1;1
-20;31;36;0;1
-37;-20;45;1;1
-61;-19;28;1;1
-17;24;52;0;1
-27;6;19;1;1
-28;11;24;0;1
-42;-1;54;0;1
-27;-32;38;0;1
-52;-9;32;0;1
-21;36;35;0;1
-36;15;16;0;1
-13;10;24;1;1
-42;-10;30;0;1
-23;30;38;0;1
-27;23;24;1;1
-55;-30;24;1;1
-57;12;18;1;1
-28;-18;36;1;1
-41;44;28;1;1
-30;15;9;0;1
-21;11;41;0;1
-34;-14;14;0;1
-39;-14;28;1;1
-37;14;55;0;1
-15;15;15;0;1
-17;-26;33;0;1
-34;6;40;1;1
-52;-11;39;0;1
-29;4;28;0;1
-42;5;37;0;1
-27;19;60;1;1
-26;-21;52;0;1
-53;8;30;0;1
-28;-42;34;0;1
-17;18;48;0;1
-17;-13;33;1;1
-27;8;8;0;1
-28;-2;62;1;1
-26;16;26;1;1
-30;-17;35;0;1
-37;-44;39;0;1
-62;-28;20;1;1
-37;2;39;1;1
-53;14;17;0;1
-22;-34;17;0;1
-36;-6;48;0;1
-32;-46;35;1;1
-37;44;17;1;1
-47;-37;19;0;1
-60;-17;22;0;1
-17;-21;18;0;1
-44;-31;28;0;1
-20;23;13;0;1
-33;54;25;0;1
-49;18;18;0;1
-37;-5;36;0;1
-57;7;22;1;1
-29;-34;39;0;1
-13;2;29;0;1
-24;10;54;1;1
-47;-37;34;1;1
-47;-6;32;1;1
-57;-12;37;0;1
-22;9;10;1;1
-48;6;37;0;1
-25;-19;9;0;1
-19;-3;16;0;1
-28;-38;27;0;1
-19;-32;54;1;1
-24;14;30;0;1
-38;17;29;1;1
-37;-6;29;1;1
-16;-23;12;0;1
-25;-32;34;1;1
-45;-33;23;0;1
-21;-23;38;0;1
-54;-18;33;0;1
-43;-24;27;0;1
-30;16;21;0;1
-32;-18;39;1;1
-37;-30;45;1;1
-55;23;24;0;1
-17;21;20;0;1
-30;25;42;0;1
-38;-29;30;1;1
-35;11;26;0;1
-21;-31;49;0;1
-31;14;41;1;1
-34;23;57;1;1
-32;-25;17;1;1
-20;24;33;0;1
-55;22;33;0;1
-27;-8;16;1;1
-15;-22;36;0;1
-36;-40;44;1;1
-46;40;24;0;1
-14;13;47;0;1
-30;-41;26;1;1
-17;21;22;0;1
-54;-15;41;1;1
-32;12;20;0;1
-19;-2;25;1;1
-32;0;62;1;1
-37;17;22;1;1
-28;-27;19;0;1
-33;35;16;1;1
-41;-13;18;1;1
-49;-10;33;0;1
-41;29;38;0;1
-40;-28;50;1;1
-40;-9;31;0;1
-23;13;45;0;1
-62;-6;30;0;1
-35;-28;17;1;1
-38;7;16;0;1
-52;0;39;1;1
-43;-25;29;0;1
-35;-33;49;0;1
-35;1;55;1;1
-26;4;50;0;1
-18;-19;63;0;1
-41;46;23;0;1
-49;22;25;1;1
-39;-12;51;1;1
-18;-21;31;1;1
-41;21;16;0;1
-26;39;51;0;1
-12;20;40;1;1
-41;28;21;0;1
-65;-7;22;0;1
-20;14;21;0;1
-34;53;29;0;1
-40;-1;48;1;1
-32;-41;21;0;1
-11;16;51;1;1
-33;-2;26;0;1
-32;-6;10;1;1
-32;-52;36;0;1
-14;-19;45;0;1
-21;22;37;0;1
-48;-37;30;1;1
-27;15;62;1;1
-43;-1;22;0;1
-48;20;39;1;1
-46;22;14;0;1
-54;-12;31;1;1
-56;10;22;0;1
-44;-21;35;0;1
-31;14;60;0;1
-41;34;18;1;1
-15;18;64;0;1
-32;-47;25;1;1
-50;-14;39;1;1
-45;-5;47;0;1
-47;-20;19;0;1
-45;33;33;0;1
-25;-13;42;0;1
-47;46;21;0;1
-33;-3;28;0;1
-40;28;23;0;1
-23;20;26;0;1
-41;47;34;1;1
-21;-18;32;1;1
-41;18;39;0;1
-35;-3;12;0;1
-21;-32;13;0;1
-34;-35;41;0;1
-34;28;28;0;1
-35;4;20;1;1
-20;19;40;0;1
-31;11;47;0;1
-25;-16;12;1;1
-34;9;28;1;1
-30;35;25;0;1
-31;-39;34;0;1
-45;-21;34;0;1
-56;-10;40;0;1
-12;14;23;0;1
-49;-29;27;0;1
-22;17;53;1;1
-43;-35;33;0;1
-34;26;24;0;1
-36;-35;15;0;1
-8;13;39;1;1
-57;2;23;0;1
-39;-19;22;0;1
-38;-36;46;0;1
-52;27;40;1;1
-39;-7;24;1;1
-24;0;44;0;1
-24;35;48;1;1
-39;-20;19;0;1
-61;-24;24;1;1
-29;10;60;1;1
-57;21;34;1;1
-21;7;45;1;1
-21;31;25;0;1
-15;-5;30;1;1
-26;27;58;0;1
-38;2;25;0;1
-30;41;15;1;1
-31;14;58;0;1
-23;-31;16;1;1
-26;-22;60;1;1
-25;19;10;0;1
-45;27;21;1;1
-58;14;18;0;1
-32;-44;37;1;1
-28;41;41;0;1
-14;-5;28;1;1
-48;36;38;1;1
-25;34;53;1;1
-57;12;17;0;1
-27;14;32;1;1
-54;29;33;1;1
-41;24;42;0;1
-18;-19;14;1;1
-21;-15;58;0;1
-43;6;23;0;1
-52;20;40;0;1
-35;52;20;1;1
-39;47;31;0;1
-49;-33;25;0;1
-27;29;45;0;1
-53;19;16;0;1
-45;25;40;0;1
-26;19;10;0;1
-20;-22;33;0;1
-31;-33;45;1;1
-26;7;36;0;1
-38;-45;24;1;1
-52;6;19;0;1
-43;27;15;0;1
-24;7;59;1;1
-45;-12;51;1;1
-27;3;29;0;1
-26;0;34;0;1
-26;19;49;0;1
-43;-13;47;1;1
-22;17;49;1;1
-41;2;34;1;1
-21;2;23;0;1
-35;-28;44;0;1
-38;38;30;0;1
-30;-5;20;0;1
-59;-22;23;1;1
-41;-30;26;1;1
-40;17;50;1;1
-32;22;52;0;1
-25;12;17;0;1
-16;25;23;0;1
-62;17;21;0;1
-27;30;31;0;1
-29;-40;50;0;1
-18;20;64;1;1
-44;26;47;1;1
-36;11;46;0;1
-53;-1;37;0;1
-30;44;31;1;1
-33;34;26;0;1
-33;8;30;1;1
-47;11;38;1;1
-14;23;41;0;1
-15;12;34;1;1
-30;18;46;0;1
-55;4;21;1;1
-34;6;31;1;1
-42;6;23;0;1
-34;-37;49;1;1
-37;8;19;1;1
-30;23;25;1;1
-47;8;43;1;1
-30;-48;38;0;1
-35;-56;18;1;1
-23;39;38;0;1
-29;5;13;0;1
-17;-18;42;0;1
-24;-21;37;1;1
-52;-29;24;0;1
-55;-6;31;0;1
-17;28;53;1;1
-38;34;48;1;1
-41;39;16;0;1
-22;-6;49;0;1
-24;8;26;1;1
-39;-5;15;0;1
-36;-42;17;1;1
-28;12;21;1;1
-20;-20;18;0;1
-13;-19;23;0;1
-43;-29;20;1;1
-29;-13;14;0;1
-52;25;35;0;1
-25;4;26;1;1
-41;32;46;1;1
-51;12;16;0;1
-20;28;11;0;1
-34;36;34;1;1
-23;-17;31;0;1
-32;-39;41;0;1
-32;31;54;0;1
-62;-4;31;0;1
-20;-5;23;0;1
-49;-28;23;1;1
-50;37;32;0;1
-24;-9;63;1;1
-36;31;48;0;1
-43;-32;15;1;1
-22;-26;38;1;1
-42;16;29;0;1
-40;6;58;0;1
-27;-20;25;1;1
-10;-11;39;0;1
-32;15;49;0;1
-30;-17;53;0;1
-50;-24;35;0;1
-20;26;23;0;1
-49;36;17;0;1
-47;24;16;1;1
-43;-28;40;0;1
-28;5;47;1;1
-22;29;46;0;1
-36;0;31;0;1
-33;-31;47;0;1
-49;12;16;0;1
-12;12;45;1;1
-54;-12;16;0;1
-21;7;26;1;1
-50;-21;38;1;1
-27;11;37;0;1
-24;-33;23;1;1
-36;5;10;0;1
-13;-15;52;0;1
-31;24;44;0;1
-33;40;46;1;1
-17;-19;63;0;1
-33;57;19;0;1
-48;34;27;0;1
-27;-13;50;1;1
-64;5;18;0;1
-17;-29;37;1;1
-48;-4;24;0;1
-21;24;60;0;1
-31;20;42;1;1
-28;-26;38;1;1
-31;49;38;1;1
-29;9;25;1;1
-31;4;54;0;1
-49;8;19;1;1
-47;14;21;1;1
-44;43;26;0;1
-26;27;48;1;1
-41;0;58;1;1
-32;-12;19;0;1
-20;25;46;1;1
-26;36;53;1;1
-30;-20;14;0;1
-38;-41;16;1;1
-10;-17;48;0;1
-49;44;25;1;1
-27;14;51;0;1
-30;-5;33;1;1
-51;39;30;0;1
-51;34;32;0;1
-32;-10;15;0;1
-18;-13;56;0;1
-26;-20;17;0;1
-36;-20;38;1;1
-60;-19;32;0;1
-27;-25;24;0;1
-30;34;14;0;1
-26;-23;59;0;1
-34;-2;40;1;1
-47;-2;40;0;1
-39;-44;20;0;1
-34;36;49;0;1
-13;20;16;1;1
-20;-29;24;1;1
-20;-24;44;0;1
-31;19;26;0;1
-39;28;14;0;1
-33;4;23;1;1
-27;42;41;1;1
-16;20;37;1;1
-36;36;21;1;1
-58;-25;26;0;1
-51;38;20;0;1
-35;-47;17;1;1
-26;-19;62;0;1
-23;26;39;1;1
-40;14;30;1;1
-48;-24;21;0;1
-47;-6;30;0;1
-33;42;20;0;1
-40;-17;44;0;1
-40;-17;42;0;1
-58;4;39;1;1
-25;-32;32;1;1
-58;3;29;0;1
-25;16;24;0;1
-19;-21;28;0;1
-46;28;44;0;1
-32;27;26;0;1
-34;-5;10;1;1
-30;-47;15;0;1
-32;38;35;1;1
-44;-1;25;1;1
-51;26;40;0;1
-46;-26;41;0;1
-38;22;44;0;1
-25;17;62;1;1
-25;-8;46;1;1
-33;0;18;1;1
-36;-18;28;0;1
-23;21;47;1;1
-47;-25;38;1;1
-18;-17;14;0;1
-47;0;31;1;1
-27;22;58;1;1
-33;-33;41;0;1
-24;41;20;0;1
-43;7;52;0;1
-26;29;34;1;1
-45;13;49;1;1
-39;-31;49;1;1
-35;-20;46;1;1
-33;44;29;1;1
-14;-21;52;1;1
-20;-12;45;0;1
-61;-4;17;0;1
-35;-3;26;0;1
-43;-27;40;0;1
-22;-3;18;0;1
-51;-15;15;0;1
-27;43;47;1;1
-49;16;34;1;1
-14;5;37;1;1
-45;-14;19;1;1
-38;-50;32;1;1
-19;14;18;0;1
-23;18;22;0;1
-66;-1;20;1;1
-44;31;42;1;1
-40;-18;21;0;1
-56;3;40;1;1
-30;8;14;0;1
-28;-2;8;0;1
-24;-10;21;1;1
-26;44;42;0;1
-49;-9;37;0;1
-36;-12;47;0;1
-20;-18;32;1;1
-58;-5;19;0;1
-32;14;43;0;1
-14;9;24;0;1
-29;-18;23;1;1
-34;28;41;0;1
-40;-11;35;1;1
-50;23;18;1;1
-50;9;42;0;1
-59;-26;19;0;1
-42;-7;36;1;1
-43;12;23;1;1
-47;-23;19;0;1
-17;28;12;0;1
-34;36;17;0;1
-17;-15;20;0;1
-37;-18;34;1;1
-25;-27;30;0;1
-28;-14;63;0;1
-45;-31;30;0;1
-27;12;45;0;1
-22;9;62;0;1
-23;26;58;1;1
-26;-20;41;0;1
-24;35;50;0;1
-62;22;20;0;1
-37;-8;37;1;1
-48;4;51;0;1
-25;24;26;1;1
-23;14;50;0;1
-24;-9;47;0;1
-44;-4;23;0;1
-26;18;16;0;1
-30;4;63;1;1
-30;-1;37;0;1
-45;-15;21;1;1
-42;-26;33;0;1
-49;5;40;0;1
-54;-7;34;0;1
-28;35;28;1;1
-28;-30;37;0;1
-54;2;24;0;1
-44;-50;19;1;1
-20;-10;53;0;1
-33;33;26;0;1
-25;7;66;0;1
-55;20;19;0;1
-37;-29;31;0;1
-31;5;48;0;1
-27;-4;38;0;1
-43;-10;46;0;1
-59;19;25;0;1
-54;-15;23;1;1
-16;-16;22;0;1
-25;4;53;0;1
-58;1;17;0;1
-44;-2;29;0;1
-21;-2;30;0;1
-47;37;23;0;1
-30;22;58;1;1
-53;6;35;0;1
-48;-29;34;0;1
-37;-26;51;0;1
-39;-46;29;0;1
-43;31;17;1;1
-58;23;22;1;1
-32;40;15;0;1
-30;-46;26;0;1
-40;38;36;0;1
-42;-20;34;0;1
-28;-21;20;1;1
-44;28;21;1;1
-28;-4;9;0;1
-12;15;50;1;1
-31;14;32;1;1
-30;38;38;1;1
-30;-9;11;0;1
-16;9;26;1;1
-47;7;41;1;1
-58;-11;28;0;1
-16;27;41;0;1
-64;4;23;1;1
-30;12;54;0;1
-55;-3;20;0;1
-32;8;29;0;1
-25;-25;20;0;1
-48;-8;44;0;1
-23;-29;28;0;1
-20;-17;13;0;1
-31;-31;34;0;1
-13;18;31;0;1
-36;29;42;0;1
-14;-20;30;0;1
-34;-14;18;0;1
-31;20;14;1;1
-34;13;18;0;1
-27;19;10;0;1
-19;19;52;0;1
-30;-1;14;0;1
-34;-11;57;1;1
-46;-41;23;0;1
-34;34;28;1;1
-56;-6;28;1;1
-42;47;26;0;1
-59;31;20;0;1
-62;-20;21;0;1
-38;32;38;0;1
-53;6;28;0;1
-38;-36;28;1;1
-50;1;33;0;1
-35;-15;51;0;1
-41;-15;25;0;1
-28;15;23;1;1
-49;23;33;1;1
-28;15;29;0;1
-53;-26;28;1;1
-31;-17;36;0;1
-40;0;31;1;1
-23;26;36;1;1
-32;10;62;0;1
-19;-17;37;0;1
-24;12;15;0;1
-25;-42;34;1;1
-23;-28;34;0;1
-41;-16;25;1;1
-45;-38;16;0;1
-42;19;19;1;1
-47;-29;22;1;1
-36;-55;19;1;1
-53;-23;32;1;1
-17;-11;34;1;1
-26;-21;46;0;1
-39;-14;38;1;1
-26;-3;13;0;1
-21;16;64;1;1
-35;8;61;1;1
-15;-6;24;1;1
-41;14;13;0;1
-59;9;31;0;1
-32;-27;47;1;1
-39;-20;25;0;1
-55;25;24;1;1
-36;-34;20;1;1
-25;-30;57;1;1
-52;23;42;0;1
-27;-5;57;1;1
-23;-38;20;1;1
-22;-26;22;0;1
-22;8;23;0;1
-34;20;49;0;1
-17;13;40;0;1
-39;42;35;0;1
-53;2;47;0;1
-56;-16;21;0;1
-30;9;10;1;1
-36;-8;30;0;1
-24;10;49;0;1
-42;-22;15;0;1
-10;-3;24;1;1
-22;24;17;0;1
-25;-31;19;0;1
-46;43;23;1;1
-27;-3;19;0;1
-42;-7;20;0;1
-45;-25;29;0;1
-25;31;45;0;1
-15;10;41;0;1
-15;-11;47;1;1
-41;13;46;1;1
-46;8;16;1;1
-50;13;30;1;1
-43;-26;46;0;1
-41;-36;24;1;1
-42;-37;40;0;1
-46;-15;37;0;1
-22;-22;48;0;1
-39;8;43;1;1
-9;11;30;1;1
-27;-20;47;0;1
-29;-7;33;1;1
-36;23;26;0;1
-34;-3;39;0;1
-39;23;31;0;1
-17;18;54;1;1
-48;-12;37;0;1
-31;-18;20;0;1
-29;-40;37;0;1
-41;-52;20;0;1
-51;-41;27;0;1
-36;-9;33;1;1
-27;23;17;1;1
-27;-12;54;0;1
-41;48;30;0;1
-46;37;27;1;1
-23;36;43;0;1
-50;16;32;0;1
-37;-25;53;1;1
-50;24;44;1;1
-33;17;25;1;1
-39;44;20;1;1
-25;-33;54;0;1
-22;35;52;0;1
-33;-24;20;1;1
-29;-17;17;0;1
-39;6;49;1;1
-27;-23;48;0;1
-55;-1;29;0;1
-22;9;15;1;1
-20;-17;22;0;1
-23;-5;13;0;1
-55;25;20;0;1
-24;20;25;1;1
-30;24;18;0;1
-38;-6;41;1;1
-37;-27;37;1;1
-44;33;26;0;1
-20;-34;25;1;1
-24;-33;35;0;1
-51;2;43;0;1
-28;6;12;0;1
-50;22;30;0;1
-28;30;34;1;1
-21;-2;35;0;1
-19;-1;45;1;1
-33;19;38;1;1
-35;22;17;0;1
-16;6;37;0;1
-53;-21;31;0;1
-34;-36;39;1;1
-56;27;20;0;1
-36;-33;51;0;1
-45;-14;30;1;1
-34;11;32;0;1
-41;37;18;0;1
-18;-28;20;0;1
-30;34;18;0;1
-12;-20;46;1;1
-25;9;26;0;1
-31;31;22;1;1
-34;31;40;0;1
-34;46;30;1;1
-23;3;54;0;1
-36;28;52;1;1
-40;-16;51;1;1
-39;7;36;0;1
-17;-19;51;0;1
-54;-24;34;0;1
-16;17;49;1;1
-22;0;52;0;1
-31;-28;34;0;1
-42;9;15;0;1
-28;-36;30;1;1
-61;12;29;0;1
-20;-12;56;1;1
-45;22;28;0;1
-55;-18;21;1;1
-11;-5;27;0;1
-29;-20;46;0;1
-52;0;24;0;1
-19;27;39;0;1
-25;-7;22;0;1
-12;-12;22;0;1
-39;0;22;0;1
-23;19;63;1;1
-38;-7;55;1;1
-20;-23;38;1;1
-42;24;47;1;1
-42;34;32;1;1
-34;-8;39;0;1
-23;-10;64;0;1
-43;34;37;1;1
-51;-19;15;0;1
-47;-16;43;0;1
-29;17;12;0;1
-48;-12;38;0;1
-39;-16;41;0;1
-45;39;33;0;1
-33;35;42;0;1
-32;-12;40;1;1
-30;9;22;1;1
-38;41;43;0;1
-9;14;44;0;1
-42;-52;22;1;1
-18;31;50;1;1
-23;-39;37;1;1
-24;37;54;1;1
-46;-17;50;0;1
-29;2;39;0;1
-53;-9;23;0;1
-21;-26;13;1;1
-29;-18;45;1;1
-38;-47;34;1;1
-29;47;18;0;1
-27;7;14;1;1
-24;-22;21;0;1
-33;11;60;1;1
-35;-36;48;1;1
-29;47;36;1;1
-15;-14;54;0;1
-33;-41;20;1;1
-29;20;59;0;1
-23;-17;56;1;1
-35;43;35;0;1
-59;-11;25;1;1
-42;28;49;0;1
-48;28;31;1;1
-35;34;42;0;1
-37;-29;18;0;1
-26;-27;13;1;1
-19;-18;44;0;1
-21;-13;14;0;1
-34;-35;47;0;1
-53;-41;18;0;1
-33;-6;20;1;1
-33;-1;23;1;1
-25;0;53;1;1
-26;7;54;0;1
-36;39;37;0;1
-61;16;23;1;1
-30;6;33;0;1
-28;26;54;0;1
-28;39;42;1;1
-46;6;31;0;1
-28;-17;11;1;1
-48;28;28;0;1
-18;6;45;0;1
-34;-11;50;1;1
-33;-44;36;0;1
-20;30;21;1;1
-28;-6;47;1;1
-18;-3;35;0;1
-30;-10;54;1;1
-31;13;33;1;1
-58;-13;21;1;1
-14;19;43;1;1
-30;20;26;0;1
-32;-10;40;0;1
-44;9;17;1;1
-29;6;27;0;1
-30;45;22;1;1
-41;47;18;0;1
-22;-34;20;1;1
-17;14;46;0;1
-45;-47;27;0;1
-9;-12;39;0;1
-49;-1;20;1;1
-42;-7;22;1;1
-50;-5;39;0;1
-47;-30;32;0;1
-61;12;18;0;1
-23;31;27;1;1
-64;-2;18;1;1
-29;-18;44;1;1
-39;11;21;1;1
-21;-15;24;1;1
-14;14;23;0;1
-30;-34;24;0;1
-22;8;61;1;1
-20;-14;14;0;1
-38;32;14;0;1
-26;-45;23;0;1
-14;18;23;0;1
-33;35;30;0;1
-57;14;17;0;1
-13;14;29;1;1
-44;28;28;0;1
-18;-15;51;1;1
-57;3;26;0;1
-32;6;48;1;1
-18;13;11;0;1
-46;14;48;1;1
-34;-33;37;0;1
-22;-13;47;1;1
-36;-53;26;1;1
-42;5;45;1;1
-20;-23;35;1;1
-25;7;61;0;1
-10;-13;43;0;1
-28;-5;61;0;1
-60;-7;26;0;1
-29;10;49;1;1
-39;-14;24;0;1
-40;-18;15;1;1
-20;-31;33;0;1
-21;25;11;0;1
-18;-22;59;0;1
-13;0;23;1;1
-45;-9;54;0;1
-46;4;37;0;1
-66;2;25;0;1
-61;-4;29;0;1
-26;17;53;0;1
-38;26;47;0;1
-44;12;27;0;1
-18;31;61;0;1
-39;-10;53;0;1
-42;19;37;1;1
-19;-28;50;1;1
-44;-20;18;1;1
-25;43;40;1;1
-44;37;29;0;1
-44;-29;35;1;1
-30;-5;36;0;1
-43;35;35;0;1
-22;0;47;1;1
-40;18;33;0;1
-46;-24;25;1;1
-46;17;39;0;1
-55;23;16;1;1
-12;-17;54;1;1
-45;36;19;1;1
-30;-9;41;0;1
-48;21;19;0;1
-21;-14;10;0;1
-24;-19;38;1;1
-39;-4;14;0;1
-28;-15;30;0;1
-28;45;45;1;1
-46;4;15;0;1
-54;1;44;0;1
-42;-38;29;0;1
-27;11;11;0;1
-21;19;39;0;1
-32;1;52;0;1
-19;17;35;0;1
-34;31;14;1;1
-53;-10;27;1;1
-31;15;22;0;1
-33;-27;48;0;1
-16;-12;40;1;1
-31;14;55;0;1
-20;0;51;0;1
-24;-13;13;1;1
-18;-15;15;0;1
-24;36;34;1;1
-37;-15;26;1;1
-24;-30;25;0;1
-56;-23;27;0;1
-58;-8;26;1;1
-33;31;34;1;1
-26;-12;35;0;1
-24;18;18;1;1
-49;-7;20;0;1
-45;9;42;1;1
-24;32;35;1;1
-36;3;42;1;1
-32;29;29;0;1
-32;31;39;0;1
-34;15;50;1;1
-31;-1;52;1;1
-26;-21;15;1;1
-29;-6;53;0;1
-27;-14;51;0;1
-49;38;32;1;1
-34;-4;30;1;1
-31;-5;63;1;1
-38;39;29;0;1
-56;-5;21;1;1
-38;15;16;1;1
-40;4;32;0;1
-44;17;41;1;1
-29;3;40;1;1
-26;-10;26;0;1
-50;15;44;0;1
-37;37;26;1;1
-38;-40;29;0;1
-21;-25;31;0;1
-43;42;21;0;1
-56;23;19;1;1
-38;-56;19;1;1
-30;3;36;0;1
-30;-2;50;0;1
-29;16;12;0;1
-27;9;60;0;1
-38;0;47;1;1
-33;-20;26;1;1
-32;4;47;0;1
-29;8;37;0;1
-24;-4;14;0;1
-35;35;22;0;1
-16;24;9;0;1
-32;17;50;0;1
-53;-27;29;0;1
-16;-15;59;1;1
-44;-14;21;1;1
-15;-13;18;0;1
-47;29;43;0;1
-30;30;43;0;1
-36;-14;37;0;1
-45;-26;14;1;1
-63;14;28;0;1
-26;-30;15;0;1
-27;-17;50;1;1
-26;5;62;1;1
-42;-24;31;0;1
-54;10;30;1;1
-55;-7;20;1;1
-63;19;22;0;1
-22;-14;48;1;1
-37;43;34;1;1
-30;1;38;1;1
-42;-16;43;0;1
-34;19;49;0;1
-51;31;24;0;1
-13;-22;61;0;1
-52;21;33;0;1
-10;-7;32;0;1
-10;-14;37;0;1
-23;-28;30;1;1
-13;18;52;0;1
-60;15;26;1;1
-24;-12;18;1;1
-41;-38;23;1;1
-17;-21;43;0;1
-38;33;19;1;1
-26;-20;26;0;1
-32;7;42;0;1
-24;17;42;1;1
-18;-13;22;0;1
-35;28;17;0;1
-47;-26;37;0;1
-44;-51;19;0;1
-21;22;30;0;1
-21;22;63;0;1
-39;6;42;0;1
-18;-22;18;1;1
-17;-11;26;0;1
-17;-16;43;0;1
-37;31;52;0;1
-41;-33;39;0;1
-36;37;23;1;1
-32;-29;32;0;1
-22;-5;19;1;1
-39;4;50;0;1
-20;16;57;0;1
-27;-40;20;0;1
-56;-3;39;0;1
-14;-10;22;0;1
-14;9;31;1;1
-50;-20;45;1;1
-15;21;25;0;1
-46;-14;42;0;1
-22;21;34;0;1
-35;-27;47;0;1
-47;21;19;0;1
-43;-33;43;0;1
-37;15;39;1;1
-24;-16;16;0;1
-40;2;58;0;1
-31;26;44;0;1
-32;15;20;0;1
-41;-27;23;0;1
-51;-40;28;0;1
-39;2;46;1;1
-44;-11;27;1;1
-38;-29;24;1;1
-36;10;58;0;1
-28;-44;47;0;1
-24;22;24;1;1
-54;-38;22;1;1
-47;27;36;1;1
-54;-18;16;0;1
-30;-34;40;1;1
-34;19;48;1;1
-32;14;57;0;1
-33;-30;32;1;1
-16;27;24;1;1
-16;20;41;0;1
-57;7;19;1;1
-26;24;18;0;1
-28;-19;32;0;1
-31;37;44;0;1
-22;-33;29;1;1
-24;27;13;0;1
-33;-11;53;0;1
-12;-18;24;1;1
-37;18;35;1;1
-37;12;39;0;1
-28;30;33;1;1
-52;-12;19;1;1
-34;51;34;0;1
-48;-10;26;0;1
-30;-8;44;0;1
-21;-16;10;0;1
-24;-30;45;0;1
-49;-37;21;1;1
-36;-28;15;0;1
-35;41;46;0;1
-51;-7;36;0;1
-33;-18;36;0;1
-44;-1;35;0;1
-36;-26;35;1;1
-46;-43;28;0;1
-19;27;37;0;1
-16;12;20;1;1
-19;-10;17;0;1
-29;-30;46;1;1
-40;47;35;0;1
-18;-3;37;0;1
-27;23;38;0;1
-41;11;48;0;1
-35;32;16;0;1
-26;5;9;1;1
-29;-40;38;0;1
-17;25;14;1;1
-14;7;43;0;1
-34;38;41;0;1
-40;45;25;1;1
-21;17;38;1;1
-43;-11;41;0;1
-14;-16;30;0;1
-60;12;35;1;1
-13;18;11;0;1
-27;-26;21;0;1
-31;51;20;1;1
-60;18;21;1;1
-34;10;58;1;1
-25;35;41;1;1
-25;-10;54;1;1
-37;4;12;0;1
-54;19;24;1;1
-34;3;32;0;1
-22;32;52;1;1
-32;31;19;0;1
-34;-6;48;1;1
-45;37;31;0;1
-38;45;19;0;1
-18;28;57;1;1
-21;-22;33;0;1
-29;0;30;0;1
-38;-29;42;1;1
-55;5;36;1;1
-33;-24;12;0;1
-13;-5;37;1;1
-23;10;60;0;1
-59;5;22;0;1
-35;-2;49;1;1
-12;-10;29;1;1
-18;12;34;1;1
-23;-5;31;0;1
-28;-6;20;0;1
-54;12;26;1;1
-29;-14;25;0;1
-20;-14;55;1;1
-32;15;30;0;1
-45;-25;46;0;1
-35;-41;44;0;1
-33;41;40;0;1
-41;43;16;1;1
-17;-28;20;0;1
-37;-4;19;1;1
-20;7;43;1;1
-30;33;44;0;1
-33;-18;58;1;1
-30;40;49;1;1
-22;27;57;1;1
-29;39;19;1;1
-48;-1;25;0;1
-50;2;40;0;1
-26;-19;30;1;1
-31;49;36;0;1
-31;47;36;1;1
-33;-13;36;1;1
-45;17;44;0;1
-19;20;19;0;1
-19;28;58;0;1
-32;-36;19;1;1
-65;1;19;1;1
-19;-24;17;1;1
-32;38;32;1;1
-31;29;17;1;1
-33;-18;50;0;1
-21;3;58;0;1
-16;24;56;0;1
-24;-36;22;0;1
-66;-6;22;1;1
-20;-1;32;0;1
-14;20;42;0;1
-64;-14;23;1;1
-43;23;18;0;1
-23;-12;47;0;1
-20;10;22;0;1
-30;14;24;1;1
-17;-11;51;0;1
-45;23;32;0;1
-33;-22;52;0;1
-35;37;32;1;1
-8;-9;32;1;1
-38;-25;38;1;1
-14;22;57;1;1
-37;-11;54;1;1
-42;27;33;1;1
-21;25;29;1;1
-46;23;20;0;1
-45;-42;20;1;1
-55;23;23;0;1
-31;37;29;0;1
-37;-16;24;0;1
-14;23;60;1;1
-28;-9;12;0;1
-27;22;15;0;1
-36;45;41;0;1
-28;-25;29;0;1
-24;5;48;0;1
-39;-41;36;0;1
-18;-26;11;0;1
-60;-2;20;1;1
-28;28;15;0;1
-24;-39;29;0;1
-30;35;38;0;1
-14;-9;43;1;1
-27;-41;39;1;1
-48;-22;45;1;1
-20;13;48;0;1
-17;-24;43;0;1
-26;14;39;1;1
-12;-16;25;0;1
-30;-31;46;1;1
-8;13;26;0;1
-37;-39;20;1;1
-36;13;46;0;1
-32;-28;14;0;1
-29;44;19;0;1
-18;17;9;0;1
-49;16;39;1;1
-42;19;50;0;1
-28;6;24;0;1
-29;44;39;0;1
-25;-5;15;1;1
-27;3;9;0;1
-36;-3;25;1;1
-34;-42;33;1;1
-8;13;41;0;1
-39;23;23;1;1
-31;43;41;1;1
-39;-5;47;1;1
-45;16;13;0;1
-21;-22;18;1;1
-30;-48;41;1;1
-40;8;30;0;1
-34;-7;11;0;1
-23;36;15;0;1
-44;36;27;0;1
-24;-5;59;0;1
-64;6;18;0;1
-25;-19;51;0;1
-50;-13;22;0;1
-12;-5;35;0;1
-42;37;21;0;1
-33;-39;24;1;1
-53;5;15;1;1
-10;-11;33;1;1
-37;-12;31;1;1
-30;-49;31;0;1
-45;-2;37;0;1
-48;-18;30;0;1
-23;33;37;0;1
-25;-4;53;1;1
-29;-26;45;0;1
-56;-20;18;0;1
-44;14;52;1;1
-37;-49;21;0;1
-17;19;11;0;1
-55;18;26;0;1
-47;-5;52;1;1
-33;-50;17;1;1
-27;-36;47;0;1
-23;37;29;0;1
-42;31;36;0;1
-31;4;59;0;1
-34;36;20;0;1
-49;-5;51;1;1
-65;11;22;0;1
-27;-28;12;1;1
-18;26;21;1;1
-29;13;60;0;1
-42;-2;32;1;1
-20;34;15;0;1
-18;-8;35;1;1
-36;-13;45;1;1
-48;-32;28;1;1
-27;-23;33;1;1
-39;-13;33;0;1
-44;-3;29;1;1
-30;-13;63;0;1
-36;22;26;1;1
-55;35;21;0;1
-36;-23;34;1;1
-50;30;36;0;1
-36;-26;54;0;1
-32;34;18;1;1
-34;26;12;0;1
-45;0;44;1;1
-32;-30;39;0;1
-53;-21;23;0;1
-53;0;39;1;1
-19;-27;34;0;1
-47;-18;18;0;1
-30;-40;24;1;1
-33;11;31;0;1
-56;35;18;0;1
-40;0;54;0;1
-27;40;49;1;1
-25;-39;50;1;1
-64;6;22;0;1
-16;25;63;0;1
-11;3;24;0;1
-25;-30;44;0;1
-27;-34;12;0;1
-30;-9;12;1;1
-19;-17;56;1;1
-17;22;54;1;1
-21;-24;55;0;1
-46;-31;18;1;1
-18;-27;35;0;1
-31;16;23;0;1
-58;21;34;0;1
-27;26;29;0;1
-34;0;50;0;1
-25;35;31;0;1
-36;-11;56;0;1
-43;-43;20;1;1
-28;43;21;1;1
-20;24;46;1;1
-61;16;32;1;1
-65;-11;26;1;1
-17;22;35;0;1
-34;-10;53;0;1
-30;-30;27;1;1
-22;15;43;1;1
-24;-37;53;0;1
-52;1;46;0;1
-41;-48;27;0;1
-37;-33;38;1;1
-39;41;42;0;1
-21;-29;58;0;1
-12;-18;39;0;1
-29;-1;48;0;1
-44;-28;35;0;1
-28;-18;56;1;1
-35;-28;22;1;1
-39;-13;51;1;1
-24;-41;18;0;1
-32;35;38;0;1
-32;6;40;0;1
-29;-11;22;0;1
-28;10;32;0;1
-60;20;26;0;1
-29;25;47;1;1
-33;24;17;0;1
-57;11;17;0;1
-47;24;42;1;1
-26;-33;31;0;1
-21;-21;39;0;1
-53;-4;16;0;1
-22;-13;58;0;1
-28;30;50;1;1
-22;16;37;0;1
-26;-13;38;0;1
-65;6;18;0;1
-61;-11;21;0;1
-33;11;12;0;1
-49;-29;42;0;1
-21;21;14;0;1
-21;-4;44;1;1
-24;38;25;0;1
-29;41;38;1;1
-35;-35;39;0;1
-21;-26;35;1;1
-55;-12;41;1;1
-30;-9;40;0;1
-36;-23;28;0;1
-35;14;50;0;1
-21;-18;31;0;1
-41;3;27;0;1
-54;-9;30;0;1
-33;-28;25;1;1
-51;2;25;0;1
-40;23;26;0;1
-37;3;59;0;1
-39;-8;17;0;1
-18;-11;43;0;1
-21;16;45;0;1
-55;10;43;1;1
-24;25;49;0;1
-31;-3;32;0;1
-37;22;12;0;1
-35;20;13;0;1
-41;-7;53;0;1
-32;42;40;0;1
-48;25;16;1;1
-48;-29;19;0;1
-17;-12;21;0;1
-45;44;32;0;1
-29;18;14;1;1
-16;-21;26;1;1
-46;20;21;0;1
-18;-4;34;0;1
-26;-1;33;0;1
-24;-4;10;1;1
-12;13;27;1;1
-45;-24;15;0;1
-46;-22;18;0;1
-31;4;12;0;1
-17;13;12;0;1
-29;21;46;0;1
-25;-17;64;0;1
-20;-3;24;1;1
-32;-21;30;1;1
-62;-2;28;0;1
-41;36;40;0;1
-32;23;58;1;1
-34;30;32;0;1
-41;-2;12;0;1
-28;13;36;0;1
-51;-7;19;0;1
-27;-46;19;0;1
-54;-32;20;1;1
-54;-19;34;1;1
-42;-21;23;0;1
-38;-15;48;1;1
-47;-19;21;0;1
-49;-32;36;0;1
-42;8;50;0;1
-18;-29;11;0;1
-36;25;53;0;1
-33;-27;43;0;1
-44;-44;31;1;1
-46;25;41;1;1
-38;-9;20;0;1
-20;26;54;1;1
-30;6;52;0;1
-37;36;16;1;1
-31;16;14;0;1
-36;-28;34;0;1
-50;12;44;0;1
-26;-3;24;1;1
-42;-6;39;1;1
-49;-15;47;1;1
-49;-22;21;0;1
-21;-20;26;0;1
-32;23;42;1;1
-17;26;49;0;1
-42;29;18;0;1
-44;-8;24;0;1
-29;8;42;1;1
-27;-34;18;1;1
-29;-19;59;0;1
-31;21;17;1;1
-33;16;55;0;1
-43;28;16;1;1
-50;0;29;0;1
-22;37;34;1;1
-36;22;34;0;1
-37;-26;21;0;1
-22;-28;47;0;1
-55;32;21;0;1
-18;25;38;1;1
-27;-25;41;1;1
-34;38;48;0;1
-50;-7;32;1;1
-33;-21;22;0;1
-28;14;50;0;1
-48;-28;28;0;1
-49;-31;39;0;1
-26;23;50;0;1
-50;11;19;0;1
-17;-14;52;1;1
-19;3;46;0;1
-33;50;33;1;1
-37;30;28;0;1
-38;50;31;1;1
-17;25;10;0;1
-16;-22;18;1;1
-35;-39;33;0;1
-22;30;19;0;1
-44;41;30;1;1
-20;-33;15;0;1
-57;-1;28;1;1
-43;45;24;1;1
-24;3;49;1;1
-19;-6;48;1;1
-28;16;24;0;1
-27;40;26;0;1
-52;11;15;1;1
-25;10;23;1;1
-24;12;26;0;1
-13;19;39;0;1
-47;-13;36;1;1
-29;-38;36;1;1
-55;-23;25;0;1
-23;15;37;1;1
-30;49;20;0;1
-28;5;18;1;1
-62;-6;20;0;1
-40;23;47;0;1
-19;12;28;0;1
-24;21;28;0;1
-49;-2;50;1;1
-33;42;43;0;1
-34;40;26;0;1
-25;42;30;0;1
-25;-13;49;0;1
-57;23;27;0;1
-52;9;46;0;1
-19;-16;63;1;1
-46;14;42;1;1
-18;-25;16;1;1
-11;19;51;0;1
-31;2;21;0;1
-31;-20;42;1;1
-45;2;16;1;1
-20;4;51;0;1
-37;7;18;1;1
-25;-29;55;0;1
-44;37;30;0;1
-21;12;49;0;1
-14;2;38;0;1
-56;-24;36;0;1
-37;5;33;0;1
-15;-17;53;0;1
-48;-34;33;0;1
-25;11;58;0;1
-42;-26;32;0;1
-35;19;48;0;1
-29;-31;16;0;1
-23;-35;55;0;1
-42;-21;13;0;1
-17;-11;41;1;1
-52;31;28;1;1
-16;7;43;1;1
-34;-10;28;1;1
-26;-8;43;1;1
-32;-32;54;0;1
-23;-37;41;1;1
-62;20;26;0;1
-49;17;46;0;1
-30;41;37;0;1
-30;-20;56;0;1
-45;26;43;1;1
-32;0;14;0;1
-20;26;41;1;1
-11;-17;42;0;1
-29;-32;36;0;1
-56;-28;19;0;1
-21;11;20;0;1
-16;-24;51;1;1
-46;26;34;0;1
-17;20;57;0;1
-24;4;36;0;1
-34;27;38;0;1
-17;8;35;1;1
-26;30;49;0;1
-25;27;50;0;1
-31;21;22;1;1
-40;30;42;1;1
-63;5;18;1;1
-35;15;47;0;1
-30;-7;59;0;1
-34;44;32;1;1
-52;-8;38;0;1
-17;23;60;0;1
-13;18;16;0;1
-19;-8;18;1;1
-29;12;38;1;1
-54;22;33;1;1
-33;18;30;1;1
-40;50;20;0;1
-29;3;27;0;1
-26;8;63;0;1
-53;34;21;1;1
-44;-3;19;1;1
-38;6;41;0;1
-22;34;33;0;1
-20;7;28;1;1
-54;-8;45;0;1
-48;31;19;0;1
-50;-18;32;1;1
-45;13;15;0;1
-29;-24;26;0;1
-27;4;22;0;1
-31;23;18;1;1
-39;-6;46;0;1
-49;33;25;1;1
-29;-7;17;0;1
-61;-26;19;0;1
-24;-15;52;0;1
-14;-20;13;1;1
-15;16;31;0;1
-35;-30;49;0;1
-64;-1;30;1;1
-26;-45;42;0;1
-62;15;30;0;1
-53;30;25;0;1
-51;38;31;0;1
-30;51;16;1;1
-18;-31;58;1;1
-52;5;18;0;1
-11;-19;17;0;1
-13;-20;25;0;1
-40;13;35;0;1
-30;-1;31;0;1
-30;-39;45;0;1
-45;-11;15;0;1
-27;-31;16;1;1
-43;-35;29;0;1
-32;34;30;0;1
-19;21;63;0;1
-19;-13;30;0;1
-33;-45;37;0;1
-48;-2;34;1;1
-19;-11;30;0;1
-44;-12;46;0;1
-13;18;49;0;1
-22;-15;50;1;1
-32;-24;28;1;1
-30;-50;36;0;1
-22;18;57;0;1
-43;10;20;0;1
-29;-35;14;0;1
-40;-9;48;0;1
-31;-35;29;1;1
-38;30;30;0;1
-47;-5;27;0;1
-26;-7;31;0;1
-37;5;59;0;1
-45;17;23;0;1
-42;1;22;0;1
-26;-12;12;0;1
-43;-10;55;0;1
-47;1;45;1;1
-55;0;25;0;1
-49;-24;38;0;1
-43;-30;33;0;1
-42;15;39;0;1
-53;-13;17;1;1
-11;17;51;0;1
-50;2;38;1;1
-34;15;32;0;1
-38;-16;20;1;1
-34;-40;29;1;1
-20;15;15;0;1
-54;3;42;1;1
-35;21;51;0;1
-42;-3;39;0;1
-51;42;22;0;1
-35;20;23;0;1
-58;-5;28;1;1
-42;13;16;1;1
-30;3;29;0;1
-59;-17;19;1;1
-55;39;21;0;1
-21;5;39;1;1
-38;-2;39;0;1
-28;-14;52;0;1
-24;35;12;0;1
-45;-35;42;0;1
-37;7;14;1;1
-33;6;57;0;1
-43;34;42;1;1
-59;-23;21;1;1
-43;25;15;0;1
-47;24;22;0;1
-29;4;24;0;1
-41;44;27;0;1
-52;-36;23;0;1
-25;8;27;0;1
-12;14;42;1;1
-27;38;31;0;1
-25;-38;43;0;1
-32;5;48;0;1
-35;-16;56;1;1
-40;50;24;1;1
-19;26;45;1;1
-49;-20;18;0;1
-35;11;18;1;1
-34;-13;18;0;1
-17;10;44;0;1
-18;-15;62;0;1
-30;-41;22;0;1
-16;21;61;1;1
-47;16;36;1;1
-9;12;39;0;1
-52;30;24;0;1
-45;49;24;1;1
-52;41;22;0;1
-45;26;16;0;1
-24;13;41;0;1
-30;34;43;1;1
-33;5;9;0;1
-19;-25;31;0;1
-30;-16;23;0;1
-29;-2;32;0;1
-45;-7;47;0;1
-39;-29;51;0;1
-46;12;19;1;1
-27;2;25;0;1
-35;6;33;0;1
-49;-9;43;0;1
-47;7;43;0;1
-38;40;20;1;1
-34;-16;43;0;1
-39;-15;47;0;1
-31;-14;51;1;1
-56;3;16;1;1
-30;-45;32;0;1
-25;-4;18;0;1
-15;-12;51;0;1
-44;-31;27;0;1
-46;-43;17;1;1
-41;-12;37;0;1
-42;23;15;1;1
-33;-20;42;1;1
-17;25;52;0;1
-40;-4;44;0;1
-21;6;43;0;1
-43;41;35;0;1
-54;3;23;0;1
-37;-13;30;1;1
-46;17;26;0;1
-20;27;11;1;1
-13;-19;29;0;1
-38;14;49;0;1
-47;4;21;0;1
-21;20;29;0;1
-15;-11;22;1;1
-22;27;46;1;1
-51;16;38;0;1
-32;52;30;0;1
-16;14;15;0;1
-24;35;19;0;1
-60;-23;24;1;1
-23;-36;47;1;1
-26;25;59;1;1
-46;-13;39;0;1
-34;-43;42;0;1
-21;-2;19;1;1
-36;37;38;0;1
-56;-36;23;1;1
-28;-11;38;0;1
-38;2;17;0;1
-42;-20;19;1;1
-32;3;49;0;1
-36;-43;27;0;1
-45;-40;19;0;1
-30;-13;41;1;1
-53;-16;34;0;1
-27;44;22;0;1
-19;25;60;1;1
-33;-27;55;0;1
-16;-17;21;1;1
-30;24;19;0;1
-56;13;29;1;1
-16;18;14;0;1
-41;32;41;1;1
-36;-42;21;1;1
-53;39;18;0;1
-48;-4;39;0;1
-26;16;16;1;1
-52;22;24;0;1
-24;-24;43;0;1
-29;-27;55;0;1
-37;-2;30;0;1
-42;41;23;0;1
-36;-37;25;0;1
-42;-9;40;0;1
-33;2;18;0;1
-23;-15;10;1;1
-25;-11;42;0;1
-20;-20;28;1;1
-65;-15;23;0;1
-21;-24;36;0;1
-60;27;25;0;1
-25;35;51;0;1
-21;-36;32;0;1
-30;6;55;1;1
-36;24;53;1;1
-14;7;31;0;1
-13;-12;46;0;1
-43;-7;24;0;1
-20;-2;27;1;1
-50;1;36;0;1
-44;-51;20;0;1
-57;25;23;1;1
-64;11;19;1;1
-47;-38;31;1;1
-14;-9;40;1;1
-21;-12;23;1;1
-37;18;40;0;1
-23;-23;29;1;1
-38;-9;49;0;1
-27;-9;58;1;1
-25;-42;29;0;1
-16;25;59;1;1
-19;26;53;0;1
-24;-7;14;1;1
-19;-26;25;0;1
-44;35;34;0;1
-7;-11;21;1;1
-16;-24;44;1;1
-54;17;24;0;1
-41;-4;49;1;1
-14;-15;28;0;1
-58;-22;17;0;1
-33;-35;16;1;1
-52;-9;39;0;1
-31;31;40;0;1
-41;28;18;1;1
-51;-21;41;0;1
-26;20;51;0;1
-12;-9;35;0;1
-50;-2;49;0;1
-46;-46;23;1;1
-35;12;38;0;1
-44;24;40;1;1
-29;1;22;0;1
-38;44;19;0;1
-39;-5;54;0;1
-42;12;50;1;1
-44;12;40;0;1
-40;-40;32;0;1
-27;-23;21;0;1
-38;17;40;0;1
-15;-9;21;0;1
-34;16;23;1;1
-40;-1;13;1;1
-51;-37;17;0;1
-54;27;19;0;1
-20;-24;47;1;1
-55;6;15;0;1
-26;36;51;1;1
-47;20;20;0;1
-14;13;38;0;1
-58;19;25;0;1
-47;-23;48;1;1
-31;-14;45;0;1
-48;32;19;1;1
-46;-27;15;0;1
-31;-39;29;0;1
-18;7;29;1;1
-30;13;29;0;1
-28;1;48;0;1
-25;-36;34;0;1
-27;30;47;0;1
-23;30;56;0;1
-44;7;37;0;1
-34;19;59;0;1
-43;27;16;0;1
-26;-24;17;0;1
-43;45;18;0;1
-38;3;29;0;1
-32;-27;34;1;1
-14;-8;40;1;1
-24;-18;26;1;1
-29;-22;52;1;1
-37;34;19;0;1
-17;3;37;0;1
-62;-19;18;0;1
-32;50;27;0;1
-48;38;22;0;1
-11;19;35;0;1
-34;46;24;1;1
-35;7;48;0;1
-57;-14;25;1;1
-9;-14;34;1;1
-23;13;15;1;1
-48;7;39;0;1
-49;8;36;1;1
-42;-2;24;0;1
-27;12;27;0;1
-35;-1;35;0;1
-46;-32;39;0;1
-23;13;38;0;1
-38;15;11;0;1
-28;-24;12;0;1
-28;40;18;0;1
-15;-18;31;1;1
-27;29;23;1;1
-49;6;36;0;1
-44;25;15;0;1
-21;-4;24;1;1
-21;11;58;0;1
-38;30;23;0;1
-30;-23;26;0;1
-27;40;34;0;1
-46;-33;28;1;1
-45;19;35;0;1
-46;43;19;0;1
-36;0;10;1;1
-24;9;22;0;1
-28;-44;40;0;1
-48;-19;46;0;1
-28;-25;37;1;1
-38;24;52;0;1
-17;-26;22;0;1
-52;15;25;1;1
-46;-11;50;1;1
-27;-1;17;1;1
-26;-41;17;0;1
-64;5;23;1;1
-54;-19;25;0;1
-40;43;30;1;1
-11;-18;50;1;1
-61;-23;25;0;1
-22;3;36;1;1
-47;6;20;0;1
-25;-9;17;0;1
-30;-32;43;0;1
-51;-14;22;0;1
-15;1;21;0;1
-35;30;29;0;1
-44;-22;33;0;1
-20;-4;25;0;1
-41;8;42;0;1
-40;23;28;1;1
-49;-3;51;1;1
-52;40;23;0;1
-20;17;38;0;1
-39;8;38;0;1
-23;38;26;0;1
-31;19;23;0;1
-15;23;35;1;1
-25;-37;45;0;1
-33;16;37;0;1
-57;-7;27;0;1
-41;-45;29;0;1
-32;45;34;0;1
-36;-47;39;0;1
-35;44;31;0;1
-32;2;52;0;1
-34;-49;28;0;1
-43;38;26;0;1
-10;17;30;0;1
-49;-21;40;1;1
-48;27;27;0;1
-33;-17;56;0;1
-20;-17;17;0;1
-38;-25;42;1;1
-24;15;63;1;1
-33;5;23;1;1
-35;23;13;0;1
-28;-37;27;0;1
-53;25;34;0;1
-34;-19;38;0;1
-41;8;48;0;1
-37;18;55;1;1
-41;-19;14;0;1
-40;52;23;1;1
-57;13;28;0;1
-24;10;37;0;1
-9;8;26;0;1
-40;9;33;0;1
-40;4;46;1;1
-19;24;49;1;1
-36;30;53;0;1
-51;2;19;1;1
-29;-30;12;0;1
-34;-23;55;0;1
-13;-22;56;1;1
-32;-39;19;0;1
-29;34;34;0;1
-40;-25;45;0;1
-51;10;48;0;1
-31;38;19;0;1
-34;15;29;0;1
-46;-28;29;1;1
-44;-2;51;0;1
-26;33;49;0;1
-50;15;42;0;1
-21;-33;24;0;1
-42;32;26;0;1
-25;17;32;0;1
-52;-19;17;0;1
-21;7;50;1;1
-39;-22;38;0;1
-16;-23;37;1;1
-20;-3;41;1;1
-43;-39;27;0;1
-46;37;16;0;1
-28;-34;49;0;1
-10;17;35;1;1
-45;-30;41;0;1
-38;-37;44;0;1
-26;-33;56;1;1
-32;13;53;0;1
-50;31;36;1;1
-16;16;55;0;1
-52;0;43;1;1
-26;1;26;0;1
-56;-24;20;0;1
-19;18;65;1;1
-38;41;34;0;1
-37;-7;22;1;1
-44;24;45;0;1
-19;-27;26;0;1
-49;-37;23;0;1
-33;43;43;0;1
-33;33;35;1;1
-11;10;33;1;1
-51;-23;42;0;1
-48;14;16;1;1
-31;46;29;0;1
-46;10;48;1;1
-45;2;52;0;1
-34;-5;29;0;1
-43;-19;25;1;1
-44;-39;21;0;1
-34;14;58;1;1
-32;40;23;0;1
-33;-16;45;0;1
-43;-16;46;1;1
-38;-46;35;0;1
-43;21;48;0;1
-40;11;40;1;1
-32;-20;36;0;1
-36;-12;48;0;1
-15;16;41;1;1
-36;-11;40;0;1
-58;-17;22;1;1
-39;-11;45;0;1
-43;-28;18;0;1
-50;14;30;0;1
-63;25;19;0;1
-54;27;24;0;1
-16;12;46;0;1
-18;0;43;0;1
-39;-17;34;0;1
-20;-28;62;1;1
-14;16;56;0;1
-46;14;39;1;1
-37;46;16;1;1
-39;-18;19;0;1
-43;6;27;0;1
-53;31;24;0;1
-34;-21;50;0;1
-36;-32;40;0;1
-63;3;18;0;1
-49;-11;47;0;1
-45;0;48;1;1
-42;22;43;1;1
-18;18;41;1;1
-35;13;39;1;1
-31;-33;53;1;1
-46;24;37;0;1
-23;20;64;0;1
-32;-30;35;1;1
-51;15;17;1;1
-55;8;19;1;1
-26;19;57;0;1
-35;5;23;0;1
-47;17;20;0;1
-52;-26;24;0;1
-34;7;37;0;1
-28;-26;19;0;1
-20;-10;22;1;1
-59;11;29;0;1
-31;8;12;1;1
-51;13;17;1;1
-42;-5;30;1;1
-31;29;49;1;1
-18;19;56;0;1
-38;2;18;0;1
-33;33;53;0;1
-39;-17;47;0;1
-53;7;25;0;1
-18;23;34;1;1
-52;-5;46;1;1
-48;24;27;0;1
-20;-23;22;1;1
-51;-17;35;0;1
-36;-52;21;0;1
-22;-19;52;0;1
-46;15;28;1;1
-25;39;40;0;1
-36;47;20;0;1
-23;14;27;0;1
-30;-47;30;0;1
-22;-32;32;1;1
-42;15;45;0;1
-36;-50;34;1;1
-23;-19;54;0;1
-42;-15;15;0;1
-49;-44;22;0;1
-33;14;53;0;1
-61;-3;29;0;1
-41;43;35;0;1
-20;-4;51;1;1
-29;-13;43;1;1
-44;-13;45;1;1
-35;-40;33;1;1
-21;25;36;0;1
-19;18;8;1;1
-20;10;12;0;1
-28;-20;16;0;1
-38;10;57;0;1
-32;-7;13;0;1
-16;5;46;0;1
-45;-40;37;0;1
-51;-13;29;0;1
-19;11;50;0;1
-36;-2;28;0;1
-15;-6;43;0;1
-45;-26;47;0;1
-30;22;56;0;1
-58;20;21;0;1
-38;5;44;0;1
-18;-31;39;0;1
-25;-8;26;0;1
-46;21;17;1;1
-55;-10;21;0;1
-35;-1;32;0;1
-24;-3;9;0;1
-21;-18;63;0;1
-20;11;36;0;1
-23;1;24;0;1
-29;31;17;0;1
-44;-12;39;1;1
-64;-3;29;0;1
-40;4;53;0;1
-23;-37;35;0;1
-57;7;34;1;1
-34;12;25;0;1
-16;-16;62;0;1
-36;-39;38;0;1
-43;20;50;0;1
-32;-45;17;0;1
-16;24;26;0;1
-31;-18;18;1;1
-38;-9;12;1;1
-18;1;24;0;1
-20;-20;10;1;1
-38;-14;46;1;1
-27;34;52;1;1
-37;-7;60;0;1
-11;-2;27;0;1
-21;-23;22;1;1
-55;-15;17;1;1
-32;6;19;0;1
-34;-27;12;1;1
-28;-29;26;0;1
-36;-22;18;0;1
-50;-12;38;1;1
-36;-46;22;0;1
-48;27;17;0;1
-11;9;26;0;1
-53;-20;41;1;1
-56;-12;34;1;1
-7;11;32;0;1
-20;-30;40;0;1
-25;25;13;0;1
-41;-16;39;0;1
-16;-19;9;0;1
-19;-7;35;1;1
-40;40;25;0;1
-21;-6;59;1;1
-16;16;53;0;1
-61;-15;23;0;1
-23;20;35;0;1
-40;44;20;1;1
-33;33;20;0;1
-36;22;12;1;1
-40;37;21;0;1
-39;50;26;1;1
-41;-8;41;1;1
-46;39;36;0;1
-54;21;33;0;1
-55;28;25;0;1
-36;43;32;0;1
-19;-21;43;0;1
-15;25;9;0;1
-31;10;43;0;1
-26;-32;12;1;1
-32;-7;54;1;1
-27;16;47;1;1
-39;35;29;1;1
-17;-13;29;0;1
-55;19;28;0;1
-24;2;33;0;1
-36;1;28;1;1
-47;-12;16;0;1
-34;-38;36;0;1
-16;25;47;0;1
-26;-8;46;1;1
-29;11;59;1;1
-30;37;23;0;1
-17;10;23;1;1
-34;25;14;0;1
-39;18;17;0;1
-31;-20;57;0;1
-57;0;22;1;1
-22;2;17;1;1
-43;28;44;1;1
-46;6;44;1;1
-15;12;19;0;1
-45;-43;30;1;1
-54;32;31;0;1
-24;11;26;1;1
-51;-20;31;1;1
-14;-12;22;0;1
-18;13;60;0;1
-62;19;19;0;1
-29;-16;45;0;1
-51;21;39;0;1
-18;-27;59;0;1
-47;-21;22;0;1
-30;22;50;1;1
-37;-2;23;0;1
-46;-10;46;1;1
-13;18;39;0;1
-17;-9;33;1;1
-20;24;34;1;1
-43;-28;19;0;1
-38;-9;43;1;1
-48;-25;24;1;1
-57;12;40;0;1
-34;26;43;1;1
-29;23;36;0;1
-25;-3;14;0;1
-26;-39;26;1;1
-42;13;47;0;1
-30;1;35;0;1
-26;24;59;1;1
-19;-20;64;1;1
-21;-29;25;0;1
-49;-32;35;0;1
-41;-4;41;1;1
-33;-43;44;1;1
-30;-45;24;0;1
-34;-12;20;0;1
-42;-18;35;0;1
-49;17;25;1;1
-15;24;18;0;1
-23;36;19;0;1
-33;36;43;0;1
-48;-2;20;1;1
-21;33;58;0;1
-22;19;44;0;1
-22;-20;35;1;1
-35;-7;25;1;1
-65;13;22;1;1
-32;-38;26;0;1
-42;39;17;1;1
-38;11;57;0;1
-28;-42;48;1;1
-47;-23;24;0;1
-31;-1;46;0;1
-18;-30;25;1;1
-57;-27;19;1;1
-18;3;35;1;1
-26;43;20;1;1
-35;1;61;0;1
-59;14;33;0;1
-36;-27;22;0;1
-27;-6;10;0;1
-41;39;39;0;1
-41;-16;14;1;1
-25;7;28;1;1
-42;40;19;0;1
-24;-24;15;0;1
-19;-32;44;0;1
-52;14;16;0;1
-22;7;37;0;1
-26;42;21;0;1
-26;-20;40;0;1
-24;14;26;1;1
-17;-29;53;0;1
-35;-10;50;0;1
-20;-32;23;1;1
-10;17;40;0;1
-46;-9;44;1;1
-28;45;30;1;1
-22;14;46;1;1
-42;15;13;1;1
-27;35;36;0;1
-24;-11;10;0;1
-41;4;15;0;1
-39;-45;31;1;1
-44;6;32;1;1
-28;10;33;1;1
-31;36;28;0;1
-37;25;28;1;1
-35;1;17;1;1
-27;-11;54;1;1
-24;-27;40;0;1
-22;20;18;1;1
-51;7;29;1;1
-32;11;28;0;1
-50;-35;24;0;1
-46;26;30;0;1
-20;7;41;1;1
-51;-20;20;0;1
-32;-12;55;0;1
-56;-14;24;1;1
-31;34;34;0;1
-18;-20;38;0;1
-26;-5;46;0;1
-31;11;32;0;1
-27;-9;62;1;1
-20;21;21;1;1
-43;12;22;1;1
-51;-7;25;1;1
-58;26;22;1;1
-57;7;26;0;1
-26;-3;22;1;1
-56;0;34;0;1
-29;28;25;1;1
-25;35;20;0;1
-25;-29;56;0;1
-17;-16;21;0;1
-63;-2;20;1;1
-14;-20;65;1;1
-33;-30;39;0;1
-29;41;29;0;1
-47;-10;19;0;1
-34;-45;30;0;1
-28;4;62;1;1
-49;-24;43;1;1
-14;18;46;0;1
-19;-21;39;0;1
-28;-4;39;0;1
-38;-3;47;1;1
-40;-6;56;0;1
-28;-12;12;0;1
-50;-9;25;0;1
-53;-30;35;1;1
-50;4;22;0;1
-24;9;21;0;1
-26;3;17;0;1
-23;7;49;0;1
-56;-21;34;0;1
-25;-3;65;1;1
-28;32;24;1;1
-38;-14;34;0;1
-37;-24;31;0;1
-35;27;45;1;1
-38;-33;36;1;1
-37;16;28;0;1
-14;24;16;0;1
-26;-30;16;1;1
-46;-39;18;0;1
-38;-12;12;0;1
-22;-7;12;0;1
-46;32;37;0;1
-46;-10;25;0;1
-18;7;27;0;1
-29;-26;12;0;1
-18;-23;12;1;1
-19;-30;60;1;1
-52;27;37;0;1
-44;27;22;1;1
-31;-3;19;1;1
-30;23;36;0;1
-23;23;48;0;1
-45;4;38;1;1
-19;16;29;1;1
-23;2;21;1;1
-37;-16;25;0;1
-17;-15;34;1;1
-29;-2;40;1;1
-17;10;43;0;1
-20;6;45;1;1
-58;3;26;0;1
-16;-19;27;1;1
-20;6;29;1;1
-42;-29;45;0;1
-41;-18;28;0;1
-50;-15;29;0;1
-44;17;18;1;1
-26;30;21;1;1
-52;-4;44;0;1
-44;52;20;0;1
-47;-40;30;0;1
-43;46;26;1;1
-27;20;46;1;1
-42;-5;44;1;1
-31;-16;41;1;1
-51;1;28;1;1
-35;-8;33;1;1
-45;23;49;1;1
-34;-30;42;0;1
-44;-11;41;0;1
-19;24;32;0;1
-30;20;42;0;1
-32;38;49;0;1
-34;31;20;0;1
-50;8;21;0;1
-20;-1;53;1;1
-49;13;30;0;1
-33;-13;42;1;1
-27;-30;13;1;1
-13;-20;51;0;1
-34;20;15;1;1
-39;-9;16;0;1
-24;29;37;0;1
-40;1;46;1;1
-40;21;20;0;1
-19;-14;47;0;1
-39;-27;40;0;1
-17;9;51;1;1
-30;46;30;0;1
-34;18;14;0;1
-28;8;27;0;1
-48;-33;27;0;1
-64;4;27;1;1
-9;10;22;0;1
-37;-31;23;0;1
-40;23;16;1;1
-51;-26;32;1;1
-16;13;56;1;1
-40;10;50;0;1
-27;-17;14;0;1
-16;27;37;1;1
-26;-45;16;1;1
-49;17;29;0;1
-27;25;18;0;1
-13;-8;37;1;1
-36;48;32;1;1
-38;42;28;0;1
-38;4;39;0;1
-49;-41;20;1;1
-36;32;15;1;1
-13;21;41;1;1
-25;8;26;0;1
-57;9;28;0;1
-50;0;28;0;1
-24;-4;64;1;1
-22;30;14;0;1
-33;-43;17;1;1
-39;42;38;0;1
-15;-18;16;1;1
-27;-2;52;0;1
-24;33;27;1;1
-32;-33;43;1;1
-29;-17;43;0;1
-12;20;20;1;1
-30;-42;31;0;1
-25;-4;14;0;1
-30;2;49;1;1
-31;-49;26;1;1
-52;-24;28;0;1
-23;31;48;1;1
-24;-37;35;0;1
-45;-37;18;0;1
-47;-30;25;0;1
-9;-9;32;0;1
-60;13;19;0;1
-23;5;26;0;1
-46;-17;51;1;1
-53;-25;37;0;1
-39;11;48;1;1
-19;30;53;0;1
-33;-44;22;0;1
-14;17;13;1;1
-23;-19;63;0;1
-47;-48;22;1;1
-33;-1;22;1;1
-17;-24;39;0;1
-52;30;17;1;1
-20;34;34;1;1
-44;-17;39;0;1
-31;-2;30;0;1
-21;-12;12;1;1
-24;-38;47;1;1
-10;-8;25;0;1
-28;-5;30;0;1
-18;-19;65;1;1
-36;-23;31;0;1
-54;-6;25;0;1
-48;9;23;0;1
-52;20;29;0;1
-44;1;20;0;1
-21;9;32;1;1
-21;-21;57;1;1
-42;-13;27;1;1
-39;-45;22;0;1
-27;10;35;0;1
-24;11;37;1;1
-31;-2;21;0;1
-56;-24;18;1;1
-52;16;26;0;1
-13;-20;28;1;1
-29;24;29;0;1
-37;37;40;0;1
-63;-16;19;0;1
-56;-16;37;0;1
-47;10;13;0;1
-22;-23;63;0;1
-25;17;18;1;1
-35;-26;28;1;1
-34;-7;42;0;1
-27;-45;16;1;1
-29;9;53;0;1
-26;39;21;1;1
-40;-33;40;1;1
-32;-7;27;0;1
-14;6;28;1;1
-67;-11;19;0;1
-45;-4;24;1;1
-32;-38;35;1;1
-52;-34;27;0;1
-30;43;41;0;1
-26;20;57;0;1
-59;-8;26;1;1
-13;22;53;0;1
-51;-11;18;0;1
-57;23;28;0;1
-28;30;48;1;1
-27;28;28;1;1
-35;-23;20;0;1
-34;31;18;0;1
-25;10;13;0;1
-39;4;12;1;1
-56;-3;18;0;1
-24;11;60;0;1
-43;17;27;1;1
-16;-18;58;1;1
-36;4;13;0;1
-25;21;16;0;1
-16;6;43;0;1
-35;56;26;0;1
-53;2;21;0;1
-27;-10;31;0;1
-29;30;14;0;1
-27;25;29;1;1
-35;-40;16;0;1
-29;-32;53;0;1
-51;28;29;1;1
-33;28;30;1;1
-25;19;56;0;1
-38;-1;21;1;1
-27;10;8;0;1
-32;51;22;1;1
-58;6;38;1;1
-15;19;29;1;1
-33;-28;55;0;1
-43;-15;14;1;1
-30;21;38;0;1
-36;19;35;1;1
-19;28;31;1;1
-65;3;21;0;1
-32;-53;32;1;1
-51;9;32;0;1
-41;-21;17;0;1
-15;18;22;1;1
-25;4;66;0;1
-40;-44;30;1;1
-31;15;32;0;1
-15;8;28;0;1
-56;-19;38;0;1
-30;18;43;1;1
-32;4;32;0;1
-43;-10;37;1;1
-42;-7;45;1;1
-56;15;38;1;1
-64;13;23;1;1
-16;-26;16;0;1
-54;29;22;0;1
-39;-32;37;0;1
-32;3;40;1;1
-33;-19;47;1;1
-17;23;22;1;1
-49;-12;38;1;1
-15;-23;61;0;1
-55;26;33;0;1
-22;-30;28;1;1
-47;39;29;0;1
-41;32;19;0;1
-52;-14;43;0;1
-43;39;36;0;1
-63;-1;18;0;1
-40;24;18;1;1
-9;-14;32;1;1
-21;31;17;0;1
-16;-13;54;0;1
-16;23;33;1;1
-13;-17;50;0;1
-38;16;40;0;1
-27;-8;58;0;1
-15;-7;29;0;1
-50;-29;25;1;1
-57;-36;20;0;1
-48;25;38;0;1
-35;38;14;1;1
-49;-20;28;1;1
-21;-14;62;1;1
-36;4;19;0;1
-42;-39;27;0;1
-12;-14;43;0;1
-15;-14;40;0;1
-31;11;16;1;1
-48;41;29;0;1
-43;3;42;1;1
-19;31;60;1;1
-37;-30;36;0;1
-54;-14;23;1;1
-38;11;12;1;1
-47;-42;17;0;1
-45;31;16;1;1
-49;8;39;0;1
-32;41;14;1;1
-65;10;25;0;1
-34;-34;52;0;1
-27;13;11;1;1
-57;-15;33;0;1
-43;34;33;0;1
-32;19;34;0;1
-37;20;48;0;1
-39;-22;52;0;1
-51;-6;15;0;1
-58;-22;20;1;1
-31;-48;18;0;1
-37;20;41;0;1
-37;-32;43;0;1
-37;47;24;1;1
-35;23;30;0;1
-24;-15;32;0;1
-27;5;29;0;1
-23;38;34;0;1
-44;-14;50;0;1
-38;16;17;0;1
-17;-15;12;0;1
-40;18;22;0;1
-49;17;14;1;1
-26;-24;36;0;1
-21;-13;56;0;1
-54;-36;22;0;1
-52;-9;26;1;1
-35;23;57;1;1
-20;-12;26;1;1
-31;3;9;0;1
-23;22;58;1;1
-49;27;35;0;1
-32;-27;37;1;1
-37;8;39;0;1
-51;24;33;1;1
-31;23;47;1;1
-34;17;55;0;1
-36;-23;24;0;1
-19;-29;15;0;1
-41;-36;37;0;1
-60;-26;25;0;1
-17;22;24;0;1
-20;6;34;1;1
-17;-28;30;0;1
-61;-5;19;0;1
-24;7;50;0;1
-20;20;13;0;1
-34;8;37;1;1
-16;-24;59;1;1
-40;-33;34;0;1
-26;-37;49;0;1
-38;-15;18;0;1
-11;19;53;0;1
-24;19;11;0;1
-29;22;22;0;1
-27;-20;20;0;1
-40;-27;46;1;1
-12;17;47;0;1
-46;38;36;0;1
-46;-18;26;1;1
-35;-38;27;0;1
-15;-22;9;1;1
-34;12;18;1;1
-32;47;32;0;1
-44;-6;35;0;1
-37;-5;27;1;1
-19;-21;11;0;1
-11;2;30;1;1
-42;36;15;1;1
-19;10;21;0;1
-42;-31;22;1;1
-43;14;31;0;1
-17;22;37;0;1
-16;16;12;0;1
-39;30;17;1;1
-11;18;26;1;1
-34;-55;29;0;1
-44;-4;39;1;1
-27;7;34;1;1
-55;20;16;0;1
-46;13;29;1;1
-29;-12;16;0;1
-32;-26;36;1;1
-32;20;17;1;1
-20;21;26;1;1
-36;9;54;0;1
-48;-7;19;0;1
-24;-18;61;1;1
-24;24;27;0;1
-35;-11;48;0;1
-43;-20;50;0;1
-33;-22;35;1;1
-45;-35;27;0;1
-27;1;20;1;1
-21;36;55;0;1
-54;-17;20;1;1
-35;-28;38;0;1
-40;-43;19;1;1
-27;-8;36;1;1
-29;-10;41;0;1
-19;15;7;1;1
-19;-13;49;0;1
-46;-29;17;0;1
-57;-14;24;0;1
-57;-17;29;1;1
-36;24;51;1;1
-35;-35;18;1;1
-57;20;29;1;1
-37;52;31;1;1
-28;-38;19;0;1
-46;30;45;1;1
-54;18;17;0;1
-41;-3;33;1;1
-50;28;39;1;1
-10;-12;36;0;1
-22;19;48;1;1
-36;-25;40;1;1
-16;16;22;1;1
-27;-1;55;0;1
-22;-23;25;0;1
-44;-10;48;0;1
-51;17;19;0;1
-45;-9;30;0;1
-21;0;38;1;1
-29;31;48;1;1
-24;23;33;1;1
-56;-27;34;0;1
-44;41;21;0;1
-53;-8;40;1;1
-42;9;29;1;1
-32;34;23;0;1
-49;15;25;1;1
-31;-14;29;0;1
-55;-22;24;1;1
-47;2;17;0;1
-40;-14;46;0;1
-36;0;58;1;1
-34;10;54;0;1
-33;-31;31;1;1
-36;42;17;1;1
-11;-16;53;0;1
-51;-24;34;0;1
-39;-16;48;0;1
-50;5;14;0;1
-44;15;27;1;1
-47;-45;26;0;1
-46;-3;17;0;1
-54;-32;29;0;1
-27;23;60;0;1
-59;-8;28;0;1
-28;15;50;0;1
-33;-15;34;0;1
-29;43;19;0;1
-20;18;18;1;1
-38;33;32;0;1
-24;11;61;1;1
-28;43;45;0;1
-39;8;49;1;1
-37;49;21;0;1
-42;-32;25;1;1
-38;21;48;1;1
-46;-22;47;1;1
-14;-14;50;0;1
-50;-12;43;0;1
-53;14;18;0;1
-56;-3;17;1;1
-33;47;33;0;1
-44;3;34;1;1
-15;19;62;1;1
-27;-28;20;0;1
-37;-8;33;0;1
-16;-14;25;0;1
-35;-32;15;1;1
-44;16;49;1;1
-22;16;9;0;1
-51;38;24;0;1
-24;34;54;0;1
-54;35;29;1;1
-30;13;19;1;1
-35;26;17;1;1
-31;25;33;1;1
-12;-17;22;1;1
-31;-16;35;0;1
-56;15;35;0;1
-29;11;9;1;1
-57;-21;20;1;1
-33;23;32;1;1
-27;37;13;0;1
-27;-1;50;0;1
-36;-44;41;1;1
-28;16;54;0;1
-54;-26;29;0;1
-55;28;29;0;1
-45;30;34;0;1
-56;-1;38;1;1
-23;5;24;1;1
-49;13;43;0;1
-45;-10;29;0;1
-58;11;19;0;1
-47;21;36;1;1
-28;1;44;1;1
-14;-20;41;0;1
-51;0;30;1;1
-61;-4;35;0;1
-29;30;17;0;1
-26;44;37;0;1
-56;24;29;0;1
-37;-22;37;0;1
-57;1;22;0;1
-43;2;48;1;1
-10;-10;36;0;1
-30;-41;17;0;1
-24;-28;14;0;1
-15;1;26;0;1
-26;-25;57;1;1
-37;4;51;1;1
-29;38;45;1;1
-18;-6;22;0;1
-33;-15;15;0;1
-57;12;21;1;1
-32;13;62;0;1
-21;-35;20;0;1
-31;-16;12;1;1
-32;17;51;0;1
-62;1;17;0;1
-40;-8;42;1;1
-20;1;18;1;1
-45;-7;54;1;1
-47;21;14;0;1
-59;-8;20;0;1
-13;-8;41;0;1
-31;-17;44;1;1
-57;-24;19;0;1
-37;49;35;0;1
-22;-23;51;0;1
-29;-28;16;1;1
-20;-3;30;1;1
-32;18;29;1;1
-36;4;10;0;1
-18;3;18;0;1
-12;13;28;0;1
-51;26;21;1;1
-28;-21;61;0;1
-36;-19;43;0;1
-36;-13;24;0;1
-54;-11;26;0;1
-40;-22;41;0;1
-51;13;19;1;1
-32;-32;28;0;1
-28;11;34;1;1
-48;-30;38;1;1
-44;44;18;0;1
-26;14;51;1;1
-10;-17;25;1;1
-28;-16;9;0;1
-22;18;63;0;1
-37;1;51;1;1
-31;32;36;0;1
-64;-16;19;0;1
-41;21;24;0;1
-20;-16;17;1;1
-21;9;51;0;1
-46;31;27;0;1
-61;-3;31;0;1
-42;22;22;1;1
-36;25;24;0;1
-32;5;27;0;1
-39;-28;28;0;1
-49;-18;34;0;1
-53;-20;28;1;1
-32;7;19;0;1
-53;13;40;1;1
-34;-12;34;0;1
-30;13;32;1;1
-55;-8;29;0;1
-36;-23;47;0;1
-47;14;34;1;1
-49;-40;21;1;1
-51;17;16;1;1
-16;-3;33;0;1
-65;9;22;1;1
-25;21;44;0;1
-27;33;35;1;1
-32;-16;33;0;1
-20;27;36;1;1
-25;-31;30;1;1
-21;18;14;1;1
-56;-29;31;0;1
-24;7;29;0;1
-11;-19;37;0;1
-45;-21;36;1;1
-42;26;23;0;1
-32;4;35;0;1
-51;4;45;0;1
-57;-6;22;0;1
-49;-36;23;0;1
-17;-24;61;1;1
-29;12;23;1;1
-50;7;30;1;1
-11;3;26;0;1
-32;5;45;0;1
-13;21;16;1;1
-13;15;46;1;1
-35;-44;26;0;1
-51;-1;47;0;1
-55;-10;18;1;1
-24;24;17;0;1
-51;-10;40;1;1
-17;17;8;1;1
-45;38;29;0;1
-28;-45;32;0;1
-43;4;48;0;1
-35;7;43;0;1
-55;2;32;0;1
-41;7;46;0;1
-51;-10;22;0;1
-49;25;16;1;1
-27;-11;16;0;1
-49;-7;36;1;1
-31;-11;14;1;1
-30;-22;53;0;1
-34;19;14;1;1
-31;34;48;1;1
-48;-28;36;0;1
-20;30;14;0;1
-43;-32;33;0;1
-31;-32;43;0;1
-39;30;30;0;1
-31;-43;47;0;1
-17;15;19;0;1
-33;-14;41;0;1
-31;-21;33;0;1
-64;12;26;1;1
-50;1;43;1;1
-37;-1;27;0;1
-60;16;18;0;1
-24;10;61;0;1
-43;-35;28;1;1
-36;-42;23;0;1
-22;-27;59;0;1
-15;10;47;0;1
-25;-13;64;0;1
-50;-25;20;0;1
-32;9;28;1;1
-39;-6;45;1;1
-15;9;32;0;1
-21;-24;41;0;1
-34;-31;37;0;1
-22;-10;56;1;1
-16;-24;15;0;1
-11;-10;23;0;1
-44;5;35;0;1
-34;3;62;0;1
-31;22;25;0;1
-37;7;33;0;1
-56;-27;18;0;1
-37;9;15;1;1
-22;7;59;0;1
-31;7;35;1;1
-20;9;52;0;1
-33;6;56;1;1
-36;-43;35;1;1
-31;-8;47;0;1
-67;4;21;0;1
-25;-37;39;1;1
-54;9;32;1;1
-43;-20;35;0;1
-40;-11;38;1;1
-27;-36;22;1;1
-42;-6;56;0;1
-39;-8;18;0;1
-18;-8;50;0;1
-43;9;54;0;1
-39;-44;36;0;1
-30;49;41;0;1
-20;-26;34;1;1
-39;36;43;1;1
-58;-13;32;1;1
-22;-18;26;0;1
-17;-10;18;0;1
-36;-24;16;0;1
-53;-31;27;0;1
-32;28;27;1;1
-29;-5;47;0;1
-16;0;30;0;1
-43;17;33;0;1
-54;-4;29;1;1
-36;31;25;0;1
-25;-16;14;1;1
-39;-9;34;0;1
-29;3;19;1;1
-15;-15;53;1;1
-27;9;58;0;1
-32;41;26;1;1
-41;-21;32;1;1
-32;9;43;0;1
-48;23;33;1;1
-50;-29;31;0;1
-22;-3;53;1;1
-43;38;32;0;1
-26;-25;40;0;1
-33;7;40;1;1
-23;35;36;1;1
-32;-7;26;1;1
-30;-29;13;0;1
-53;-26;29;0;1
-13;21;25;0;1
-49;-23;21;0;1
-14;4;21;0;1
-32;34;34;0;1
-27;42;38;0;1
-38;-30;35;0;1
-63;-2;31;1;1
-28;-11;50;0;1
-35;-15;53;0;1
-36;0;20;0;1
-20;18;52;1;1
-16;17;31;0;1
-55;-23;38;0;1
-35;26;12;0;1
-65;-11;18;0;1
-22;9;46;0;1
-30;-4;27;0;1
-40;-17;39;1;1
-28;12;10;1;1
-37;-4;21;1;1
-45;3;17;1;1
-26;15;40;0;1
-58;23;33;0;1
-55;10;24;1;1
-27;18;25;0;1
-44;-18;29;0;1
-45;10;31;0;1
-32;16;57;0;1
-45;8;15;0;1
-18;16;16;0;1
-42;6;24;0;1
-62;-19;22;1;1
-58;-11;39;1;1
-20;-34;22;0;1
-42;19;27;1;1
-16;-14;22;0;1
-34;-31;19;0;1
-47;9;24;1;1
-28;7;63;1;1
-43;-4;12;0;1
-16;12;54;0;1
-58;-20;25;0;1
-52;-11;25;0;1
-20;26;26;1;1
-27;-28;30;0;1
-45;44;30;0;1
-55;-23;16;0;1
-39;19;56;1;1
-43;25;46;0;1
-19;-15;11;0;1
-17;-17;25;0;1
-34;5;21;0;1
-19;-20;30;0;1
-47;19;35;0;1
-20;10;29;0;1
-43;21;22;0;1
-52;-11;32;0;1
-18;-28;35;0;1
-20;-10;50;1;1
-35;23;16;0;1
-49;-11;19;1;1
-34;-46;36;0;1
-36;5;44;1;1
-32;11;14;0;1
-49;-18;21;0;1
-20;-18;35;1;1
-18;3;48;0;1
-45;-35;29;0;1
-47;-31;40;1;1
-55;4;39;1;1
-39;-2;34;1;1
-37;33;34;0;1
-27;-40;13;0;1
-37;-6;17;0;1
-35;19;30;0;1
-47;10;15;1;1
-29;-30;25;0;1
-48;28;17;0;1
-37;-4;36;0;1
-35;19;24;0;1
-48;33;18;0;1
-20;9;46;0;1
-42;-17;26;1;1
-39;-35;45;1;1
-11;16;38;0;1
-23;30;22;0;1
-50;5;27;1;1
-21;31;35;0;1
-11;-16;31;0;1
-60;-24;21;0;1
-21;-20;51;0;1
-31;31;24;1;1
-40;-10;23;0;1
-46;-19;19;0;1
-51;-18;31;0;1
-34;-21;25;1;1
-29;-49;30;0;1
-31;-12;22;0;1
-25;-22;59;0;1
-22;-11;27;1;1
-40;-9;32;0;1
-21;36;38;0;1
-47;-2;39;1;1
-46;-6;37;0;1
-32;-15;15;0;1
-33;3;38;1;1
-22;-6;45;0;1
-34;3;35;0;1
-25;-24;61;1;1
-27;7;59;1;1
-28;1;47;0;1
-16;-27;62;0;1
-33;-35;43;0;1
-37;10;25;0;1
-42;30;31;0;1
-42;-6;34;0;1
-46;-38;30;0;1
-53;-16;27;1;1
-32;48;33;1;1
-39;-26;46;0;1
-25;-32;47;0;1
-56;-16;28;1;1
-45;22;40;0;1
-49;28;20;0;1
-44;-19;34;0;1
-24;31;22;1;1
-53;-19;18;1;1
-34;-24;39;0;1
-42;15;25;1;1
-12;20;14;0;1
-31;33;48;0;1
-56;-31;20;0;1
-35;-36;18;0;1
-30;-24;52;1;1
-50;15;27;0;1
-40;-26;14;0;1
-27;15;44;0;1
-54;-1;46;0;1
-22;-20;30;0;1
-34;5;36;1;1
-11;-16;32;1;1
-28;2;18;0;1
-51;33;28;0;1
-41;4;53;0;1
-38;-17;57;1;1
-18;-1;27;1;1
-54;-3;30;0;1
-17;-9;43;1;1
-18;11;24;0;1
-21;-20;39;0;1
-42;4;47;0;1
-33;53;32;1;1
-62;-17;21;0;1
-38;48;18;0;1
-53;-13;18;0;1
-43;48;24;1;1
-29;17;36;1;1
-59;-24;18;1;1
-14;7;34;0;1
-24;-19;33;0;1
-36;-9;39;1;1
-39;-26;17;0;1
-46;-13;23;1;1
-25;17;64;1;1
-52;21;21;0;1
-30;18;24;0;1
-34;31;17;1;1
-18;25;48;1;1
-43;35;22;0;1
-13;-21;8;1;1
-30;0;59;0;1
-51;-16;18;1;1
-42;-11;28;0;1
-55;7;40;1;1
-39;22;41;0;1
-54;-29;31;0;1
-16;-26;21;0;1
-17;-10;32;0;1
-23;-18;27;0;1
-40;14;27;0;1
-26;-32;17;0;1
-48;9;36;0;1
-31;3;15;0;1
-35;-6;43;0;1
-26;-12;17;0;1
-56;-17;33;0;1
-58;15;20;1;1
-56;-4;20;1;1
-33;-29;17;0;1
-20;9;19;1;1
-27;32;22;0;1
-28;17;63;0;1
-51;-17;18;1;1
-56;-26;17;1;1
-56;14;22;0;1
-28;-21;52;0;1
-35;11;45;1;1
-38;22;24;0;1
-46;-10;48;1;1
-24;16;42;0;1
-36;-39;46;1;1
-48;9;40;1;1
-28;3;63;0;1
-16;-7;29;0;1
-44;7;55;1;1
-48;19;46;0;1
-44;23;24;0;1
-16;22;23;0;1
-59;-4;24;1;1
-62;10;27;0;1
-39;-43;25;1;1
-26;2;7;0;1
-44;21;37;1;1
-29;40;34;1;1
-56;21;37;0;1
-43;-8;26;0;1
-24;38;52;1;1
-25;28;13;0;1
-58;4;20;1;1
-56;-19;35;0;1
-31;-17;29;1;1
-36;26;40;0;1
-36;-51;17;1;1
-37;8;32;1;1
-42;-3;40;0;1
-16;-7;36;1;1
-67;-9;21;0;1
-45;28;35;0;1
-63;6;17;1;1
-26;10;60;0;1
-29;-15;17;0;1
-32;52;31;0;1
-25;-40;18;1;1
-62;14;21;1;1
-17;-25;51;1;1
-32;-16;52;0;1
-33;18;13;1;1
-29;20;37;0;1
-45;-36;35;0;1
-32;-3;25;0;1
-22;-19;56;1;1
-52;-28;20;0;1
-60;13;31;0;1
-34;15;28;0;1
-32;-29;25;0;1
-12;-4;26;0;1
-36;-44;30;0;1
-34;-5;57;0;1
-10;-9;33;0;1
-23;34;33;0;1
-20;15;42;0;1
-26;6;29;0;1
-39;-29;44;0;1
-49;-16;37;1;1
-45;-36;30;0;1
-12;-7;29;1;1
-24;-30;38;0;1
-43;-34;40;0;1
-28;16;36;0;1
-41;3;24;0;1
-48;19;19;1;1
-61;7;26;0;1
-16;-18;37;1;1
-40;-27;38;1;1
-37;-9;34;0;1
-23;-5;16;0;1
-11;-19;31;0;1
-44;-40;36;0;1
-26;37;21;0;1
-32;-23;59;0;1
-25;20;30;0;1
-49;-1;46;0;1
-32;-2;27;0;1
-33;-12;52;1;1
-44;22;17;1;1
-35;32;35;1;1
-37;28;26;0;1
-17;23;51;1;1
-19;-30;17;1;1
-41;-17;24;0;1
-32;-48;29;0;1
-32;-54;21;1;1
-44;-22;38;0;1
-46;35;39;1;1
-21;11;21;0;1
-18;14;19;0;1
-46;45;19;1;1
-31;52;35;1;1
-22;-36;52;0;1
-16;-18;13;1;1
-23;-38;49;1;1
-43;14;35;1;1
-13;-13;50;1;1
-18;12;14;0;1
-38;-25;35;0;1
-23;1;36;0;1
-48;0;32;1;1
-26;-2;36;0;1
-53;-11;32;0;1
-25;6;37;0;1
-9;-3;25;0;1
-47;13;50;1;1
-24;-15;43;0;1
-35;41;38;0;1
-56;14;32;0;1
-26;39;49;1;1
-47;-29;15;0;1
-21;-10;50;1;1
-18;-16;60;1;1
-25;37;32;1;1
-31;28;39;1;1
-22;26;15;0;1
-38;4;54;0;1
-39;35;25;0;1
-23;-27;16;1;1
-28;-15;47;1;1
-23;-12;41;0;1
-25;-28;43;1;1
-34;-16;27;0;1
-34;33;35;1;1
-30;-46;25;0;1
-37;24;13;0;1
-36;-2;46;1;1
-23;-11;27;0;1
-24;-38;49;1;1
-34;2;48;0;1
-47;-29;42;1;1
-29;19;16;1;1
-50;24;40;0;1
-35;2;36;0;1
-41;-17;14;1;1
-26;-22;55;1;1
-21;0;20;1;1
-50;23;38;0;1
-41;-3;14;0;1
-39;-47;33;1;1
-24;0;42;0;1
-24;15;16;0;1
-49;5;46;1;1
-51;34;17;1;1
-25;-9;26;1;1
-38;-12;50;1;1
-27;-2;56;0;1
-56;-4;40;0;1
-39;38;41;0;1
-15;7;41;1;1
-19;11;28;0;1
-29;-28;45;0;1
-50;-28;31;0;1
-26;40;26;1;1
-64;-14;24;1;1
-36;46;27;1;1
-44;-22;43;0;1
-30;13;15;0;1
-48;-25;34;0;1
-30;-12;9;1;1
-24;-11;58;1;1
-13;-15;30;0;1
-26;13;25;1;1
-31;47;20;1;1
-32;32;14;0;1
-32;31;15;0;1
-26;-20;29;1;1
-35;-17;58;0;1
-35;-5;17;0;1
-20;32;19;1;1
-12;17;36;0;1
-44;3;27;1;1
-56;4;39;1;1
-35;-33;47;0;1
-19;-8;29;1;1
-61;-7;34;0;1
-31;43;47;0;1
-39;6;44;0;1
-24;-19;34;1;1
-45;-42;31;1;1
-25;-24;13;0;1
-38;-17;16;0;1
-36;4;41;0;1
-23;22;54;1;1
-30;-2;61;0;1
-31;-11;51;1;1
-33;-14;13;1;1
-36;-33;45;0;1
-35;-13;60;0;1
-20;-11;45;0;1
-34;-43;45;0;1
-44;16;18;0;1
-13;22;46;0;1
-26;12;25;1;1
-31;48;31;1;1
-23;4;47;1;1
-56;0;20;1;1
-31;16;56;1;1
-31;41;40;1;1
-47;24;46;1;1
-27;-30;58;0;1
-44;-25;49;0;1
-30;36;44;0;1
-34;21;23;0;1
-14;21;35;0;1
-28;-9;44;0;1
-31;-27;51;0;1
-27;10;42;0;1
-21;-8;45;1;1
-11;-11;34;0;1
-20;-12;21;0;1
-19;-12;39;1;1
-21;3;22;0;1
-15;-15;38;0;1
-20;-5;46;0;1
-37;-31;18;1;1
-32;28;37;1;1
-17;-27;36;1;1
-12;19;20;1;1
-12;18;19;1;1
-57;-32;26;0;1
-42;16;16;1;1
-8;13;37;1;1
-30;-10;9;0;1
-37;20;51;0;1
-25;16;59;1;1
-43;5;45;0;1
-39;-17;56;0;1
-20;3;24;0;1
-53;3;41;1;1
-14;-16;13;1;1
-63;-19;25;0;1
-24;30;50;0;1
-31;15;15;0;1
-32;10;40;1;1
-33;-44;33;1;1
-24;1;11;0;1
-16;14;36;0;1
-21;-32;16;1;1
-16;27;61;0;1
-64;-9;26;0;1
-22;11;8;1;1
-31;43;43;1;1
-35;28;47;0;1
-67;0;18;0;1
-30;-22;24;1;1
-37;4;36;0;1
-59;-7;35;0;1
-21;29;19;0;1
-47;29;24;1;1
-44;36;39;1;1
-49;-24;27;1;1
-30;-26;58;1;1
-30;-4;44;0;1
-49;-13;22;1;1
-38;41;25;0;1
-44;-19;20;0;1
-62;20;19;1;1
-54;14;35;1;1
-45;32;32;0;1
-37;-46;30;0;1
-45;-29;25;0;1
-22;9;42;1;1
-25;34;52;0;1
-60;22;30;0;1
-20;-34;28;1;1
-52;21;30;0;1
-42;-36;27;1;1
-37;34;30;0;1
-38;-26;38;0;1
-29;12;44;0;1
-30;34;28;1;1
-53;-35;19;0;1
-58;9;37;0;1
-12;-17;40;1;1
-45;18;16;0;1
-26;-3;63;1;1
-32;5;31;0;1
-30;-12;51;1;1
-22;9;61;1;1
-39;-31;36;1;1
-44;-30;24;0;1
-33;-47;30;1;1
-27;-10;38;0;1
-21;10;56;1;1
-22;8;24;0;1
-36;-11;14;0;1
-47;2;13;0;1
-36;0;32;1;1
-49;37;21;1;1
-43;11;33;0;1
-25;39;23;1;1
-20;-12;39;0;1
-30;32;35;1;1
-31;-23;16;0;1
-23;8;63;0;1
-67;1;22;0;1
-21;-33;21;0;1
-36;30;41;0;1
-49;2;50;0;1
-34;-1;11;1;1
-50;-10;28;0;1
-29;-6;34;0;1
-34;11;24;1;1
-31;-12;61;0;1
-28;-27;29;1;1
-56;10;27;1;1
-32;30;20;0;1
-29;-30;39;1;1
-17;-3;26;0;1
-27;-5;31;0;1
-26;-38;22;1;1
-36;-1;20;0;1
-43;8;31;0;1
-19;2;38;0;1
-48;-33;34;0;1
-26;25;54;0;1
-49;-19;16;0;1
-18;1;28;0;1
-46;38;24;0;1
-36;16;54;0;1
-17;15;52;0;1
-21;17;29;0;1
-43;-16;22;0;1
-52;9;44;1;1
-19;-22;43;0;1
-25;24;22;1;1
-34;0;52;0;1
-34;8;56;0;1
-47;21;21;0;1
-45;15;50;0;1
-19;-24;64;1;1
-52;3;42;0;1
-35;-36;46;0;1
-39;-36;15;0;1
-45;-28;47;0;1
-29;-39;26;0;1
-62;-15;27;0;1
-51;-8;39;0;1
-46;7;50;1;1
-24;-8;29;0;1
-19;-26;39;1;1
-31;12;20;0;1
-33;-11;28;0;1
-34;-10;59;0;1
-31;5;31;0;1
-40;-6;11;1;1
-30;14;59;1;1
-26;34;30;1;1
-37;2;57;0;1
-54;-6;39;0;1
-20;-19;41;0;1
-17;16;62;0;1
-45;35;33;1;1
-26;27;53;0;1
-31;-36;48;0;1
-42;10;48;0;1
-38;-29;14;1;1
-38;14;27;0;1
-27;10;44;0;1
-18;-22;32;0;1
-31;46;23;1;1
-55;-22;37;1;1
-36;3;57;1;1
-26;-26;31;1;1
-23;29;55;0;1
-30;-6;56;0;1
-12;11;28;0;1
-17;-4;30;1;1
-27;-19;26;0;1
-32;34;14;0;1
-26;-8;54;0;1
-59;-21;20;0;1
-26;-15;36;0;1
-35;-17;54;0;1
-31;-35;44;0;1
-39;24;35;0;1
-39;-27;15;0;1
-23;-37;30;0;1
-32;6;25;0;1
-31;-36;37;1;1
-49;-6;19;0;1
-24;-8;31;0;1
-54;24;21;1;1
-52;39;24;0;1
-38;-34;35;1;1
-15;-1;31;0;1
-19;-24;23;0;1
-25;-34;41;0;1
-23;-12;20;0;1
-17;24;38;1;1
-44;24;49;0;1
-29;32;42;1;1
-36;20;54;0;1
-41;3;50;1;1
-47;5;24;1;1
-22;-8;10;0;1
-49;-23;20;1;1
-22;-33;53;0;1
-27;-11;47;0;1
-13;6;31;0;1
-39;-33;21;1;1
-27;-6;28;1;1
-57;-5;21;0;1
-20;-30;55;0;1
-38;-9;26;0;1
-21;-34;34;0;1
-45;18;48;1;1
-23;-32;56;0;1
-48;-3;33;1;1
-46;-8;13;0;1
-16;17;14;0;1
-30;-17;21;0;1
-21;-1;26;0;1
-50;-10;27;1;1
-24;-35;33;0;1
-22;4;30;1;1
-12;-11;32;1;1
-40;-33;48;0;1
-40;30;30;0;1
-21;26;44;1;1
-26;20;14;0;1
-43;-1;20;0;1
-50;16;22;0;1
-25;24;21;1;1
-41;-3;52;1;1
-54;-38;25;1;1
-30;6;44;0;1
-37;-3;42;0;1
-43;21;26;0;1
-25;13;8;1;1
-45;-17;43;0;1
-32;2;13;0;1
-52;-4;16;1;1
-31;-4;14;1;1
-45;-21;26;1;1
-34;-40;35;1;1
-26;18;58;0;1
-44;-52;20;0;1
-25;5;11;1;1
-32;-3;17;1;1
-25;-22;38;1;1
-52;-29;28;1;1
-31;-11;61;0;1
-30;-15;14;0;1
-11;-12;27;1;1
-28;14;60;1;1
-23;6;53;0;1
-41;-2;52;0;1
-31;-44;24;0;1
-38;-33;27;1;1
-21;-25;37;0;1
-22;26;28;0;1
-34;-28;16;1;1
-22;31;27;0;1
-43;3;16;1;1
-54;23;39;0;1
-32;19;22;0;1
-41;-5;47;0;1
-31;-45;15;1;1
-41;-12;12;1;1
-44;-18;38;0;1
-22;24;14;0;1
-33;22;38;1;1
-36;-10;28;0;1
-12;11;21;1;1
-37;16;16;1;1
-34;20;26;0;1
-42;-14;35;0;1
-17;-21;19;0;1
-42;11;31;1;1
-52;0;47;0;1
-24;-32;55;0;1
-31;53;32;0;1
-23;24;10;1;1
-51;20;15;0;1
-29;-15;30;0;1
-26;-32;44;0;1
-32;33;53;1;1
-24;-17;19;1;1
-28;-16;22;0;1
-42;-3;13;0;1
-41;-36;22;1;1
-21;19;25;0;1
-18;-17;48;0;1
-18;17;17;1;1
-37;-38;27;0;1
-55;-5;20;0;1
-42;-20;35;1;1
-41;3;35;0;1
-50;-2;17;1;1
-17;17;30;1;1
-36;-50;25;0;1
-27;-10;53;0;1
-36;55;22;1;1
-41;-4;15;0;1
-18;0;28;1;1
-30;-35;17;1;1
-50;39;30;0;1
-30;37;51;0;1
-30;-35;54;0;1
-48;29;39;0;1
-33;25;50;0;1
-38;48;36;0;1
-43;41;21;0;1
-43;11;41;1;1
-54;9;33;0;1
-44;31;21;0;1
-27;-22;43;0;1
-26;-6;10;1;1
-28;-27;43;1;1
-38;39;43;1;1
-9;-9;27;0;1
-32;24;57;0;1
-18;10;21;0;1
-61;14;32;1;1
-16;12;44;0;1
-13;20;27;0;1
-29;-21;10;0;1
-33;19;56;1;1
-30;1;14;0;1
-39;-45;26;0;1
-45;-33;27;0;1
-13;-9;29;1;1
-23;-15;40;1;1
-39;28;31;1;1
-27;30;57;1;1
-54;-8;32;0;1
-49;-33;34;1;1
-33;-35;23;1;1
-45;-6;51;1;1
-58;-26;18;0;1
-31;-21;51;0;1
-16;16;39;1;1
-47;-30;38;0;1
-34;-14;37;0;1
-24;0;45;0;1
-18;14;45;0;1
-31;46;20;1;1
-28;-47;41;0;1
-22;37;55;0;1
-49;-18;32;0;1
-37;-20;32;0;1
-31;14;23;0;1
-28;31;20;0;1
-25;29;55;0;1
-17;29;44;1;1
-20;18;40;0;1
-24;19;14;0;1
-36;-22;43;0;1
-39;51;24;0;1
-17;18;20;1;1
-14;18;42;1;1
-29;7;8;0;1
-62;-15;20;1;1
-44;24;14;0;1
-14;-20;12;1;1
-32;20;36;1;1
-30;22;20;0;1
-18;24;42;1;1
-31;22;38;0;1
-65;0;27;1;1
-52;11;23;1;1
-47;-27;18;0;1
-34;29;20;0;1
-30;47;40;1;1
-22;30;55;1;1
-56;-11;40;0;1
-38;-16;23;1;1
-36;17;23;0;1
-43;-11;22;1;1
-59;13;37;0;1
-37;-1;56;0;1
-13;21;31;1;1
-27;17;12;0;1
-35;-5;19;0;1
-16;27;40;0;1
-28;-31;49;0;1
-41;34;23;0;1
-58;2;24;0;1
-36;6;34;0;1
-22;14;35;0;1
-41;12;17;0;1
-26;44;19;0;1
-50;18;22;0;1
-42;45;20;1;1
-55;5;17;0;1
-16;-19;45;1;1
-17;28;17;0;1
-16;-27;17;1;1
-33;25;29;0;1
-45;9;40;0;1
-41;12;42;1;1
-27;-40;45;1;1
-55;-9;36;1;1
-22;27;14;0;1
-58;-1;19;1;1
-45;0;33;0;1
-54;17;21;0;1
-56;-15;29;1;1
-17;-11;52;1;1
-19;-29;35;0;1
-33;-27;36;0;1
-39;-39;31;1;1
-48;-4;42;0;1
-40;11;27;0;1
-32;-31;44;1;1
-11;11;26;0;1
-16;10;16;1;1
-31;-13;50;1;1
-41;-12;23;0;1
-40;-27;13;0;1
-44;-29;32;1;1
-31;-8;50;0;1
-34;11;56;0;1
-24;-38;53;0;1
-26;-32;15;0;1
-38;32;42;0;1
-58;6;35;0;1
-46;-8;45;0;1
-32;10;61;0;1
-19;29;12;0;1
-50;-34;26;1;1
-35;-51;21;1;1
-17;-25;43;1;1
-58;-24;20;0;1
-25;-28;37;0;1
-25;-10;14;0;1
-18;30;15;1;1
-20;-12;61;0;1
-37;57;20;0;1
-25;-28;49;0;1
-31;-14;15;0;1
-43;-5;42;1;1
-51;9;34;0;1
-31;-45;43;1;1
-40;-14;12;0;1
-14;17;12;0;1
-31;-19;44;1;1
-22;-28;36;0;1
-24;1;58;0;1
-54;3;33;0;1
-10;13;25;0;1
-38;-18;22;0;1
-29;25;56;0;1
-46;-9;51;1;1
-11;14;41;0;1
-25;22;14;0;1
-47;9;39;0;1
-41;51;24;1;1
-50;-15;25;1;1
-28;10;17;1;1
-47;-9;50;0;1
-19;-5;36;0;1
-33;20;11;1;1
-60;22;24;1;1
-24;-40;20;0;1
-56;25;23;1;1
-36;-3;24;0;1
-50;-17;28;0;1
-30;27;43;0;1
-23;11;38;0;1
-54;-8;24;1;1
-54;7;35;0;1
-49;4;27;1;1
-31;25;41;0;1
-24;-15;13;0;1
-13;-6;20;1;1
-35;-29;15;0;1
-16;-24;45;0;1
-36;13;17;0;1
-25;-16;46;1;1
-22;24;35;1;1
-44;-22;49;1;1
-36;27;20;1;1
-35;30;24;0;1
-18;-18;63;1;1
-24;-21;27;1;1
-22;-23;24;0;1
-26;28;28;0;1
-57;-11;37;0;1
-12;3;24;1;1
-32;42;45;0;1
-30;14;48;0;1
-25;-12;40;0;1
-24;-17;52;0;1
-32;36;23;0;1
-27;-8;29;0;1
-25;20;57;1;1
-53;13;26;0;1
-23;32;49;0;1
-43;8;53;1;1
-32;18;21;0;1
-36;17;41;0;1
-46;17;44;0;1
-13;-22;37;1;1
-66;16;19;0;1
-17;-26;46;0;1
-45;8;45;0;1
-56;9;30;1;1
-35;-50;29;1;1
-61;-14;19;0;1
-41;-8;23;0;1
-43;-27;42;0;1
-19;1;21;1;1
-37;-6;50;0;1
-21;-32;40;0;1
-15;-22;53;0;1
-35;-8;31;0;1
-56;-22;17;1;1
-50;-20;17;1;1
-10;15;24;0;1
-43;-27;37;1;1
-26;-3;41;0;1
-54;28;32;0;1
-29;-6;13;0;1
-44;30;47;1;1
-34;-7;46;1;1
-39;-7;25;0;1
-37;-32;37;1;1
-60;15;25;0;1
-54;18;37;0;1
-44;-35;17;0;1
-39;5;23;1;1
-50;-7;19;1;1
-48;18;41;0;1
-47;31;37;0;1
-37;-20;43;0;1
-59;-13;25;0;1
-35;41;43;1;1
-35;22;43;0;1
-12;18;17;0;1
-32;-3;46;0;1
-24;-41;29;0;1
-42;-9;45;0;1
-59;-12;20;1;1
-27;6;25;0;1
-41;-23;46;0;1
-26;17;51;1;1
-40;29;37;1;1
-17;21;24;1;1
-30;21;18;0;1
-45;38;35;0;1
-27;33;46;0;1
-14;10;31;0;1
-22;-26;44;1;1
-63;4;26;0;1
-21;-17;29;0;1
-39;-4;15;0;1
-30;-32;41;0;1
-25;-36;23;0;1
-32;-40;37;0;1
-31;6;62;0;1
-21;-33;55;0;1
-59;10;32;1;1
-39;31;17;1;1
-23;-11;29;0;1
-15;-12;30;1;1
-51;26;29;0;1
-26;24;55;1;1
-45;-40;22;1;1
-36;40;45;0;1
-17;-18;49;1;1
-11;-18;43;1;1
-30;0;14;1;1
-49;-22;44;1;1
-35;21;37;0;1
-33;-19;50;0;1
-36;11;11;0;1
-56;-17;40;0;1
-16;5;40;0;1
-15;-13;25;0;1
-24;-1;58;1;1
-62;6;23;0;1
-35;38;37;0;1
-36;-2;59;0;1
-20;-29;36;1;1
-32;9;14;1;1
-38;46;23;0;1
-40;-11;50;1;1
-48;-22;31;1;1
-39;12;29;1;1
-57;-10;35;0;1
-35;-22;15;0;1
-25;10;38;1;1
-16;-15;31;1;1
-36;-27;35;0;1
-26;-8;65;0;1
-26;30;22;1;1
-17;-10;49;0;1
-44;16;38;0;1
-25;-10;19;0;1
-47;-30;20;1;1
-8;-11;36;0;1
-50;-43;26;0;1
-34;38;35;0;1
-27;10;14;0;1
-44;11;17;0;1
-52;-33;34;1;1
-22;18;52;1;1
-39;-4;40;1;1
-33;-1;28;0;1
-37;22;41;1;1
-41;-32;48;0;1
-28;-19;50;1;1
-24;32;47;0;1
-24;-7;30;0;1
-31;-38;48;1;1
-38;-26;40;0;1
-30;45;45;0;1
-33;-12;57;1;1
-44;39;35;0;1
-31;-4;37;1;1
-23;25;48;0;1
-31;-23;56;1;1
-20;-22;53;0;1
-37;-29;25;1;1
-34;-24;26;0;1
-44;33;15;0;1
-28;22;61;1;1
-25;-32;29;0;1
-24;-29;19;1;1
-23;-19;56;0;1
-33;3;23;0;1
-22;-14;12;1;1
-46;28;34;0;1
-24;32;39;0;1
-24;6;18;0;1
-19;17;62;0;1
-13;-12;22;1;1
-25;15;62;0;1
-29;-29;34;0;1
-35;-35;50;1;1
-31;-5;29;1;1
-13;2;23;0;1
-28;0;11;1;1
-15;-20;8;0;1
-24;-39;46;0;1
-23;28;59;1;1
-14;9;45;0;1
-47;-36;27;1;1
-20;3;18;1;1
-39;-46;32;0;1
-51;-30;31;0;1
-36;-33;15;0;1
-9;-14;41;1;1
-48;21;24;0;1
-38;2;39;0;1
-35;-45;32;1;1
-43;35;20;0;1
-52;-17;31;1;1
-45;-32;38;1;1
-10;17;48;0;1
-36;48;29;1;1
-52;-29;32;0;1
-30;3;48;1;1
-25;-37;18;1;1
-18;-23;47;0;1
-34;11;23;0;1
-36;57;19;1;1
-68;0;19;1;1
-9;-13;25;0;1
-28;40;31;1;1
-37;-18;51;0;1
-20;7;44;0;1
-19;21;57;1;1
-22;-33;42;0;1
-67;-3;21;1;1
-22;26;26;1;1
-18;10;40;1;1
-18;20;37;0;1
-28;-34;28;0;1
-27;-24;57;1;1
-42;2;16;1;1
-34;17;58;1;1
-20;-9;47;1;1
-36;-38;22;0;1
-27;-21;53;0;1
-53;15;28;0;1
-22;-1;33;1;1
-58;-6;33;1;1
-37;0;18;1;1
-40;-1;45;1;1
-29;-2;22;0;1
-20;30;36;1;1
-32;-17;37;0;1
-29;-13;31;0;1
-65;21;19;1;1
-35;55;26;0;1
-38;16;45;0;1
-17;21;58;0;1
-57;15;37;0;1
-43;34;20;0;1
-39;52;22;0;1
-14;9;27;0;1
-47;-12;27;0;1
-46;2;17;1;1
-16;25;12;1;1
-44;31;16;1;1
-32;-37;21;1;1
-47;46;24;1;1
-48;19;35;0;1
-32;50;28;0;1
-32;-8;42;1;1
-39;30;15;0;1
-35;22;30;1;1
-32;9;24;0;1
-26;16;45;1;1
-15;6;36;1;1
-44;-7;36;0;1
-47;-5;15;1;1
-57;28;28;0;1
-22;-34;15;1;1
-27;-39;36;1;1
-37;5;18;1;1
-30;19;59;1;1
-27;-31;56;0;1
-58;29;18;0;1
-33;50;31;1;1
-40;31;36;0;1
-42;-31;44;0;1
-23;30;26;0;1
-32;-5;15;1;1
-35;-21;38;0;1
-12;-20;26;0;1
-20;-11;13;1;1
-38;-5;25;1;1
-41;26;37;1;1
-40;-39;42;0;1
-41;15;28;1;1
-28;29;31;1;1
-34;-29;22;0;1
-36;4;46;0;1
-31;8;36;1;1
-29;9;50;1;1
-20;19;8;0;1
-21;27;53;1;1
-23;4;28;1;1
-43;18;24;0;1
-36;-45;40;1;1
-10;-16;46;0;1
-18;1;46;1;1
-56;-35;23;0;1
-44;-40;38;0;1
-46;-1;24;1;1
-19;-26;62;0;1
-44;26;20;1;1
-30;18;54;1;1
-14;-18;48;0;1
-38;-36;39;0;1
-33;2;51;1;1
-48;-27;40;0;1
-36;-9;19;0;1
-18;25;44;0;1
-43;-26;39;0;1
-37;-38;34;1;1
-29;35;39;1;1
-52;6;30;1;1
-31;-31;20;0;1
-33;-33;34;0;1
-53;-19;36;0;1
-44;-40;21;0;1
-37;-6;24;0;1
-28;-17;25;0;1
-31;34;24;0;1
-26;3;32;0;1
-29;4;50;1;1
-44;-5;31;1;1
-58;23;26;1;1
-32;-13;46;0;1
-24;-39;27;0;1
-19;-22;34;1;1
-23;-36;25;0;1
-52;24;20;0;1
-39;-24;20;1;1
-38;-20;22;0;1
-25;40;13;0;1
-41;8;52;0;1
-44;34;37;1;1
-52;-4;37;0;1
-29;-22;61;0;1
-24;26;35;1;1
-39;0;17;1;1
-15;-1;21;0;1
-23;22;44;1;1
-33;-15;40;1;1
-57;7;27;0;1
-33;24;27;0;1
-40;-43;39;0;1
-44;-7;52;0;1
-44;-11;20;0;1
-25;27;18;0;1
-44;-6;46;0;1
-24;6;66;0;1
-40;6;28;0;1
-24;-4;47;1;1
-33;-4;22;1;1
-37;22;32;0;1
-28;7;28;0;1
-34;35;50;1;1
-43;-25;32;0;1
-63;-12;28;0;1
-31;-20;45;1;1
-36;9;27;0;1
-29;-26;20;0;1
-29;25;50;0;1
-38;18;45;0;1
-40;-44;32;0;1
-31;11;25;1;1
-19;-3;52;1;1
-28;-35;31;0;1
-40;9;21;1;1
-20;-19;43;1;1
-35;2;38;1;1
-19;-8;21;1;1
-41;44;18;1;1
-19;-17;51;0;1
-35;-19;38;0;1
-21;19;62;1;1
-54;-36;27;0;1
-28;29;36;1;1
-52;31;27;0;1
-17;-2;27;1;1
-22;-33;32;0;1
-41;-22;17;0;1
-64;-6;23;0;1
-28;-32;52;0;1
-62;-8;19;1;1
-23;-30;27;0;1
-30;-44;15;1;1
-20;-6;57;1;1
-39;-24;40;0;1
-28;0;30;0;1
-24;-20;10;0;1
-21;27;37;1;1
-30;48;31;1;1
-45;-17;36;0;1
-17;-4;18;1;1
-40;50;19;1;1
-48;15;29;0;1
-51;33;34;0;1
-25;-9;59;1;1
-15;-21;66;0;1
-36;19;38;0;1
-30;8;17;0;1
-18;12;44;1;1
-19;13;57;0;1
-23;-19;55;1;1
-19;-4;50;0;1
-62;11;23;0;1
-19;-7;16;0;1
-56;23;32;0;1
-31;-18;58;1;1
-30;-40;29;0;1
-21;-36;51;0;1
-49;-15;14;0;1
-53;-19;28;1;1
-24;-30;55;0;1
-50;0;18;1;1
-29;-47;35;1;1
-11;15;32;1;1
-38;-23;35;1;1
-32;-4;59;0;1
-11;-4;26;1;1
-60;-16;29;0;1
-41;-21;26;1;1
-27;-8;56;0;1
-52;-8;30;1;1
-30;29;57;0;1
-42;-22;31;0;1
-52;-19;20;0;1
-14;-23;10;0;1
-52;34;17;0;1
-27;-1;48;0;1
-15;-13;29;1;1
-17;23;14;1;1
-48;-9;32;1;1
-34;35;39;1;1
-46;43;22;0;1
-37;-35;31;0;1
-51;1;21;0;1
-20;-20;34;0;1
-50;-14;16;0;1
-24;6;10;0;1
-26;-30;34;1;1
-23;33;52;1;1
-23;-19;43;0;1
-55;18;37;0;1
-17;20;47;0;1
-26;-7;54;0;1
-33;50;28;0;1
-35;28;42;1;1
-23;-3;50;0;1
-25;-21;55;1;1
-47;-15;14;0;1
-24;-23;27;0;1
-46;-8;41;0;1
-14;-22;12;1;1
-37;35;36;1;1
-41;-12;27;1;1
-44;-36;20;1;1
-23;-10;26;1;1
-47;-4;33;0;1
-29;-46;15;1;1
-17;-25;57;1;1
-17;11;32;0;1
-15;-3;23;0;1
-19;-17;61;1;1
-29;29;47;1;1
-18;-12;25;1;1
-12;0;27;1;1
-30;6;35;0;1
-32;27;34;0;1
-25;15;26;0;1
-34;42;26;0;1
-50;5;25;0;1
-44;3;54;1;1
-24;16;39;0;1
-42;40;18;0;1
-45;5;46;0;1
-33;16;60;0;1
-30;45;28;1;1
-47;-34;35;1;1
-18;-22;30;1;1
-24;-30;46;1;1
-28;-43;26;1;1
-48;21;40;0;1
-38;19;47;0;1
-33;-19;49;0;1
-46;-25;48;0;1
-25;-16;21;0;1
-46;13;25;0;1
-54;14;38;0;1
-18;18;62;0;1
-48;-16;16;0;1
-40;15;42;0;1
-27;-8;14;0;1
-33;40;31;0;1
-21;30;42;1;1
-24;28;45;0;1
-21;31;16;0;1
-18;0;23;1;1
-36;46;34;0;1
-60;17;22;1;1
-25;-38;24;1;1
-17;15;37;0;1
-17;-22;24;0;1
-57;5;32;1;1
-44;-4;13;0;1
-57;-14;34;0;1
-33;27;13;0;1
-36;8;37;0;1
-27;-35;50;0;1
-47;40;17;1;1
-23;-12;21;1;1
-29;0;41;0;1
-29;-30;24;0;1
-42;7;48;1;1
-20;-25;10;0;1
-42;-14;42;1;1
-24;-24;53;1;1
-31;18;32;0;1
-38;11;38;1;1
-36;52;31;0;1
-48;32;18;1;1
-23;-33;54;0;1
-33;23;58;0;1
-29;44;29;0;1
-30;-40;50;1;1
-48;-11;37;0;1
-35;11;35;1;1
-26;35;12;1;1
-17;-14;33;1;1
-33;28;31;1;1
-38;-18;49;0;1
-29;-44;40;0;1
-48;23;37;0;1
-49;2;48;1;1
-47;-33;30;1;1
-22;35;43;1;1
-26;45;37;0;1
-51;19;41;0;1
-49;-20;38;0;1
-35;15;34;1;1
-27;-7;54;0;1
-41;-3;41;1;1
-32;-6;30;0;1
-19;22;12;1;1
-51;31;29;0;1
-32;3;16;1;1
-26;27;49;0;1
-37;-18;14;0;1
-28;41;44;1;1
-31;27;43;0;1
-61;2;24;1;1
-42;-3;43;0;1
-32;-33;24;1;1
-7;7;25;1;1
-20;-26;39;1;1
-16;25;56;0;1
-37;37;17;0;1
-42;-2;36;1;1
-34;-53;18;0;1
-54;-12;36;0;1
-30;-15;42;0;1
-23;17;56;0;1
-33;4;35;0;1
-49;20;30;0;1
-22;12;48;0;1
-47;-19;25;1;1
-35;3;42;1;1
-35;47;19;1;1
-52;29;38;0;1
-59;-28;23;0;1
-31;-33;30;1;1
-29;37;42;1;1
-36;7;48;0;1
-17;-7;37;0;1
-24;-7;24;0;1
-20;17;50;1;1
-44;26;17;1;1
-29;5;45;0;1
-33;15;43;1;1
-57;-17;17;1;1
-35;-28;33;0;1
-55;-32;18;1;1
-56;-7;35;0;1
-39;-16;45;0;1
-33;-31;39;0;1
-53;-3;32;1;1
-54;33;30;0;1
-48;27;33;0;1
-41;-41;21;0;1
-44;-37;40;1;1
-36;-25;33;0;1
-35;-35;42;0;1
-28;10;8;1;1
-55;2;30;0;1
-20;16;40;0;1
-19;-14;43;1;1
-23;7;9;0;1
-38;29;17;0;1
-55;22;37;0;1
-15;-22;16;0;1
-53;-38;26;1;1
-43;-24;21;1;1
-42;19;25;0;1
-29;50;27;0;1
-61;9;19;0;1
-38;34;44;0;1
-21;34;44;1;1
-30;37;49;0;1
-44;0;22;0;1
-11;-16;48;1;1
-26;-24;15;0;1
-23;-14;41;0;1
-24;9;45;1;1
-36;-12;32;1;1
-29;28;48;1;1
-32;-29;21;1;1
-25;14;54;0;1
-48;1;31;0;1
-28;5;61;0;1
-25;-14;25;0;1
-53;19;26;0;1
-42;11;13;1;1
-48;41;28;1;1
-19;-19;17;1;1
-29;-45;45;1;1
-51;-21;32;0;1
-12;-18;55;0;1
-39;43;39;1;1
-56;-26;20;1;1
-19;-15;52;0;1
-54;-11;27;0;1
-20;-5;48;1;1
-31;-36;14;0;1
-31;5;51;0;1
-14;-18;43;0;1
-46;-38;32;0;1
-24;37;17;0;1
-36;-24;15;0;1
-40;1;23;0;1
-51;-11;44;0;1
-44;-3;40;1;1
-34;-7;54;0;1
-16;-23;32;1;1
-41;12;25;0;1
-32;-19;33;0;1
-29;31;33;0;1
-27;-14;59;1;1
-44;-21;16;0;1
-36;34;30;0;1
-39;-32;41;0;1
-50;42;19;0;1
-29;18;23;0;1
-25;-19;15;1;1
-39;-39;25;0;1
-20;-34;41;1;1
-23;28;60;0;1
-54;14;42;1;1
-37;24;55;0;1
-59;-22;18;0;1
-18;11;33;1;1
-37;15;49;0;1
-34;39;41;0;1
-31;-40;46;0;1
-39;29;20;1;1
-18;23;41;1;1
-21;-11;48;1;1
-44;-27;34;0;1
-46;2;53;0;1
-35;31;18;1;1
-35;-42;28;1;1
-24;-38;48;0;1
-40;-9;21;1;1
-21;-9;39;0;1
-32;7;56;1;1
-34;55;26;0;1
-29;-20;19;1;1
-39;6;58;0;1
-20;9;39;0;1
-39;-4;42;1;1
-13;16;33;1;1
-36;44;36;1;1
-25;30;37;1;1
-17;15;51;0;1
-26;9;23;0;1
-25;13;60;0;1
-35;-16;24;0;1
-50;6;22;1;1
-45;-17;30;1;1
-26;17;27;0;1
-48;-17;35;0;1
-51;-33;36;1;1
-38;-18;19;0;1
-37;-33;50;1;1
-36;-20;47;0;1
-26;6;11;1;1
-25;29;56;0;1
-17;13;20;0;1
-31;28;43;0;1
-37;-14;46;1;1
-27;41;34;0;1
-37;4;25;0;1
-34;-16;41;0;1
-24;22;20;0;1
-10;17;17;1;1
-30;-12;59;1;1
-22;-1;47;0;1
-23;0;47;0;1
-46;-47;22;0;1
-21;16;60;0;1
-44;-5;13;0;1
-35;-11;16;0;1
-45;-15;41;0;1
-56;12;27;0;1
-57;31;18;0;1
-34;-37;39;0;1
-28;18;56;0;1
-31;2;33;0;1
-21;4;30;0;1
-29;-18;56;0;1
-35;39;26;0;1
-26;-10;14;1;1
-61;-6;34;0;1
-34;20;31;0;1
-41;-5;30;0;1
-40;14;31;1;1
-38;27;25;0;1
-16;-21;60;0;1
-36;-24;43;1;1
-22;37;53;0;1
-25;32;11;0;1
-27;35;17;0;1
-23;-38;34;0;1
-34;-32;31;0;1
-28;12;60;1;1
-31;34;27;1;1
-14;-8;27;0;1
-13;10;31;1;1
-16;-26;20;0;1
-51;21;43;1;1
-17;14;56;0;1
-28;15;42;1;1
-16;20;53;0;1
-38;-21;19;0;1
-34;-8;27;0;1
-26;8;61;0;1
-18;-28;54;0;1
-41;28;24;0;1
-39;-41;22;0;1
-15;-7;41;0;1
-56;-26;18;0;1
-47;-2;14;0;1
-54;30;30;0;1
-15;23;52;0;1
-16;-22;37;1;1
-11;0;29;0;1
-38;33;30;0;1
-11;5;30;0;1
-34;-34;48;0;1
-28;44;15;0;1
-46;36;39;1;1
-19;-5;30;0;1
-38;-8;35;0;1
-39;51;28;0;1
-52;-20;23;1;1
-32;30;28;1;1
-27;-26;50;0;1
-25;24;10;0;1
-37;9;49;1;1
-34;-13;42;1;1
-33;-5;50;1;1
-27;7;61;0;1
-29;40;28;1;1
-26;37;50;1;1
-27;36;28;0;1
-22;-28;53;0;1
-24;-5;20;1;1
-28;-7;52;0;1
-63;0;21;0;1
-30;-11;57;0;1
-36;29;13;1;1
-55;31;23;0;1
-30;-2;57;0;1
-34;-42;18;0;1
-24;37;51;1;1
-31;4;20;1;1
-29;-50;22;1;1
-22;12;45;1;1
-32;5;13;0;1
-27;-39;44;0;1
-46;-35;38;0;1
-13;-1;34;1;1
-33;-8;55;0;1
-43;26;18;0;1
-17;-29;39;1;1
-58;25;20;0;1
-42;14;43;1;1
-30;-43;17;1;1
-43;46;20;1;1
-16;-24;41;0;1
-58;11;16;1;1
-49;17;17;1;1
-18;15;50;0;1
-20;0;54;0;1
-35;-27;26;0;1
-38;-15;23;0;1
-32;30;32;1;1
-38;-49;26;1;1
-43;25;40;0;1
-50;-31;25;1;1
-45;33;43;0;1
-25;-5;62;1;1
-12;-17;35;0;1
-19;-17;19;1;1
-44;-32;30;1;1
-50;20;26;0;1
-42;37;32;0;1
-18;1;17;0;1
-30;-25;22;0;1
-32;-11;14;1;1
-16;-2;44;0;1
-21;30;48;1;1
-46;30;27;0;1
-25;-3;40;1;1
-42;12;24;1;1
-32;-13;61;0;1
-47;-18;24;0;1
-38;-18;30;0;1
-22;-28;44;0;1
-28;-5;35;1;1
-33;57;22;0;1
-47;-2;50;0;1
-38;18;32;0;1
-54;-3;28;1;1
-32;51;36;0;1
-42;8;43;0;1
-48;-1;32;1;1
-25;-18;60;0;1
-60;-1;22;0;1
-37;22;16;1;1
-61;25;18;1;1
-44;30;24;0;1
-31;-34;54;0;1
-37;54;27;0;1
-35;-40;19;0;1
-35;16;13;0;1
-10;15;35;0;1
-29;10;10;0;1
-58;-23;22;0;1
-23;-38;13;0;1
-24;-35;38;0;1
-38;20;39;0;1
-9;-13;22;0;1
-25;1;35;1;1
-10;13;44;0;1
-47;38;24;1;1
-16;26;22;1;1
-47;-45;23;1;1
-30;-50;29;0;1
-18;26;62;0;1
-46;-29;45;1;1
-47;-20;35;0;1
-31;-29;41;1;1
-29;-19;12;1;1
-30;29;28;0;1
-57;-10;33;0;1
-39;17;13;0;1
-18;-8;34;0;1
-40;11;49;0;1
-15;-18;21;0;1
-13;-13;27;1;1
-31;-15;29;0;1
-19;-15;47;0;1
-47;-8;19;0;1
-33;12;60;1;1
-27;37;34;1;1
-41;-25;25;0;1
-23;10;36;0;1
-41;-34;22;0;1
-22;30;46;0;1
-32;4;53;1;1
-31;-51;35;0;1
-40;29;19;0;1
-59;-11;28;1;1
-18;-22;48;1;1
-49;-27;24;0;1
-47;18;28;0;1
-28;-24;30;0;1
-54;34;24;0;1
-39;43;27;0;1
-39;-47;17;0;1
-11;19;46;1;1
-49;12;36;1;1
-51;-25;28;1;1
-45;-21;20;1;1
-21;11;15;0;1
-27;30;21;1;1
-16;5;25;0;1
-22;-20;32;1;1
-37;-14;34;0;1
-52;-1;16;0;1
-53;11;21;1;1
-41;-23;28;0;1
-53;-12;16;0;1
-22;-32;14;1;1
-46;-35;39;0;1
-33;-25;28;1;1
-22;-1;35;0;1
-45;24;25;0;1
-41;-2;19;0;1
-19;28;55;0;1
-49;13;34;1;1
-19;-20;36;0;1
-24;-31;32;1;1
-38;-2;42;1;1
-28;-29;54;1;1
-21;7;29;0;1
-32;-31;21;0;1
-26;30;30;0;1
-35;31;26;0;1
-20;-13;30;0;1
-26;9;40;0;1
-22;8;56;1;1
-14;22;19;0;1
-29;-44;27;0;1
-12;-9;29;1;1
-37;36;23;1;1
-24;13;49;0;1
-14;14;30;0;1
-27;-36;39;0;1
-66;9;22;1;1
-39;27;47;0;1
-12;18;45;1;1
-18;-20;62;0;1
-25;-37;44;0;1
-35;-21;24;0;1
-43;-17;16;0;1
-44;34;24;0;1
-45;21;34;1;1
-26;-6;34;1;1
-28;-30;52;0;1
-38;-16;42;1;1
-36;-23;35;0;1
-23;-27;38;0;1
-34;-45;40;0;1
-47;29;26;0;1
-51;-21;18;1;1
-37;-9;52;0;1
-25;4;57;0;1
-31;19;52;0;1
-66;-5;24;1;1
-48;-4;46;0;1
-45;6;40;1;1
-39;-7;11;0;1
-32;-2;38;0;1
-37;-30;28;1;1
-42;-30;33;0;1
-40;7;37;0;1
-34;-5;15;0;1
-22;22;47;0;1
-23;-24;53;0;1
-25;-13;36;0;1
-21;28;35;1;1
-31;-27;19;0;1
-41;-9;29;1;1
-32;-3;58;1;1
-48;7;15;0;1
-12;-16;32;0;1
-59;-11;18;1;1
-17;23;25;1;1
-37;-49;18;1;1
-30;6;58;0;1
-41;-1;46;0;1
-62;-7;17;0;1
-22;11;38;0;1
-34;34;27;0;1
-41;-42;18;0;1
-58;-2;16;1;1
-33;-22;34;0;1
-36;-14;25;0;1
-20;17;55;0;1
-62;-4;21;1;1
-59;-1;38;0;1
-37;-17;25;1;1
-27;-41;29;0;1
-21;-7;44;1;1
-50;27;20;0;1
-28;-48;34;0;1
-38;-47;22;1;1
-40;24;39;0;1
-47;-44;30;0;1
-17;18;26;1;1
-24;13;22;1;1
-37;0;56;1;1
-17;10;26;0;1
-18;21;57;1;1
-33;40;45;0;1
-20;-4;37;0;1
-34;2;33;0;1
-16;-23;42;1;1
-60;-12;30;1;1
-50;4;20;0;1
-38;-22;41;1;1
-22;-18;15;1;1
-47;10;45;1;1
-37;17;53;0;1
-20;-11;27;0;1
-46;39;17;0;1
-32;-28;44;1;1
-57;-7;33;1;1
-52;-23;18;0;1
-44;-13;38;0;1
-22;32;28;0;1
-56;3;20;1;1
-15;18;8;1;1
-24;16;29;1;1
-26;-21;58;0;1
-35;9;44;0;1
-19;17;20;1;1
-35;31;25;1;1
-37;-5;35;0;1
-32;-25;28;1;1
-29;-16;33;1;1
-26;-36;46;1;1
-24;-24;39;1;1
-35;29;25;1;1
-22;34;50;1;1
-18;-6;45;0;1
-53;-9;41;0;1
-18;21;16;1;1
-13;-21;45;0;1
-36;15;24;1;1
-31;-23;15;0;1
-31;12;49;1;1
-37;-3;34;0;1
-25;0;13;1;1
-28;-20;14;0;1
-45;8;38;0;1
-45;-34;17;1;1
-43;10;31;1;1
-13;22;38;0;1
-17;27;22;0;1
-52;40;25;0;1
-40;-35;33;1;1
-44;-15;15;1;1
-16;1;25;0;1
-52;-19;36;0;1
-26;9;43;0;1
-35;-25;30;0;1
-49;35;27;1;1
-45;-46;19;0;1
-55;-14;41;1;1
-13;-9;27;0;1
-61;8;25;1;1
-32;-9;60;1;1
-33;-54;32;0;1
-33;23;44;0;1
-27;-23;17;1;1
-56;-11;22;1;1
-25;-41;20;0;1
-31;41;30;0;1
-15;24;14;0;1
-51;13;26;0;1
-29;-14;18;0;1
-54;-12;34;0;1
-27;-36;31;0;1
-27;-6;8;1;1
-43;-4;24;0;1
-28;19;23;0;1
-45;2;17;0;1
-50;-35;36;0;1
-34;1;23;1;1
-44;25;41;1;1
-29;14;36;1;1
-34;10;28;1;1
-34;-38;39;0;1
-36;-23;45;1;1
-41;-9;31;0;1
-35;32;33;0;1
-22;4;11;1;1
-39;53;20;0;1
-51;-3;35;0;1
-35;18;46;1;1
-16;-18;41;1;1
-26;-21;21;0;1
-18;8;22;0;1
-35;15;35;1;1
-32;6;57;0;1
-58;-20;21;0;1
-18;4;30;0;1
-45;8;44;0;1
-13;-12;34;1;1
-48;9;42;0;1
-34;26;31;1;1
-27;14;23;0;1
-60;-26;19;1;1
-22;-19;31;0;1
-34;43;24;0;1
-44;10;38;0;1
-31;4;16;1;1
-43;4;45;0;1
-21;2;32;0;1
-56;-17;17;0;1
-45;29;35;0;1
-59;-8;31;0;1
-25;-20;26;0;1
-22;10;47;1;1
-39;-14;18;0;1
-32;-2;39;0;1
-55;-11;23;0;1
-54;-15;33;0;1
-45;-14;24;0;1
-45;-39;22;1;1
-44;-5;55;1;1
-39;44;21;1;1
-35;28;35;0;1
-33;-28;51;0;1
-47;19;43;1;1
-17;-19;21;0;1
-48;27;24;0;1
-45;-33;40;0;1
-50;39;22;0;1
-45;15;35;0;1
-24;-31;36;0;1
-8;9;26;0;1
-49;23;18;0;1
-41;49;18;0;1
-24;-19;29;0;1
-16;21;26;0;1
-35;33;40;0;1
-28;23;37;0;1
-17;19;65;1;1
-56;18;34;0;1
-18;-28;22;0;1
-31;-24;17;0;1
-33;45;33;1;1
-55;-24;35;1;1
-44;-23;29;0;1
-18;1;18;1;1
-13;-16;42;0;1
-53;-20;25;0;1
-51;-27;30;0;1
-65;-8;25;1;1
-13;-19;26;0;1
-21;-34;20;0;1
-64;2;26;0;1
-24;-3;37;0;1
-17;26;21;1;1
-50;-22;30;1;1
-45;21;19;0;1
-33;53;17;0;1
-29;2;59;0;1
-31;31;41;0;1
-55;25;33;1;1
-39;19;19;0;1
-51;21;25;1;1
-29;-11;34;0;1
-41;-8;14;1;1
-45;40;21;0;1
-19;-24;16;0;1
-36;-38;18;1;1
-55;-23;27;1;1
-37;10;40;0;1
-54;-25;33;0;1
-37;19;34;0;1
-49;4;18;1;1
-48;-45;22;1;1
-41;53;19;0;1
-27;1;16;1;1
-21;-2;45;0;1
-37;-5;22;1;1
-43;30;39;1;1
-42;4;57;0;1
-15;-25;47;0;1
-53;-36;19;1;1
-52;-18;44;1;1
-50;21;38;1;1
-43;-28;14;0;1
-17;7;32;1;1
-10;-9;26;1;1
-37;-36;38;0;1
-38;39;45;0;1
-29;22;23;0;1
-26;33;21;0;1
-16;14;26;1;1
-58;-18;20;1;1
-39;8;42;0;1
-11;1;29;0;1
-32;13;13;0;1
-36;36;31;0;1
-18;-10;28;1;1
-24;-4;22;0;1
-64;-6;27;0;1
-59;-32;19;0;1
-31;-25;11;1;1
-60;-5;22;0;1
-26;1;66;0;1
-17;26;10;1;1
-31;1;34;0;1
-27;4;57;1;1
-21;28;61;0;1
-35;-12;16;0;1
-43;-44;23;0;1
-42;23;24;0;1
-22;27;31;0;1
-43;-15;32;1;1
-39;-29;16;0;1
-29;20;52;0;1
-11;-14;46;0;1
-43;-12;53;0;1
-12;19;14;1;1
-38;-25;18;0;1
-38;9;13;0;1
-44;-13;25;0;1
-34;24;38;1;1
-59;-4;30;0;1
-36;24;48;0;1
-27;11;54;0;1
-50;7;21;0;1
-38;-16;52;0;1
-23;16;9;1;1
-48;14;23;1;1
-24;29;29;1;1
-44;23;42;1;1
-16;4;42;1;1
-29;44;41;0;1
-43;9;52;1;1
-43;-16;47;1;1
-37;-41;19;1;1
-56;30;18;0;1
-37;-32;50;0;1
-46;34;27;1;1
-27;19;36;0;1
-44;14;43;1;1
-49;-23;26;0;1
-16;17;13;0;1
-50;19;29;1;1
-39;-23;21;0;1
-19;29;27;0;1
-27;16;62;0;1
-26;-44;15;1;1
-25;-41;25;0;1
-66;-2;24;1;1
-42;15;15;1;1
-35;-5;49;0;1
-32;-5;35;0;1
-38;41;26;0;1
-24;19;21;1;1
-32;11;18;1;1
-32;-31;30;0;1
-30;-10;14;0;1
-60;7;35;0;1
-23;15;19;0;1
-46;-16;15;0;1
-19;3;41;0;1
-27;9;24;0;1
-27;-15;37;1;1
-64;-10;18;0;1
-39;-5;42;1;1
-47;40;35;0;1
-10;7;22;0;1
-53;-15;28;0;1
-44;10;15;1;1
-17;17;60;1;1
-20;7;14;1;1
-23;-38;21;0;1
-27;2;64;0;1
-50;15;26;1;1
-53;13;38;1;1
-32;31;50;1;1
-19;31;35;0;1
-53;-1;46;1;1
-23;-1;56;0;1
-35;-15;48;1;1
-27;-12;41;1;1
-54;-27;22;0;1
-48;8;34;0;1
-34;32;17;0;1
-23;8;34;0;1
-37;13;49;0;1
-43;-33;35;0;1
-34;41;18;1;1
-26;19;58;0;1
-20;-6;38;1;1
-34;-30;15;0;1
-38;-30;17;0;1
-37;46;26;0;1
-34;39;27;0;1
-39;25;16;1;1
-35;23;32;0;1
-43;30;27;0;1
-50;-3;36;1;1
-10;17;37;0;1
-26;-12;36;1;1
-27;39;30;0;1
-30;46;21;1;1
-34;7;13;0;1
-54;-15;18;0;1
-36;-20;29;0;1
-27;-19;35;0;1
-20;-30;45;1;1
-43;-37;27;0;1
-27;-5;12;0;1
-10;12;19;0;1
-29;30;54;0;1
-33;-23;13;1;1
-44;-14;20;0;1
-39;-6;54;0;1
-33;41;37;0;1
-22;-13;62;0;1
-33;30;18;1;1
-47;16;47;0;1
-45;-30;37;1;1
-16;26;26;0;1
-16;7;29;0;1
-33;-18;31;0;1
-38;-8;26;0;1
-38;15;14;0;1
-35;11;12;0;1
-33;-27;17;0;1
-38;-30;50;1;1
-47;41;34;0;1
-23;-36;37;0;1
-29;33;15;0;1
-42;-5;49;1;1
-24;-2;55;0;1
-53;28;26;1;1
-53;-17;25;0;1
-24;-23;24;0;1
-55;9;40;0;1
-30;-7;25;1;1
-53;4;36;0;1
-55;17;28;1;1
-51;15;27;1;1
-32;49;35;0;1
-67;10;19;1;1
-22;-9;59;1;1
-26;41;23;0;1
-44;-39;38;1;1
-13;-21;22;1;1
-50;-2;33;1;1
-55;-19;28;0;1
-13;-18;24;1;1
-32;27;47;0;1
-16;19;61;1;1
-54;19;18;0;1
-17;-12;47;1;1
-57;21;32;0;1
-24;3;63;1;1
-47;48;22;0;1
-44;-12;52;0;1
-52;1;43;1;1
-29;-9;23;1;1
-17;-10;51;0;1
-41;15;43;0;1
-28;41;28;0;1
-34;-25;19;0;1
-57;-14;31;0;1
-26;18;36;1;1
-20;19;43;0;1
-37;19;41;0;1
-49;3;26;0;1
-30;-3;11;1;1
-35;-3;24;0;1
-45;8;25;1;1
-36;2;60;0;1
-51;-6;38;0;1
-53;7;44;0;1
-37;-16;20;0;1
-16;2;44;0;1
-27;26;30;1;1
-28;-2;46;0;1
-49;9;29;0;1
-34;19;15;1;1
-38;-22;40;0;1
-41;-1;37;0;1
-45;0;54;1;1
-44;-19;31;1;1
-27;33;52;0;1
-46;-6;24;1;1
-21;9;61;0;1
-57;-15;36;0;1
-40;-15;42;1;1
-31;1;44;1;1
-21;-23;58;1;1
-34;28;21;0;1
-34;-27;29;0;1
-49;10;31;1;1
-22;-10;52;0;1
-19;5;16;0;1
-32;-23;49;0;1
-24;14;17;0;1
-64;15;22;0;1
-39;39;30;1;1
-31;-1;47;0;1
-12;11;26;0;1
-34;-29;28;0;1
-33;41;27;1;1
-40;-6;55;0;1
-33;26;19;1;1
-14;13;16;1;1
-22;36;41;1;1
-28;12;17;1;1
-22;31;33;0;1
-33;-19;13;1;1
-30;-28;15;0;1
-15;12;37;0;1
-50;9;23;1;1
-31;-44;42;0;1
-64;-15;23;0;1
-35;-22;21;0;1
-44;1;29;0;1
-39;14;53;0;1
-33;27;53;1;1
-60;16;23;0;1
-39;43;40;1;1
-22;30;26;0;1
-59;-27;22;1;1
-29;-13;21;0;1
-25;-10;11;0;1
-15;17;35;0;1
-14;13;42;0;1
-42;-8;26;0;1
-33;4;38;0;1
-37;34;24;0;1
-17;-10;27;1;1
-28;-21;30;1;1
-23;-3;23;1;1
-17;-5;24;0;1
-38;39;20;1;1
-21;-27;26;1;1
-26;-26;21;1;1
-18;18;57;1;1
-47;-29;40;0;1
-44;-24;40;1;1
-62;26;19;1;1
-37;-38;16;0;1
-33;-47;32;0;1
-55;-18;39;0;1
-43;-45;28;1;1
-32;-5;26;1;1
-40;51;25;0;1
-30;11;36;0;1
-22;-22;10;0;1
-35;-45;38;0;1
-42;41;37;0;1
-36;-40;24;1;1
-34;36;35;1;1
-40;30;16;0;1
-46;17;19;1;1
-48;-34;27;0;1
-35;-29;14;0;1
-18;-10;15;0;1
-30;-5;19;0;1
-31;-12;42;1;1
-6;8;24;0;1
-32;51;26;0;1
-49;-4;14;1;1
-36;-27;40;0;1
-30;-39;40;1;1
-16;13;36;0;1
-48;1;46;0;1
-45;-24;19;1;1
-48;14;38;0;1
-47;-43;19;0;1
-25;30;13;0;1
-40;12;23;1;1
-47;-8;18;0;1
-42;13;38;1;1
-63;25;21;1;1
-13;-16;26;0;1
-40;20;39;1;1
-14;-1;21;0;1
-38;-18;41;0;1
-46;-7;16;0;1
-29;-15;28;0;1
-38;-21;38;0;1
-34;-33;41;1;1
-55;13;24;1;1
-51;8;33;0;1
-33;-7;28;0;1
-49;31;34;0;1
-35;9;49;0;1
-26;27;37;1;1
-45;47;20;0;1
-37;-43;36;1;1
-23;19;25;1;1
-40;-33;38;1;1
-29;-26;36;1;1
-44;-23;34;1;1
-35;51;21;0;1
-44;18;23;1;1
-54;-4;44;1;1
-34;7;42;0;1
-41;21;19;1;1
-38;-13;13;0;1
-50;-34;37;0;1
-36;15;53;1;1
-29;44;23;1;1
-27;46;30;1;1
-14;-16;47;0;1
-44;-11;46;0;1
-46;27;43;0;1
-40;-9;55;1;1
-44;-24;23;1;1
-22;26;22;1;1
-34;0;34;1;1
-32;-11;53;0;1
-37;-18;28;0;1
-16;23;26;0;1
-29;28;18;1;1
-54;11;42;1;1
-54;-4;43;0;1
-41;-14;16;0;1
-54;-9;19;0;1
-23;-11;21;0;1
-26;3;14;1;1
-33;-44;35;0;1
-16;9;27;0;1
-23;-17;57;1;1
-15;-13;27;0;1
-62;-7;18;0;1
-31;2;9;1;1
-56;-36;20;0;1
-32;30;26;1;1
-25;-20;13;0;1
-43;-17;47;1;1
-34;6;20;0;1
-56;26;31;0;1
-22;33;46;0;1
-34;47;16;1;1
-16;1;40;0;1
-21;-20;45;1;1
-38;3;50;1;1
-48;-28;15;0;1
-42;-46;28;1;1
-15;-18;25;0;1
-50;1;28;1;1
-34;17;20;0;1
-37;11;13;0;1
-18;17;37;0;1
-43;21;40;0;1
-17;4;47;0;1
-27;-28;50;0;1
-30;21;57;0;1
-38;41;42;0;1
-48;7;32;1;1
-23;-35;32;1;1
-37;21;34;1;1
-32;-52;28;0;1
-28;31;13;0;1
-29;22;37;0;1
-34;40;23;0;1
-21;32;46;0;1
-25;23;44;1;1
-15;-15;58;1;1
-27;-29;45;1;1
-49;35;32;1;1
-23;-37;26;0;1
-33;-13;24;0;1
-31;18;29;0;1
-8;6;25;0;1
-34;-24;43;0;1
-31;6;26;0;1
-35;-3;18;0;1
-27;46;16;1;1
-44;31;41;0;1
-26;-17;13;0;1
-49;-30;30;0;1
-22;-29;10;0;1
-21;-7;24;0;1
-31;41;35;0;1
-63;14;21;0;1
-32;0;61;0;1
-19;-28;25;1;1
-27;14;33;1;1
-53;-3;23;1;1
-18;-31;49;0;1
-35;-5;26;1;1
-48;-15;16;0;1
-31;-5;37;1;1
-34;-12;54;1;1
-54;-12;29;1;1
-32;6;32;0;1
-48;9;46;0;1
-20;-4;34;0;1
-35;-17;30;0;1
-12;9;22;0;1
-29;26;19;0;1
-46;46;27;0;1
-30;18;60;1;1
-23;8;25;0;1
-39;14;48;0;1
-12;-5;22;0;1
-21;-26;31;1;1
-18;22;44;1;1
-23;5;63;0;1
-39;22;39;0;1
-45;2;30;1;1
-18;13;50;1;1
-50;43;21;1;1
-35;41;41;0;1
-28;-47;34;0;1
-30;18;17;0;1
-27;11;45;0;1
-53;-33;19;1;1
-29;-8;28;0;1
-15;15;58;0;1
-13;11;21;1;1
-56;22;17;1;1
-20;-13;13;1;1
-24;33;55;0;1
-26;-12;42;0;1
-29;-15;63;0;1
-16;13;29;1;1
-53;26;32;1;1
-17;1;43;1;1
-16;-17;30;1;1
-37;3;15;1;1
-30;-14;10;1;1
-44;36;18;1;1
-43;15;21;0;1
-55;24;26;0;1
-16;-22;59;0;1
-46;27;41;0;1
-57;-10;18;1;1
-45;18;14;0;1
-59;-16;20;0;1
-26;-11;61;0;1
-14;11;32;0;1
-19;25;15;0;1
-25;-8;24;0;1
-27;-11;19;0;1
-32;22;50;0;1
-60;-26;24;0;1
-52;-18;42;1;1
-21;-7;37;1;1
-34;-12;44;0;1
-20;-28;23;0;1
-54;22;40;1;1
-44;17;43;0;1
-34;47;26;1;1
-63;-15;18;0;1
-31;19;38;0;1
-39;-2;29;0;1
-22;25;19;0;1
-53;-2;32;0;1
-25;1;19;0;1
-58;21;32;1;1
-25;3;53;0;1
-11;-5;29;1;1
-20;-17;45;1;1
-15;19;10;0;1
-29;23;44;0;1
-28;28;30;1;1
-19;-27;45;1;1
-37;-23;43;0;1
-26;-9;32;1;1
-37;-20;15;1;1
-28;-42;32;0;1
-20;-8;14;0;1
-30;-7;10;0;1
-43;-35;18;0;1
-63;12;28;0;1
-48;16;30;1;1
-50;-24;19;1;1
-52;-18;38;1;1
-48;-15;26;0;1
-30;8;34;1;1
-21;1;17;0;1
-43;-11;47;0;1
-35;-19;32;1;1
-54;9;20;1;1
-40;-26;32;0;1
-39;-12;19;0;1
-24;-27;41;0;1
-43;-13;46;1;1
-33;-26;54;0;1
-30;-32;20;0;1
-38;24;13;0;1
-15;19;51;0;1
-34;22;19;0;1
-11;-14;44;0;1
-14;17;33;0;1
-13;19;29;0;1
-59;24;25;0;1
-23;-39;41;1;1
-57;-9;31;0;1
-19;-8;45;0;1
-49;-12;45;0;1
-26;-5;54;1;1
-50;10;22;1;1
-54;26;25;0;1
-45;-9;26;0;1
-45;8;36;0;1
-28;0;42;1;1
-44;15;19;0;1
-8;-13;37;0;1
-37;12;44;1;1
-45;16;26;1;1
-25;-30;13;1;1
-17;26;25;0;1
-49;-39;19;0;1
-46;4;18;0;1
-34;5;37;1;1
-32;16;59;1;1
-23;-34;44;0;1
-29;50;18;1;1
-42;13;40;0;1
-18;10;39;0;1
-29;-5;48;0;1
-19;28;22;1;1
-51;22;42;0;1
-62;-6;23;0;1
-27;8;15;0;1
-38;1;12;1;1
-30;33;17;0;1
-42;11;27;1;1
-59;14;27;0;1
-50;10;21;0;1
-39;-2;19;0;1
-56;-16;22;0;1
-42;-11;41;0;1
-35;-2;61;0;1
-50;13;15;0;1
-51;26;20;1;1
-38;-38;19;0;1
-20;0;23;0;1
-52;-25;33;0;1
-26;-41;18;0;1
-33;13;46;1;1
-43;-3;21;0;1
-52;-39;18;1;1
-39;43;30;0;1
-28;12;62;1;1
-60;24;23;1;1
-39;-10;15;0;1
-23;-11;26;0;1
-34;18;15;1;1
-36;36;32;1;1
-43;-14;29;0;1
-49;-33;36;0;1
-24;-6;31;1;1
-13;15;26;0;1
-32;-43;39;0;1
-22;-9;21;0;1
-62;-6;22;0;1
-55;18;36;0;1
-32;-8;52;1;1
-21;16;40;0;1
-57;1;37;0;1
-14;-23;37;0;1
-14;7;40;1;1
-42;-53;20;0;1
-20;31;54;0;1
-27;-23;28;1;1
-28;0;54;1;1
-27;24;40;0;1
-55;-4;29;1;1
-39;36;27;1;1
-47;-15;23;1;1
-17;-24;34;0;1
-32;8;14;0;1
-30;-13;46;1;1
-37;-18;41;1;1
-38;-45;22;0;1
-23;18;16;1;1
-24;-8;44;0;1
-39;24;29;1;1
-28;13;15;1;1
-59;-20;20;0;1
-22;5;18;0;1
-23;21;45;0;1
-30;9;36;1;1
-19;-19;23;1;1
-46;42;30;0;1
-41;-44;19;1;1
-41;-5;22;0;1
-17;22;62;1;1
-40;-16;38;0;1
-51;-42;23;1;1
-41;-34;42;0;1
-40;13;38;0;1
-43;-26;34;0;1
-28;-11;43;0;1
-31;-37;34;0;1
-41;-39;38;0;1
-22;31;39;0;1
-34;24;30;0;1
-12;14;49;0;1
-38;2;58;1;1
-28;21;54;1;1
-26;38;26;0;1
-50;-27;24;0;1
-43;-2;22;0;1
-39;-39;30;0;1
-30;25;25;0;1
-48;42;29;0;1
-30;-37;25;1;1
-48;-13;47;1;1
-61;-14;21;1;1
-43;-29;36;1;1
-26;15;33;1;1
-19;-22;41;0;1
-22;5;46;0;1
-44;-38;18;0;1
-48;-14;24;1;1
-38;-22;36;0;1
-37;-31;13;0;1
-28;46;21;1;1
-38;17;56;0;1
-39;2;12;0;1
-24;-10;28;0;1
-25;24;41;1;1
-43;-39;23;0;1
-19;-5;27;0;1
-30;-24;39;0;1
-42;23;19;0;1
-16;18;55;1;1
-21;0;43;1;1
-55;17;19;1;1
-13;-21;15;0;1
-42;-27;50;1;1
-38;-6;57;0;1
-42;0;50;0;1
-38;-17;42;1;1
-52;-29;23;0;1
-27;-22;22;0;1
-39;-45;23;0;1
-32;9;56;1;1
-30;42;48;0;1
-51;15;36;0;1
-26;34;47;0;1
-24;9;62;1;1
-41;8;17;0;1
-20;-17;21;0;1
-30;-43;35;0;1
-35;-2;43;1;1
-36;29;46;0;1
-36;-25;43;1;1
-37;-22;21;1;1
-17;14;41;0;1
-36;38;43;1;1
-22;17;10;1;1
-30;33;41;0;1
-60;8;30;0;1
-18;-19;8;1;1
-13;12;23;0;1
-19;-27;49;0;1
-38;1;56;0;1
-24;-28;22;0;1
-40;-42;21;1;1
-44;-34;29;0;1
-25;14;23;1;1
-53;7;15;0;1
-57;-4;18;0;1
-13;20;58;0;1
-39;-34;36;1;1
-30;10;51;1;1
-35;-11;14;0;1
-50;1;41;0;1
-34;29;21;1;1
-59;-9;31;1;1
-21;32;58;0;1
-56;13;40;1;1
-43;2;17;0;1
-29;25;39;0;1
-10;-5;22;0;1
-35;-47;38;0;1
-37;-28;25;0;1
-41;-1;56;0;1
-50;11;14;1;1
-21;36;39;0;1
-32;-42;19;0;1
-35;-14;21;0;1
-49;-12;28;0;1
-32;-7;15;1;1
-35;-2;18;1;1
-24;13;32;0;1
-43;-12;32;0;1
-34;-30;44;0;1
-51;24;31;0;1
-23;15;13;1;1
-14;-1;23;1;1
-23;-14;34;0;1
-42;47;21;0;1
-19;18;61;1;1
-13;21;45;0;1
-27;-11;63;0;1
-43;-1;38;0;1
-19;-15;22;1;1
-44;7;26;0;1
-20;-28;12;0;1
-12;20;48;1;1
-42;21;18;0;1
-18;2;30;1;1
-18;-28;37;0;1
-30;-27;37;0;1
-24;-1;38;1;1
-39;-17;48;1;1
-37;-18;33;0;1
-18;8;33;1;1
-32;-1;15;0;1
-34;16;38;0;1
-54;-41;21;1;1
-29;-8;44;1;1
-35;37;26;1;1
-26;-5;38;0;1
-41;-37;31;0;1
-15;-21;12;1;1
-33;14;50;0;1
-32;-32;35;0;1
-31;23;38;0;1
-39;-29;18;0;1
-13;21;29;0;1
-63;14;18;0;1
-27;41;43;0;1
-55;-7;43;1;1
-55;-5;37;0;1
-24;11;14;0;1
-38;-17;48;0;1
-28;4;15;1;1
-40;-34;19;0;1
-47;-1;35;1;1
-33;10;28;0;1
-55;-25;34;1;1
-42;-3;14;0;1
-20;12;63;0;1
-44;-2;44;0;1
-32;22;30;0;1
-43;-47;27;0;1
-15;-14;19;0;1
-27;25;10;1;1
-36;-7;47;0;1
-20;-8;42;0;1
-31;0;19;0;1
-30;-23;29;0;1
-41;30;17;0;1
-19;23;17;0;1
-48;7;36;1;1
-22;36;16;0;1
-47;10;18;0;1
-27;14;45;0;1
-25;-19;55;1;1
-25;28;60;0;1
-39;14;45;0;1
-27;-37;21;1;1
-33;15;38;1;1
-63;-17;20;0;1
-42;-17;31;0;1
-45;-28;35;0;1
-21;-32;18;1;1
-33;37;40;1;1
-9;-8;22;0;1
-13;11;42;1;1
-25;15;9;1;1
-30;-14;53;1;1
-39;17;34;0;1
-13;-4;35;1;1
-63;7;24;1;1
-39;-36;32;0;1
-30;6;45;1;1
-34;-39;38;0;1
-24;-41;23;1;1
-26;-30;50;0;1
-31;-4;39;1;1
-21;-9;42;0;1
-49;6;50;0;1
-34;1;49;0;1
-36;-47;21;0;1
-36;-4;14;0;1
-38;26;40;1;1
-47;-33;27;0;1
-18;-15;28;0;1
-16;9;33;1;1
-47;18;22;1;1
-14;20;46;1;1
-30;-19;37;1;1
-36;32;50;0;1
-48;-32;33;0;1
-37;-16;45;0;1
-24;8;62;1;1
-20;-14;60;1;1
-14;-13;28;1;1
-40;19;40;0;1
-36;-23;21;0;1
-36;14;55;1;1
-27;40;18;0;1
-35;-14;26;1;1
-51;14;16;0;1
-13;12;20;0;1
-44;-29;37;0;1
-40;45;17;0;1
-19;-10;21;0;1
-22;26;47;0;1
-44;-24;25;0;1
-26;20;54;0;1
-16;-16;27;0;1
-59;6;32;0;1
-47;5;30;0;1
-33;25;46;0;1
-33;37;36;1;1
-59;13;29;1;1
-30;1;32;1;1
-21;34;19;0;1
-21;-34;57;0;1
-28;14;13;1;1
-29;-11;9;1;1
-56;0;30;0;1
-23;-2;44;0;1
-24;28;36;1;1
-66;6;21;0;1
-17;-11;23;1;1
-22;1;30;0;1
-29;-24;59;0;1
-31;27;17;1;1
-25;0;55;1;1
-33;-3;12;1;1
-36;-22;35;0;1
-42;-4;15;0;1
-50;8;24;1;1
-49;-6;15;0;1
-26;-20;49;0;1
-39;41;16;0;1
-36;46;36;0;1
-46;-28;16;0;1
-57;-13;26;0;1
-41;-46;23;0;1
-54;-17;37;0;1
-26;-3;60;1;1
-34;-31;53;0;1
-59;22;23;1;1
-31;-28;17;0;1
-43;-25;19;1;1
-28;-30;30;1;1
-19;-28;38;1;1
-25;-5;32;0;1
-43;25;27;0;1
-51;-38;22;1;1
-33;-20;51;0;1
-24;-4;44;1;1
-22;-14;43;0;1
-29;45;21;1;1
-28;19;37;1;1
-39;-12;52;1;1
-13;-3;26;1;1
-41;33;16;1;1
-33;44;36;1;1
-43;33;30;1;1
-43;-27;34;1;1
-33;-41;40;0;1
-46;43;18;0;1
-33;24;52;0;1
-24;-34;47;1;1
-57;13;33;0;1
-38;-15;46;0;1
-22;5;13;0;1
-27;-22;36;0;1
-48;-37;18;0;1
-28;22;42;1;1
-23;-15;21;0;1
-38;-39;39;1;1
-32;23;50;0;1
-39;-1;14;0;1
-40;-23;26;0;1
-25;10;45;1;1
-35;-21;57;0;1
-27;-38;14;1;1
-47;-26;33;1;1
-25;7;22;0;1
-21;-6;38;0;1
-34;-29;27;1;1
-37;-10;37;0;1
-17;-19;57;1;1
-33;30;20;1;1
-40;-14;49;1;1
-33;6;48;0;1
-57;-26;19;1;1
-62;9;21;0;1
-35;42;24;0;1
-19;-12;43;0;1
-32;-39;37;0;1
-60;7;25;1;1
-22;19;30;0;1
-45;-31;24;0;1
-43;11;22;0;1
-33;34;22;1;1
-22;-38;19;1;1
-46;14;29;0;1
-42;-37;27;0;1
-56;10;39;1;1
-55;-28;18;0;1
-52;36;24;0;1
-35;-4;50;1;1
-26;25;13;0;1
-37;-4;24;0;1
-43;36;40;0;1
-42;23;13;1;1
-39;-47;24;1;1
-30;43;15;0;1
-32;-26;42;0;1
-28;-21;18;0;1
-39;-17;50;1;1
-32;-24;55;0;1
-36;-50;17;1;1
-60;9;25;1;1
-22;-13;42;0;1
-30;13;41;0;1
-44;-12;36;0;1
-25;-25;24;0;1
-20;-12;28;0;1
-24;32;28;1;1
-28;20;40;0;1
-27;40;45;0;1
-23;-39;40;0;1
-43;5;31;1;1
-39;-42;40;0;1
-26;39;53;0;1
-50;32;22;0;1
-56;7;19;1;1
-45;13;30;0;1
-28;-26;11;1;1
-35;44;34;1;1
-18;-1;37;0;1
-27;2;51;0;1
-24;40;43;0;1
-39;50;30;0;1
-15;-24;20;0;1
-46;4;53;0;1
-51;8;18;0;1
-56;-14;36;1;1
-45;19;21;1;1
-26;-9;22;0;1
-37;27;40;1;1
-16;-10;27;0;1
-44;-3;34;0;1
-47;-7;40;1;1
-33;-39;30;0;1
-37;37;46;0;1
-47;20;24;1;1
-35;-7;30;1;1
-17;-11;40;0;1
-31;11;19;1;1
-34;-11;12;1;1
-37;45;31;0;1
-42;11;34;0;1
-37;14;37;0;1
-36;-30;30;1;1
-27;-17;11;0;1
-35;12;39;0;1
-56;16;38;0;1
-32;36;47;0;1
-49;5;14;1;1
-42;1;39;1;1
-38;38;16;0;1
-19;4;53;0;1
-47;-7;51;1;1
-35;-40;43;0;1
-21;22;50;0;1
-29;45;45;0;1
-28;38;49;0;1
-20;11;17;0;1
-37;-8;50;0;1
-51;-2;25;0;1
-27;-19;20;1;1
-29;49;28;0;1
-55;18;27;0;1
-43;-34;41;0;1
-24;-20;46;0;1
-32;12;25;0;1
-54;15;43;0;1
-21;8;30;0;1
-41;30;15;0;1
-15;3;29;0;1
-30;48;34;1;1
-41;-3;38;1;1
-54;-23;36;0;1
-11;-1;26;1;1
-34;49;20;1;1
-37;-9;47;1;1
-38;-4;11;0;1
-16;27;20;1;1
-42;-35;40;0;1
-25;24;44;1;1
-56;20;17;0;1
-33;-2;28;1;1
-54;-17;31;0;1
-36;-5;20;0;1
-60;-7;32;0;1
-57;22;26;0;1
-56;8;21;1;1
-25;7;15;0;1
-28;-9;51;0;1
-24;30;13;1;1
-32;-49;20;0;1
-30;-30;23;0;1
-32;-50;29;0;1
-35;-1;30;1;1
-23;38;13;0;1
-24;32;40;1;1
-45;-20;32;1;1
-49;27;36;1;1
-28;27;21;1;1
-50;9;26;1;1
-38;3;47;1;1
-45;-10;51;0;1
-44;-8;51;1;1
-46;-13;48;0;1
-27;-18;34;0;1
-54;27;29;0;1
-22;-13;18;0;1
-46;-36;17;0;1
-15;-16;34;0;1
-35;-4;42;0;1
-43;15;31;1;1
-26;32;21;0;1
-30;2;44;0;1
-28;4;9;0;1
-56;3;28;0;1
-48;9;15;0;1
-31;-9;49;1;1
-28;-15;46;0;1
-45;42;24;0;1
-26;-5;29;1;1
-34;8;18;1;1
-39;-27;18;0;1
-46;-20;33;0;1
-32;2;46;0;1
-36;12;53;1;1
-60;-2;27;1;1
-23;-31;34;1;1
-29;-1;16;0;1
-47;16;27;1;1
-26;29;51;0;1
-47;8;38;0;1
-45;5;17;0;1
-42;15;46;0;1
-50;32;30;0;1
-38;-17;51;0;1
-21;10;12;0;1
-42;-40;25;1;1
-19;-20;17;0;1
-24;-40;32;0;1
-16;14;44;1;1
-44;2;39;1;1
-20;11;22;0;1
-23;-1;45;1;1
-46;-10;39;0;1
-33;10;10;1;1
-22;-37;53;0;1
-11;12;37;1;1
-20;21;25;0;1
-37;-15;25;1;1
-28;-48;36;0;1
-45;-23;24;0;1
-31;8;44;1;1
-17;16;10;0;1
-15;14;18;1;1
-28;0;58;1;1
-59;19;20;1;1
-60;-21;25;0;1
-26;-25;43;1;1
-24;9;55;1;1
-28;-4;13;0;1
-41;0;47;1;1
-47;40;23;0;1
-64;8;22;1;1
-44;-32;26;0;1
-43;35;41;0;1
-57;-26;23;0;1
-36;29;16;1;1
-35;13;22;1;1
-42;10;35;1;1
-45;-20;17;1;1
-18;-30;38;1;1
-27;11;18;0;1
-18;-28;10;0;1
-42;25;21;1;1
-34;-44;25;0;1
-29;-19;15;1;1
-31;-43;18;0;1
-8;-12;29;0;1
-60;16;28;0;1
-29;8;50;1;1
-59;31;24;0;1
-18;20;22;0;1
-45;37;28;0;1
-32;41;45;1;1
-33;-8;29;1;1
-29;-20;58;1;1
-41;-33;31;0;1
-40;16;45;1;1
-34;22;50;0;1
-40;39;40;1;1
-22;17;15;1;1
-31;21;20;0;1
-51;-28;27;0;1
-52;-10;17;0;1
-28;-45;42;0;1
-57;13;38;1;1
-20;-12;42;1;1
-31;-16;55;0;1
-17;27;46;1;1
-34;-42;26;1;1
-38;-14;22;1;1
-32;-9;25;0;1
-30;-21;54;0;1
-47;1;18;0;1
-25;16;29;0;1
-32;-21;55;1;1
-27;-23;59;1;1
-28;-41;46;1;1
-34;22;54;0;1
-58;-19;20;0;1
-34;4;62;0;1
-60;0;18;0;1
-27;-18;36;0;1
-49;-27;42;1;1
-29;-21;49;0;1
-37;-21;35;1;1
-14;-9;29;0;1
-35;18;55;0;1
-25;-30;29;1;1
-28;1;53;0;1
-25;39;29;0;1
-52;3;24;0;1
-13;-22;9;0;1
-15;-20;37;0;1
-37;-28;15;1;1
-40;-8;51;1;1
-31;23;19;1;1
-23;13;16;1;1
-28;-5;23;1;1
-36;-24;27;0;1
-24;-22;56;0;1
-10;-10;23;1;1
-55;7;18;0;1
-31;-20;25;1;1
-43;-13;21;0;1
-33;-21;46;0;1
-40;-10;17;1;1
-57;-10;40;0;1
-22;-29;44;0;1
-13;12;26;1;1
-16;24;44;0;1
-28;13;10;1;1
-21;11;18;1;1
-35;-4;48;0;1
-20;-27;45;1;1
-23;22;18;0;1
-18;-21;28;0;1
-13;-22;15;0;1
-34;17;31;1;1
-44;24;15;0;1
-53;-17;43;1;1
-37;8;20;0;1
-21;-20;21;1;1
-42;-10;25;0;1
-26;32;51;0;1
-43;30;31;0;1
-31;-4;56;0;1
-28;-36;28;0;1
-23;-1;40;0;1
-36;-24;31;1;1
-15;23;47;0;1
-19;-25;54;0;1
-11;10;25;0;1
-55;9;42;0;1
-42;-3;27;0;1
-34;30;38;0;1
-15;19;50;1;1
-51;-8;38;0;1
-19;8;23;0;1
-51;-12;43;1;1
-55;22;28;1;1
-17;-19;19;0;1
-28;1;46;0;1
-25;43;14;0;1
-26;-1;59;1;1
-53;18;30;1;1
-43;2;30;0;1
-33;36;19;0;1
-53;12;28;1;1
-30;-1;13;0;1
-36;0;29;0;1
-30;27;21;1;1
-41;25;32;0;1
-37;18;50;0;1
-40;20;40;0;1
-39;14;21;0;1
-48;-25;39;0;1
-23;-1;43;0;1
-21;-5;50;0;1
-11;6;25;1;1
-16;-1;21;0;1
-27;10;37;1;1
-43;-13;17;1;1
-37;-45;32;0;1
-61;2;30;1;1
-55;1;35;0;1
-27;-42;31;1;1
-24;35;17;0;1
-48;36;22;1;1
-38;-29;23;0;1
-21;6;29;0;1
-23;-21;43;0;1
-54;35;21;0;1
-38;-12;46;0;1
-47;-35;18;1;1
-48;24;31;1;1
-24;-41;42;0;1
-53;-34;30;1;1
-31;16;42;0;1
-29;9;11;0;1
-63;-22;19;1;1
-57;-12;19;0;1
-32;38;30;1;1
-46;-11;34;0;1
-10;-6;28;0;1
-39;17;55;0;1
-31;7;44;0;1
-30;-30;38;0;1
-25;2;23;0;1
-17;16;48;1;1
-40;16;22;0;1
-48;7;48;0;1
-42;-18;48;0;1
-18;-22;17;0;1
-47;-19;34;0;1
-37;-49;17;0;1
-28;32;52;1;1
-43;18;18;0;1
-25;-12;25;0;1
-28;-32;26;1;1
-36;4;23;0;1
-34;14;17;0;1
-39;-9;30;0;1
-25;-28;12;0;1
-24;-38;24;0;1
-28;-26;53;0;1
-33;39;26;1;1
-16;7;36;0;1
-44;-28;34;0;1
-48;-7;26;0;1
-30;30;54;0;1
-54;-21;33;1;1
-45;5;54;0;1
-45;-19;47;0;1
-12;-7;30;0;1
-19;26;32;1;1
-50;18;36;0;1
-56;12;28;0;1
-37;-14;18;0;1
-28;38;50;0;1
-33;-25;32;0;1
-54;29;31;1;1
-58;1;23;0;1
-44;30;22;0;1
-58;-19;31;0;1
-27;-8;17;0;1
-33;-2;39;0;1
-47;17;40;0;1
-46;-23;36;0;1
-23;-11;40;0;1
-33;0;17;1;1
-34;22;32;0;1
-39;9;56;1;1
-17;27;17;1;1
-46;-3;28;0;1
-32;-47;30;0;1
-26;-29;36;1;1
-22;15;32;1;1
-35;-20;17;0;1
-39;2;13;1;1
-21;-16;55;0;1
-29;17;31;1;1
-39;9;42;0;1
-31;31;48;0;1
-40;-12;15;0;1
-43;-10;48;0;1
-15;-24;40;0;1
-55;-30;22;0;1
-17;-22;45;0;1
-42;14;20;1;1
-43;-29;41;0;1
-30;30;29;1;1
-20;17;12;0;1
-55;8;25;0;1
-49;-31;17;1;1
-39;-20;23;1;1
-35;-22;54;1;1
-52;-6;28;0;1
-27;33;23;1;1
-54;-20;21;0;1
-50;17;34;0;1
-40;28;30;0;1
-25;25;34;0;1
-35;-24;54;0;1
-28;9;58;1;1
-51;0;36;1;1
-26;44;16;0;1
-42;43;33;0;1
-62;23;19;0;1
-35;20;52;0;1
-46;-20;16;1;1
-40;-52;19;1;1
-29;-31;50;1;1
-57;-12;28;1;1
-22;34;56;0;1
-20;26;14;1;1
-25;-16;41;1;1
-35;43;23;1;1
-17;6;34;0;1
-23;-31;14;0;1
-25;-14;38;1;1
-35;-23;38;0;1
-43;49;24;1;1
-18;20;60;0;1
-32;-4;31;0;1
-18;1;27;0;1
-29;-13;54;1;1
-42;14;38;1;1
-23;-5;14;1;1
-20;-27;34;0;1
-54;-2;17;0;1
-30;8;33;1;1
-50;-3;16;0;1
-38;-9;53;1;1
-45;-15;24;1;1
-33;-18;49;1;1
-19;-5;20;0;1
-18;14;24;1;1
-17;-10;23;1;1
-46;23;47;0;1
-32;-5;46;0;1
-28;11;13;1;1
-57;-1;20;0;1
-35;17;46;0;1
-53;-1;26;0;1
-16;-3;29;0;1
-11;19;18;1;1
-22;21;13;0;1
-44;8;45;0;1
-43;48;26;1;1
-29;-27;56;0;1
-12;-6;28;1;1
-47;-12;13;0;1
-18;24;30;0;1
-39;-23;52;0;1
-27;32;36;0;1
-55;-14;37;0;1
-21;-17;24;0;1
-18;22;9;1;1
-24;-40;14;0;1
-33;-29;48;0;1
-36;44;33;1;1
-33;-17;17;0;1
-48;-16;41;0;1
-38;24;18;0;1
-30;13;36;0;1
-47;8;23;1;1
-44;10;14;0;1
-21;-31;11;0;1
-40;0;18;0;1
-11;0;22;0;1
-22;19;29;1;1
-32;25;27;1;1
-26;29;52;0;1
-44;26;41;0;1
-54;-10;23;0;1
-37;-4;46;0;1
-22;-13;31;0;1
-22;12;18;0;1
-30;11;34;0;1
-18;31;33;0;1
-23;12;35;1;1
-57;-20;18;0;1
-33;39;38;1;1
-44;11;26;1;1
-53;36;22;0;1
-36;-24;28;0;1
-45;5;39;1;1
-59;-17;21;1;1
-32;-39;26;0;1
-36;46;32;0;1
-57;7;36;0;1
-9;15;29;1;1
-48;25;33;1;1
-26;-4;31;1;1
-52;-31;37;0;1
-49;26;15;0;1
-19;8;52;0;1
-54;-7;22;0;1
-34;42;39;1;1
-24;-27;20;0;1
-24;-41;15;1;1
-10;0;24;1;1
-17;-26;21;0;1
-42;2;23;0;1
-23;1;54;0;1
-36;46;24;0;1
-35;26;52;1;1
-27;-44;43;0;1
-43;34;28;0;1
-41;-47;19;0;1
-43;-24;37;1;1
-62;19;27;1;1
-41;40;20;0;1
-21;-12;36;1;1
-26;-11;48;0;1
-37;-21;53;1;1
-12;8;26;1;1
-17;-13;15;1;1
-42;18;48;0;1
-47;-6;47;0;1
-14;-4;30;1;1
-45;-25;25;1;1
-41;11;33;1;1
-19;13;55;1;1
-16;12;45;0;1
-22;27;41;0;1
-38;0;36;1;1
-62;-16;29;0;1
-49;1;31;1;1
-17;5;29;1;1
-33;12;56;1;1
-25;-2;17;0;1
-40;10;17;1;1
-21;10;14;0;1
-48;-3;34;0;1
-23;33;26;1;1
-50;-11;32;0;1
-44;0;48;0;1
-35;-7;58;0;1
-28;20;35;0;1
-15;25;33;1;1
-31;-36;40;1;1
-24;-7;23;0;1
-44;-23;47;1;1
-47;15;35;0;1
-59;19;27;0;1
-27;14;31;0;1
-40;24;40;0;1
-65;-13;19;1;1
-26;-12;50;0;1
-48;28;15;0;1
-14;19;14;1;1
-23;2;14;0;1
-41;33;47;1;1
-23;0;63;1;1
-32;5;24;1;1
-27;21;53;1;1
-60;21;28;1;1
-39;-33;46;0;1
-14;10;40;0;1
-55;-20;28;1;1
-35;-11;55;0;1
-33;36;46;0;1
-39;-19;56;0;1
-23;-30;55;0;1
-33;31;43;0;1
-27;19;18;0;1
-34;-35;19;1;1
-27;-17;27;0;1
-18;-8;28;1;1
-43;20;14;1;1
-25;23;62;0;1
-34;-37;43;0;1
-29;14;40;1;1
-45;14;15;1;1
-37;36;43;0;1
-35;-3;56;0;1
-54;-27;33;1;1
-26;-14;52;0;1
-18;12;20;1;1
-49;-30;27;0;1
-58;24;24;0;1
-63;1;29;0;1
-35;-28;45;0;1
-24;-31;37;0;1
-32;26;49;0;1
-16;25;35;0;1
-61;-7;30;1;1
-56;-22;26;0;1
-29;9;22;1;1
-51;-10;35;0;1
-52;0;40;0;1
-18;-23;20;1;1
-34;16;52;0;1
-30;3;58;0;1
-33;4;25;0;1
-58;-23;17;1;1
-36;-30;16;1;1
-35;1;34;1;1
-27;-37;29;0;1
-39;-9;48;1;1
-45;-13;39;1;1
-28;23;14;0;1
-52;-14;39;1;1
-35;-48;35;0;1
-36;0;44;0;1
-33;-30;43;0;1
-48;-1;28;1;1
-53;-2;44;0;1
-38;23;20;0;1
-53;-18;38;1;1
-29;-26;15;0;1
-40;-8;20;1;1
-36;29;25;0;1
-22;23;28;1;1
-60;-20;30;0;1
-35;-46;32;1;1
-54;-17;24;1;1
-30;-7;62;1;1
-44;-10;44;0;1
-31;26;40;0;1
-27;-32;26;0;1
-36;-32;47;1;1
-57;7;39;0;1
-23;-8;56;0;1
-48;-11;48;0;1
-21;20;17;0;1
-12;15;24;0;1
-59;12;35;0;1
-26;14;47;0;1
-38;1;19;1;1
-58;-27;23;1;1
-29;-5;54;0;1
-58;-21;32;0;1
-31;-15;32;1;1
-17;16;51;0;1
-38;30;32;0;1
-18;18;50;1;1
-64;-22;21;0;1
-40;5;40;1;1
-57;-7;40;0;1
-23;-28;49;1;1
-17;21;65;0;1
-27;-22;19;1;1
-32;10;22;0;1
-33;-21;30;0;1
-23;-32;59;0;1
-35;40;31;0;1
-28;29;22;0;1
-31;27;37;0;1
-55;14;24;0;1
-14;-18;25;0;1
-22;26;38;0;1
-45;-6;16;0;1
-53;27;21;0;1
-27;-4;39;0;1
-23;24;37;1;1
-29;-37;42;0;1
-41;37;36;0;1
-42;-8;20;0;1
-31;49;26;0;1
-33;21;51;1;1
-50;-2;38;0;1
-38;7;35;0;1
-64;10;21;1;1
-56;-38;19;0;1
-10;-2;23;0;1
-42;29;28;1;1
-20;34;36;1;1
-18;-21;65;0;1
-28;-40;46;1;1
-32;-16;23;1;1
-55;22;36;0;1
-43;19;38;0;1
-47;42;20;0;1
-23;6;32;1;1
-25;14;42;0;1
-25;23;41;1;1
-33;4;16;0;1
-42;24;21;1;1
-38;27;24;0;1
-38;34;27;1;1
-40;-9;34;0;1
-35;22;49;0;1
-28;-21;12;1;1
-36;-42;44;0;1
-45;-42;33;0;1
-37;14;43;1;1
-16;15;28;1;1
-19;-11;14;0;1
-50;-22;31;0;1
-24;24;29;0;1
-30;9;35;1;1
-25;-28;14;1;1
-25;39;19;1;1
-32;-14;19;0;1
-28;-6;63;0;1
-31;-47;23;0;1
-27;-46;16;0;1
-34;26;50;1;1
-33;1;28;0;1
-34;42;31;0;1
-30;-13;15;0;1
-24;-3;26;1;1
-16;-15;16;0;1
-32;7;37;1;1
-19;18;41;0;1
-31;-11;62;1;1
-59;-30;21;0;1
-41;-2;23;0;1
-16;-6;43;1;1
-56;-11;32;1;1
-52;-4;25;1;1
-60;12;34;0;1
-18;-27;48;0;1
-46;-19;14;0;1
-46;-37;25;0;1
-27;-22;61;0;1
-25;-9;14;0;1
-30;-4;15;0;1
-21;5;17;0;1
-30;-14;59;0;1
-39;-8;16;0;1
-10;-6;23;1;1
-24;22;46;0;1
-20;12;37;0;1
-16;-17;27;1;1
-39;-18;17;0;1
-33;23;42;1;1
-28;21;18;0;1
-49;-19;46;1;1
-47;45;19;1;1
-54;5;41;0;1
-60;-24;25;1;1
-23;-34;53;0;1
-19;20;41;0;1
-23;12;12;0;1
-31;-12;38;0;1
-32;-39;34;0;1
-52;13;45;1;1
-32;-40;43;1;1
-28;-8;28;0;1
-38;8;12;1;1
-28;-40;21;0;1
-16;26;46;1;1
-54;-35;22;1;1
-27;-28;35;1;1
-31;20;20;1;1
-21;-33;23;1;1
-31;-34;29;1;1
-39;-37;40;0;1
-13;18;43;1;1
-22;7;62;0;1
-54;-26;37;0;1
-28;-16;61;1;1
-17;-14;27;1;1
-49;-14;37;0;1
-30;8;21;0;1
-11;19;34;0;1
-55;6;32;1;1
-30;34;15;0;1
-32;30;37;1;1
-57;-6;38;0;1
-38;-19;49;0;1
-48;-21;26;0;1
-25;31;49;0;1
-13;13;19;0;1
-54;16;23;0;1
-44;37;33;0;1
-64;0;25;1;1
-37;2;30;0;1
-29;24;58;1;1
-49;2;18;0;1
-29;13;63;0;1
-55;6;28;0;1
-46;-25;36;0;1
-45;-25;35;0;1
-26;2;34;1;1
-57;7;25;0;1
-26;-25;18;0;1
-46;-12;38;0;1
-38;-45;19;0;1
-33;21;53;0;1
-14;-16;23;0;1
-40;-28;43;0;1
-48;9;33;1;1
-38;-10;43;0;1
-64;-4;26;0;1
-38;3;55;0;1
-20;-13;47;1;1
-25;30;25;1;1
-46;-5;20;0;1
-31;15;49;0;1
-35;14;29;1;1
-33;-21;50;0;1
-12;-20;56;1;1
-30;27;11;0;1
-63;-12;30;1;1
-34;-1;58;0;1
-46;-7;35;1;1
-52;-35;20;0;1
-30;-12;31;0;1
-40;-5;36;0;1
-22;23;37;0;1
-49;32;19;0;1
-26;4;59;1;1
-21;-35;57;0;1
-46;-35;21;1;1
-64;0;26;0;1
-35;0;45;0;1
-26;-4;50;1;1
-36;35;38;1;1
-32;42;31;0;1
-41;-47;29;0;1
-20;25;12;1;1
-44;13;16;0;1
-59;1;39;0;1
-53;-25;26;1;1
-57;25;17;1;1
-10;1;25;1;1
-38;4;37;0;1
-13;-20;31;1;1
-26;-7;23;0;1
-37;-51;18;0;1
-43;1;40;0;1
-46;10;17;1;1
-56;31;24;0;1
-27;35;48;0;1
-50;-27;27;0;1
-53;-4;35;1;1
-30;-7;24;0;1
-46;21;16;1;1
-44;-41;28;0;1
-21;29;48;1;1
-30;27;48;0;1
-30;46;41;0;1
-58;0;41;0;1
-27;33;21;0;1
-22;-26;23;0;1
-29;-45;24;0;1
-40;42;31;0;1
-47;-6;36;0;1
-6;-9;23;0;1
-17;5;34;1;1
-49;28;19;1;1
-41;30;39;0;1
-28;-4;48;0;1
-42;-10;52;1;1
-30;-25;30;0;1
-43;3;24;0;1
-15;-17;17;1;1
-33;31;33;1;1
-15;23;28;1;1
-34;22;34;0;1
-22;17;51;1;1
-50;-26;26;1;1
-19;-1;18;0;1
-16;-3;27;1;1
-31;1;26;0;1
-15;2;22;1;1
-28;-7;24;0;1
-50;34;34;0;1
-55;-6;35;1;1
-17;-21;59;0;1
-20;-9;54;1;1
-33;-18;45;0;1
-46;30;30;1;1
-26;-29;44;0;1
-27;29;30;0;1
-43;20;42;0;1
-46;14;31;1;1
-39;-34;21;1;1
-42;-9;25;0;1
-35;-36;35;0;1
-28;15;46;0;1
-46;-15;34;1;1
-13;-19;18;1;1
-23;-23;57;0;1
-44;-17;38;0;1
-15;-16;17;0;1
-31;-42;20;0;1
-23;-21;49;1;1
-52;15;28;0;1
-20;11;18;1;1
-49;-31;36;1;1
-54;-22;25;0;1
-44;41;29;1;1
-25;17;61;1;1
-59;-20;34;0;1
-34;-10;27;0;1
-25;-40;28;1;1
-52;-7;25;0;1
-50;-31;34;1;1
-20;-26;49;1;1
-14;-19;32;0;1
-46;-5;30;1;1
-51;-12;27;0;1
-54;34;20;0;1
-55;-29;17;1;1
-28;0;24;0;1
-52;8;34;0;1
-15;2;34;1;1
-30;-15;20;0;1
-40;-17;55;0;1
-56;1;40;0;1
-30;49;33;0;1
-44;5;18;1;1
-33;24;48;1;1
-21;-32;19;0;1
-29;12;27;0;1
-48;-47;23;1;1
-52;-3;20;0;1
-26;-12;21;1;1
-29;-17;40;0;1
-37;0;52;0;1
-20;9;37;0;1
-59;14;22;0;1
-46;-1;54;0;1
-24;36;44;1;1
-23;-9;51;0;1
-43;-15;18;1;1
-35;43;43;0;1
-27;-29;49;0;1
-45;-22;33;0;1
-32;16;60;0;1
-52;-3;14;0;1
-45;-13;41;1;1
-36;-9;50;0;1
-34;6;46;0;1
-35;20;14;1;1
-54;22;30;0;1
-19;12;36;0;1
-26;38;47;0;1
-30;-35;49;0;1
-21;11;50;0;1
-30;20;22;0;1
-46;-21;38;0;1
-23;-16;54;1;1
-22;-18;17;1;1
-32;-8;16;0;1
-21;-19;65;1;1
-25;-11;26;0;1
-18;28;28;0;1
-37;6;56;1;1
-40;-17;47;0;1
-29;-4;14;1;1
-37;-6;16;0;1
-33;3;28;0;1
-35;11;13;0;1
-53;24;38;1;1
-48;7;49;0;1
-17;-26;47;0;1
-41;16;38;1;1
-42;-22;46;0;1
-37;-10;48;0;1
-28;-34;55;0;1
-42;6;22;0;1
-38;4;45;0;1
-23;-31;52;0;1
-15;16;20;0;1
-37;-24;20;0;1
-22;1;38;1;1
-59;23;25;0;1
-38;-8;30;0;1
-32;28;32;1;1
-43;37;20;1;1
-38;25;53;0;1
-51;20;19;0;1
-24;26;23;0;1
-23;25;57;0;1
-27;-24;42;0;1
-44;46;26;0;1
-37;-36;43;0;1
-44;16;46;0;1
-15;7;27;0;1
-32;-49;40;0;1
-31;-45;41;0;1
-43;41;30;0;1
-19;24;36;0;1
-17;-8;41;1;1
-26;-10;31;0;1
-26;-4;34;1;1
-14;18;15;1;1
-37;-48;37;1;1
-41;-40;22;1;1
-48;13;21;0;1
-30;-44;32;0;1
-35;-21;25;0;1
-47;19;47;1;1
-46;17;24;1;1
-40;-27;20;1;1
-22;8;41;0;1
-64;-7;21;0;1
-20;-26;21;0;1
-49;-30;26;1;1
-61;0;23;1;1
-26;-28;36;0;1
-32;14;20;0;1
-20;-21;24;1;1
-56;-19;32;0;1
-44;4;55;0;1
-42;-14;50;1;1
-25;0;37;1;1
-28;15;13;1;1
-36;-8;25;0;1
-17;-18;53;0;1
-32;-36;39;1;1
-55;-10;31;0;1
-40;-13;38;0;1
-20;33;34;0;1
-53;-6;37;0;1
-62;5;34;1;1
-34;12;38;1;1
-20;-15;51;1;1
-43;-34;20;1;1
-27;18;58;0;1
-21;27;20;1;1
-28;-14;25;0;1
-54;7;33;1;1
-38;12;47;0;1
-27;22;50;1;1
-16;-10;26;1;1
-16;-14;29;0;1
-31;13;13;0;1
-34;4;34;0;1
-20;-34;21;1;1
-44;18;41;0;1
-32;-5;43;1;1
-52;-6;31;1;1
-16;-15;18;0;1
-22;24;12;0;1
-62;-19;27;0;1
-37;48;24;0;1
-21;-7;29;0;1
-27;5;27;0;1
-36;7;16;1;1
-13;-20;21;1;1
-41;30;33;0;1
-14;6;27;1;1
-38;2;50;0;1
-28;-29;49;1;1
-33;25;17;0;1
-51;39;25;1;1
-41;36;25;1;1
-51;-7;27;0;1
-41;7;32;0;1
-40;36;15;1;1
-49;-5;22;0;1
-30;35;50;0;1
-35;9;24;0;1
-48;20;34;0;1
-56;-30;29;1;1
-35;31;39;0;1
-34;-3;31;1;1
-38;-29;32;0;1
-41;2;30;0;1
-39;-28;16;0;1
-48;14;30;0;1
-47;-26;34;0;1
-31;17;38;0;1
-27;-13;15;1;1
-11;18;34;1;1
-14;-3;29;0;1
-37;-48;32;0;1
-57;16;35;0;1
-54;-2;40;1;1
-30;25;59;0;1
-28;-18;40;1;1
-47;-14;31;0;1
-22;19;27;0;1
-26;22;45;0;1
-32;8;40;0;1
-27;6;26;0;1
-26;-11;62;0;1
-25;1;29;1;1
-48;40;17;0;1
-22;-11;18;0;1
-29;2;10;0;1
-35;5;24;0;1
-47;-20;16;0;1
-33;31;44;0;1
-52;-33;30;1;1
-17;28;22;0;1
-28;-14;54;1;1
-24;7;33;1;1
-24;25;37;0;1
-32;51;20;0;1
-16;-20;18;0;1
-34;-22;26;1;1
-38;12;40;0;1
-53;-20;22;1;1
-23;39;23;1;1
-50;18;37;0;1
-37;-17;19;0;1
-26;-22;35;1;1
-28;-1;44;1;1
-31;-43;36;0;1
-25;1;9;1;1
-43;13;47;1;1
-58;-4;29;0;1
-26;-14;11;1;1
-27;32;48;0;1
-14;21;27;1;1
-23;-23;13;0;1
-25;9;49;0;1
-29;22;36;0;1
-38;-13;41;1;1
-24;-17;29;1;1
-25;17;58;0;1
-46;-21;19;0;1
-34;40;32;0;1
-26;33;14;0;1
-26;15;61;0;1
-7;-12;38;0;1
-56;-21;29;1;1
-31;46;39;0;1
-56;33;20;0;1
-40;-32;24;0;1
-29;-3;18;0;1
-42;-12;21;0;1
-32;-27;55;0;1
-27;-32;51;1;1
-47;-47;25;0;1
-23;27;31;1;1
-25;2;63;0;1
-18;28;26;0;1
-37;12;29;1;1
-42;26;40;0;1
-65;11;25;0;1
-53;-23;25;0;1
-29;-8;46;0;1
-54;-9;37;0;1
-39;42;41;0;1
-36;-33;35;0;1
-34;-19;41;0;1
-22;32;46;1;1
-50;-13;16;0;1
-49;2;40;1;1
-18;12;36;0;1
-50;22;29;0;1
-37;8;35;0;1
-23;6;27;1;1
-46;-43;20;0;1
-42;-8;51;0;1
-19;10;27;0;1
-38;-25;27;1;1
-53;1;29;0;1
-50;24;28;1;1
-39;-31;50;1;1
-51;27;26;0;1
-30;-11;59;0;1
-44;-12;16;0;1
-51;-8;26;0;1
-12;20;18;1;1
-33;7;46;0;1
-59;22;26;1;1
-33;33;47;0;1
-48;20;23;1;1
-57;-13;39;0;1
-22;32;49;0;1
-45;36;27;0;1
-54;35;23;1;1
-24;-29;41;0;1
-28;17;25;0;1
-31;32;12;0;1
-36;-37;16;0;1
-39;31;25;1;1
-41;-19;40;0;1
-32;-36;52;1;1
-45;32;26;0;1
-35;-9;46;1;1
-18;30;48;0;1
-37;39;45;0;1
-34;16;58;1;1
-19;-30;27;0;1
-25;-2;36;0;1
-34;-3;10;0;1
-19;31;34;0;1
-18;29;54;1;1
-38;-15;51;1;1
-22;18;37;0;1
-43;30;18;1;1
-15;-23;46;0;1
-19;-11;53;1;1
-33;-43;32;1;1
-38;40;38;1;1
-14;-16;53;0;1
-38;3;46;0;1
-18;8;32;0;1
-35;-45;41;1;1
-41;23;47;1;1
-14;-19;52;0;1
-52;1;30;1;1
-54;11;32;0;1
-18;20;27;1;1
-40;-25;34;0;1
-58;4;17;0;1
-32;-8;43;0;1
-26;-12;60;0;1
-34;-24;35;0;1
-63;0;20;0;1
-23;6;41;1;1
-29;-34;33;0;1
-51;-6;20;0;1
-27;-20;44;0;1
-27;-7;18;0;1
-22;24;63;1;1
-29;23;22;0;1
-51;-35;21;1;1
-24;33;25;1;1
-31;-30;13;0;1
-29;3;64;1;1
-43;-12;42;1;1
-27;-13;55;0;1
-64;-15;25;0;1
-14;-19;64;0;1
-50;26;36;1;1
-20;26;18;0;1
-48;-9;36;1;1
-47;42;31;1;1
-35;5;26;0;1
-12;9;24;1;1
-37;-27;13;0;1
-53;-24;26;0;1
-17;-20;13;1;1
-34;32;47;0;1
-22;-17;48;0;1
-40;16;27;0;1
-31;34;42;0;1
-31;-26;41;0;1
-26;-34;14;0;1
-15;-25;9;0;1
-46;-44;27;1;1
-35;-41;42;0;1
-39;46;18;0;1
-59;-4;22;0;1
-28;11;12;1;1
-21;-30;32;1;1
-45;-45;28;0;1
-22;7;31;0;1
-31;-14;56;0;1
-40;19;20;1;1
-43;24;34;1;1
-50;-2;18;0;1
-19;2;39;0;1
-27;17;57;1;1
-26;-9;35;0;1
-36;7;39;0;1
-54;-14;38;0;1
-15;-12;24;1;1
-47;2;39;0;1
-48;15;26;0;1
-38;-8;38;0;1
-33;19;57;0;1
-61;2;33;0;1
-60;16;31;0;1
-37;5;16;0;1
-32;-32;49;1;1
-46;-3;23;0;1
-47;9;27;1;1
-20;12;16;0;1
-33;-49;35;1;1
-56;-10;36;0;1
-31;-35;26;0;1
-54;4;33;0;1
-29;-40;36;0;1
-36;26;27;0;1
-22;-5;59;0;1
-40;-54;19;0;1
-13;5;24;0;1
-41;9;36;0;1
-41;13;28;0;1
-28;35;49;0;1
-39;-23;47;1;1
-29;21;59;0;1
-51;30;37;0;1
-26;29;48;0;1
-43;6;32;1;1
-46;3;33;0;1
-44;-28;21;0;1
-23;-16;50;1;1
-38;30;17;0;1
-43;-14;52;0;1
-29;10;39;0;1
-38;1;28;0;1
-32;-22;55;0;1
-31;27;30;0;1
-27;-8;9;0;1
-36;-9;21;0;1
-40;34;44;0;1
-29;20;27;0;1
-50;-13;43;1;1
-29;30;38;0;1
-60;13;35;0;1
-15;2;37;1;1
-55;-5;38;0;1
-42;-15;49;0;1
-26;10;31;1;1
-56;-25;35;0;1
-42;-20;39;0;1
-43;-25;50;0;1
-19;18;40;1;1
-51;-14;16;1;1
-52;-9;21;0;1
-28;-20;15;0;1
-19;-30;59;0;1
-33;-9;54;0;1
-59;-14;20;0;1
-19;0;20;0;1
-18;-28;13;0;1
-41;20;20;0;1
-49;-33;33;0;1
-40;1;35;0;1
-14;19;25;0;1
-37;-2;28;0;1
-34;13;54;1;1
-44;4;54;1;1
-36;11;39;0;1
-47;-8;38;1;1
-32;49;37;0;1
-58;-11;31;0;1
-24;-19;59;1;1
-37;-24;14;1;1
-12;-19;37;0;1
-39;-14;48;0;1
-47;-19;20;1;1
-27;-15;23;1;1
-28;-48;21;1;1
-37;-28;23;1;1
-31;-3;57;0;1
-21;17;49;0;1
-64;10;26;0;1
-46;39;35;0;1
-17;14;40;0;1
-12;-20;49;1;1
-18;-31;28;0;1
-43;47;25;0;1
-49;36;19;0;1
-12;-5;34;0;1
-33;-27;31;0;1
-60;2;29;0;1
-32;27;46;1;1
-23;5;36;0;1
-32;-29;30;0;1
-60;26;19;1;1
-34;29;53;0;1
-23;37;30;1;1
-28;45;16;0;1
-29;13;48;0;1
-34;-41;32;0;1
-22;31;23;1;1
-21;21;43;0;1
-32;-12;51;1;1
-33;-14;37;1;1
-44;1;44;0;1
-33;-42;42;0;1
-33;-33;32;0;1
-50;13;38;0;1
-24;-23;17;0;1
-34;-43;37;1;1
-46;7;18;1;1
-20;15;51;0;1
-28;-45;18;1;1
-40;-18;41;0;1
-57;16;20;0;1
-41;-3;31;1;1
-16;-21;34;1;1
-37;4;50;0;1
-11;5;33;1;1
-33;-11;37;0;1
-45;-13;18;0;1
-53;-27;36;1;1
-35;-16;33;0;1
-27;2;12;1;1
-32;-35;25;0;1
-34;46;36;1;1
-14;6;38;0;1
-20;8;21;0;1
-15;5;25;1;1
-20;-21;64;1;1
-38;-2;54;0;1
-63;6;30;1;1
-63;11;28;0;1
-17;7;18;1;1
-25;3;33;1;1
-8;12;34;1;1
-34;-17;35;0;1
-26;-8;20;1;1
-27;21;35;0;1
-34;11;27;0;1
-37;-8;57;1;1
-50;13;35;0;1
-37;-1;43;1;1
-33;20;47;0;1
-41;-17;44;0;1
-48;-37;33;0;1
-18;13;23;0;1
-34;-26;20;0;1
-34;-7;37;1;1
-25;-32;49;1;1
-31;-27;30;1;1
-37;8;28;0;1
-27;-10;64;0;1
-51;33;17;0;1
-43;-22;35;0;1
-25;16;26;0;1
-37;3;36;0;1
-21;35;51;0;1
-13;20;40;1;1
-25;30;22;1;1
-32;-16;60;1;1
-29;30;46;0;1
-47;4;32;0;1
-18;-21;35;0;1
-53;22;20;0;1
-46;-34;27;0;1
-20;-18;53;0;1
-26;18;12;1;1
-30;-31;49;0;1
-57;27;23;0;1
-22;34;42;1;1
-45;45;24;0;1
-26;18;21;0;1
-33;-7;50;0;1
-52;20;36;0;1
-54;15;27;0;1
-27;18;20;0;1
-16;-20;31;1;1
-38;27;44;1;1
-38;-18;37;1;1
-30;-26;29;0;1
-34;56;23;0;1
-37;-44;30;0;1
-45;41;25;0;1
-41;-6;48;0;1
-13;-15;37;1;1
-40;27;40;0;1
-19;10;30;0;1
-27;-27;36;1;1
-9;-13;37;1;1
-30;13;55;0;1
-29;-1;34;0;1
-25;-25;43;0;1
-16;14;27;0;1
-15;5;21;0;1
-24;4;42;0;1
-15;4;41;0;1
-33;-21;43;0;1
-36;-16;22;0;1
-52;18;19;0;1
-41;-16;38;0;1
-46;-26;16;0;1
-19;12;59;1;1
-36;4;16;0;1
-18;-24;55;0;1
-40;8;24;1;1
-27;24;43;1;1
-48;32;28;1;1
-61;-16;22;1;1
-47;-46;25;0;1
-56;-1;21;0;1
-34;-43;19;1;1
-34;-31;13;1;1
-29;-45;26;0;1
-48;-10;20;1;1
-58;-5;37;0;1
-44;24;38;1;1
-15;16;55;0;1
-30;10;40;0;1
-51;25;31;0;1
-20;-17;51;0;1
-13;-18;19;0;1
-57;-22;20;1;1
-30;-16;40;0;1
-35;2;10;0;1
-46;26;17;0;1
-33;-22;33;0;1
-24;29;24;0;1
-31;-38;40;1;1
-39;-28;19;1;1
-50;-15;26;0;1
-47;14;20;0;1
-33;15;39;1;1
-42;-17;30;0;1
-55;25;17;1;1
-37;-26;17;0;1
-30;39;20;0;1
-14;-15;49;0;1
-40;15;24;1;1
-13;-10;34;0;1
-42;14;31;0;1
-48;-5;43;0;1
-20;23;50;0;1
-33;-32;50;0;1
-16;8;42;0;1
-50;-4;21;0;1
-49;21;39;1;1
-51;7;21;1;1
-23;-32;26;0;1
-17;-26;18;0;1
-33;48;39;0;1
-8;-13;28;1;1
-18;-1;35;0;1
-41;-15;43;1;1
-44;47;26;1;1
-40;5;31;1;1
-49;10;28;1;1
-41;-11;46;0;1
-13;-3;34;0;1
-27;38;42;0;1
-22;33;53;0;1
-17;-28;54;1;1
-29;-14;42;0;1
-27;-15;46;0;1
-57;-18;33;1;1
-20;25;48;1;1
-15;17;11;0;1
-46;-21;39;1;1
-32;6;46;0;1
-24;17;28;1;1
-36;22;38;1;1
-42;9;33;0;1
-29;7;33;0;1
-29;5;24;0;1
-21;-10;36;0;1
-26;-37;45;0;1
-52;-12;15;1;1
-32;31;48;0;1
-28;-6;22;0;1
-40;-13;41;0;1
-56;-16;17;0;1
-38;28;53;0;1
-10;16;18;0;1
-28;-41;47;0;1
-22;14;16;0;1
-50;-4;44;0;1
-42;1;21;0;1
-45;-17;31;0;1
-59;-22;25;0;1
-25;21;27;1;1
-44;16;23;0;1
-41;11;31;0;1
-11;-10;24;1;1
-28;-41;29;0;1
-49;-7;21;0;1
-38;-14;12;0;1
-32;29;40;0;1
-46;-12;41;1;1
-35;5;19;0;1
-55;5;39;0;1
-47;-23;17;0;1
-15;24;36;1;1
-30;-44;28;1;1
-63;7;20;0;1
-34;9;14;0;1
-44;0;21;0;1
-38;-6;55;0;1
-42;-1;17;1;1
-35;29;20;1;1
-31;-41;30;0;1
-45;39;21;0;1
-30;32;44;1;1
-28;-2;64;0;1
-28;2;40;0;1
-28;-42;25;0;1
-35;-23;29;0;1
-17;-12;56;0;1
-12;-19;44;1;1
-20;-31;10;0;1
-18;31;36;0;1
-30;-8;49;0;1
-25;13;49;1;1
-48;11;51;0;1
-23;12;7;0;1
-32;-27;18;0;1
-50;-25;40;0;1
-41;-27;16;1;1
-11;-16;26;0;1
-34;-4;56;1;1
-34;-42;32;0;1
-49;15;24;0;1
-18;-2;17;0;1
-53;11;44;0;1
-30;-40;49;1;1
-49;-4;42;1;1
-52;-43;20;1;1
-23;34;40;1;1
-12;19;13;0;1
-48;-39;24;0;1
-30;-33;42;1;1
-24;-15;62;0;1
-67;6;21;0;1
-24;-29;12;0;1
-34;-13;34;1;1
-33;28;48;0;1
-28;-41;32;0;1
-28;11;61;0;1
-40;38;18;1;1
-67;-5;19;0;1
-26;-21;33;0;1
-35;-7;60;0;1
-31;4;29;1;1
-39;-23;35;0;1
-32;13;42;0;1
-34;-9;40;0;1
-36;32;51;0;1
-23;2;43;0;1
-23;-13;64;0;1
-34;8;17;0;1
-39;22;49;0;1
-16;20;56;0;1
-38;49;23;0;1
-23;32;32;0;1
-10;2;25;1;1
-37;7;49;1;1
-40;-8;28;1;1
-33;13;39;1;1
-55;15;32;1;1
-33;-6;18;1;1
-32;19;29;1;1
-28;-24;57;1;1
-16;-15;29;1;1
-22;20;39;1;1
-42;-42;26;0;1
-49;45;21;1;1
-30;-10;58;1;1
-11;-9;21;1;1
-27;36;17;1;1
-42;-9;44;0;1
-19;16;13;0;1
-34;-27;18;0;1
-14;-21;65;0;1
-11;-17;21;0;1
-23;-36;45;1;1
-61;-4;26;0;1
-30;-27;36;0;1
-31;-12;31;1;1
-31;-44;16;0;1
-52;9;26;0;1
-26;10;52;1;1
-41;8;26;0;1
-61;-15;17;0;1
-33;-15;43;0;1
-23;27;40;0;1
-28;-33;23;0;1
-38;-7;12;1;1
-46;-1;50;0;1
-24;-9;32;1;1
-54;-23;24;1;1
-46;-27;37;1;1
-50;-25;42;0;1
-30;-23;24;0;1
-21;-32;32;0;1
-35;19;44;0;1
-56;6;25;0;1
-33;25;20;1;1
-25;19;14;0;1
-54;-32;30;0;1
-38;41;30;0;1
-19;8;27;0;1
-35;-16;41;1;1
-52;-13;24;0;1
-33;0;55;0;1
-30;-1;28;0;1
-19;1;48;0;1
-12;10;25;1;1
-37;1;52;1;1
-60;-5;18;0;1
-13;11;32;0;1
-22;3;13;0;1
-24;-2;30;0;1
-14;-19;57;0;1
-14;8;19;0;1
-23;10;50;0;1
-44;-4;37;0;1
-29;13;41;0;1
-36;21;37;0;1
-60;-5;30;0;1
-29;23;60;0;1
-23;-20;45;0;1
-37;-30;40;0;1
-45;41;35;0;1
-29;-15;40;0;1
-53;-26;30;0;1
-24;-2;7;0;1
-19;4;15;0;1
-50;-9;16;1;1
-32;-25;25;1;1
-26;41;17;1;1
-33;-17;16;1;1
-21;5;14;1;1
-34;27;31;1;1
-48;12;39;1;1
-45;-2;46;0;1
-43;20;41;1;1
-46;23;14;0;1
-33;2;43;0;1
-18;20;13;0;1
-17;-25;15;0;1
-28;18;16;0;1
-13;-14;20;1;1
-47;-22;42;0;1
-23;-16;47;0;1
-43;-7;12;1;1
-36;15;59;0;1
-48;10;22;0;1
-29;-4;25;0;1
-58;-15;35;1;1
-45;11;20;0;1
-36;16;35;0;1
-53;-40;18;1;1
-26;35;52;1;1
-35;-33;38;0;1
-30;25;24;1;1
-33;-42;15;1;1
-45;5;53;1;1
-34;9;50;0;1
-36;-8;15;0;1
-21;-31;43;1;1
-7;11;28;0;1
-20;-31;43;0;1
-20;27;14;0;1
-41;-1;26;0;1
-34;-19;11;1;1
-13;9;21;0;1
-42;-21;27;0;1
-23;9;37;0;1
-25;32;15;1;1
-32;-19;35;0;1
-59;11;17;0;1
-51;7;41;1;1
-32;-50;17;0;1
-52;30;23;0;1
-13;-10;21;0;1
-22;-15;59;0;1
-45;-13;14;0;1
-35;-32;32;0;1
-39;42;36;0;1
-28;10;28;0;1
-30;9;14;0;1
-43;21;42;1;1
-53;19;36;0;1
-41;15;12;1;1
-42;42;30;0;1
-36;-23;50;0;1
-51;29;37;1;1
-57;-10;37;1;1
-31;1;37;1;1
-25;-41;41;0;1
-57;-17;35;0;1
-25;-42;17;0;1
-53;-22;35;0;1
-54;7;36;0;1
-17;-24;40;1;1
-22;-38;38;1;1
-52;-13;40;0;1
-20;32;24;0;1
-41;32;35;1;1
-42;4;52;0;1
-48;-44;21;0;1
-38;-6;32;1;1
-20;33;38;1;1
-33;-4;39;1;1
-47;36;36;1;1
-41;36;35;1;1
-31;-10;30;0;1
-29;-35;38;1;1
-34;-34;42;1;1
-23;1;26;1;1
-42;0;55;0;1
-24;41;35;1;1
-51;27;34;1;1
-24;13;27;0;1
-44;-16;31;0;1
-25;-3;59;0;1
-24;-9;44;0;1
-31;2;20;1;1
-62;-9;23;0;1
-56;-8;21;0;1
-20;-34;38;0;1
-44;-38;38;0;1
-44;-43;21;0;1
-60;3;26;0;1
-34;18;37;0;1
-41;27;19;0;1
-59;16;28;1;1
-35;-30;24;1;1
-46;-28;37;1;1
-48;25;22;0;1
-26;9;32;0;1
-39;-30;26;1;1
-50;0;39;0;1
-54;7;20;1;1
-33;-27;28;1;1
-45;23;30;0;1
-37;-32;30;0;1
-30;-19;18;0;1
-51;5;20;1;1
-13;22;22;0;1
-20;-20;62;1;1
-33;11;47;0;1
-31;37;20;1;1
-24;31;39;1;1
-35;-35;41;1;1
-43;35;23;0;1
-30;19;49;1;1
-40;-31;35;1;1
-21;14;54;1;1
-47;-3;36;0;1
-57;-25;26;0;1
-32;-3;23;1;1
-20;-7;43;1;1
-43;-9;39;0;1
-36;11;38;1;1
-17;17;24;0;1
-49;-15;41;1;1
-21;27;51;0;1
-60;-28;19;1;1
-19;-19;44;1;1
-42;-4;17;1;1
-51;5;41;1;1
-36;-23;12;0;1
-41;-9;57;1;1
-54;10;25;0;1
-16;8;32;0;1
-28;-16;42;0;1
-57;-26;20;0;1
-43;48;19;1;1
-63;11;22;0;1
-39;-17;26;0;1
-47;-37;22;0;1
-35;-15;22;0;1
-59;23;28;1;1
-46;-7;22;0;1
-39;-30;33;0;1
-28;7;42;0;1
-35;7;24;1;1
-30;-35;26;0;1
-45;-1;19;1;1
-26;6;43;1;1
-26;22;49;0;1
-30;13;52;1;1
-62;-5;19;0;1
-50;-26;33;0;1
-47;-21;31;1;1
-34;0;42;0;1
-19;-30;41;0;1
-28;-3;49;1;1
-31;27;19;0;1
-54;13;38;0;1
-32;15;24;1;1
-31;5;15;0;1
-44;3;48;0;1
-26;-24;19;1;1
-25;9;59;0;1
-53;18;17;1;1
-42;-18;50;0;1
-26;-40;31;0;1
-33;-14;18;0;1
-29;-1;19;1;1
-31;-24;53;1;1
-57;9;21;1;1
-21;-16;8;0;1
-21;-15;35;0;1
-20;21;35;0;1
-53;-10;16;1;1
-22;35;44;1;1
-56;14;40;1;1
-53;-10;24;1;1
-42;-31;48;0;1
-27;30;39;0;1
-43;36;21;1;1
-23;38;16;1;1
-48;23;31;0;1
-31;-3;48;1;1
-33;44;22;0;1
-37;22;25;0;1
-47;-31;21;0;1
-18;-3;25;0;1
-35;24;28;0;1
-24;19;27;1;1
-37;-22;51;0;1
-26;-35;21;0;1
-17;27;59;0;1
-22;-36;12;0;1
-30;48;24;0;1
-46;47;19;0;1
-40;32;32;0;1
-35;19;40;1;1
-43;-49;18;0;1
-38;12;56;1;1
-24;-10;8;1;1
-54;9;29;1;1
-30;8;25;1;1
-49;27;41;0;1
-27;-38;19;0;1
-24;-2;35;0;1
-47;-19;43;0;1
-43;-10;54;0;1
-53;-5;15;0;1
-28;2;41;0;1
-22;1;46;0;1
-31;-6;31;1;1
-41;-7;33;1;1
-37;-31;42;0;1
-42;-27;19;1;1
-24;-1;53;0;1
-55;18;28;1;1
-50;19;35;0;1
-45;4;48;0;1
-27;22;55;0;1
-52;-5;15;1;1
-23;3;19;1;1
-57;-24;21;1;1
-21;34;24;0;1
-48;0;46;0;1
-39;10;21;0;1
-18;7;22;1;1
-59;8;36;0;1
-43;15;47;0;1
-19;-19;60;1;1
-33;-55;28;1;1
-30;21;47;1;1
-21;-5;56;1;1
-19;32;33;0;1
-17;28;44;0;1
-47;31;23;1;1
-46;32;20;0;1
-61;-18;18;1;1
-18;-26;32;0;1
-24;-17;15;0;1
-44;-38;35;1;1
-17;-17;56;0;1
-22;-4;31;1;1
-22;-24;25;0;1
-15;11;48;1;1
-21;-31;53;0;1
-37;-13;13;0;1
-32;10;9;0;1
-32;-16;29;0;1
-21;11;47;0;1
-50;38;31;1;1
-46;-2;23;0;1
-44;3;22;0;1
-31;-10;29;1;1
-42;-14;43;1;1
-14;21;50;0;1
-58;-15;28;0;1
-25;24;39;0;1
-11;11;40;0;1
-40;-44;18;1;1
-20;-20;32;0;1
-49;-11;42;0;1
-10;6;22;0;1
-45;-40;30;0;1
-48;-24;23;1;1
-45;-9;44;0;1
-25;-38;27;0;1
-37;23;21;0;1
-35;29;17;1;1
-53;-24;34;0;1
-31;-25;46;0;1
-56;-15;41;0;1
-44;5;33;1;1
-35;35;25;1;1
-35;18;42;1;1
-47;9;35;0;1
-13;15;31;0;1
-44;-9;46;0;1
-18;-21;22;1;1
-40;28;15;0;1
-15;22;49;0;1
-38;-27;38;0;1
-33;-20;39;0;1
-36;-21;30;1;1
-25;12;27;0;1
-41;-29;28;0;1
-38;-53;25;0;1
-42;-7;17;0;1
-29;-13;57;0;1
-14;-14;15;0;1
-49;21;46;0;1
-35;34;44;1;1
-60;24;21;1;1
-30;-38;51;0;1
-18;-16;43;1;1
-53;-28;24;0;1
-17;13;34;0;1
-30;39;29;0;1
-28;-4;8;1;1
-25;4;46;0;1
-52;24;26;0;1
-11;11;37;0;1
-54;3;19;0;1
-35;-22;46;0;1
-42;28;14;0;1
-53;-27;28;1;1
-14;-21;42;1;1
-24;39;23;0;1
-52;4;17;0;1
-53;19;18;1;1
-10;-13;39;0;1
-23;29;26;0;1
-21;18;22;0;1
-28;14;36;1;1
-39;29;41;1;1
-34;39;20;0;1
-28;-22;24;1;1
-31;31;43;1;1
-34;-35;27;1;1
-20;0;47;1;1
-20;-29;26;0;1
-35;-23;14;1;1
-23;-6;25;0;1
-33;-26;14;1;1
-16;-19;13;1;1
-53;26;23;0;1
-59;-29;19;0;1
-28;19;46;0;1
-31;-7;38;0;1
-38;-3;17;0;1
-43;-1;50;1;1
-38;-11;39;0;1
-30;-22;44;0;1
-48;-13;15;0;1
-45;33;19;0;1
-14;20;10;0;1
-42;31;38;1;1
-56;-3;24;1;1
-50;0;20;1;1
-28;13;32;0;1
-40;36;43;0;1
-30;-24;42;0;1
-47;-27;31;0;1
-32;-37;33;1;1
-14;24;28;0;1
-39;7;25;0;1
-29;-19;16;0;1
-38;-11;17;0;1
-45;22;48;0;1
-37;36;32;0;1
-35;-39;46;0;1
-39;3;53;0;1
-50;22;25;0;1
-23;-12;39;0;1
-19;-5;31;1;1
-28;35;44;1;1
-46;6;49;0;1
-30;-51;20;0;1
-33;14;38;0;1
-46;-26;18;0;1
-56;7;35;1;1
-41;-2;15;0;1
-45;-16;22;0;1
-25;-16;34;0;1
-21;-18;19;1;1
-29;-3;37;0;1
-45;-16;36;0;1
-27;19;14;1;1
-36;15;11;1;1
-37;-34;47;0;1
-46;11;53;1;1
-30;-17;34;0;1
-35;-31;36;0;1
-22;-8;49;1;1
-32;-24;40;0;1
-43;44;27;0;1
-42;-43;28;0;1
-43;18;19;1;1
-32;-18;18;0;1
-30;-37;30;1;1
-34;-3;41;0;1
-28;16;32;1;1
-36;28;35;0;1
-49;26;24;1;1
-16;-23;53;1;1
-18;15;56;0;1
-44;-13;50;0;1
-23;28;39;0;1
-42;-12;49;0;1
-31;-2;16;0;1
-24;9;25;1;1
-26;4;64;0;1
-32;24;46;0;1
-16;3;44;0;1
-30;13;59;1;1
-59;20;32;1;1
-38;-9;11;0;1
-35;-24;33;1;1
-27;32;50;0;1
-39;-4;26;0;1
-50;28;22;0;1
-17;28;28;0;1
-16;15;34;1;1
-21;-21;61;1;1
-46;34;37;1;1
-20;-31;26;1;1
-18;14;37;0;1
-40;-10;14;0;1
-43;-3;27;0;1
-29;-22;25;1;1
-37;-24;13;0;1
-16;-2;40;0;1
-57;13;31;1;1
-16;-27;19;0;1
-26;19;22;0;1
-37;5;50;0;1
-20;16;15;0;1
-55;-36;22;0;1
-23;21;61;0;1
-17;18;61;0;1
-38;53;27;0;1
-36;-41;17;0;1
-37;33;31;0;1
-20;10;58;0;1
-29;3;25;0;1
-34;53;25;1;1
-57;-19;34;0;1
-33;-9;37;0;1
-45;-10;13;0;1
-33;-46;39;1;1
-18;-24;50;1;1
-22;26;58;1;1
-31;28;27;1;1
-47;2;35;0;1
-35;-25;20;0;1
-32;46;30;0;1
-26;23;22;1;1
-30;19;36;0;1
-15;-24;38;0;1
-54;4;45;0;1
-67;-1;20;0;1
-18;27;33;0;1
-32;20;37;1;1
-28;35;47;0;1
-48;38;21;0;1
-21;-35;16;1;1
-28;28;28;0;1
-29;-28;52;0;1
-45;23;29;1;1
-46;-10;40;0;1
-48;6;34;0;1
-41;27;33;0;1
-28;-12;39;1;1
-24;0;21;1;1
-14;-13;17;1;1
-25;-38;32;0;1
-33;51;28;0;1
-54;-18;32;1;1
-45;-33;35;0;1
-26;18;43;1;1
-22;-20;64;0;1
-37;12;32;0;1
-52;22;18;1;1
-24;-1;25;0;1
-26;29;22;0;1
-31;7;34;0;1
-38;-37;21;0;1
-20;14;23;1;1
-34;20;58;0;1
-48;7;35;0;1
-27;17;53;0;1
-43;41;33;0;1
-51;-5;42;0;1
-26;36;14;0;1
-17;17;49;0;1
-34;-16;13;1;1
-20;26;36;0;1
-25;30;47;0;1
-26;-40;42;0;1
-23;10;58;1;1
-21;-24;25;1;1
-36;18;30;0;1
-42;1;42;0;1
-61;6;18;0;1
-40;13;39;0;1
-30;-18;23;0;1
-47;-10;14;0;1
-22;-18;54;0;1
-45;6;45;1;1
-26;42;50;0;1
-59;-23;32;0;1
-28;-30;26;1;1
-37;-37;25;0;1
-44;-26;24;1;1
-42;-54;19;0;1
-30;11;61;0;1
-22;-32;28;0;1
-23;-32;50;0;1
-16;26;63;0;1
-30;35;51;1;1
-35;50;26;0;1
-23;7;47;0;1
-50;-20;19;0;1
-56;13;22;1;1
-33;12;28;0;1
-18;-25;64;0;1
-46;-21;36;0;1
-17;20;61;1;1
-21;-11;27;1;1
-34;25;42;0;1
-21;33;28;0;1
-24;32;51;0;1
-38;19;29;1;1
-36;-30;32;0;1
-19;-12;46;1;1
-38;14;20;0;1
-51;29;39;0;1
-53;-7;27;0;1
-36;27;48;0;1
-50;-6;30;0;1
-37;-42;40;0;1
-31;-33;33;0;1
-28;-10;24;1;1
-24;4;8;0;1
-50;31;19;0;1
-57;-17;31;0;1
-19;-19;62;0;1
-19;-2;45;0;1
-35;-7;59;0;1
-40;11;12;0;1
-27;-31;48;0;1
-53;15;23;1;1
-23;33;20;1;1
-53;3;27;0;1
-40;11;52;0;1
-58;9;25;0;1
-41;5;12;1;1
-45;15;19;1;1
-33;-1;27;0;1
-36;23;38;0;1
-37;-22;53;0;1
-43;-30;46;0;1
-13;-11;30;1;1
-25;-9;36;1;1
-20;20;59;1;1
-43;-21;33;1;1
-43;9;36;0;1
-13;-12;30;0;1
-39;2;26;0;1
-19;21;36;0;1
-34;-15;59;1;1
-26;27;14;0;1
-39;-13;29;1;1
-22;-5;34;1;1
-45;-8;29;0;1
-18;23;45;1;1
-49;-8;49;0;1
-38;-48;18;1;1
-17;-7;32;0;1
-34;-45;26;0;1
-61;-1;30;0;1
-41;28;23;0;1
-34;-7;14;1;1
-33;3;9;0;1
-22;6;42;0;1
-24;-13;62;1;1
-13;-9;26;0;1
-42;38;32;0;1
-53;-10;15;0;1
-21;4;19;1;1
-54;-19;39;1;1
-18;-15;48;1;1
-30;-40;34;1;1
-66;-7;22;1;1
-25;3;48;0;1
-50;27;25;0;1
-30;-38;21;0;1
-17;-26;58;0;1
-18;-31;50;0;1
-19;1;17;0;1
-23;-20;32;0;1
-18;10;50;1;1
-32;-6;55;1;1
-31;-16;34;0;1
-20;-30;33;0;1
-15;4;39;0;1
-25;31;56;0;1
-11;-14;41;1;1
-20;33;23;0;1
-36;-24;50;1;1
-19;31;61;0;1
-16;17;47;1;1
-41;-5;50;0;1
-58;10;37;0;1
-36;-40;45;1;1
-54;32;22;0;1
-24;30;28;1;1
-35;45;40;0;1
-17;-27;31;0;1
-51;-29;16;0;1
-42;-1;42;0;1
-13;-16;15;0;1
-19;2;27;0;1
-33;2;60;0;1
-22;0;48;0;1
-31;32;25;0;1
-50;20;15;0;1
-39;-18;56;1;1
-54;-2;35;0;1
-54;7;26;0;1
-40;13;12;0;1
-44;-31;41;1;1
-34;-44;35;0;1
-58;-15;27;0;1
-27;13;28;0;1
-51;-26;29;1;1
-24;37;39;1;1
-17;-17;23;0;1
-28;10;11;1;1
-20;9;42;1;1
-62;-9;31;0;1
-11;-18;54;0;1
-36;-34;30;0;1
-27;-30;19;1;1
-15;-20;62;1;1
-50;6;46;1;1
-30;16;61;1;1
-32;16;22;0;1
-30;-20;15;1;1
-28;9;35;0;1
-38;-43;33;0;1
-51;1;48;0;1
-67;0;22;0;1
-23;-18;62;1;1
-30;36;18;0;1
-22;-13;10;0;1
-60;-20;23;1;1
-60;13;32;0;1
-25;19;28;1;1
-42;-3;23;1;1
-22;1;15;1;1
-37;9;54;1;1
-18;19;66;0;1
-23;12;64;1;1
-53;-4;42;1;1
-28;41;22;0;1
-34;-17;29;0;1
-43;25;18;0;1
-39;22;53;0;1
-41;1;55;1;1
-41;15;32;1;1
-20;-23;23;0;1
-22;-18;28;1;1
-57;10;18;0;1
-52;-20;42;1;1
-41;-33;19;1;1
-31;-27;32;1;1
-45;-10;17;1;1
-31;-10;27;0;1
-27;11;49;0;1
-13;11;20;0;1
-30;4;12;1;1
-24;-16;55;0;1
-36;-7;18;0;1
-26;23;55;0;1
-45;-25;36;1;1
-44;-33;28;0;1
-27;11;22;0;1
-36;19;56;1;1
-20;28;30;1;1
-53;2;18;1;1
-24;-40;33;1;1
-47;-27;45;0;1
-38;3;38;0;1
-57;16;16;0;1
-29;-40;35;1;1
-54;-6;18;1;1
-29;-4;27;1;1
-30;-43;19;0;1
-42;12;36;1;1
-28;23;28;0;1
-40;30;24;1;1
-47;16;21;0;1
-42;12;47;0;1
-39;-7;49;1;1
-33;-2;46;0;1
-41;17;12;1;1
-15;2;40;1;1
-27;17;27;0;1
-41;31;17;1;1
-43;-11;35;0;1
-22;-30;26;0;1
-35;47;20;1;1
-56;19;38;1;1
-41;5;20;0;1
-45;13;50;0;1
-28;-19;12;1;1
-34;22;40;0;1
-54;6;31;1;1
-19;-26;58;0;1
-36;28;22;0;1
-23;1;56;0;1
-21;-21;36;0;1
-34;12;61;0;1
-45;-21;35;0;1
-31;-25;27;1;1
-27;5;16;0;1
-36;32;33;0;1
-7;-9;24;0;1
-34;32;16;1;1
-45;-4;35;1;1
-16;-14;41;0;1
-29;42;43;1;1
-42;-10;43;1;1
-60;5;29;0;1
-28;-29;55;0;1
-37;38;15;1;1
-34;-16;19;0;1
-54;-12;25;1;1
-45;-46;24;0;1
-18;4;35;1;1
-42;-8;50;0;1
-8;-7;26;0;1
-51;19;15;1;1
-29;-16;13;0;1
-42;14;51;0;1
-42;21;32;1;1
-51;-5;28;1;1
-55;28;35;1;1
-22;34;40;1;1
-14;11;31;1;1
-30;-10;36;1;1
-32;19;20;1;1
-26;-11;21;1;1
-21;27;59;0;1
-20;15;37;1;1
-33;-24;52;1;1
-26;-18;25;0;1
-55;22;19;1;1
-23;2;37;1;1
-22;28;48;1;1
-20;28;57;1;1
-15;8;36;0;1
-46;-12;23;0;1
-53;20;32;0;1
-40;-18;55;0;1
-48;32;22;0;1
-47;24;38;0;1
-58;-27;30;1;1
-28;35;48;1;1
-22;-12;15;0;1
-48;28;38;1;1
-37;44;21;0;1
-20;21;15;0;1
-13;-16;32;0;1
-48;-43;21;0;1
-23;7;35;0;1
-26;15;20;0;1
-20;13;11;0;1
-17;25;57;1;1
-42;-40;26;1;1
-31;3;29;1;1
-38;-41;31;0;1
-48;37;32;1;1
-32;-43;41;0;1
-29;15;19;0;1
-37;-21;27;0;1
-16;-24;14;1;1
-36;8;21;1;1
-48;-34;39;0;1
-49;-27;35;0;1
-26;2;28;0;1
-37;15;37;0;1
-42;16;24;0;1
-38;31;49;0;1
-59;12;34;0;1
-40;-1;20;0;1
-23;33;18;0;1
-59;-29;22;1;1
-41;-24;44;0;1
-51;-15;36;0;1
-52;-18;29;0;1
-54;16;41;0;1
-37;33;50;0;1
-61;-22;27;0;1
-23;14;36;1;1
-47;-8;40;0;1
-27;-22;56;0;1
-25;-11;56;0;1
-26;-42;34;0;1
-54;-15;29;0;1
-23;-9;11;0;1
-21;-19;16;1;1
-49;-27;33;0;1
-33;47;34;0;1
-43;6;33;0;1
-33;5;24;0;1
-23;-25;38;0;1
-27;-19;24;0;1
-34;-52;30;0;1
-17;21;36;0;1
-44;5;16;0;1
-24;-13;57;0;1
-19;-21;19;0;1
-33;50;30;0;1
-52;5;15;0;1
-24;7;16;0;1
-50;-24;43;0;1
-34;24;20;0;1
-16;9;17;0;1
-21;-32;48;0;1
-10;-17;37;0;1
-27;18;52;1;1
-31;19;60;0;1
-22;-2;17;0;1
-48;39;22;0;1
-34;16;45;1;1
-15;15;50;1;1
-48;-41;23;0;1
-25;-22;41;0;1
-35;-13;55;0;1
-26;42;25;0;1
-46;0;43;1;1
-25;-6;9;0;1
-54;22;37;1;1
-39;17;19;1;1
-20;34;16;0;1
-43;14;42;0;1
-24;1;39;1;1
-51;31;30;0;1
-32;-44;35;1;1
-32;25;24;1;1
-50;-12;36;0;1
-31;-10;31;1;1
-38;-20;51;0;1
-20;34;45;1;1
-39;-36;44;0;1
-46;13;19;0;1
-19;13;24;0;1
-18;27;53;0;1
-59;-9;28;0;1
-56;-24;35;0;1
-47;16;40;1;1
-23;7;26;0;1
-20;2;45;0;1
-53;-35;18;0;1
-52;-7;42;0;1
-43;17;39;0;1
-40;1;28;0;1
-39;-2;57;0;1
-24;35;45;0;1
-31;-32;46;0;1
-29;10;41;1;1
-16;26;34;0;1
-61;-1;28;0;1
-46;30;40;0;1
-58;8;37;1;1
-60;11;20;1;1
-23;17;37;1;1
-48;12;28;0;1
-44;-37;21;0;1
-33;-12;20;1;1
-38;-46;18;1;1
-38;-37;43;1;1
-36;-33;46;0;1
-42;24;27;1;1
-20;-4;30;1;1
-50;-35;23;0;1
-46;12;44;1;1
-16;16;45;0;1
-21;-28;47;0;1
-42;7;51;0;1
-55;-1;44;0;1
-44;22;22;0;1
-26;-26;37;0;1
-37;-13;52;1;1
-32;0;56;0;1
-37;25;14;1;1
-20;20;14;0;1
-8;-9;23;0;1
-43;-20;22;0;1
-29;-36;45;1;1
-16;-7;42;1;1
-36;-37;40;1;1
-39;-8;38;0;1
-14;22;51;0;1
-17;-17;39;0;1
-47;13;17;1;1
-32;23;30;1;1
-48;-7;38;0;1
-21;-18;11;0;1
-40;-45;37;0;1
-37;23;29;0;1
-26;43;23;0;1
-27;10;13;0;1
-32;-32;16;0;1
-27;32;37;0;1
-22;13;50;1;1
-38;9;35;0;1
-31;44;43;0;1
-45;12;52;0;1
-13;16;28;0;1
-56;32;19;1;1
-38;40;24;0;1
-33;33;19;0;1
-33;-56;20;0;1
-34;27;46;0;1
-38;29;21;1;1
-44;33;21;0;1
-29;0;56;1;1
-27;-27;33;1;1
-29;34;35;0;1
-48;-41;32;0;1
-23;23;45;0;1
-18;31;13;0;1
-29;-11;40;0;1
-31;7;17;0;1
-15;-19;53;0;1
-61;-8;31;1;1
-35;-16;45;0;1
-38;-19;12;0;1
-27;-3;9;0;1
-30;-38;24;1;1
-58;13;33;0;1
-52;19;39;1;1
-33;30;29;0;1
-19;-28;59;0;1
-39;-14;16;0;1
-31;-12;35;1;1
-47;-40;33;0;1
-26;-7;64;0;1
-26;21;51;0;1
-59;-6;17;0;1
-41;-43;23;0;1
-24;38;54;0;1
-42;-13;36;1;1
-32;54;25;1;1
-31;-42;29;1;1
-18;-23;33;0;1
-20;-30;13;0;1
-34;4;25;0;1
-32;-1;40;0;1
-16;4;24;0;1
-17;-7;44;1;1
-34;44;41;1;1
-46;8;40;0;1
-48;-21;35;0;1
-30;50;31;0;1
-22;-23;15;0;1
-55;-13;40;1;1
-14;-22;53;0;1
-25;18;25;0;1
-22;-38;51;1;1
-17;28;20;0;1
-45;-44;18;0;1
-32;23;31;1;1
-37;-14;11;0;1
-61;22;29;0;1
-42;-8;54;0;1
-67;8;21;0;1
-29;-14;11;1;1
-49;-21;43;0;1
-22;16;23;0;1
-54;-30;31;1;1
-17;-20;56;1;1
-15;17;40;0;1
-30;31;32;0;1
-20;1;36;0;1
-60;-14;34;0;1
-29;49;25;0;1
-55;10;26;0;1
-62;16;30;1;1
-57;20;35;0;1
-48;-2;49;0;1
-14;15;25;0;1
-21;-24;39;0;1
-25;10;46;0;1
-28;29;38;1;1
-32;45;23;1;1
-18;4;37;0;1
-39;30;16;0;1
-43;44;19;1;1
-32;4;20;0;1
-33;-39;33;0;1
-45;-18;43;0;1
-14;-7;25;0;1
-18;25;45;0;1
-52;-13;22;0;1
-54;34;29;0;1
-44;-19;42;0;1
-19;-11;42;0;1
-32;-20;56;0;1
-42;-24;26;0;1
-18;-25;27;0;1
-44;-6;52;0;1
-39;-46;35;1;1
-26;17;39;0;1
-20;8;13;0;1
-65;9;26;0;1
-32;2;41;0;1
-30;13;62;1;1
-41;-27;36;1;1
-30;-25;48;1;1
-48;39;32;1;1
-9;-6;28;1;1
-16;25;51;1;1
-27;41;44;0;1
-28;-33;40;1;1
-14;-3;31;1;1
-38;7;19;1;1
-23;39;48;0;1
-25;-5;63;0;1
-34;-25;43;0;1
-38;-4;51;1;1
-28;-24;23;0;1
-39;-2;13;0;1
-30;39;23;0;1
-40;0;40;0;1
-20;-15;46;1;1
-15;14;14;0;1
-57;-23;26;1;1
-33;-12;19;0;1
-23;-28;55;1;1
-23;-4;31;0;1
-24;-25;28;1;1
-32;9;48;1;1
-25;13;27;1;1
-49;29;16;1;1
-17;19;43;0;1
-29;17;14;0;1
-51;10;25;1;1
-20;34;39;0;1
-28;17;14;0;1
-62;-10;25;1;1
-41;16;21;1;1
-55;-24;34;0;1
-27;11;23;1;1
-38;-31;47;0;1
-33;-24;48;1;1
-42;-50;22;0;1
-42;-41;35;0;1
-42;-36;25;0;1
-50;23;28;0;1
-26;-3;54;0;1
-36;14;20;1;1
-49;1;36;1;1
-56;8;34;1;1
-18;-14;52;0;1
-43;-18;47;0;1
-19;12;33;0;1
-25;-8;27;0;1
-37;-42;36;1;1
-64;9;26;0;1
-57;18;25;0;1
-34;55;21;1;1
-53;27;34;0;1
-33;22;23;0;1
-23;16;41;1;1
-36;-29;48;0;1
-35;15;56;1;1
-46;17;34;0;1
-32;10;31;0;1
-26;16;12;0;1
-40;38;26;0;1
-43;-5;35;1;1
-17;26;14;0;1
-54;-1;28;0;1
-35;25;35;1;1
-55;-3;29;0;1
-30;-44;21;0;1
-28;48;44;1;1
-44;7;31;0;1
-22;27;32;0;1
-30;-11;41;1;1
-27;12;31;0;1
-24;24;60;1;1
-38;-24;14;0;1
-54;-22;18;0;1
-39;37;24;0;1
-30;49;25;1;1
-34;5;23;1;1
-21;-2;13;1;1
-18;-18;44;0;1
-58;5;37;1;1
-18;-31;51;0;1
-25;-15;49;0;1
-20;15;49;1;1
-30;47;44;1;1
-33;38;37;1;1
-45;-24;40;0;1
-32;42;24;1;1
-19;10;51;0;1
-15;-15;27;1;1
-57;-27;31;0;1
-55;-5;30;1;1
-25;-13;38;1;1
-31;-21;54;0;1
-23;30;20;0;1
-35;-9;61;1;1
-33;-22;25;0;1
-55;19;21;0;1
-30;13;31;0;1
-21;-18;14;0;1
-27;-16;10;1;1
-45;16;24;0;1
-34;55;22;0;1
-31;-5;12;1;1
-36;-30;35;1;1
-38;-29;45;0;1
-26;41;22;0;1
-25;-24;32;1;1
-35;-41;27;0;1
-36;41;44;1;1
-22;-19;40;0;1
-13;13;31;1;1
-38;-40;28;0;1
-28;-35;45;1;1
-27;-15;19;1;1
-35;-41;17;0;1
-32;-30;50;0;1
-56;35;24;0;1
-34;-30;20;1;1
-16;16;11;1;1
-20;-31;51;1;1
-59;10;27;1;1
-23;-36;51;0;1
-42;50;26;0;1
-23;-22;15;0;1
-32;-41;37;0;1
-15;5;35;0;1
-45;-15;26;1;1
-31;5;58;1;1
-29;6;25;0;1
-20;-16;52;0;1
-32;4;44;0;1
-19;-6;49;0;1
-64;-4;24;1;1
-45;30;44;0;1
-22;2;41;0;1
-37;8;15;0;1
-48;18;22;1;1
-35;-2;14;0;1
-44;12;19;1;1
-23;21;33;1;1
-34;17;19;0;1
-52;25;23;0;1
-35;-6;41;0;1
-49;-47;19;1;1
-55;3;35;1;1
-26;-16;40;0;1
-53;10;21;0;1
-19;-4;36;0;1
-39;40;42;1;1
-17;4;32;0;1
-35;-48;31;0;1
-30;18;27;1;1
-28;17;35;1;1
-12;-11;33;0;1
-28;-28;24;1;1
-35;-27;32;0;1
-46;11;17;1;1
-23;-29;53;1;1
-19;26;40;0;1
-36;-44;27;0;1
-33;-4;59;0;1
-48;-11;20;0;1
-22;0;42;0;1
-31;47;27;0;1
-42;-32;47;1;1
-53;15;35;1;1
-39;31;43;0;1
-36;-41;37;1;1
-20;-20;26;0;1
-58;3;21;0;1
-39;34;16;0;1
-29;-41;47;1;1
-44;-37;18;0;1
-49;-18;26;0;1
-38;-19;38;1;1
-17;12;50;0;1
-40;7;48;0;1
-49;21;42;0;1
-26;21;20;0;1
-22;16;22;1;1
-20;-9;11;1;1
-40;18;20;1;1
-46;29;29;1;1
-26;-18;43;1;1
-36;-20;44;1;1
-16;0;43;1;1
-45;35;25;0;1
-60;3;29;0;1
-30;-29;30;1;1
-38;-4;22;0;1
-46;1;35;1;1
-37;-46;20;1;1
-31;-18;57;0;1
-22;33;27;0;1
-41;-48;19;0;1
-40;-6;46;0;1
-42;50;27;0;1
-20;28;33;0;1
-20;12;54;0;1
-13;7;32;0;1
-39;-20;40;0;1
-27;-6;22;1;1
-60;21;22;0;1
-40;-15;36;0;1
-31;-1;20;1;1
-21;-33;31;0;1
-38;-13;20;0;1
-33;20;21;0;1
-29;-31;53;0;1
-26;27;16;0;1
-51;-2;15;0;1
-57;22;17;0;1
-55;-8;30;0;1
-55;26;26;1;1
-31;-39;46;1;1
-47;-23;35;1;1
-15;17;13;0;1
-51;-8;32;1;1
-48;-22;38;0;1
-40;32;27;0;1
-20;10;25;1;1
-40;30;29;1;1
-21;-32;59;1;1
-34;14;57;0;1
-21;-5;17;1;1
-13;-18;59;0;1
-57;27;27;0;1
-37;9;11;0;1
-21;33;25;0;1
-57;-14;23;1;1
-29;36;35;1;1
-35;10;50;0;1
-42;18;26;0;1
-25;11;60;0;1
-34;-5;13;0;1
-47;11;23;1;1
-41;6;43;0;1
-19;1;44;0;1
-50;29;21;0;1
-30;-12;35;0;1
-31;9;56;1;1
-26;13;19;0;1
-37;53;27;1;1
-20;13;8;0;1
-43;-7;37;0;1
-49;10;23;0;1
-40;-12;54;0;1
-34;27;47;0;1
-42;-22;40;0;1
-51;-4;43;0;1
-38;-17;27;0;1
-47;-21;47;0;1
-26;16;58;0;1
-32;-10;29;1;1
-52;34;32;0;1
-63;11;30;1;1
-21;19;20;0;1
-32;20;11;0;1
-34;8;28;0;1
-30;-2;49;0;1
-23;-33;51;0;1
-14;21;24;0;1
-28;35;46;0;1
-31;9;45;0;1
-54;39;22;0;1
-28;29;49;0;1
-24;4;64;0;1
-40;-2;23;0;1
-30;-1;18;0;1
-38;-17;23;0;1
-20;25;20;0;1
-55;20;24;0;1
-13;20;7;1;1
-31;15;25;0;1
-24;8;56;0;1
-49;31;26;0;1
-17;-2;42;0;1
-14;-4;33;1;1
-45;44;23;0;1
-27;31;21;0;1
-28;-6;27;1;1
-31;-5;40;0;1
-50;-18;26;1;1
-25;-1;39;0;1
-27;-11;40;0;1
-35;17;34;0;1
-25;16;21;0;1
-24;-32;13;1;1
-29;28;49;0;1
-34;-41;27;0;1
-40;46;20;0;1
-24;-4;28;0;1
-37;11;17;0;1
-32;27;56;0;1
-22;-17;28;0;1
-30;18;18;0;1
-57;20;33;1;1
-21;13;9;0;1
-23;-19;49;1;1
-30;7;54;1;1
-38;37;29;0;1
-9;15;40;0;1
-18;-31;48;1;1
-18;6;34;0;1
-44;26;28;0;1
-41;-12;13;0;1
-46;-3;45;1;1
-49;-12;14;0;1
-24;6;41;1;1
-15;17;46;1;1
-53;-7;22;1;1
-19;-5;38;0;1
-40;-46;24;1;1
-23;6;19;0;1
-16;24;31;1;1
-45;-8;26;1;1
-21;0;46;1;1
-17;19;15;0;1
-19;24;39;1;1
-29;10;45;0;1
-17;-14;20;0;1
-62;-2;24;1;1
-27;46;36;0;1
-50;-32;24;1;1
-59;11;20;1;1
-52;40;21;0;1
-27;-38;51;1;1
-36;25;28;1;1
-24;-12;21;0;1
-48;15;32;0;1
-52;5;35;0;1
-54;-2;24;0;1
-47;-5;18;0;1
-29;28;34;0;1
-41;10;51;0;1
-28;1;60;0;1
-27;-35;23;0;1
-45;15;22;0;1
-34;41;43;0;1
-38;8;26;0;1
-43;0;51;0;1
-30;12;17;1;1
-11;-15;20;1;1
-27;-9;64;0;1
-38;19;25;0;1
-35;4;26;0;1
-35;-15;46;1;1
-29;-38;20;1;1
-30;21;55;1;1
-30;2;17;1;1
-24;-13;9;1;1
-51;37;31;0;1
-15;6;42;1;1
-48;-26;28;0;1
-27;-6;23;1;1
-38;-9;27;0;1
-41;4;46;0;1
-24;17;63;0;1
-20;31;13;1;1
-50;17;35;0;1
-29;29;13;0;1
-24;6;16;0;1
-38;42;40;0;1
-30;15;36;1;1
-21;33;31;1;1
-62;-24;21;1;1
-26;-11;12;0;1
-27;10;58;1;1
-34;24;12;0;1
-41;-42;34;1;1
-32;42;29;0;1
-29;-10;20;0;1
-36;35;40;1;1
-33;24;58;0;1
-38;-26;53;0;1
-40;-15;38;0;1
-60;18;28;0;1
-61;-8;25;1;1
-25;26;53;0;1
-31;52;17;0;1
-28;33;18;0;1
-56;5;43;0;1
-21;-25;13;1;1
-48;5;51;1;1
-37;32;25;1;1
-12;-15;42;0;1
-50;-35;30;0;1
-60;-17;23;0;1
-15;14;53;0;1
-16;-17;36;0;1
-39;-6;47;0;1
-18;-21;32;0;1
-39;-2;14;1;1
-39;22;31;1;1
-25;25;48;1;1
-34;54;27;1;1
-45;-24;31;0;1
-37;-43;16;0;1
-22;25;27;0;1
-38;-18;21;0;1
-25;42;31;1;1
-24;2;49;1;1
-51;36;24;0;1
-41;20;49;0;1
-57;-7;39;0;1
-49;-36;36;1;1
-27;25;12;0;1
-36;43;42;0;1
-23;1;58;0;1
-39;21;47;0;1
-39;-15;40;0;1
-42;24;50;1;1
-60;4;33;0;1
-41;-30;19;0;1
-34;-19;39;0;1
-31;31;36;0;1
-16;-19;42;1;1
-45;7;23;0;1
-46;-47;18;0;1
-20;25;17;0;1
-19;7;30;1;1
-27;7;24;1;1
-25;-20;51;1;1
-31;-39;45;0;1
-16;26;17;1;1
-28;-3;30;0;1
-42;-45;25;1;1
-54;10;23;1;1
-24;19;50;1;1
-20;32;57;0;1
-52;37;25;0;1
-28;-41;19;1;1
-46;-31;37;0;1
-38;7;59;1;1
-21;-36;34;0;1
-18;-24;62;0;1
-16;-17;28;0;1
-32;-41;42;0;1
-51;11;39;0;1
-43;43;17;0;1
-41;-42;30;1;1
-27;23;59;1;1
-44;-29;36;1;1
-30;15;17;0;1
-30;-14;48;0;1
-56;35;25;0;1
-20;32;21;0;1
-56;-12;25;0;1
-19;-9;38;0;1
-48;32;35;0;1
-31;-15;50;1;1
-10;-11;34;1;1
-46;-6;38;1;1
-15;11;45;0;1
-34;9;45;0;1
-55;6;24;0;1
-58;-20;30;0;1
-31;17;59;0;1
-38;-39;30;0;1
-37;-12;45;0;1
-20;21;43;0;1
-29;-47;37;1;1
-27;-41;49;0;1
-17;-19;12;1;1
-44;38;32;0;1
-26;-2;26;0;1
-53;27;35;0;1
-28;-9;55;0;1
-35;54;18;1;1
-31;39;15;0;1
-28;-33;38;0;1
-37;36;22;1;1
-52;-8;28;0;1
-17;-3;39;0;1
-30;-51;27;1;1
-46;-3;43;0;1
-35;-4;52;0;1
-50;-5;36;1;1
-14;1;37;1;1
-19;-5;29;0;1
-24;39;16;0;1
-45;-10;15;0;1
-46;-9;41;0;1
-30;19;25;0;1
-40;-52;24;1;1
-51;0;23;0;1
-35;-43;37;0;1
-44;3;36;0;1
-19;30;24;0;1
-24;-6;10;0;1
-20;-6;14;1;1
-38;-40;35;0;1
-48;-15;28;0;1
-25;-38;49;0;1
-37;-3;20;1;1
-27;13;30;0;1
-60;-32;20;0;1
-41;51;21;0;1
-39;7;51;1;1
-19;-11;57;0;1
-14;16;37;0;1
-45;30;41;1;1
-30;-14;55;0;1
-41;12;49;1;1
-32;-17;14;1;1
-49;14;37;0;1
-19;23;16;0;1
-42;-15;40;1;1
-38;1;18;0;1
-42;14;41;0;1
-29;-16;27;1;1
-18;5;22;1;1
-30;44;16;1;1
-34;2;41;1;1
-29;-8;17;0;1
-28;10;13;0;1
-37;45;36;0;1
-55;1;23;0;1
-30;29;51;1;1
-50;-6;28;1;1
-43;31;31;1;1
-20;-24;13;1;1
-24;-26;19;0;1
-26;-10;22;0;1
-26;19;29;0;1
-42;-14;54;0;1
-43;-41;32;1;1
-38;11;34;0;1
-32;-45;35;1;1
-18;-30;33;1;1
-47;-13;17;1;1
-50;27;38;0;1
-23;-34;35;0;1
-54;26;30;0;1
-17;-20;42;0;1
-31;-49;37;0;1
-29;13;34;1;1
-19;22;9;1;1
-55;16;29;0;1
-48;0;29;0;1
-45;28;47;0;1
-48;1;49;0;1
-20;3;39;1;1
-29;-40;26;0;1
-49;-11;21;0;1
-15;22;20;1;1
-24;-17;10;1;1
-27;1;31;1;1
-52;7;33;0;1
-25;22;20;0;1
-42;-29;26;1;1
-15;13;41;0;1
-26;8;49;0;1
-45;13;38;1;1
-29;-21;29;0;1
-51;-30;27;0;1
-34;-27;35;0;1
-19;1;33;0;1
-30;-6;59;0;1
-43;-19;37;0;1
-18;-12;15;1;1
-33;20;31;1;1
-24;-30;11;1;1
-34;-1;16;0;1
-52;18;30;0;1
-34;0;15;1;1
-50;-24;40;0;1
-32;-40;40;0;1
-31;-3;30;0;1
-55;10;17;0;1
-59;-22;27;1;1
-33;44;37;0;1
-9;15;47;1;1
-35;-50;27;0;1
-18;4;34;0;1
-52;0;38;0;1
-10;-16;44;0;1
-49;-11;34;0;1
-31;-15;30;0;1
-24;-16;27;0;1
-33;40;36;1;1
-31;15;16;0;1
-42;-26;28;0;1
-23;-32;53;1;1
-29;0;47;0;1
-45;22;50;0;1
-36;3;28;0;1
-31;-23;17;1;1
-34;-47;37;1;1
-22;-29;16;1;1
-54;11;16;1;1
-25;16;48;0;1
-41;-11;43;0;1
-22;-1;17;1;1
-43;14;39;1;1
-26;9;46;1;1
-37;44;34;0;1
-38;42;22;0;1
-33;-13;54;1;1
-28;46;31;0;1
-21;-32;43;0;1
-44;-19;29;0;1
-51;-2;31;1;1
-58;-19;23;0;1
-26;24;26;0;1
-24;-32;50;0;1
-15;21;61;1;1
-42;-35;44;1;1
-40;-34;41;1;1
-33;15;49;0;1
-51;11;44;0;1
-40;4;11;1;1
-40;-2;39;1;1
-21;-21;45;1;1
-25;-5;59;0;1
-40;21;50;0;1
-44;10;28;0;1
-13;-4;29;0;1
-20;-21;39;1;1
-19;-9;45;0;1
-56;-19;24;0;1
-31;15;11;1;1
-56;5;40;0;1
-24;-17;30;1;1
-11;7;29;0;1
-42;21;35;1;1
-45;9;33;1;1
-47;2;14;0;1
-47;-18;33;0;1
-46;-23;39;0;1
-27;38;22;0;1
-30;44;46;1;1
-28;-30;39;0;1
-18;-31;17;1;1
-17;21;31;1;1
-42;23;22;1;1
-35;3;37;0;1
-44;0;31;1;1
-55;-19;20;0;1
-20;20;20;1;1
-43;34;39;1;1
-49;40;18;0;1
-44;9;46;0;1
-15;14;56;0;1
-27;21;62;0;1
-24;-31;55;1;1
-36;-29;45;1;1
-35;56;24;0;1
-54;22;28;1;1
-16;-26;40;1;1
-34;-30;54;1;1
-36;44;42;1;1
-32;-25;49;1;1
-29;-4;61;0;1
-29;-33;47;0;1
-43;8;23;0;1
-47;-22;23;0;1
-39;34;33;1;1
-57;-1;24;0;1
-36;15;54;0;1
-32;-12;44;1;1
-24;34;23;1;1
-53;30;20;0;1
-51;33;18;1;1
-22;14;30;0;1
-33;15;59;1;1
-27;18;11;0;1
-36;16;36;1;1
-18;10;42;0;1
-35;-13;35;0;1
-19;-20;28;0;1
-65;-9;25;0;1
-18;22;37;0;1
-11;-12;40;1;1
-29;-21;31;0;1
-18;-20;44;0;1
-40;11;55;0;1
-52;2;37;0;1
-55;23;21;0;1
-44;-8;18;1;1
-20;18;22;1;1
-24;-24;28;1;1
-52;-13;15;1;1
-44;33;22;0;1
-25;-38;25;0;1
-43;-17;52;1;1
-54;4;32;1;1
-61;18;28;0;1
-42;11;26;0;1
-27;-41;30;0;1
-51;-32;29;1;1
-53;26;22;0;1
-46;-37;22;0;1
-29;34;39;0;1
-39;-53;18;0;1
-34;47;18;1;1
-56;22;35;0;1
-51;4;26;1;1
-50;8;28;1;1
-47;-30;18;0;1
-55;4;29;0;1
-11;-16;34;0;1
-31;-16;25;1;1
-29;36;19;1;1
-56;-27;27;0;1
-34;-41;41;0;1
-32;-29;56;0;1
-32;15;28;1;1
-64;2;27;0;1
-26;15;31;0;1
-16;-23;34;1;1
-54;-30;24;0;1
-42;32;23;1;1
-22;-15;48;1;1
-31;-10;40;0;1
-24;41;32;1;1
-27;-12;37;0;1
-21;25;34;1;1
-37;1;23;0;1
-31;7;28;1;1
-36;30;31;1;1
-27;-46;18;0;1
-49;1;29;0;1
-44;7;42;0;1
-39;-53;23;1;1
-23;-17;33;0;1
-22;-14;64;0;1
-42;-11;32;1;1
-28;-4;40;0;1
-51;35;28;0;1
-21;-7;27;0;1
-45;-28;25;0;1
-13;-22;48;0;1
-18;-26;13;0;1
-48;20;19;0;1
-19;-8;14;0;1
-46;-14;27;1;1
-34;-50;25;0;1
-46;-24;36;1;1
-43;-12;16;1;1
-25;-24;21;0;1
-32;5;57;0;1
-62;12;22;1;1
-31;16;52;0;1
-25;-3;11;0;1
-58;-5;25;1;1
-22;-30;51;0;1
-38;20;37;0;1
-55;37;23;0;1
-31;-12;25;0;1
-22;2;29;0;1
-45;-31;19;0;1
-26;30;38;0;1
-31;5;56;0;1
-25;11;29;0;1
-37;9;30;0;1
-21;-5;15;1;1
-40;-22;36;0;1
-41;-24;39;1;1
-43;40;37;0;1
-28;16;13;1;1
-43;-37;20;0;1
-19;22;14;0;1
-19;-8;48;1;1
-19;-32;21;1;1
-26;39;28;0;1
-52;3;15;0;1
-37;-25;36;0;1
-28;-24;34;0;1
-27;-2;34;0;1
-30;-39;28;0;1
-45;-46;26;0;1
-28;13;22;0;1
-49;-12;37;1;1
-21;-4;35;1;1
-18;-26;42;0;1
-28;0;23;0;1
-31;44;15;0;1
-33;-8;52;0;1
-41;-9;55;1;1
-13;22;10;0;1
-36;20;25;1;1
-46;25;26;0;1
-53;-2;17;0;1
-41;13;47;1;1
-29;16;50;0;1
-33;-54;19;0;1
-37;14;12;0;1
-48;-36;32;1;1
-24;7;43;1;1
-57;-25;29;1;1
-19;-27;52;1;1
-48;31;41;1;1
-17;15;34;1;1
-30;16;20;0;1
-34;-6;17;1;1
-28;-12;13;0;1
-50;1;25;0;1
-26;-37;20;1;1
-62;12;20;1;1
-16;-15;20;1;1
-36;-42;34;1;1
-25;3;37;0;1
-37;-21;55;0;1
-12;-18;26;0;1
-29;-49;37;1;1
-31;-29;17;0;1
-31;28;46;0;1
-25;-26;43;1;1
-21;10;27;0;1
-24;-37;12;0;1
-43;11;46;0;1
-22;-6;39;1;1
-9;-8;33;0;1
-42;41;26;1;1
-45;28;17;0;1
-57;-17;23;0;1
-23;34;23;1;1
-31;39;47;1;1
-44;38;35;0;1
-45;38;37;0;1
-26;-23;10;1;1
-44;-8;31;1;1
-19;-25;10;1;1
-29;43;30;0;1
-26;-8;40;0;1
-58;0;25;0;1
-25;-16;31;0;1
-32;31;31;0;1
-38;-52;24;0;1
-43;-37;37;0;1
-33;41;23;0;1
-19;-10;29;1;1
-34;39;31;1;1
-38;-31;30;0;1
-31;-1;24;1;1
-26;-42;50;0;1
-22;-12;45;1;1
-51;-37;28;0;1
-26;-28;47;1;1
-54;-33;18;1;1
-17;-10;40;0;1
-27;-8;55;0;1
-41;41;38;0;1
-62;24;18;0;1
-23;-25;60;0;1
-55;-29;19;0;1
-47;-28;27;1;1
-29;43;48;0;1
-38;-1;39;0;1
-36;26;38;0;1
-21;13;34;0;1
-31;-30;33;0;1
-35;-11;31;1;1
-23;-8;28;1;1
-44;-11;23;0;1
-47;-11;28;0;1
-20;-11;44;1;1
-24;-16;56;0;1
-42;-23;52;0;1
-31;15;46;0;1
-22;26;25;0;1
-59;-20;23;0;1
-38;-34;32;0;1
-30;1;30;0;1
-44;-26;42;1;1
-38;19;46;0;1
-40;-7;58;0;1
-29;25;16;0;1
-25;-29;37;0;1
-32;-17;51;0;1
-44;-23;41;1;1
-27;40;36;0;1
-19;-21;47;0;1
-47;-30;16;0;1
-41;16;13;0;1
-60;-8;18;0;1
-17;6;19;0;1
-20;-7;15;0;1
-20;-30;11;1;1
-28;-23;11;0;1
-20;1;43;0;1
-53;28;36;0;1
-48;40;25;0;1
-17;25;20;1;1
-37;19;38;0;1
-14;4;31;0;1
-36;26;46;1;1
-26;-13;46;0;1
-50;-4;20;0;1
-38;48;31;1;1
-21;-21;51;0;1
-56;-13;38;0;1
-21;-16;43;0;1
-50;-13;45;0;1
-44;42;35;0;1
-19;24;54;1;1
-41;37;21;1;1
-26;33;45;1;1
-23;-19;45;0;1
-37;8;24;0;1
-25;6;38;0;1
-32;26;36;0;1
-18;20;45;1;1
-21;9;37;1;1
-46;6;50;1;1
-49;25;26;1;1
-27;-7;27;0;1
-42;-22;35;0;1
-34;3;24;0;1
-45;-25;16;1;1
-43;-13;41;0;1
-7;-11;28;0;1
-18;0;34;1;1
-29;27;50;0;1
-26;-6;65;1;1
-25;-15;34;0;1
-20;-23;59;0;1
-36;38;40;0;1
-47;35;35;0;1
-43;35;18;1;1
-15;-21;14;1;1
-29;-5;12;0;1
-33;-25;51;0;1
-39;-37;46;1;1
-26;-33;32;0;1
-47;-12;17;0;1
-20;-22;28;1;1
-25;42;24;0;1
-17;19;62;0;1
-36;-37;20;1;1
-26;9;19;1;1
-46;20;22;0;1
-54;1;33;0;1
-35;0;12;0;1
-18;3;49;0;1
-40;-22;52;0;1
-47;16;32;0;1
-40;9;38;0;1
-25;-23;26;1;1
-43;-23;23;1;1
-42;28;30;1;1
-48;-21;30;1;1
-45;17;38;0;1
-17;-15;10;1;1
-50;-3;28;0;1
-21;-18;61;0;1
-49;13;35;0;1
-46;20;41;0;1
-36;-8;31;0;1
-33;30;15;0;1
-58;-19;29;1;1
-19;-28;17;0;1
-32;-18;36;0;1
-33;28;37;0;1
-35;10;16;0;1
-51;5;34;1;1
-57;-17;25;1;1
-31;16;32;0;1
-49;-2;36;1;1
-60;-7;25;0;1
-41;-23;30;0;1
-17;20;58;1;1
-39;-6;11;0;1
-55;-5;21;0;1
-33;-21;52;0;1
-57;28;20;1;1
-17;-5;18;0;1
-35;0;27;1;1
-25;-27;47;0;1
-38;52;27;0;1
-32;31;30;0;1
-32;-25;54;0;1
-26;2;17;1;1
-16;-9;47;0;1
-12;-16;23;0;1
-23;-8;44;1;1
-37;-5;26;1;1
-30;-38;17;1;1
-45;-44;29;0;1
-20;-7;39;0;1
-59;-22;21;1;1
-28;3;47;1;1
-40;4;55;0;1
-37;39;46;0;1
-38;17;38;1;1
-21;-17;46;1;1
-27;-16;59;0;1
-31;-9;30;1;1
-9;12;25;1;1
-23;-10;55;0;1
-42;-19;40;1;1
-29;-21;19;0;1
-47;2;40;1;1
-26;-9;37;0;1
-15;21;38;1;1
-39;41;29;0;1
-22;-14;31;0;1
-48;-32;24;0;1
-36;-26;14;0;1
-54;12;23;0;1
-17;-28;35;1;1
-26;-28;20;0;1
-34;-6;52;0;1
-58;-12;16;0;1
-13;-17;27;0;1
-33;0;22;0;1
-48;16;14;0;1
-30;1;50;1;1
-32;2;11;1;1
-27;-37;52;0;1
-26;38;19;0;1
-35;37;40;0;1
-39;45;21;0;1
-42;18;37;0;1
-9;-13;21;0;1
-28;-21;31;1;1
-30;20;60;0;1
-16;-2;36;1;1
-27;20;57;0;1
-27;-45;40;0;1
-38;9;25;0;1
-39;37;28;0;1
-35;10;22;0;1
-16;10;49;1;1
-51;-28;40;1;1
-16;-27;22;0;1
-39;-10;18;1;1
-65;9;19;0;1
-12;-16;21;0;1
-29;-8;42;0;1
-13;15;38;0;1
-44;11;50;1;1
-48;1;44;1;1
-50;-10;23;0;1
-15;-18;22;0;1
-40;14;48;0;1
-47;-30;43;1;1
-42;44;31;0;1
-35;-54;24;0;1
-20;26;9;1;1
-27;-36;49;0;1
-54;13;41;0;1
-60;7;31;0;1
-40;12;39;0;1
-55;0;37;0;1
-22;-12;60;0;1
-43;-16;43;1;1
-18;-26;63;0;1
-26;4;46;1;1
-41;41;30;0;1
-24;-10;34;0;1
-20;33;20;1;1
-34;-31;51;0;1
-24;-35;19;1;1
-26;-14;60;0;1
-31;-32;24;0;1
-44;19;25;0;1
-32;7;28;0;1
-17;15;20;0;1
-58;17;30;1;1
-48;-11;31;0;1
-48;-1;45;0;1
-29;-25;58;0;1
-17;-19;10;0;1
-27;37;35;1;1
-34;-2;48;0;1
-41;-13;38;0;1
-44;-26;45;0;1
-40;50;29;0;1
-27;-46;29;1;1
-34;-34;26;1;1
-41;27;46;0;1
-33;-29;25;0;1
-22;-5;61;0;1
-8;-8;31;0;1
-41;-21;42;0;1
-40;33;30;1;1
-50;-25;28;1;1
-20;29;28;0;1
-41;-13;50;1;1
-27;-10;41;1;1
-35;-8;60;1;1
-41;-30;29;0;1
-27;-39;48;0;1
-20;-13;12;0;1
-52;-1;22;0;1
-24;20;29;0;1
-36;-53;30;0;1
-36;2;56;0;1
-37;-21;48;1;1
-53;-14;44;1;1
-29;47;23;1;1
-38;-33;46;1;1
-37;-5;42;1;1
-26;8;14;0;1
-33;-10;35;1;1
-34;-53;24;1;1
-52;28;17;0;1
-28;-44;43;0;1
-30;-17;15;0;1
-33;18;31;0;1
-60;-9;17;1;1
-31;-16;28;1;1
-57;-21;26;0;1
-21;8;56;0;1
-35;-7;16;0;1
-38;4;32;0;1
-28;12;54;0;1
-24;-28;21;1;1
-37;24;20;1;1
-45;7;16;0;1
-51;-1;41;1;1
-27;-46;27;1;1
-29;12;41;1;1
-38;-33;24;0;1
-26;10;12;0;1
-20;18;50;0;1
-15;-20;30;1;1
-56;6;23;0;1
-30;-13;37;0;1
-26;2;46;0;1
-19;8;18;0;1
-22;-32;51;1;1
-16;25;21;0;1
-31;51;16;0;1
-21;-23;63;0;1
-16;27;39;0;1
-52;-9;43;0;1
-52;8;45;0;1
-33;-53;17;0;1
-21;-31;52;0;1
-45;36;40;0;1
-34;29;47;1;1
-42;18;44;1;1
-23;-14;57;1;1
-28;6;23;1;1
-19;20;40;0;1
-43;-32;29;0;1
-22;22;45;0;1
-37;38;26;0;1
-25;-25;27;0;1
-51;-7;42;0;1
-28;23;35;0;1
-61;15;20;0;1
-47;-38;34;0;1
-13;-20;27;0;1
-13;-20;64;1;1
-25;7;45;0;1
-59;15;36;1;1
-7;9;23;0;1
-29;42;20;0;1
-33;39;22;1;1
-57;24;25;1;1
-57;10;27;0;1
-19;-19;65;0;1
-29;14;42;0;1
-45;-4;50;0;1
-29;-21;13;0;1
-35;51;22;0;1
-63;9;25;0;1
-33;-8;42;0;1
-42;-22;49;1;1
-31;-48;36;1;1
-43;4;56;1;1
-31;36;40;1;1
-10;8;34;0;1
-29;17;42;0;1
-38;21;52;1;1
-21;1;33;0;1
-26;11;42;0;1
-22;13;22;1;1
-29;-11;30;0;1
-51;33;36;0;1
-28;-10;30;0;1
-20;-5;19;0;1
-30;-1;57;0;1
-45;43;26;0;1
-23;-13;17;1;1
-24;21;25;0;1
-29;-48;39;0;1
-20;-3;37;1;1
-46;29;37;0;1
-55;7;17;0;1
-52;12;19;0;1
-20;-17;65;0;1
-41;35;31;1;1
-47;-21;36;0;1
-35;-45;18;0;1
-37;22;46;0;1
-48;-24;43;0;1
-36;37;19;0;1
-42;-18;32;0;1
-23;-14;58;0;1
-22;-7;61;0;1
-18;3;50;0;1
-35;1;22;1;1
-31;-2;53;0;1
-37;-2;56;1;1
-35;-27;49;1;1
-47;-5;29;1;1
-39;-26;44;0;1
-30;-10;47;0;1
-18;-22;25;1;1
-40;-16;41;0;1
-47;-10;47;0;1
-61;-12;25;0;1
-37;-11;33;1;1
-37;12;36;1;1
-47;23;25;1;1
-42;21;25;0;1
-37;1;28;1;1
-36;21;25;1;1
-21;12;10;1;1
-20;-21;33;0;1
-49;0;16;1;1
-41;-13;29;0;1
-46;31;39;0;1
-35;-19;19;0;1
-37;6;55;0;1
-43;20;44;0;1
-22;3;48;0;1
-47;32;25;0;1
-13;4;21;1;1
-27;9;28;1;1
-42;-16;55;1;1
-32;30;31;0;1
-21;-24;62;1;1
-41;22;50;0;1
-25;19;18;1;1
-37;38;16;0;1
-59;-9;17;0;1
-22;37;27;1;1
-39;-29;35;1;1
-30;-7;49;0;1
-43;28;32;0;1
-42;-30;30;0;1
-41;22;17;0;1
-25;32;20;1;1
-17;18;28;0;1
-21;4;45;0;1
-17;-24;64;1;1
-24;27;26;1;1
-43;-20;45;0;1
-51;17;15;1;1
-24;-13;8;1;1
-65;12;25;1;1
-36;19;20;1;1
-17;24;45;1;1
-27;-39;42;0;1
-30;41;47;1;1
-44;32;42;0;1
-51;5;39;1;1
-8;-12;22;1;1
-47;-4;23;0;1
-38;-48;36;0;1
-49;34;20;0;1
-29;-19;23;0;1
-45;-13;48;1;1
-57;-12;25;0;1
-29;35;21;0;1
-47;11;15;1;1
-53;-11;21;0;1
-28;28;12;0;1
-24;40;22;1;1
-43;-8;40;0;1
-31;20;44;1;1
-53;4;20;1;1
-43;-21;18;1;1
-30;-8;61;1;1
-19;-32;28;0;1
-11;16;48;0;1
-35;25;29;0;1
-33;43;24;0;1
-31;-15;10;0;1
-39;-3;49;1;1
-57;-18;30;0;1
-16;-15;54;0;1
-20;-29;14;1;1
-17;10;22;1;1
-42;-32;29;1;1
-51;-12;33;1;1
-18;2;28;0;1
-28;-28;23;1;1
-50;25;26;1;1
-48;1;16;1;1
-18;25;35;0;1
-21;-30;53;0;1
-48;-9;25;1;1
-44;-41;21;1;1
-51;-23;21;0;1
-28;16;60;0;1
-53;20;41;1;1
-26;-17;46;0;1
-41;-37;28;1;1
-28;21;34;1;1
-22;35;56;0;1
-51;-18;22;0;1
-34;-9;35;1;1
-20;1;48;1;1
-47;28;27;0;1
-17;-29;38;0;1
-47;-11;19;1;1
-39;-53;24;1;1
-23;6;47;0;1
-29;-19;13;1;1
-23;-12;33;0;1
-30;13;50;0;1
-36;50;22;1;1
-21;-28;10;0;1
-40;-27;36;0;1
-45;4;36;0;1
-24;-5;10;0;1
-42;53;19;0;1
-24;27;12;1;1
-33;40;17;0;1
-42;-3;17;0;1
-35;-21;49;0;1
-32;-43;18;0;1
-29;-29;46;0;1
-39;-15;32;1;1
-25;11;62;0;1
-17;25;36;1;1
-60;1;36;1;1
-34;-2;38;0;1
-45;-2;28;0;1
-18;-25;38;1;1
-24;-16;60;1;1
-45;38;25;0;1
-18;-12;50;1;1
-33;46;41;1;1
-16;-24;30;0;1
-35;19;27;1;1
-11;17;25;0;1
-25;1;56;1;1
-39;32;31;1;1
-16;-10;38;1;1
-31;7;18;1;1
-21;25;27;0;1
-33;50;22;1;1
-38;12;44;1;1
-41;46;32;0;1
-37;-21;12;1;1
-40;16;35;0;1
-18;23;23;0;1
-19;26;27;0;1
-18;-30;35;0;1
-23;35;39;0;1
-17;25;48;1;1
-24;29;31;0;1
-38;16;50;1;1
-38;29;41;0;1
-30;-12;13;0;1
-20;1;53;0;1
-33;37;44;0;1
-35;-16;53;1;1
-12;18;58;0;1
-49;33;20;0;1
-20;-17;61;1;1
-31;33;17;1;1
-26;34;14;0;1
-59;-19;24;0;1
-38;-10;47;0;1
-32;2;17;0;1
-41;31;45;1;1
-37;-53;19;1;1
-24;-6;21;0;1
-24;22;10;0;1
-31;-32;20;1;1
-36;-39;45;1;1
-30;-31;12;0;1
-26;12;55;1;1
-30;9;42;0;1
-65;-12;23;0;1
-44;-11;16;1;1
-59;7;26;1;1
-39;-8;51;0;1
-30;15;26;0;1
-51;-14;18;0;1
-30;-21;39;1;1
-40;-10;35;0;1
-53;25;37;0;1
-21;-36;20;0;1
-35;3;24;0;1
-32;-51;32;0;1
-50;33;34;0;1
-39;-26;18;0;1
-30;2;30;0;1
-34;-25;14;0;1
-42;36;40;1;1
-38;-2;17;1;1
-23;-24;49;0;1
-26;1;62;0;1
-42;-23;28;0;1
-23;34;27;0;1
-39;1;26;0;1
-16;19;38;1;1
-20;-23;44;1;1
-61;10;34;1;1
-32;-41;18;0;1
-50;-1;18;0;1
-50;-46;20;0;1
-44;47;27;0;1
-33;21;11;1;1
-46;-43;26;0;1
-27;-40;14;0;1
-23;-13;36;1;1
-30;-20;42;0;1
-29;20;15;0;1
-34;24;26;1;1
-52;-13;21;0;1
-38;52;21;1;1
-58;13;22;1;1
-42;-33;41;1;1
-43;-25;25;1;1
-29;7;25;0;1
-46;-1;28;0;1
-17;-16;32;0;1
-62;12;21;0;1
-47;-41;23;1;1
-57;-15;24;1;1
-48;14;48;1;1
-41;-10;47;1;1
-43;25;25;0;1
-58;18;35;0;1
-23;32;25;0;1
-65;13;20;1;1
-40;-11;57;0;1
-46;4;38;1;1
-19;4;22;1;1
-53;0;31;0;1
-34;40;34;0;1
-30;-50;34;0;1
-30;-11;36;1;1
-35;10;41;0;1
-46;-2;33;0;1
-21;18;13;1;1
-40;-43;21;1;1
-43;14;52;0;1
-20;-25;33;0;1
-39;10;29;0;1
-24;-23;19;0;1
-14;11;29;0;1
-12;17;48;1;1
-47;39;28;1;1
-11;-12;19;0;1
-25;15;34;0;1
-36;40;21;0;1
-60;-15;20;0;1
-47;-15;33;0;1
-49;15;36;1;1
-60;-1;28;0;1
-21;4;57;1;1
-21;18;29;1;1
-34;-1;26;0;1
-14;2;24;1;1
-22;22;62;1;1
-12;6;35;0;1
-34;-20;25;0;1
-37;-37;15;1;1
-28;37;14;0;1
-35;39;39;1;1
-38;54;20;0;1
-25;21;29;0;1
-37;-7;53;1;1
-29;-43;38;1;1
-22;-27;50;0;1
-35;-5;48;0;1
-22;1;24;0;1
-56;-19;39;1;1
-23;-36;36;1;1
-19;-1;31;0;1
-28;13;30;0;1
-48;-22;35;0;1
-22;12;32;1;1
-42;37;26;0;1
-46;9;52;0;1
-40;-41;17;1;1
-54;-10;39;1;1
-56;-14;18;0;1
-56;23;23;0;1
-31;9;36;1;1
-41;-7;26;0;1
-60;-7;22;0;1
-25;-4;59;0;1
-55;-5;27;0;1
-28;-6;31;1;1
-25;-9;45;1;1
-51;-32;26;0;1
-34;42;42;1;1
-38;2;13;0;1
-20;2;15;1;1
-21;3;57;1;1
-20;32;25;1;1
-46;-27;22;0;1
-19;16;55;0;1
-38;-18;33;0;1
-45;14;19;1;1
-30;-19;50;1;1
-30;-45;41;0;1
-47;-4;47;1;1
-42;49;20;0;1
-29;-7;29;1;1
-14;22;60;0;1
-37;0;16;0;1
-43;30;28;1;1
-38;-20;21;0;1
-27;11;12;1;1
-60;18;19;1;1
-47;47;20;0;1
-24;-4;35;1;1
-33;4;56;0;1
-18;11;57;1;1
-36;-20;56;0;1
-40;12;40;0;1
-53;31;32;0;1
-48;-4;32;1;1
-38;-41;29;0;1
-63;-1;25;0;1
-40;21;41;0;1
-14;-19;61;1;1
-54;-19;22;1;1
-39;-35;46;1;1
-40;-1;36;0;1
-27;-2;36;0;1
-17;-27;45;0;1
-57;-34;19;0;1
-23;-23;11;1;1
-14;14;21;0;1
-16;-25;58;0;1
-17;-8;46;0;1
-12;-15;32;0;1
-25;-23;55;0;1
-33;-40;18;0;1
-20;32;54;1;1
-24;15;39;1;1
-15;-18;61;0;1
-40;22;14;0;1
-29;5;8;0;1
-34;-39;36;0;1
-26;-30;33;1;1
-14;13;30;0;1
-26;-4;55;0;1
-17;-8;47;1;1
-25;-19;42;0;1
-20;8;30;0;1
-15;23;32;1;1
-36;-9;37;0;1
-32;27;33;0;1
-52;-25;16;0;1
-25;-27;17;1;1
-64;-2;23;0;1
-45;-22;38;0;1
-43;-11;36;1;1
-29;-6;10;0;1
-52;15;40;1;1
-15;-6;34;0;1
-41;-30;35;1;1
-42;42;19;0;1
-34;16;53;0;1
-45;22;42;0;1
-30;-22;46;0;1
-26;28;26;0;1
-53;30;22;0;1
-42;-50;27;1;1
-23;-23;19;0;1
-23;-26;36;0;1
-37;44;33;1;1
-32;30;44;1;1
-31;-14;36;0;1
-49;0;38;0;1
-21;-29;30;0;1
-25;9;58;0;1
-32;14;34;1;1
-29;37;50;0;1
-10;15;41;0;1
-38;-22;45;0;1
-36;-18;37;0;1
-30;7;49;1;1
-22;-10;60;0;1
-15;23;42;0;1
-29;-6;16;1;1
-44;-2;39;0;1
-20;15;60;0;1
-46;23;24;1;1
-17;-25;39;1;1
-24;10;26;0;1
-34;-23;25;0;1
-19;-29;62;0;1
-24;12;51;1;1
-22;6;51;1;1
-28;6;54;1;1
-58;23;19;0;1
-50;42;24;0;1
-44;26;32;0;1
-51;-27;31;0;1
-43;-47;25;1;1
-29;-33;29;0;1
-28;0;21;1;1
-15;-20;55;0;1
-53;-30;28;0;1
-32;34;15;0;1
-19;-24;31;0;1
-12;17;31;0;1
-15;-7;44;1;1
-18;-30;41;0;1
-43;28;26;1;1
-27;-21;41;0;1
-29;-2;43;0;1
-29;10;11;0;1
-25;5;29;1;1
-32;-15;19;1;1
-26;-27;11;0;1
-34;-8;16;1;1
-32;-26;19;0;1
-30;32;21;1;1
-39;-2;31;1;1
-21;25;47;0;1
-19;19;8;1;1
-39;16;56;0;1
-62;18;19;0;1
-41;23;41;0;1
-32;-3;38;0;1
-23;-39;15;0;1
-25;15;48;0;1
-33;-52;21;0;1
-23;-3;58;0;1
-30;21;28;1;1
-41;-23;20;0;1
-32;-48;27;0;1
-25;28;54;0;1
-24;-21;57;0;1
-24;14;12;0;1
-28;-6;23;0;1
-25;-20;16;0;1
-37;44;28;0;1
-25;19;32;0;1
-43;-22;45;1;1
-17;-18;40;1;1
-41;26;41;1;1
-28;-6;39;0;1
-53;30;21;0;1
-21;29;60;0;1
-43;-35;17;0;1
-59;-3;29;1;1
-42;27;43;1;1
-15;17;39;1;1
-31;0;24;1;1
-29;-34;27;0;1
-28;-31;13;0;1
-24;-3;21;0;1
-37;0;10;0;1
-26;43;49;0;1
-41;-21;44;0;1
-16;-22;55;1;1
-24;35;13;1;1
-62;-21;26;0;1
-52;-14;30;1;1
-44;19;18;1;1
-35;14;53;0;1
-52;15;15;0;1
-28;48;33;0;1
-38;7;24;0;1
-52;-19;28;0;1
-19;-17;33;0;1
-12;-5;25;0;1
-24;-3;16;1;1
-57;15;36;0;1
-25;36;41;1;1
-51;0;26;0;1
-20;-10;36;1;1
-53;40;19;0;1
-16;-24;61;0;1
-30;-45;33;0;1
-26;-7;19;0;1
-17;-10;17;0;1
-35;20;37;0;1
-42;18;22;0;1
-25;32;36;0;1
-35;6;54;0;1
-32;8;57;0;1
-45;27;37;0;1
-11;11;32;1;1
-28;12;25;0;1
-24;-9;21;0;1
-39;-10;55;0;1
-58;-29;23;1;1
-34;-25;40;0;1
-26;26;13;0;1
-15;11;18;0;1
-37;1;49;0;1
-28;-24;49;0;1
-63;13;24;0;1
-35;28;55;1;1
-46;19;35;0;1
-12;13;47;0;1
-26;32;48;0;1
-24;-35;16;0;1
-38;-12;22;1;1
-57;10;22;0;1
-32;-37;37;1;1
-18;7;26;1;1
-22;0;26;0;1
-33;-47;33;1;1
-23;-30;38;1;1
-27;-41;23;0;1
-34;-43;29;0;1
-49;-27;18;1;1
-30;-6;14;1;1
-62;-6;18;0;1
-40;-32;31;0;1
-25;-28;23;0;1
-39;11;25;1;1
-23;-5;19;0;1
-17;-17;31;1;1
-19;-14;19;0;1
-27;-9;18;0;1
-26;40;49;1;1
-39;-44;39;0;1
-32;-10;54;0;1
-15;-20;36;0;1
-42;45;35;0;1
-40;25;40;0;1
-23;13;18;1;1
-26;26;35;0;1
-45;-3;44;1;1
-53;-21;36;0;1
-34;-29;40;0;1
-38;6;51;0;1
-26;44;15;1;1
-46;7;14;0;1
-26;-3;21;1;1
-17;-27;60;0;1
-26;-27;22;0;1
-17;27;20;0;1
-29;34;40;0;1
-37;32;41;0;1
-33;-48;39;1;1
-19;-30;50;0;1
-53;21;26;0;1
-19;-19;57;0;1
-19;28;45;0;1
-19;-15;37;1;1
-26;-10;17;0;1
-29;47;35;0;1
-27;-17;40;1;1
-42;43;19;1;1
-45;12;49;1;1
-32;21;41;0;1
-40;-7;22;0;1
-41;17;46;1;1
-8;-9;24;0;1
-36;-48;20;1;1
-21;-11;57;0;1
-52;-5;25;1;1
-44;-15;50;1;1
-31;25;42;1;1
-60;-22;23;0;1
-23;-38;52;0;1
-31;-8;46;0;1
-30;-42;45;1;1
-9;12;35;1;1
-24;4;59;1;1
-20;20;33;0;1
-22;-15;44;1;1
-29;-39;43;0;1
-22;-14;53;0;1
-28;8;54;0;1
-20;-15;53;0;1
-42;16;33;1;1
-34;-24;18;1;1
-47;2;34;1;1
-21;15;15;1;1
-44;28;29;0;1
-28;7;53;0;1
-56;-16;30;1;1
-37;40;26;0;1
-29;18;25;0;1
-48;-23;42;0;1
-57;-27;28;0;1
-17;21;34;1;1
-20;2;51;0;1
-17;22;41;1;1
-56;-24;28;0;1
-36;-41;30;1;1
-46;15;49;1;1
-41;-34;34;1;1
-54;-4;21;0;1
-30;10;18;0;1
-26;-39;13;0;1
-56;27;32;0;1
-37;-49;30;1;1
-26;26;17;1;1
-41;45;20;0;1
-33;15;20;0;1
-19;-9;20;0;1
-50;-16;44;1;1
-63;20;26;0;1
-19;28;12;0;1
-60;17;24;0;1
-20;-6;51;1;1
-29;46;28;0;1
-38;-49;18;1;1
-43;-2;56;1;1
-21;32;45;0;1
-50;-28;39;0;1
-49;23;34;0;1
-48;18;30;0;1
-47;11;14;1;1
-57;5;34;1;1
-22;22;34;0;1
-16;26;13;0;1
-20;-3;25;0;1
-25;-4;32;0;1
-29;40;19;0;1
-26;26;24;1;1
-55;13;22;1;1
-26;13;30;0;1
-35;10;53;1;1
-30;51;30;0;1
-40;-35;46;0;1
-25;-4;38;0;1
-56;5;35;0;1
-48;2;21;0;1
-45;23;48;0;1
-53;-27;34;0;1
-35;48;33;1;1
-32;-12;52;0;1
-25;-10;33;0;1
-24;22;58;0;1
-17;16;25;0;1
-37;1;13;0;1
-25;-2;26;1;1
-50;5;33;1;1
-47;-1;52;1;1
-41;-50;24;1;1
-33;-18;21;0;1
-27;-30;28;0;1
-46;6;48;0;1
-42;32;29;0;1
-57;29;24;1;1
-50;-27;20;1;1
-19;28;40;0;1
-32;46;42;0;1
-20;23;61;0;1
-51;-3;33;1;1
-32;-39;32;0;1
-12;1;24;0;1
-27;-3;36;0;1
-23;15;39;0;1
-22;-9;27;0;1
-36;-35;34;0;1
-31;-31;36;1;1
-42;18;52;0;1
-26;4;62;0;1
-50;-18;27;0;1
-31;51;23;0;1
-46;-5;22;0;1
-59;30;23;0;1
-24;8;44;0;1
-28;29;43;1;1
-29;-7;44;0;1
-36;36;14;1;1
-37;54;18;0;1
-51;28;20;0;1
-36;-3;23;0;1
-45;-44;20;1;1
-25;-16;16;0;1
-31;-37;51;1;1
-39;-22;49;0;1
-45;-13;24;1;1
-37;0;39;0;1
-33;11;44;0;1
-48;14;32;0;1
-31;-25;58;1;1
-46;-41;30;1;1
-21;2;48;0;1
-33;1;23;0;1
-41;-36;15;1;1
-52;29;20;0;1
-31;-13;16;0;1
-34;9;53;0;1
-20;-31;52;0;1
-16;-7;40;0;1
-14;-24;58;1;1
-33;7;57;1;1
-21;12;65;0;1
-35;-7;29;1;1
-36;-8;53;0;1
-56;-17;23;1;1
-26;13;9;0;1
-41;4;44;1;1
-29;42;29;0;1
-36;31;26;1;1
-29;15;58;0;1
-36;18;16;0;1
-27;32;28;1;1
-34;4;39;0;1
-36;5;31;1;1
-35;-18;27;0;1
-18;12;53;1;1
-23;11;32;1;1
-36;10;16;1;1
-40;35;40;0;1
-30;-42;29;0;1
-36;-43;19;1;1
-18;-1;31;0;1
-37;-44;26;0;1
-25;-21;16;0;1
-33;38;17;1;1
-42;22;16;1;1
-55;25;25;1;1
-18;4;32;0;1
-17;17;54;0;1
-46;30;16;0;1
-47;-13;48;1;1
-24;7;40;0;1
-33;-28;34;0;1
-35;5;28;1;1
-29;-32;20;0;1
-30;-47;16;0;1
-24;-13;54;1;1
-41;16;47;0;1
-33;-24;24;0;1
-29;26;23;0;1
-18;24;63;1;1
-24;2;20;0;1
-54;-4;39;1;1
-32;10;44;0;1
-50;-27;35;0;1
-33;-23;39;1;1
-39;41;25;0;1
-54;18;40;0;1
-21;18;25;0;1
-46;6;42;0;1
-24;6;60;1;1
-56;-12;16;1;1
-33;37;24;0;1
-39;21;32;0;1
-32;27;13;1;1
-30;43;19;1;1
-35;14;36;1;1
-26;44;35;1;1
-18;0;24;0;1
-24;11;16;0;1
-28;-28;25;1;1
-37;-2;32;0;1
-26;3;50;0;1
-44;-48;19;0;1
-35;-9;56;1;1
-28;44;43;0;1
-46;-38;29;0;1
-59;-29;21;1;1
-22;-4;34;1;1
-20;12;36;1;1
-49;3;39;1;1
-34;24;35;0;1
-17;24;35;0;1
-26;-11;63;0;1
-27;-30;53;0;1
-28;-5;58;0;1
-22;31;24;0;1
-21;23;45;0;1
-30;27;33;1;1
-61;3;20;1;1
-17;16;50;0;1
-11;14;43;0;1
-56;12;18;1;1
-25;-32;40;0;1
-35;-43;21;0;1
-51;43;21;0;1
-44;43;17;1;1
-49;-17;31;0;1
-18;19;41;0;1
-64;-1;26;0;1
-51;35;18;1;1
-58;-7;22;1;1
-37;12;43;0;1
-25;-9;19;0;1
-11;11;20;0;1
-33;14;21;0;1
-56;-7;25;0;1
-21;24;63;0;1
-53;1;33;0;1
-35;30;17;0;1
-41;25;14;0;1
-40;26;37;0;1
-43;27;49;0;1
-12;-16;16;0;1
-56;-20;28;0;1
-42;-5;19;0;1
-50;-27;25;0;1
-22;-6;44;0;1
-27;19;17;0;1
-18;-31;53;0;1
-23;-31;29;0;1
-29;-49;40;0;1
-51;11;45;0;1
-19;5;33;1;1
-21;3;48;1;1
-28;2;43;1;1
-39;-33;18;1;1
-12;15;47;0;1
-23;-8;63;0;1
-40;1;17;0;1
-36;-28;54;0;1
-57;5;23;0;1
-51;6;17;1;1
-22;-20;56;0;1
-25;21;42;1;1
-51;-30;17;1;1
-53;-33;25;1;1
-46;-14;21;1;1
-26;20;50;0;1
-48;-30;35;0;1
-30;2;58;1;1
-13;21;10;1;1
-24;-14;46;1;1
-49;-27;16;1;1
-26;3;28;1;1
-30;-3;46;0;1
-25;-36;18;0;1
-54;4;35;0;1
-27;-22;13;0;1
-48;-9;21;1;1
-8;-7;28;0;1
-36;25;16;0;1
-35;16;37;0;1
-62;12;30;0;1
-45;33;27;0;1
-33;22;47;0;1
-17;-17;63;1;1
-33;32;21;0;1
-19;21;39;0;1
-40;48;24;0;1
-48;40;29;0;1
-55;27;24;0;1
-56;38;21;0;1
-24;1;40;0;1
-57;-20;25;1;1
-43;10;46;0;1
-45;-13;42;1;1
-35;13;51;0;1
-44;-7;23;0;1
-16;20;44;0;1
-46;-19;44;0;1
-17;29;28;0;1
-52;-16;33;0;1
-32;-23;54;0;1
-41;-7;17;0;1
-23;32;55;1;1
-21;26;53;1;1
-13;21;20;1;1
-47;-19;48;1;1
-43;-43;36;1;1
-17;23;45;0;1
-43;12;36;1;1
-41;38;33;1;1
-29;11;38;0;1
-40;7;55;1;1
-12;16;36;0;1
-30;-9;20;0;1
-52;5;30;0;1
-30;-32;53;0;1
-44;-41;25;0;1
-46;-29;41;0;1
-31;5;52;1;1
-41;9;12;0;1
-38;12;51;1;1
-11;-19;19;0;1
-32;-44;28;0;1
-17;-20;17;0;1
-10;16;42;1;1
-52;-28;28;1;1
-35;-15;16;0;1
-38;12;14;0;1
-43;35;27;0;1
-21;6;34;1;1
-25;-18;20;1;1
-14;17;26;0;1
-55;7;29;1;1
-40;29;15;1;1
-17;24;43;0;1
-26;17;32;0;1
-36;-3;21;0;1
-28;47;36;1;1
-16;13;25;1;1
-39;-32;44;1;1
-28;-28;53;0;1
-37;34;23;1;1
-18;20;35;1;1
-24;-13;22;1;1
-36;33;25;0;1
-36;38;35;0;1
-56;21;27;0;1
-27;-25;37;0;1
-51;-26;40;0;1
-20;30;11;0;1
-63;-21;23;1;1
-25;42;29;0;1
-29;17;49;0;1
-29;7;59;0;1
-26;43;26;0;1
-32;22;31;1;1
-24;40;39;0;1
-19;2;26;0;1
-20;-27;16;1;1
-19;-15;64;0;1
-25;-19;27;1;1
-20;24;40;0;1
-28;29;37;0;1
-36;-19;46;0;1
-30;-34;17;0;1
-28;24;57;1;1
-43;4;24;0;1
-28;-2;45;1;1
-28;33;41;1;1
-37;-36;39;0;1
-48;-21;47;0;1
-31;-4;36;0;1
-43;-23;15;0;1
-45;31;17;0;1
-28;37;36;1;1
-14;23;27;1;1
-54;-10;28;0;1
-24;3;27;0;1
-34;6;37;1;1
-31;-19;18;0;1
-58;-5;32;0;1
-24;38;33;0;1
-43;29;25;1;1
-37;-17;30;0;1
-21;-17;30;0;1
-12;-17;41;0;1
-39;-44;16;0;1
-35;-31;20;0;1
-29;-32;32;0;1
-38;43;33;1;1
-16;-4;41;0;1
-32;10;41;0;1
-22;-17;29;0;1
-56;20;20;0;1
-29;-33;20;0;1
-24;20;20;1;1
-25;36;22;0;1
-34;35;49;0;1
-47;-21;24;1;1
-24;35;27;0;1
-47;-20;21;1;1
-37;34;15;1;1
-63;1;27;0;1
-26;45;22;0;1
-26;17;20;1;1
-35;-29;53;1;1
-33;-35;29;0;1
-37;10;47;1;1
-14;-12;39;1;1
-24;-32;20;0;1
-34;-45;25;0;1
-62;-8;33;0;1
-37;12;48;0;1
-41;-22;22;0;1
-21;7;52;0;1
-15;8;45;0;1
-30;36;41;1;1
-43;30;29;1;1
-30;-28;13;0;1
-30;29;20;0;1
-40;-17;53;0;1
-22;2;11;1;1
-58;1;30;1;1
-42;-14;47;0;1
-35;1;10;0;1
-29;-8;12;0;1
-24;-31;57;0;1
-46;-27;36;1;1
-29;-26;48;0;1
-19;25;54;0;1
-45;9;36;1;1
-30;-24;41;0;1
-30;-15;9;1;1
-26;-5;42;0;1
-38;28;32;0;1
-29;18;62;0;1
-24;10;22;1;1
-32;26;17;1;1
-27;2;47;0;1
-37;-28;47;0;1
-34;8;51;0;1
-16;-10;43;0;1
-34;3;60;0;1
-20;-14;33;0;1
-17;-17;60;0;1
-17;13;38;0;1
-50;22;39;0;1
-33;19;39;0;1
-45;-7;35;0;1
-28;23;10;1;1
-48;8;17;0;1
-34;6;21;1;1
-18;8;18;1;1
-31;26;16;0;1
-35;7;25;1;1
-39;36;29;0;1
-38;-13;30;1;1
-25;-10;45;1;1
-42;-51;21;1;1
-53;26;19;1;1
-27;33;50;0;1
-41;5;45;0;1
-23;-5;37;0;1
-55;17;17;1;1
-32;-13;26;0;1
-19;-12;45;1;1
-36;-6;54;1;1
-26;-33;40;0;1
-17;-28;56;0;1
-45;-17;49;0;1
-47;18;50;0;1
-56;30;22;1;1
-30;-23;41;0;1
-46;-28;28;0;1
-51;18;26;1;1
-38;41;38;1;1
-40;39;31;1;1
-47;-8;32;1;1
-39;32;47;0;1
-32;-27;41;1;1
-34;11;18;0;1
-44;4;39;0;1
-13;16;25;0;1
-15;17;58;1;1
-25;-26;17;0;1
-25;8;33;1;1
-27;1;57;0;1
-61;-26;20;0;1
-43;-27;18;1;1
-60;-9;26;0;1
-43;-2;35;0;1
-58;-28;25;0;1
-42;-21;49;0;1
-30;-23;20;1;1
-26;-20;30;0;1
-47;-11;29;0;1
-49;0;30;1;1
-37;46;21;0;1
-40;7;11;0;1
-58;-12;24;0;1
-33;-21;35;0;1
-35;-49;20;0;1
-30;18;56;1;1
-65;-13;18;0;1
-34;-20;18;1;1
-52;11;35;1;1
-18;-29;59;1;1
-26;14;16;0;1
-35;1;24;1;1
-55;15;40;1;1
-60;-4;27;0;1
-46;-37;36;0;1
-38;-2;56;1;1
-25;16;23;1;1
-29;-35;28;0;1
-35;-2;10;0;1
-40;7;20;0;1
-21;-22;46;0;1
-39;-23;13;1;1
-23;7;29;0;1
-46;8;20;0;1
-37;30;52;0;1
-35;-23;17;0;1
-19;22;39;1;1
-15;20;26;1;1
-49;16;33;0;1
-23;-13;65;1;1
-67;-12;19;0;1
-34;45;18;0;1
-16;19;59;1;1
-44;-1;49;0;1
-17;12;43;0;1
-21;32;55;1;1
-40;-13;57;1;1
-60;22;21;0;1
-57;-21;34;0;1
-28;-38;53;0;1
-13;0;21;0;1
-34;6;62;0;1
-29;-2;55;0;1
-21;9;42;1;1
-14;18;43;0;1
-31;-6;53;1;1
-47;5;20;1;1
-7;9;30;1;1
-55;1;43;1;1
-28;30;14;0;1
-32;-9;10;0;1
-13;7;29;0;1
-43;-40;28;0;1
-21;30;19;0;1
-41;48;24;0;1
-55;9;41;1;1
-32;-4;32;0;1
-21;-17;11;1;1
-53;16;42;0;1
-10;15;18;0;1
-26;2;16;1;1
-57;-3;18;0;1
-40;-12;53;0;1
-40;-24;35;0;1
-18;-29;34;1;1
-45;10;38;0;1
-33;8;19;1;1
-21;-28;35;1;1
-52;-19;33;0;1
-39;-37;21;0;1
-56;-33;25;0;1
-26;21;31;1;1
-31;7;62;0;1
-22;-12;49;0;1
-39;14;18;0;1
-39;7;50;1;1
-26;41;36;0;1
-15;-12;25;1;1
-44;-15;47;0;1
-21;14;53;0;1
-43;15;25;0;1
-19;24;24;1;1
-19;16;8;0;1
-34;35;31;0;1
-43;-22;17;0;1
-60;10;31;1;1
-44;17;40;0;1
-53;10;19;0;1
-17;11;25;1;1
-20;-23;13;1;1
-40;-34;36;0;1
-34;23;46;1;1
-16;-18;59;0;1
-57;17;17;1;1
-16;-26;19;1;1
-17;21;56;0;1
-48;-18;20;1;1
-41;1;17;0;1
-15;-17;33;1;1
-25;29;36;1;1
-56;-24;25;1;1
-39;4;39;0;1
-18;-14;15;0;1
-25;-25;42;1;1
-29;-43;14;1;1
-22;4;43;0;1
-37;27;53;0;1
-36;43;23;0;1
-33;-36;42;0;1
-14;-12;17;1;1
-39;-8;57;1;1
-30;-25;40;1;1
-30;22;19;0;1
-44;42;27;0;1
-25;-13;57;0;1
-22;1;28;1;1
-48;-29;39;1;1
-21;-26;47;1;1
-55;-3;33;1;1
-20;21;24;0;1
-13;22;54;0;1
-36;-21;17;1;1
-18;13;59;0;1
-44;18;22;0;1
-60;-7;31;0;1
-31;0;40;1;1
-23;-25;39;1;1
-33;33;17;1;1
-19;-11;16;1;1
-36;2;26;0;1
-46;-31;25;1;1
-36;-24;53;0;1
-66;-3;26;0;1
-34;27;42;0;1
-23;7;8;0;1
-18;27;27;0;1
-10;-16;27;0;1
-48;-9;43;0;1
-19;-14;32;0;1
-36;33;40;0;1
-29;-13;9;0;1
-22;-32;21;1;1
-30;2;56;0;1
-14;-10;35;0;1
-33;3;50;0;1
-25;-14;57;0;1
-19;6;45;0;1
-27;19;38;0;1
-40;-28;38;0;1
-51;-13;38;0;1
-24;18;32;0;1
-40;5;24;1;1
-44;-5;16;0;1
-54;1;31;1;1
-24;11;48;0;1
-29;36;14;1;1
-35;-30;39;0;1
-28;19;42;0;1
-26;-11;29;1;1
-57;-17;27;0;1
-58;-14;17;0;1
-19;18;16;0;1
-31;-30;50;0;1
-55;26;32;0;1
-24;17;12;0;1
-17;26;34;0;1
-30;-29;19;1;1
-51;-18;34;0;1
-35;7;60;0;1
-22;9;39;0;1
-22;26;16;0;1
-9;-9;33;1;1
-15;0;35;0;1
-29;26;46;0;1
-43;-25;35;1;1
-47;-39;25;0;1
-22;23;13;0;1
-16;27;57;0;1
-25;-6;17;0;1
-41;-45;28;1;1
-27;-2;8;1;1
-53;33;29;1;1
-46;1;24;1;1
-24;11;47;0;1
-28;14;9;0;1
-20;6;18;1;1
-47;2;30;1;1
-17;7;33;1;1
-26;37;53;1;1
-48;-21;42;1;1
-34;-38;23;0;1
-40;28;43;0;1
-35;17;25;0;1
-21;-14;38;1;1
-37;-2;20;0;1
-25;-23;56;0;1
-43;-37;31;0;1
-32;-44;41;0;1
-46;-28;15;0;1
-30;-48;23;0;1
-49;-1;32;0;1
-24;27;38;1;1
-44;-26;28;0;1
-33;-30;53;0;1
-42;32;36;1;1
-24;30;51;0;1
-38;4;43;0;1
-30;38;47;0;1
-22;27;13;1;1
-30;3;17;1;1
-22;-20;25;0;1
-33;-30;12;0;1
-17;10;20;1;1
-37;52;30;0;1
-38;-31;27;1;1
-16;16;24;0;1
-27;31;42;0;1
-23;-8;45;1;1
-36;-38;30;1;1
-18;2;31;1;1
-25;33;26;0;1
-28;28;53;1;1
-37;-24;38;1;1
-41;-26;46;0;1
-39;4;29;0;1
-34;43;32;1;1
-32;6;45;0;1
-51;-7;37;0;1
-44;-24;42;0;1
-32;-41;46;0;1
-17;6;20;0;1
-41;-7;43;0;1
-24;-34;49;0;1
-49;32;34;0;1
-49;-10;38;1;1
-18;6;51;0;1
-20;0;40;1;1
-26;-20;16;0;1
-34;-2;20;0;1
-19;-11;31;0;1
-34;33;26;1;1
-31;37;13;1;1
-52;-25;22;1;1
-50;-28;17;0;1
-39;0;47;1;1
-13;-21;63;0;1
-37;36;27;0;1
-57;-10;30;0;1
-34;-29;21;0;1
-35;18;38;0;1
-58;-3;27;1;1
-35;34;22;0;1
-52;34;27;1;1
-42;30;39;1;1
-21;-26;49;0;1
-34;21;24;0;1
-38;22;19;1;1
-16;-9;17;0;1
-49;3;30;0;1
-23;18;19;0;1
-44;-8;43;0;1
-43;6;13;1;1
-38;-3;24;0;1
-41;-4;17;0;1
-27;-24;47;0;1
-33;3;21;1;1
-25;29;30;0;1
-24;18;27;0;1
-43;34;18;1;1
-35;25;54;0;1
-54;-2;23;0;1
-11;11;25;1;1
-41;21;32;0;1
-32;-9;16;0;1
-36;-37;30;0;1
-48;36;25;0;1
-31;-6;42;1;1
-43;32;35;1;1
-15;-23;56;0;1
-38;21;49;1;1
-54;26;27;0;1
-34;51;19;0;1
-28;-20;35;1;1
-24;30;40;1;1
-34;21;21;0;1
-35;29;15;0;1
-46;-33;27;1;1
-35;43;15;0;1
-40;-14;16;0;1
-28;22;18;0;1
-32;-37;24;0;1
-17;22;15;0;1
-31;-39;31;0;1
-27;7;58;0;1
-28;-16;52;0;1
-44;-40;33;0;1
-46;13;20;1;1
-23;17;18;0;1
-35;5;55;0;1
-21;0;47;1;1
-45;22;45;0;1
-28;-36;13;1;1
-23;-36;21;0;1
-63;23;18;1;1
-38;22;22;0;1
-57;11;27;0;1
-49;30;39;0;1
-31;35;41;0;1
-20;30;33;1;1
-28;30;32;0;1
-17;7;29;0;1
-51;-14;37;0;1
-11;15;41;0;1
-24;10;36;1;1
-26;19;30;1;1
-25;19;48;0;1
-29;-19;31;0;1
-30;16;40;1;1
-22;-4;24;0;1
-45;-34;32;0;1
-40;-33;16;1;1
-42;7;19;1;1
-35;-12;19;1;1
-29;-47;42;0;1
-16;-13;49;0;1
-49;10;33;1;1
-36;37;46;0;1
-29;11;24;0;1
-19;11;25;1;1
-47;20;15;1;1
-14;22;37;0;1
-24;7;61;1;1
-22;-10;10;1;1
-52;12;31;1;1
-48;-35;25;0;1
-35;-33;26;0;1
-26;19;31;0;1
-29;35;37;1;1
-37;-20;23;0;1
-36;45;16;1;1
-41;16;43;0;1
-29;-19;58;0;1
-30;-8;11;1;1
-28;28;19;0;1
-25;-2;7;0;1
-37;44;31;0;1
-16;1;21;0;1
-23;-13;19;0;1
-14;19;57;1;1
-18;-7;30;0;1
-29;-28;11;1;1
-30;30;45;0;1
-12;-8;26;0;1
-44;21;30;1;1
-32;-41;23;1;1
-16;18;53;1;1
-46;-39;34;0;1
-48;25;28;1;1
-54;-12;18;0;1
-44;-29;30;0;1
-29;-30;30;1;1
-32;-27;12;1;1
-27;25;56;0;1
-27;22;30;0;1
-27;41;14;0;1
-48;-33;39;1;1
-41;-6;19;1;1
-19;1;42;0;1
-29;-37;43;1;1
-42;-33;43;0;1
-59;-17;27;1;1
-12;4;26;1;1
-46;26;23;1;1
-38;11;22;0;1
-18;-4;30;0;1
-26;-21;9;0;1
-27;36;24;0;1
-23;-7;31;1;1
-20;31;14;0;1
-32;-42;43;1;1
-45;-27;30;1;1
-28;-3;59;0;1
-28;21;57;1;1
-12;18;24;1;1
-31;24;56;0;1
-38;-34;40;1;1
-23;-15;47;0;1
-31;13;50;0;1
-30;-42;24;0;1
-45;-14;13;1;1
-43;-29;39;1;1
-32;29;21;1;1
-31;-21;29;1;1
-48;-6;38;0;1
-22;24;50;1;1
-23;-31;54;0;1
-17;22;39;1;1
-18;-3;39;0;1
-14;20;57;0;1
-31;46;37;1;1
-51;-34;32;0;1
-56;-22;22;0;1
-47;-28;28;0;1
-26;-38;21;0;1
-20;33;54;0;1
-29;25;29;1;1
-37;-6;35;1;1
-30;31;24;0;1
-39;-36;38;0;1
-22;20;52;0;1
-43;-34;24;0;1
-37;11;56;0;1
-41;-24;41;0;1
-31;-47;20;0;1
-61;8;35;1;1
-14;-11;36;0;1
-20;17;46;0;1
-26;-12;9;0;1
-51;-10;24;1;1
-40;5;53;0;1
-38;-8;14;1;1
-25;-13;53;1;1
-41;4;34;0;1
-37;-12;36;1;1
-61;23;25;1;1
-34;10;43;0;1
-36;-4;31;1;1
-57;-27;25;0;1
-31;-41;42;0;1
-51;40;19;0;1
-24;26;15;1;1
-23;-8;55;0;1
-22;11;16;0;1
-41;-28;23;0;1
-36;-45;33;0;1
-48;-21;32;0;1
-34;-13;22;0;1
-14;-5;21;0;1
-51;-33;30;1;1
-16;19;34;0;1
-14;18;49;1;1
-47;1;19;0;1
-44;-40;35;0;1
-24;-17;13;1;1
-14;4;30;0;1
-21;23;26;0;1
-43;-43;28;0;1
-64;13;27;0;1
-49;-17;15;0;1
-20;-4;43;1;1
-18;23;51;0;1
-45;23;33;0;1
-23;-4;34;1;1
-28;-33;47;0;1
-46;30;21;1;1
-38;15;26;0;1
-25;38;52;0;1
-23;-34;43;0;1
-27;-14;48;1;1
-37;-30;29;0;1
-46;30;20;0;1
-39;17;30;1;1
-57;28;25;1;1
-45;-7;19;1;1
-57;26;25;1;1
-35;36;22;0;1
-30;-33;18;1;1
-66;-9;18;0;1
-50;31;16;0;1
-20;-13;60;1;1
-34;22;13;0;1
-18;8;16;0;1
-30;-2;55;0;1
-47;-47;22;0;1
-39;40;17;1;1
-46;-45;28;1;1
-33;-17;43;1;1
-32;33;42;1;1
-36;20;20;0;1
-48;43;28;0;1
-44;-15;16;0;1
-36;-26;29;1;1
-18;-16;8;0;1
-27;31;38;0;1
-45;-23;32;0;1
-32;43;18;0;1
-8;12;37;0;1
-47;-7;22;0;1
-53;-5;24;0;1
-58;-26;22;0;1
-37;38;36;0;1
-26;-33;13;1;1
-42;30;45;0;1
-26;34;54;0;1
-25;-1;7;0;1
-29;-30;15;0;1
-50;-5;30;1;1
-62;-4;23;1;1
-26;-4;47;0;1
-33;-19;23;1;1
-43;25;21;0;1
-44;48;23;0;1
-20;17;44;0;1
-42;11;23;0;1
-38;6;24;0;1
-64;-8;28;0;1
-29;26;13;0;1
-29;-17;29;0;1
-42;0;49;0;1
-61;-18;19;1;1
-19;-27;61;0;1
-46;12;42;0;1
-39;-9;50;0;1
-33;-15;10;0;1
-48;-33;28;0;1
-23;-5;47;0;1
-35;8;26;0;1
-39;44;36;0;1
-65;8;27;0;1
-33;-17;26;0;1
-35;43;22;1;1
-37;14;22;1;1
-18;28;29;1;1
-52;1;37;0;1
-35;-8;55;1;1
-23;-2;34;0;1
-29;-14;15;0;1
-20;32;44;0;1
-36;41;26;0;1
-25;34;15;0;1
-56;24;17;1;1
-34;34;26;1;1
-21;-4;19;1;1
-17;29;46;0;1
-18;12;16;1;1
-11;-18;53;0;1
-32;44;27;0;1
-29;-17;16;1;1
-41;53;22;0;1
-46;37;37;0;1
-17;-18;58;0;1
-38;27;15;0;1
-18;-19;53;1;1
-54;-32;32;1;1
-48;-24;29;0;1
-46;36;18;0;1
-39;0;59;1;1
-23;-14;47;0;1
-31;-7;22;0;1
-15;-20;16;1;1
-48;-28;33;0;1
-24;16;51;0;1
-63;-2;28;0;1
-46;21;18;0;1
-58;-6;37;1;1
-20;-8;51;0;1
-40;38;24;1;1
-24;6;45;0;1
-21;-23;21;0;1
-30;-22;21;0;1
-37;-47;21;1;1
-24;-19;55;0;1
-47;-5;17;0;1
-32;-10;24;1;1
-15;20;33;0;1
-38;55;23;0;1
-38;-45;31;0;1
-36;-29;39;1;1
-30;6;48;0;1
-48;32;41;0;1
-44;7;46;0;1
-21;-9;36;1;1
-57;-1;36;1;1
-23;16;27;0;1
-30;-28;24;0;1
-54;25;38;0;1
-33;-9;29;0;1
-21;-4;20;1;1
-16;26;16;0;1
-44;17;46;1;1
-35;-46;38;0;1
-21;-27;45;0;1
-41;33;44;0;1
-34;35;29;1;1
-30;-11;20;1;1
-42;43;27;0;1
-34;3;49;1;1
-29;41;37;0;1
-19;26;21;0;1
-57;-12;40;0;1
-28;-3;51;1;1
-23;-21;9;1;1
-23;-20;46;0;1
-25;-24;40;1;1
-22;11;37;0;1
-48;-14;47;0;1
-46;10;36;1;1
-38;-29;29;1;1
-51;0;14;0;1
-24;23;15;0;1
-21;12;31;1;1
-16;-20;25;0;1
-47;40;25;0;1
-37;-27;17;0;1
-26;-3;10;1;1
-40;-22;15;1;1
-25;-41;27;1;1
-45;-23;27;0;1
-29;-7;39;0;1
-15;19;11;1;1
-39;25;38;1;1
-33;-40;25;0;1
-22;15;28;0;1
-30;-9;28;0;1
-49;-4;25;0;1
-31;-30;49;0;1
-35;-22;42;0;1
-27;30;42;0;1
-16;21;64;0;1
-28;48;37;0;1
-18;8;25;0;1
-25;-23;17;0;1
-32;-40;39;0;1
-31;-51;24;0;1
-33;45;31;0;1
-35;15;59;0;1
-56;-8;20;0;1
-40;-24;53;0;1
-13;14;24;1;1
-36;-6;55;1;1
-19;-16;10;0;1
-50;36;34;0;1
-25;-40;36;0;1
-47;-44;28;1;1
-37;-5;39;0;1
-33;-2;44;0;1
-28;-26;45;1;1
-17;-11;29;0;1
-23;-20;9;0;1
-42;-42;24;0;1
-31;8;63;0;1
-43;40;22;0;1
-62;21;22;0;1
-16;-4;42;0;1
-27;25;23;0;1
-49;34;30;1;1
-14;-15;20;1;1
-46;-29;27;0;1
-30;-41;46;0;1
-43;22;19;0;1
-26;20;24;1;1
-33;13;52;0;1
-36;-7;16;0;1
-35;-4;25;0;1
-20;9;20;0;1
-51;-1;35;0;1
-37;30;40;1;1
-28;-40;32;0;1
-20;24;12;0;1
-43;-39;33;0;1
-43;21;51;0;1
-37;13;24;0;1
-44;-5;29;1;1
-46;-13;33;0;1
-54;-13;42;0;1
-45;-1;47;0;1
-24;26;56;1;1
-28;-7;45;1;1
-46;-30;36;0;1
-28;-38;17;1;1
-18;30;22;0;1
-32;-33;13;1;1
-18;11;54;0;1
-27;-21;55;0;1
-52;-26;36;0;1
-28;-45;29;0;1
-26;13;35;0;1
-30;-19;20;1;1
-20;-4;39;0;1
-38;-29;25;1;1
-33;-40;22;0;1
-20;-6;52;0;1
-25;5;14;1;1
-26;9;22;0;1
-26;2;26;0;1
-38;-23;20;1;1
-26;21;30;0;1
-42;-34;44;0;1
-41;14;50;0;1
-42;4;35;1;1
-52;-20;44;0;1
-65;9;27;0;1
-57;10;26;0;1
-32;-8;14;1;1
-64;2;29;0;1
-48;2;17;1;1
-59;5;29;0;1
-22;7;55;0;1
-20;-8;43;1;1
-34;-33;30;0;1
-38;24;35;0;1
-41;38;16;0;1
-68;7;19;1;1
-16;20;15;0;1
-39;7;17;0;1
-47;37;22;0;1
-30;38;41;0;1
-24;-39;18;0;1
-39;12;35;0;1
-44;-47;30;1;1
-37;14;44;0;1
-22;13;56;0;1
-24;37;21;0;1
-33;-8;11;0;1
-24;-29;32;0;1
-37;9;41;0;1
-28;48;29;0;1
-32;-35;26;0;1
-34;25;29;0;1
-26;-1;48;1;1
-33;-15;46;1;1
-33;-21;32;0;1
-39;-27;39;1;1
-18;24;38;0;1
-32;12;48;0;1
-18;18;65;0;1
-34;-8;33;0;1
-38;-4;42;0;1
-27;-41;18;0;1
-16;-18;25;1;1
-30;41;29;1;1
-19;30;52;0;1
-25;-30;41;1;1
-37;-23;19;0;1
-12;18;56;1;1
-47;11;13;0;1
-20;-6;31;1;1
-23;15;9;1;1
-39;37;21;1;1
-33;41;17;0;1
-24;-5;65;1;1
-14;7;32;0;1
-17;-15;40;1;1
-54;4;16;1;1
-19;-23;40;1;1
-42;-9;13;0;1
-45;45;27;0;1
-32;23;37;0;1
-23;-30;23;0;1
-30;30;25;0;1
-33;-29;13;0;1
-33;-5;13;1;1
-40;19;48;0;1
-49;30;33;1;1
-14;17;59;0;1
-19;-16;43;0;1
-13;-21;35;0;1
-53;-3;17;0;1
-37;8;31;0;1
-35;-34;46;1;1
-26;10;54;0;1
-44;-24;47;1;1
-53;-34;24;0;1
-36;-19;54;0;1
-29;-1;42;0;1
-33;6;31;0;1
-53;33;19;0;1
-38;32;23;0;1
-33;43;38;0;1
-31;15;21;0;1
-32;13;16;0;1
-20;20;36;1;1
-48;8;25;1;1
-14;20;40;1;1
-15;-24;56;0;1
-32;6;44;1;1
-30;-36;47;0;1
-43;18;30;0;1
-59;20;25;0;1
-43;12;50;0;1
-27;5;13;0;1
-16;-18;45;0;1
-30;-1;32;1;1
-55;-20;39;1;1
-36;31;42;0;1
-52;-13;42;0;1
-31;-7;51;1;1
-31;22;13;1;1
-36;1;18;0;1
-52;10;25;1;1
-45;-18;15;1;1
-24;26;55;0;1
-37;-20;25;0;1
-17;-19;25;1;1
-22;-25;48;0;1
-32;-19;23;1;1
-19;-14;17;0;1
-33;-29;33;1;1
-35;12;42;1;1
-38;-23;29;1;1
-47;5;37;1;1
-21;12;32;1;1
-60;-4;25;0;1
-45;-37;30;0;1
-55;-21;37;0;1
-29;19;45;0;1
-39;-36;36;0;1
-38;-42;23;0;1
-46;41;26;0;1
-36;10;18;1;1
-41;-18;40;0;1
-26;-5;23;1;1
-56;-4;24;1;1
-49;-40;25;1;1
-24;-7;35;1;1
-23;-36;29;0;1
-28;-39;25;1;1
-61;25;25;1;1
-12;19;36;0;1
-32;-54;19;0;1
-15;-19;16;0;1
-32;-45;26;1;1
-15;24;41;0;1
-36;-36;48;0;1
-39;21;38;1;1
-24;10;15;0;1
-34;-11;25;1;1
-43;-47;29;1;1
-48;-17;44;0;1
-36;-35;47;1;1
-28;18;53;1;1
-53;-39;24;1;1
-22;-25;9;0;1
-27;-46;23;0;1
-54;11;19;0;1
-21;-13;47;1;1
-18;21;58;0;1
-38;32;20;1;1
-67;-9;20;0;1
-22;-31;47;0;1
-24;-11;64;0;1
-46;-1;25;1;1
-38;-41;37;0;1
-9;14;37;1;1
-22;-27;23;0;1
-33;-1;45;0;1
-26;28;13;1;1
-43;-19;44;0;1
-48;-41;24;0;1
-59;-7;22;0;1
-19;21;59;1;1
-20;-13;41;0;1
-33;19;21;0;1
-16;-16;17;1;1
-36;-16;46;0;1
-28;23;56;0;1
-19;10;28;1;1
-29;-50;19;0;1
-20;-30;43;0;1
-41;-25;27;0;1
-49;24;18;0;1
-53;9;46;0;1
-46;15;48;0;1
-23;6;24;0;1
-24;21;23;1;1
-45;-17;20;1;1
-18;-19;21;0;1
-37;-35;44;0;1
-56;24;18;0;1
-17;11;39;0;1
-20;15;18;0;1
-43;-12;33;0;1
-61;22;28;0;1
-47;-8;13;0;1
-24;-5;54;0;1
-25;35;18;1;1
-48;-18;22;0;1
-14;-18;38;1;1
-29;-48;38;0;1
-21;22;64;0;1
-57;19;17;1;1
-45;16;21;0;1
-53;16;17;1;1
-50;-5;27;0;1
-32;-39;40;0;1
-23;20;16;0;1
-31;14;57;1;1
-20;30;56;0;1
-44;28;18;1;1
-36;-16;42;1;1
-15;-10;28;0;1
-41;-2;41;0;1
-32;-22;44;1;1
-26;-11;51;0;1
-28;5;49;1;1
-27;-34;13;1;1
-9;-9;31;0;1
-31;19;49;0;1
-45;32;29;1;1
-30;-3;59;1;1
-29;-46;45;0;1
-40;5;51;0;1
-46;-23;15;0;1
-44;-26;20;1;1
-48;-10;40;1;1
-29;43;28;0;1
-21;-5;31;0;1
-40;33;36;1;1
-48;41;27;0;1
-27;-20;24;0;1
-33;-27;44;0;1
-17;19;22;0;1
-7;12;27;0;1
-64;3;24;0;1
-44;32;39;0;1
-17;29;58;0;1
-7;-12;34;0;1
-54;-30;35;1;1
-43;38;31;1;1
-13;-5;26;0;1
-28;-20;41;0;1
-60;11;22;0;1
-49;-10;20;1;1
-28;-37;34;0;1
-13;5;32;0;1
-31;3;23;0;1
-25;-28;60;0;1
-40;-37;35;0;1
-32;-33;15;0;1
-53;22;23;0;1
-24;-34;32;1;1
-30;-16;41;0;1
-25;-5;29;1;1
-61;-25;24;0;1
-44;6;12;1;1
-25;-42;20;1;1
-59;-15;31;0;1
-20;-10;52;0;1
-14;23;25;0;1
-19;16;9;1;1
-14;-24;16;0;1
-44;-12;15;0;1
-26;-19;17;1;1
-31;23;32;0;1
-17;-5;21;0;1
-60;-7;28;1;1
-41;0;17;1;1
-32;-46;17;0;1
-35;19;51;1;1
-25;-40;34;0;1
-27;-31;53;0;1
-17;4;29;0;1
-41;2;25;0;1
-43;-24;22;1;1
-15;-16;58;0;1
-30;-32;25;0;1
-47;5;25;0;1
-31;-34;35;0;1
-43;-6;19;1;1
-30;6;9;0;1
-18;18;38;0;1
-32;-46;36;1;1
-22;-22;47;1;1
-54;2;41;0;1
-17;-8;30;0;1
-18;24;20;0;1
-46;-31;35;0;1
-12;15;43;1;1
-24;7;26;1;1
-32;-45;33;0;1
-18;-11;16;0;1
-50;30;28;0;1
-52;7;31;0;1
-38;15;34;0;1
-61;-25;23;1;1
-37;35;46;1;1
-40;-6;41;1;1
-31;24;27;0;1
-26;30;55;0;1
-15;0;21;1;1
-43;16;44;0;1
-46;15;24;0;1
-20;-19;12;1;1
-23;37;15;0;1
-36;-4;39;0;1
-21;-36;27;1;1
-42;18;21;1;1
-34;6;24;0;1
-55;1;38;0;1
-28;13;63;0;1
-32;11;56;0;1
-34;-18;44;0;1
-30;32;30;1;1
-38;-5;58;1;1
-12;-16;51;1;1
-36;31;31;0;1
-36;1;45;0;1
-29;2;15;0;1
-28;1;59;1;1
-63;12;24;0;1
-21;-31;22;0;1
-40;-26;19;1;1
-24;-19;19;0;1
-16;-14;38;0;1
-22;14;48;1;1
-32;-14;42;1;1
-22;7;38;0;1
-17;11;36;0;1
-44;-5;52;1;1
-32;8;39;1;1
-43;2;22;0;1
-29;-41;41;0;1
-21;-15;21;0;1
-41;10;37;1;1
-40;23;54;1;1
-26;-7;58;0;1
-28;48;31;1;1
-64;4;30;0;1
-28;7;34;0;1
-53;8;24;0;1
-29;10;17;1;1
-26;6;60;0;1
-17;-20;53;1;1
-51;-34;19;0;1
-12;13;31;0;1
-36;5;55;1;1
-32;-8;53;0;1
-25;-14;11;0;1
-37;-3;58;0;1
-30;-43;22;1;1
-12;13;30;0;1
-26;-21;50;0;1
-17;-7;33;1;1
-26;0;54;1;1
-51;19;21;0;1
-16;27;13;0;1
-35;-20;49;1;1
-17;4;23;0;1
-12;-7;32;1;1
-19;26;19;1;1
-63;19;23;0;1
-39;42;40;0;1
-44;27;35;0;1
-32;-26;53;0;1
-37;-10;24;0;1
-17;29;33;1;1
-28;-43;42;0;1
-41;-15;21;0;1
-58;14;38;0;1
-42;-24;37;1;1
-24;15;17;1;1
-36;-18;47;0;1
-14;24;25;0;1
-31;-13;28;0;1
-38;35;46;0;1
-51;16;21;0;1
-37;6;19;0;1
-28;-13;17;0;1
-15;-2;41;0;1
-37;-19;43;0;1
-8;-8;26;1;1
-53;-10;46;1;1
-32;-36;42;0;1
-28;14;11;1;1
-31;-30;20;1;1
-31;-20;27;0;1
-27;27;49;0;1
-50;-17;20;1;1
-47;14;40;0;1
-37;-47;30;0;1
-43;2;26;1;1
-25;18;26;1;1
-60;4;20;1;1
-24;-7;29;0;1
-54;16;31;1;1
-43;23;47;0;1
-35;52;27;0;1
-37;-40;33;1;1
-26;15;45;1;1
-56;-18;39;1;1
-23;-4;39;1;1
-44;-11;45;1;1
-27;32;17;0;1
-50;-35;27;1;1
-22;-14;56;1;1
-31;-4;15;0;1
-25;-12;18;1;1
-39;39;18;0;1
-40;-6;43;0;1
-67;4;23;1;1
-32;21;56;0;1
-23;26;27;0;1
-13;-16;21;0;1
-30;-19;26;1;1
-19;32;43;0;1
-17;3;24;0;1
-21;-17;31;0;1
-30;-15;39;0;1
-13;-11;34;0;1
-21;-9;23;1;1
-44;11;19;0;1
-33;7;51;0;1
-51;-15;47;0;1
-28;4;42;1;1
-62;16;28;0;1
-60;20;20;0;1
-37;-14;50;0;1
-46;40;17;0;1
-34;0;20;0;1
-51;10;41;1;1
-28;9;34;1;1
-62;-4;28;0;1
-16;-20;62;1;1
-18;-22;22;0;1
-30;35;47;0;1
-24;-3;11;1;1
-37;-8;60;1;1
-37;3;23;1;1
-21;11;57;0;1
-10;-14;34;1;1
-22;30;29;0;1
-40;10;55;1;1
-23;39;43;0;1
-47;12;25;1;1
-21;12;26;0;1
-35;24;18;1;1
-24;21;32;0;1
-36;41;45;1;1
-20;10;54;0;1
-48;-27;28;0;1
-36;13;23;1;1
-19;-26;34;0;1
-36;-33;48;1;1
-19;-30;10;0;1
-22;-12;55;0;1
-42;-6;28;0;1
-51;24;21;0;1
-58;-6;26;0;1
-51;-36;24;0;1
-23;-14;16;0;1
-48;17;29;1;1
-32;-44;18;0;1
-19;-16;31;0;1
-46;23;19;0;1
-39;-13;39;1;1
-32;-17;15;0;1
-20;11;26;0;1
-54;-24;24;0;1
-12;5;23;0;1
-50;2;46;0;1
-32;-37;49;0;1
-36;31;38;0;1
-25;23;28;0;1
-12;-12;44;0;1
-62;-15;29;0;1
-18;26;56;0;1
-26;-4;35;0;1
-17;27;31;0;1
-22;-24;56;1;1
-31;-32;44;0;1
-43;-14;41;0;1
-14;-23;33;0;1
-39;-30;28;0;1
-40;-14;57;0;1
-27;28;27;1;1
-23;-38;44;1;1
-30;7;44;1;1
-56;8;39;0;1
-53;-23;28;1;1
-40;1;45;0;1
-28;-32;48;1;1
-39;38;30;1;1
-42;43;29;1;1
-56;16;28;0;1
-22;21;51;0;1
-41;1;34;0;1
-35;-12;51;0;1
-30;14;25;0;1
-21;-9;16;1;1
-41;50;25;1;1
-30;-2;14;1;1
-26;-31;22;1;1
-35;7;11;0;1
-25;-5;37;0;1
-29;31;53;1;1
-9;-15;20;0;1
-50;3;34;1;1
-36;34;15;1;1
-20;0;45;0;1
-18;-15;43;0;1
-31;21;44;1;1
-46;-32;31;0;1
-44;-40;18;1;1
-31;-32;55;0;1
-32;-18;11;0;1
-45;-43;29;1;1
-47;3;47;0;1
-31;-21;37;0;1
-33;24;43;1;1
-31;9;52;0;1
-16;-16;14;0;1
-22;-22;38;0;1
-11;0;26;1;1
-28;14;37;0;1
-34;39;35;0;1
-48;5;30;0;1
-49;-14;33;1;1
-27;16;53;1;1
-48;-34;28;0;1
-26;1;11;1;1
-35;37;43;0;1
-52;29;30;1;1
-53;8;22;0;1
-33;-51;32;0;1
-14;-12;24;0;1
-31;-23;34;0;1
-33;-12;25;0;1
-30;46;17;0;1
-27;27;58;0;1
-26;-43;21;0;1
-28;-16;14;0;1
-48;-12;16;0;1
-46;-23;33;0;1
-47;15;15;0;1
-24;-27;32;0;1
-35;-12;34;1;1
-50;-3;22;0;1
-25;-2;27;1;1
-32;-24;51;1;1
-29;-24;31;1;1
-51;20;20;1;1
-19;20;10;0;1
-54;32;17;0;1
-42;-44;24;0;1
-38;18;19;1;1
-23;-18;53;0;1
-26;3;40;0;1
-23;22;13;0;1
-44;20;24;0;1
-34;-45;35;0;1
-21;29;57;0;1
-35;-19;50;0;1
-42;-7;40;1;1
-49;43;24;1;1
-36;43;17;0;1
-35;40;20;1;1
-52;-8;37;0;1
-25;-4;39;1;1
-30;-2;26;0;1
-13;-11;39;1;1
-26;-8;47;1;1
-31;32;43;0;1
-20;17;57;0;1
-22;14;28;0;1
-17;1;41;0;1
-24;27;15;0;1
-29;-23;36;1;1
-23;38;52;1;1
-18;-10;29;0;1
-58;32;23;0;1
-59;32;19;0;1
-37;31;47;0;1
-48;-34;23;0;1
-32;19;10;0;1
-30;-19;28;0;1
-31;24;20;0;1
-60;11;28;1;1
-22;13;43;0;1
-51;-10;38;0;1
-47;-14;15;1;1
-21;22;33;0;1
-26;-7;17;0;1
-38;-41;28;0;1
-45;12;47;1;1
-21;9;45;0;1
-46;-2;17;1;1
-19;-9;40;0;1
-58;1;27;1;1
-25;33;33;1;1
-42;44;26;0;1
-39;-7;27;1;1
-37;-12;24;1;1
-49;-23;29;0;1
-31;-29;53;0;1
-18;18;42;0;1
-32;31;33;1;1
-60;-20;20;0;1
-43;9;49;0;1
-39;-7;30;0;1
-30;43;23;0;1
-48;23;36;1;1
-18;8;17;1;1
-18;-27;55;0;1
-46;5;33;1;1
-36;25;20;0;1
-35;-36;16;0;1
-42;38;39;0;1
-25;0;24;0;1
-31;9;17;1;1
-20;4;22;0;1
-36;49;30;0;1
-42;-1;13;0;1
-29;-7;47;1;1
-36;-36;22;0;1
-50;-38;32;0;1
-6;7;24;0;1
-45;-30;20;0;1
-28;-11;21;0;1
-13;20;33;0;1
-25;-38;28;0;1
-19;20;24;1;1
-31;37;38;1;1
-56;-3;37;1;1
-29;-35;29;0;1
-26;-42;37;1;1
-28;-43;40;0;1
-43;29;42;1;1
-30;21;46;0;1
-29;33;38;0;1
-58;22;31;0;1
-31;-50;20;0;1
-24;0;47;0;1
-34;-21;48;1;1
-33;0;33;0;1
-63;-5;28;1;1
-16;20;30;0;1
-22;-21;44;0;1
-48;-4;16;0;1
-23;-6;18;0;1
-37;6;34;1;1
-18;18;28;1;1
-49;-4;20;0;1
-34;-31;48;1;1
-19;-7;17;0;1
-21;35;27;0;1
-55;5;29;0;1
-24;36;33;0;1
-25;-26;11;1;1
-36;18;35;0;1
-18;19;17;0;1
-40;32;26;1;1
-38;-2;58;0;1
-42;12;54;0;1
-29;4;64;0;1
-26;22;51;1;1
-30;-3;37;0;1
-21;27;41;1;1
-42;17;36;0;1
-33;-6;55;0;1
-23;12;65;1;1
-47;-25;27;0;1
-27;27;14;1;1
-52;2;16;0;1
-32;-32;13;0;1
-41;45;36;0;1
-27;-16;57;0;1
-22;-29;45;0;1
-51;-23;41;0;1
-37;24;40;1;1
-47;3;46;0;1
-46;-44;23;1;1
-57;8;37;0;1
-20;-16;41;1;1
-31;36;22;0;1
-22;-6;11;1;1
-25;22;50;0;1
-52;15;20;0;1
-47;-42;30;0;1
-24;-14;55;1;1
-29;13;29;1;1
-20;-6;44;1;1
-32;10;18;1;1
-48;25;17;0;1
-25;-37;47;0;1
-26;-4;59;0;1
-47;-18;38;0;1
-34;0;33;0;1
-21;25;23;0;1
-23;4;58;1;1
-36;-36;45;0;1
-53;14;16;1;1
-32;-42;34;1;1
-28;16;10;1;1
-10;7;29;0;1
-45;33;21;0;1
-45;6;38;0;1
-57;-25;28;0;1
-16;25;57;1;1
-31;13;34;1;1
-47;-13;20;0;1
-43;8;33;0;1
-28;40;22;0;1
-40;-21;44;0;1
-43;-42;36;0;1
-26;32;17;0;1
-42;22;28;1;1
-33;22;35;1;1
-26;-1;24;1;1
-22;-20;62;1;1
-13;-16;39;1;1
-34;23;30;1;1
-27;-7;12;1;1
-32;-33;25;0;1
-19;-19;41;0;1
-16;-20;26;0;1
-29;44;38;1;1
-33;38;39;0;1
-38;15;35;0;1
-22;9;16;1;1
-50;23;24;1;1
-46;-22;43;1;1
-15;24;16;0;1
-40;-21;41;1;1
-10;-17;50;0;1
-53;0;26;0;1
-27;-43;14;1;1
-37;-29;49;1;1
-20;8;17;1;1
-39;0;41;0;1
-30;1;62;0;1
-26;-21;32;1;1
-48;-11;33;0;1
-30;30;22;0;1
-30;-43;18;0;1
-38;-31;31;0;1
-46;-4;15;1;1
-45;4;33;1;1
-17;-9;27;1;1
-64;-7;29;1;1
-36;-16;34;0;1
-28;32;43;0;1
-24;24;39;0;1
-58;7;28;1;1
-22;12;17;0;1
-17;24;15;0;1
-36;-37;32;1;1
-8;-4;24;1;1
-23;-39;46;0;1
-56;28;25;1;1
-30;-11;49;0;1
-26;-22;49;1;1
-28;42;16;1;1
-50;-34;25;1;1
-36;23;28;0;1
-12;14;32;1;1
-41;3;49;0;1
-39;-21;30;1;1
-40;9;49;0;1
-48;-19;24;0;1
-56;-26;24;0;1
-19;32;36;0;1
-28;-6;48;0;1
-39;28;37;1;1
-45;-12;18;1;1
-42;-40;19;1;1
-40;0;16;1;1
-54;-25;27;0;1
-15;-25;45;0;1
-33;16;20;1;1
-25;-5;31;1;1
-36;-32;23;0;1
-30;15;59;0;1
-38;-2;23;1;1
-37;-4;54;1;1
-34;-17;58;1;1
-36;-12;31;1;1
-17;-17;8;0;1
-33;-28;53;0;1
-55;-22;27;0;1
-27;-15;21;0;1
-27;-35;36;0;1
-29;-26;37;0;1
-22;-33;16;1;1
-24;-12;56;0;1
-19;29;42;0;1
-58;-12;35;0;1
-58;-13;25;1;1
-48;31;24;0;1
-30;9;57;1;1
-55;-28;33;1;1
-20;-29;40;0;1
-19;21;8;0;1
-24;-9;62;0;1
-15;8;31;0;1
-32;-34;42;0;1
-62;-6;25;0;1
-36;-42;26;1;1
-22;22;42;0;1
-32;48;39;0;1
-30;27;15;1;1
-39;-30;51;0;1
-56;-22;23;1;1
-43;20;38;0;1
-40;1;21;1;1
-47;-34;22;1;1
-52;-5;17;1;1
-42;42;20;0;1
-25;-28;13;0;1
-14;-24;20;0;1
-31;-10;57;1;1
-38;45;25;0;1
-21;11;53;0;1
-43;26;42;0;1
-34;15;59;0;1
-38;35;17;0;1
-42;1;26;0;1
-21;11;33;0;1
-30;13;44;1;1
-40;-15;35;1;1
-44;-16;35;1;1
-42;35;38;1;1
-18;-7;50;1;1
-39;-6;51;0;1
-35;-4;11;0;1
-19;-17;32;1;1
-32;-36;33;0;1
-21;-9;45;0;1
-36;-15;58;0;1
-20;28;37;1;1
-35;33;48;0;1
-63;-15;27;0;1
-53;21;16;1;1
-15;-11;43;1;1
-35;25;52;1;1
-40;24;38;0;1
-29;-21;23;1;1
-39;-1;56;0;1
-34;-3;19;0;1
-30;-25;35;0;1
-23;4;59;1;1
-25;29;12;1;1
-41;27;26;0;1
-45;-24;35;1;1
-58;-22;25;0;1
-27;-10;34;0;1
-63;14;26;1;1
-29;7;46;0;1
-42;-18;34;0;1
-31;11;26;1;1
-44;29;23;0;1
-48;18;19;0;1
-22;-2;42;0;1
-33;-17;52;0;1
-40;-40;34;0;1
-41;43;24;0;1
-36;56;19;0;1
-26;-10;43;0;1
-22;-10;49;1;1
-35;-20;23;0;1
-28;-8;8;0;1
-43;15;51;1;1
-20;18;31;1;1
-20;-32;44;0;1
-33;-43;33;1;1
-31;-35;34;0;1
-41;-43;24;1;1
-19;32;44;0;1
-22;-32;20;0;1
-49;22;21;1;1
-24;13;52;0;1
-16;-25;28;0;1
-38;-34;26;1;1
-62;-3;28;0;1
-32;-21;28;0;1
-34;25;48;0;1
-12;-19;56;0;1
-27;31;40;0;1
-41;40;32;0;1
-24;32;44;1;1
-20;19;38;0;1
-18;-15;32;0;1
-31;-7;37;1;1
-21;35;45;0;1
-29;14;23;0;1
-41;-33;35;0;1
-46;-36;33;1;1
-30;-9;59;1;1
-29;36;37;0;1
-49;-2;39;0;1
-19;30;20;1;1
-18;23;31;0;1
-32;0;22;1;1
-59;15;19;0;1
-16;-3;43;0;1
-32;-23;47;0;1
-19;-25;42;0;1
-35;13;18;0;1
-26;25;55;0;1
-34;3;18;0;1
-38;34;19;1;1
-51;-6;44;1;1
-22;9;48;1;1
-51;35;32;0;1
-23;27;15;0;1
-40;-52;25;0;1
-23;36;47;1;1
-23;38;17;0;1
-13;-8;26;0;1
-22;34;18;0;1
-40;29;42;0;1
-25;37;18;1;1
-37;-27;20;0;1
-58;-1;34;0;1
-31;38;38;0;1
-25;35;16;0;1
-26;-23;51;1;1
-61;-11;24;0;1
-45;33;34;1;1
-46;7;47;1;1
-38;-49;21;1;1
-26;-20;58;0;1
-43;6;34;0;1
-28;21;16;0;1
-43;-2;34;0;1
-20;-19;28;0;1
-37;-17;21;1;1
-40;23;25;1;1
-54;-13;32;1;1
-67;1;18;1;1
-29;-37;17;0;1
-32;-52;25;0;1
-13;-7;32;1;1
-21;-28;39;0;1
-37;-31;33;1;1
-24;-28;42;0;1
-54;17;17;1;1
-35;-51;18;0;1
-56;-26;34;0;1
-41;41;26;0;1
-34;39;46;0;1
-37;-44;32;1;1
-29;-14;43;0;1
-22;-31;60;1;1
-22;-10;15;1;1
-49;-9;18;0;1
-33;36;20;1;1
-33;-33;44;1;1
-35;11;50;1;1
-47;36;37;1;1
-22;36;53;1;1
-20;-12;36;0;1
-44;-34;44;1;1
-33;23;17;0;1
-51;7;23;1;1
-27;8;18;0;1
-20;-28;37;1;1
-48;-12;23;0;1
-20;5;14;1;1
-16;19;58;0;1
-17;-11;17;1;1
-34;-31;15;0;1
-25;-24;49;0;1
-13;-11;32;1;1
-45;-5;15;0;1
-22;-15;47;1;1
-24;33;51;1;1
-31;-15;33;0;1
-28;-12;50;0;1
-22;17;46;1;1
-27;-39;16;1;1
-43;7;32;0;1
-14;4;22;1;1
-18;31;26;1;1
-26;6;10;0;1
-13;3;27;0;1
-53;-41;22;0;1
-35;6;44;1;1
-21;14;46;1;1
-51;-17;30;0;1
-39;-43;23;0;1
-18;-26;29;0;1
-19;-27;15;0;1
-19;7;23;0;1
-48;39;20;0;1
-25;43;50;0;1
-41;-43;26;0;1
-35;17;52;0;1
-26;14;49;0;1
-26;0;60;0;1
-18;-18;26;0;1
-17;-12;48;0;1
-31;30;30;1;1
-51;-35;24;0;1
-37;-22;13;1;1
-61;27;20;0;1
-28;27;42;0;1
-28;-18;11;1;1
-30;-15;30;1;1
-66;2;26;0;1
-38;-16;48;1;1
-14;-22;10;0;1
-21;30;15;1;1
-29;34;36;1;1
-33;53;23;0;1
-31;7;60;0;1
-18;-27;17;0;1
-40;-34;23;1;1
-22;-34;30;0;1
-49;-15;28;0;1
-30;15;35;1;1
-37;1;43;1;1
-40;-41;38;0;1
-24;-37;52;0;1
-30;28;49;1;1
-60;-6;31;0;1
-30;1;23;1;1
-21;2;26;1;1
-23;29;28;0;1
-34;-51;33;0;1
-33;36;41;0;1
-40;-32;22;0;1
-21;18;15;0;1
-16;7;44;0;1
-17;6;47;1;1
-25;33;18;0;1
-27;18;59;0;1
-20;-31;46;0;1
-33;41;44;0;1
-27;28;46;1;1
-41;47;22;0;1
-36;49;32;1;1
-20;8;15;1;1
-21;10;23;0;1
-25;19;31;1;1
-38;19;35;1;1
-57;-8;23;0;1
-44;17;31;1;1
-38;-39;40;0;1
-30;32;32;1;1
-20;-30;39;0;1
-13;12;21;1;1
-28;4;31;0;1
-31;12;61;1;1
-52;39;25;0;1
-33;-30;34;1;1
-30;31;45;1;1
-22;18;46;0;1
-33;-3;13;0;1
-38;-16;47;0;1
-36;2;34;1;1
-22;7;51;0;1
-21;11;22;1;1
-51;26;37;0;1
-34;7;38;0;1
-56;-23;18;0;1
-51;-24;40;1;1
-18;27;11;0;1
-26;5;51;0;1
-24;30;26;0;1
-19;-13;44;1;1
-58;28;21;1;1
-23;17;26;0;1
-51;-6;36;0;1
-21;-33;12;0;1
-48;-15;46;1;1
-32;-6;41;1;1
-34;-27;38;1;1
-63;-6;21;1;1
-45;17;24;1;1
-13;20;19;0;1
-39;5;42;1;1
-34;-9;17;1;1
-46;-12;35;0;1
-29;-31;19;0;1
-32;22;34;1;1
-28;42;15;0;1
-42;-12;35;1;1
-21;-36;42;0;1
-36;-5;46;1;1
-49;-17;27;0;1
-20;-1;23;0;1
-39;-10;19;1;1
-49;11;38;1;1
-43;15;20;0;1
-33;-49;39;1;1
-30;1;12;0;1
-25;20;19;1;1
-39;46;17;0;1
-27;32;44;0;1
-43;39;40;0;1
-50;9;24;0;1
-32;-12;34;1;1
-30;-12;49;0;1
-25;-41;35;0;1
-22;-13;50;0;1
-47;-10;15;0;1
-32;3;23;0;1
-25;7;58;1;1
-15;-15;57;1;1
-14;5;30;0;1
-50;3;19;0;1
-22;-6;17;0;1
-42;13;49;0;1
-37;-26;54;0;1
-54;-16;37;1;1
-39;-30;48;1;1
-28;-11;32;0;1
-33;4;58;1;1
-16;8;27;0;1
-37;-45;34;1;1
-21;-20;50;1;1
-54;28;30;0;1
-42;20;20;1;1
-29;24;54;0;1
-61;-2;34;0;1
-26;-41;49;1;1
-28;-14;38;0;1
-21;35;36;0;1
-40;35;24;0;1
-31;4;25;0;1
-23;1;30;1;1
-51;-34;17;1;1
-40;-30;16;1;1
-15;16;17;1;1
-21;10;25;0;1
-22;7;53;0;1
-19;10;39;0;1
-34;-20;28;0;1
-23;27;32;0;1
-38;-37;41;1;1
-50;-22;38;1;1
-32;5;53;0;1
-19;-15;65;1;1
-35;24;14;0;1
-62;-17;26;0;1
-57;11;30;1;1
-55;-23;21;1;1
-24;-18;63;1;1
-47;29;37;0;1
-49;25;38;1;1
-15;-21;37;1;1
-44;-17;19;0;1
-36;-11;46;1;1
-41;-2;25;0;1
-36;26;41;1;1
-57;30;26;0;1
-44;35;26;1;1
-14;-21;33;0;1
-26;-9;15;0;1
-51;1;25;0;1
-32;-13;34;1;1
-27;14;58;0;1
-37;13;37;0;1
-38;27;16;0;1
-47;-38;27;0;1
-60;-17;31;0;1
-33;-38;29;0;1
-40;13;21;0;1
-32;41;35;1;1
-43;-11;33;1;1
-35;6;40;0;1
-47;-35;32;1;1
-26;3;42;0;1
-31;28;54;0;1
-43;8;46;1;1
-41;-24;32;0;1
-46;8;52;0;1
-22;27;53;1;1
-29;-9;21;0;1
-14;23;59;0;1
-29;30;33;1;1
-19;15;50;0;1
-28;42;26;1;1
-47;4;27;0;1
-29;-8;32;0;1
-31;-25;41;0;1
-27;23;33;1;1
-61;-26;21;1;1
-33;45;18;0;1
-23;6;30;0;1
-31;22;52;0;1
-17;22;51;1;1
-24;13;45;1;1
-27;9;46;0;1
-21;-25;9;0;1
-35;-37;23;0;1
-50;12;48;0;1
-33;-32;23;1;1
-42;22;34;0;1
-11;13;25;1;1
-31;-46;27;1;1
-25;-9;44;1;1
-45;-46;18;1;1
-16;-22;25;0;1
-26;-29;37;0;1
-24;25;26;1;1
-32;-41;28;0;1
-21;22;43;0;1
-58;17;20;0;1
-50;28;25;0;1
-21;25;33;1;1
-36;-17;54;0;1
-39;-39;35;1;1
-25;-1;29;0;1
-34;14;15;0;1
-28;-24;20;1;1
-61;24;19;1;1
-45;11;40;1;1
-24;-4;18;1;1
-29;-19;39;0;1
-40;29;22;1;1
-34;4;15;1;1
-22;-22;36;0;1
-24;-23;34;1;1
-27;10;54;0;1
-32;-31;16;1;1
-37;18;13;0;1
-60;18;23;1;1
-25;14;32;0;1
-22;9;14;1;1
-48;-9;15;0;1
-26;-14;41;0;1
-32;9;44;0;1
-29;22;21;0;1
-36;-29;14;1;1
-18;-18;56;1;1
-27;0;15;0;1
-25;-11;40;0;1
-34;11;50;0;1
-21;19;30;1;1
-59;14;21;0;1
-21;-5;24;0;1
-13;5;28;0;1
-38;30;35;0;1
-16;23;35;1;1
-49;19;21;1;1
-30;-18;41;0;1
-59;14;35;0;1
-46;-4;31;0;1
-47;38;19;1;1
-36;-14;14;0;1
-18;30;29;0;1
-25;-1;22;0;1
-27;-29;46;1;1
-28;11;28;0;1
-55;22;27;1;1
-17;10;35;0;1
-35;2;39;1;1
-44;50;18;0;1
-48;37;24;1;1
-38;-25;26;1;1
-33;-32;13;0;1
-52;20;19;0;1
-45;11;44;0;1
-13;13;32;1;1
-49;-7;34;0;1
-19;-13;28;1;1
-26;4;54;0;1
-40;-26;22;0;1
-30;-27;43;1;1
-14;-3;37;0;1
-42;29;34;1;1
-25;3;41;0;1
-17;-24;18;1;1
-30;-32;12;0;1
-33;-52;27;0;1
-33;-4;38;1;1
-36;-1;58;0;1
-22;-13;64;0;1
-32;-14;33;0;1
-16;7;19;1;1
-38;-8;56;1;1
-22;32;51;0;1
-31;-45;21;0;1
-37;-6;12;1;1
-43;-48;20;1;1
-14;19;49;0;1
-20;18;47;0;1
-13;5;38;0;1
-39;-11;17;1;1
-13;10;45;1;1
-45;33;26;0;1
-34;11;58;1;1
-41;36;19;1;1
-34;-2;23;0;1
-32;-7;57;0;1
-25;-10;46;0;1
-24;-32;42;0;1
-37;26;16;0;1
-23;19;44;0;1
-42;-43;37;0;1
-19;-22;56;1;1
-26;16;27;1;1
-29;-28;19;0;1
-45;30;42;0;1
-50;6;47;0;1
-47;-26;40;0;1
-22;12;22;1;1
-53;-16;26;1;1
-48;-13;19;0;1
-31;-5;39;1;1
-33;-33;51;0;1
-28;-32;53;1;1
-26;24;24;1;1
-44;-21;29;0;1
-9;-15;39;0;1
-27;-27;42;1;1
-31;-34;37;0;1
-22;20;12;0;1
-25;-27;57;0;1
-47;-13;45;0;1
-62;-12;32;1;1
-25;-3;39;1;1
-13;-14;40;0;1
-29;-42;49;0;1
-25;2;27;0;1
-22;-37;26;0;1
-36;-2;39;0;1
-36;34;16;0;1
-57;14;39;1;1
-24;-6;20;1;1
-24;-29;45;1;1
-61;2;17;0;1
-62;15;29;0;1
-43;8;25;1;1
-56;28;23;0;1
-28;20;59;0;1
-45;-18;42;0;1
-40;0;50;0;1
-43;22;25;0;1
-54;-27;21;0;1
-49;-3;49;0;1
-23;-22;25;0;1
-22;-9;43;0;1
-23;-21;28;0;1
-34;-10;23;0;1
-30;-27;47;1;1
-24;10;8;0;1
-54;8;16;0;1
-34;13;51;0;1
-20;-1;50;0;1
-47;-14;47;0;1
-17;28;13;0;1
-27;1;62;0;1
-29;-10;53;0;1
-43;-1;17;1;1
-49;-21;32;0;1
-25;15;19;0;1
-65;4;18;1;1
-34;28;49;0;1
-40;10;14;0;1
-25;42;45;0;1
-38;38;24;0;1
-58;-7;18;0;1
-37;-2;10;1;1
-22;-20;40;1;1
-34;-1;44;0;1
-29;11;20;0;1
-35;8;19;1;1
-48;46;21;1;1
-40;41;19;0;1
-35;12;50;1;1
-44;-47;27;0;1
-31;-21;56;0;1
-28;6;40;0;1
-59;4;38;0;1
-44;-41;20;0;1
-17;-2;23;1;1
-47;35;19;0;1
-50;5;49;0;1
-49;19;33;0;1
-58;-10;19;0;1
-39;-13;23;0;1
-15;-3;30;1;1
-47;18;41;1;1
-30;-32;16;0;1
-22;22;51;0;1
-40;50;23;0;1
-37;-15;14;0;1
-65;-10;26;1;1
-17;-18;37;1;1
-17;-21;57;0;1
-45;-34;25;1;1
-21;-12;45;1;1
-16;-9;21;0;1
-40;-10;36;0;1
-24;-6;60;1;1
-25;26;13;1;1
-36;-43;36;0;1
-13;-6;32;0;1
-9;13;25;0;1
-14;-22;27;1;1
-41;36;26;0;1
-18;11;41;0;1
-49;2;37;1;1
-37;24;14;1;1
-15;-11;23;1;1
-38;-12;30;0;1
-60;25;26;0;1
-30;-18;35;0;1
-59;-7;30;1;1
-45;10;33;0;1
-31;-42;44;0;1
-20;22;27;0;1
-40;44;19;0;1
-41;-45;17;0;1
-37;14;27;1;1
-36;26;50;0;1
-21;32;25;1;1
-22;-3;17;1;1
-12;20;46;0;1
-49;-24;33;1;1
-44;-29;20;1;1
-35;0;17;0;1
-43;-16;54;1;1
-36;-19;16;0;1
-44;31;31;0;1
-37;-31;38;0;1
-29;0;8;0;1
-40;16;29;0;1
-43;49;18;0;1
-34;11;16;1;1
-33;-3;44;1;1
-45;-12;29;1;1
-50;19;41;0;1
-46;-28;24;0;1
-25;-35;35;0;1
-35;-54;30;1;1
-23;36;44;0;1
-23;-34;21;0;1
-29;36;38;0;1
-35;2;13;0;1
-41;30;22;1;1
-22;-27;33;0;1
-13;-9;20;0;1
-26;-36;36;1;1
-38;-42;38;0;1
-39;-37;16;0;1
-33;-25;36;1;1
-28;-23;54;0;1
-17;-14;40;1;1
-40;7;21;1;1
-19;30;36;0;1
-30;14;39;1;1
-11;-3;27;0;1
-20;-29;52;1;1
-25;-25;59;0;1
-20;-14;25;1;1
-28;1;24;1;1
-25;-23;38;0;1
-48;-13;21;0;1
-31;-21;25;0;1
-25;36;34;0;1
-26;-37;30;0;1
-40;-27;22;1;1
-32;30;49;0;1
-26;16;19;0;1
-40;46;19;0;1
-25;-5;25;0;1
-49;-16;47;0;1
-31;7;52;1;1
-14;7;41;0;1
-29;24;59;0;1
-54;-33;26;0;1
-47;0;38;0;1
-32;-13;21;0;1
-21;-29;10;0;1
-36;-6;12;0;1
-34;-2;25;1;1
-31;-21;40;0;1
-56;-2;31;1;1
-18;7;49;0;1
-19;21;10;1;1
-12;-20;54;1;1
-37;45;18;0;1
-16;17;30;0;1
-30;-13;44;0;1
-18;16;56;1;1
-45;39;36;0;1
-42;3;23;0;1
-35;48;21;0;1
-20;5;16;1;1
-23;-9;26;1;1
-54;-17;35;0;1
-29;-14;31;0;1
-54;-11;20;1;1
-26;-11;55;0;1
-29;-24;52;1;1
-34;28;23;1;1
-36;3;61;0;1
-12;5;34;0;1
-60;22;25;0;1
-30;37;46;1;1
-39;21;44;0;1
-54;-9;31;0;1
-15;15;18;0;1
-26;-33;26;0;1
-22;14;11;0;1
-36;-29;27;0;1
-35;10;33;0;1
-60;-5;25;1;1
-41;3;19;1;1
-38;17;55;0;1
-53;19;39;0;1
-27;-22;11;0;1
-43;-14;13;1;1
-27;-39;33;0;1
-24;16;48;1;1
-42;14;37;1;1
-38;8;48;1;1
-15;20;63;1;1
-22;-33;43;1;1
-51;-40;27;1;1
-35;1;45;1;1
-27;-3;14;0;1
-26;-16;38;0;1
-47;-17;34;0;1
-31;-29;34;1;1
-35;6;42;0;1
-52;14;45;0;1
-22;32;40;1;1
-45;-9;50;1;1
-16;-13;43;0;1
-56;-24;27;1;1
-31;35;26;0;1
-59;-8;24;1;1
-41;-10;42;0;1
-32;-6;42;0;1
-18;-8;54;1;1
-35;15;21;0;1
-44;22;38;0;1
-24;12;53;1;1
-34;38;37;0;1
-24;21;44;0;1
-43;-4;41;1;1
-48;-11;32;1;1
-34;14;56;0;1
-27;46;26;1;1
-37;9;18;0;1
-38;-51;30;0;1
-37;28;49;0;1
-16;-14;40;0;1
-40;15;21;0;1
-51;-28;34;0;1
-34;-31;43;0;1
-47;-18;20;0;1
-17;-21;44;1;1
-49;22;29;1;1
-27;-7;61;0;1
-38;-5;40;0;1
-24;39;48;1;1
-49;-30;25;1;1
-38;-29;39;0;1
-41;32;32;1;1
-29;17;37;0;1
-22;-28;21;1;1
-38;-21;28;0;1
-40;4;44;0;1
-33;30;26;1;1
-28;-26;43;1;1
-15;17;44;0;1
-50;5;35;0;1
-20;12;62;0;1
-22;31;43;0;1
-50;7;20;0;1
-47;28;20;0;1
-41;52;22;0;1
-39;-49;29;1;1
-46;-19;46;0;1
-33;29;29;1;1
-45;-3;28;0;1
-34;10;10;0;1
-49;27;18;1;1
-53;11;39;1;1
-26;-32;40;0;1
-19;26;13;0;1
-19;6;30;0;1
-22;21;28;0;1
-30;-40;37;0;1
-37;-3;16;0;1
-51;-19;16;1;1
-49;1;20;0;1
-20;-21;13;0;1
-32;-22;30;0;1
-27;1;51;0;1
-52;0;33;0;1
-37;6;29;1;1
-47;-7;30;0;1
-49;-21;39;1;1
-35;-5;33;1;1
-23;6;42;1;1
-48;-31;36;1;1
-47;-21;41;0;1
-24;-11;24;1;1
-37;27;20;0;1
-42;-20;37;0;1
-55;5;23;0;1
-33;-15;30;0;1
-13;21;57;1;1
-42;9;23;0;1
-20;-4;32;0;1
-31;44;45;0;1
-15;24;27;0;1
-48;-16;24;0;1
-49;42;23;0;1
-41;-37;44;0;1
-11;-6;24;0;1
-42;-23;21;0;1
-29;-26;18;1;1
-25;-1;16;1;1
-17;-7;50;0;1
-32;26;47;1;1
-25;26;38;0;1
-51;7;32;0;1
-32;-20;38;0;1
-22;-27;31;1;1
-42;-18;40;0;1
-40;51;29;1;1
-49;-3;17;0;1
-59;-1;23;1;1
-23;-13;34;0;1
-50;13;33;1;1
-46;-16;14;1;1
-25;21;13;0;1
-25;-35;16;0;1
-56;26;34;0;1
-41;14;17;1;1
-37;-22;46;1;1
-27;12;55;0;1
-36;-12;57;1;1
-22;24;28;0;1
-38;29;19;0;1
-21;15;33;0;1
-41;-15;28;1;1
-32;-1;45;0;1
-32;-6;62;0;1
-47;48;21;1;1
-26;-35;39;1;1
-38;-3;33;0;1
-38;51;20;0;1
-51;-9;26;0;1
-50;-21;45;0;1
-31;1;63;0;1
-37;24;46;0;1
-32;-19;54;0;1
-44;45;19;1;1
-37;47;30;1;1
-56;9;34;0;1
-44;-36;35;0;1
-30;19;55;0;1
-7;11;23;1;1
-25;-18;36;1;1
-39;22;35;1;1
-15;-18;17;0;1
-33;-37;22;0;1
-25;-24;58;1;1
-38;28;26;0;1
-45;-20;20;1;1
-36;35;42;1;1
-53;29;33;0;1
-11;-14;21;1;1
-30;1;49;0;1
-30;-11;42;0;1
-46;-35;28;0;1
-18;24;21;0;1
-32;4;60;0;1
-26;-27;34;0;1
-35;-19;55;0;1
-30;-37;18;0;1
-9;-13;29;0;1
-29;-17;54;0;1
-31;50;33;0;1
-14;2;22;1;1
-24;-11;42;0;1
-17;-24;54;0;1
-28;21;43;0;1
-31;12;23;0;1
-23;-6;10;0;1
-45;-21;46;1;1
-34;-12;30;1;1
-28;-9;53;0;1
-43;-46;20;0;1
-48;-2;26;0;1
-53;-37;29;0;1
-36;-10;35;1;1
-53;29;24;0;1
-60;20;27;0;1
-18;-21;25;0;1
-23;31;50;1;1
-22;-24;44;1;1
-49;20;20;0;1
-13;17;39;0;1
-43;6;26;0;1
-42;-7;53;1;1
-37;0;45;1;1
-33;44;16;0;1
-32;1;57;1;1
-38;-3;34;0;1
-33;-42;25;1;1
-10;-10;25;0;1
-32;44;18;1;1
-14;9;20;0;1
-34;-14;26;0;1
-44;-14;17;0;1
-12;13;17;1;1
-36;-18;55;0;1
-24;5;42;0;1
-30;7;45;0;1
-59;9;29;0;1
-21;-9;33;1;1
-48;-23;30;0;1
-30;1;21;1;1
-68;-2;20;0;1
-14;-20;26;1;1
-35;-20;40;1;1
-25;4;33;0;1
-36;15;55;1;1
-33;-5;20;0;1
-24;14;49;0;1
-22;-2;40;0;1
-33;10;29;0;1
-23;29;22;0;1
-28;-18;32;0;1
-24;29;16;0;1
-21;8;35;1;1
-28;-35;41;0;1
-40;-28;18;0;1
-27;15;39;0;1
-39;36;35;0;1
-37;-17;50;0;1
-51;23;22;1;1
-46;-18;31;1;1
-41;-44;31;0;1
-45;9;49;0;1
-17;20;63;1;1
-27;10;33;1;1
-24;26;57;1;1
-17;26;22;1;1
-52;-12;27;0;1
-65;-13;21;1;1
-40;10;46;1;1
-36;13;18;0;1
-20;9;48;0;1
-14;-4;24;0;1
-28;-6;33;0;1
-31;-23;45;0;1
-13;17;32;0;1
-41;-7;54;1;1
-21;-27;57;0;1
-28;33;29;0;1
-53;0;22;1;1
-59;0;20;0;1
-30;34;52;0;1
-27;0;43;0;1
-34;2;18;0;1
-25;35;23;1;1
-40;-23;32;0;1
-26;-19;48;1;1
-37;-31;43;0;1
-39;-24;35;0;1
-52;-4;24;0;1
-54;15;25;1;1
-44;-7;48;1;1
-29;50;29;0;1
-26;24;50;0;1
-14;-1;26;0;1
-41;-4;18;0;1
-23;-34;41;1;1
-59;11;32;1;1
-24;-3;59;1;1
-14;6;36;1;1
-33;-20;19;0;1
-37;20;42;1;1
-24;7;54;0;1
-34;21;46;1;1
-54;21;32;1;1
-16;-15;60;0;1
-27;5;63;1;1
-50;-39;24;1;1
-42;18;31;0;1
-28;38;24;0;1
-61;-7;25;0;1
-20;-34;45;0;1
-26;-31;24;0;1
-41;7;55;1;1
-53;6;40;0;1
-30;-11;51;0;1
-29;-32;48;0;1
-25;10;56;0;1
-47;-9;31;0;1
-38;-42;25;0;1
-55;30;27;1;1
-32;4;17;0;1
-24;-19;42;1;1
-18;-15;39;0;1
-43;-51;21;0;1
-46;-26;21;1;1
-44;-42;19;0;1
-44;35;18;0;1
-27;17;9;1;1
-43;-11;20;0;1
-46;-8;46;1;1
-43;43;18;1;1
-55;13;43;1;1
-26;-32;42;1;1
-30;-18;53;0;1
-29;6;8;0;1
-21;-9;9;0;1
-46;-28;45;0;1
-37;-2;13;1;1
-22;-9;13;1;1
-28;-46;45;0;1
-31;40;30;1;1
-52;14;34;0;1
-27;-1;61;0;1
-53;-28;19;1;1
-45;41;24;0;1
-32;7;44;0;1
-40;21;15;1;1
-29;8;46;0;1
-38;-5;39;0;1
-27;28;14;0;1
-58;2;23;0;1
-20;-33;27;0;1
-37;-3;55;0;1
-19;27;51;0;1
-14;1;30;0;1
-28;-8;46;1;1
-20;10;17;0;1
-44;0;26;1;1
-19;13;62;1;1
-26;-7;16;1;1
-36;32;45;1;1
-36;52;25;0;1
-59;-8;37;1;1
-35;51;31;0;1
-25;36;21;0;1
-23;-19;34;0;1
-67;-7;19;0;1
-26;26;14;0;1
-34;-54;18;0;1
-24;-34;13;1;1
-36;-21;20;0;1
-39;-33;14;0;1
-38;-33;50;1;1
-25;-30;59;0;1
-33;-53;23;1;1
-36;20;16;0;1
-54;-2;25;1;1
-22;-3;45;1;1
-60;-28;21;0;1
-28;8;49;0;1
-18;-24;18;1;1
-29;-5;56;1;1
-41;36;44;1;1
-31;4;50;0;1
-48;-22;21;1;1
-36;-36;28;0;1
-27;-29;13;1;1
-22;-36;24;0;1
-29;4;36;1;1
-13;13;44;0;1
-13;-15;50;1;1
-15;17;14;1;1
-33;8;46;1;1
-52;24;42;1;1
-46;11;18;1;1
-50;34;17;1;1
-54;-9;32;0;1
-45;-18;13;0;1
-40;39;30;0;1
-35;-30;36;0;1
-32;7;11;1;1
-29;-23;11;0;1
-48;-22;36;0;1
-29;-4;12;1;1
-42;-47;28;0;1
-26;-31;28;1;1
-34;23;48;0;1
-27;-20;57;0;1
-37;-4;41;0;1
-32;-14;40;1;1
-31;19;28;0;1
-57;23;31;0;1
-45;-6;53;1;1
-44;-18;34;1;1
-22;-23;46;0;1
-22;-7;28;0;1
-50;-26;39;0;1
-35;35;38;0;1
-41;13;25;0;1
-40;23;53;1;1
-51;-15;43;0;1
-46;-16;51;1;1
-53;16;26;0;1
-34;36;41;0;1
-23;-29;12;1;1
-35;43;20;1;1
-21;-34;50;0;1
-43;-4;37;0;1
-32;-46;29;0;1
-39;20;19;0;1
-39;20;15;0;1
-20;-1;45;0;1
-34;-3;48;0;1
-31;40;43;1;1
-51;-5;47;0;1
-42;6;14;0;1
-35;31;37;0;1
-27;35;23;0;1
-41;-23;21;1;1
-35;29;23;0;1
-17;23;48;0;1
-9;13;24;1;1
-37;19;29;0;1
-53;12;31;0;1
-37;15;35;0;1
-17;-3;18;0;1
-25;3;62;0;1
-42;-13;40;0;1
-41;-14;34;0;1
-37;-46;33;0;1
-62;-9;20;1;1
-29;-29;55;0;1
-18;13;45;1;1
-65;5;20;1;1
-40;13;55;0;1
-39;-25;25;1;1
-33;53;29;0;1
-27;-35;55;0;1
-21;0;31;1;1
-22;-32;36;0;1
-20;14;43;0;1
-44;-40;37;0;1
-49;8;33;1;1
-57;-29;24;0;1
-47;-23;42;1;1
-26;-1;40;0;1
-31;18;35;1;1
-28;-36;46;0;1
-51;4;28;1;1
-32;-33;54;0;1
-39;8;18;1;1
-36;31;52;0;1
-48;10;25;0;1
-21;14;39;1;1
-37;15;57;1;1
-51;0;16;1;1
-23;-1;9;1;1
-67;11;19;0;1
-53;-18;19;0;1
-20;-16;15;1;1
-25;-27;36;0;1
-31;-42;46;0;1
-14;-22;46;1;1
-50;16;42;0;1
-39;-22;40;0;1
-25;17;36;1;1
-15;20;47;0;1
-34;-14;59;0;1
-44;39;20;0;1
-24;26;37;0;1
-24;-10;32;0;1
-23;8;26;0;1
-21;28;58;0;1
-34;37;47;0;1
-30;-1;35;1;1
-26;-28;57;0;1
-21;20;30;0;1
-38;-51;19;1;1
-17;-22;21;1;1
-26;-35;12;0;1
-39;1;51;1;1
-52;-28;36;0;1
-48;-20;16;1;1
-24;25;25;0;1
-58;-17;33;0;1
-31;39;43;0;1
-35;-19;45;0;1
-55;-29;22;0;1
-30;15;28;1;1
-45;-22;14;1;1
-31;-42;30;0;1
-33;48;21;1;1
-30;-37;31;0;1
-12;2;22;1;1
-54;5;33;0;1
-40;-47;21;1;1
-42;-44;28;0;1
-62;9;19;0;1
-26;-26;18;0;1
-36;25;43;0;1
-24;-36;44;1;1
-53;31;20;1;1
-37;-25;37;0;1
-39;-18;34;1;1
-24;6;53;1;1
-31;-19;31;1;1
-30;-28;20;0;1
-27;-13;61;0;1
-43;-29;27;0;1
-26;-7;24;1;1
-43;48;27;0;1
-36;5;46;0;1
-53;-29;27;1;1
-37;-38;44;0;1
-33;1;12;1;1
-29;19;54;1;1
-37;-22;18;0;1
-47;21;24;1;1
-52;-16;16;1;1
-24;8;23;0;1
-41;-27;31;0;1
-19;31;19;1;1
-19;-25;27;1;1
-59;29;21;1;1
-45;6;47;1;1
-44;2;48;0;1
-45;-32;17;1;1
-20;15;65;0;1
-37;48;37;0;1
-42;-7;37;0;1
-36;8;40;0;1
-21;-23;45;0;1
-28;38;23;0;1
-34;7;43;0;1
-16;27;16;0;1
-43;-14;15;1;1
-26;-9;13;1;1
-22;-6;29;0;1
-64;11;23;0;1
-34;-10;38;1;1
-10;-11;31;0;1
-24;21;54;1;1
-22;-18;49;1;1
-19;28;39;0;1
-16;23;63;1;1
-50;-33;29;1;1
-36;39;21;1;1
-46;-30;25;0;1
-34;-20;39;1;1
-35;-10;51;1;1
-17;-3;34;0;1
-53;-34;18;1;1
-17;-27;54;0;1
-16;-21;33;1;1
-50;30;20;0;1
-20;-19;13;0;1
-45;-1;14;0;1
-39;30;24;0;1
-50;-39;20;1;1
-32;-29;29;0;1
-39;-7;19;0;1
-26;24;34;1;1
-43;16;28;0;1
-13;-9;24;1;1
-42;-13;44;0;1
-36;36;20;0;1
-24;0;64;0;1
-30;25;30;0;1
-35;-25;15;1;1
-43;-22;19;0;1
-17;11;20;0;1
-31;48;39;0;1
-47;-6;37;0;1
-29;0;13;0;1
-24;30;56;0;1
-32;-42;32;1;1
-53;-37;22;0;1
-12;13;38;0;1
-53;3;47;0;1
-53;30;26;0;1
-23;34;17;0;1
-61;3;21;0;1
-37;-19;51;0;1
-14;-10;36;0;1
-39;25;19;0;1
-39;-20;55;1;1
-17;-14;16;1;1
-25;-15;47;1;1
-39;-19;45;0;1
-53;-14;31;0;1
-58;-10;32;1;1
-39;-12;32;1;1
-27;30;41;1;1
-34;-4;60;1;1
-50;-11;14;1;1
-42;-18;30;0;1
-33;0;9;0;1
-21;-12;49;0;1
-29;-20;59;0;1
-33;-2;58;1;1
-39;44;16;0;1
-21;-19;11;1;1
-25;33;48;0;1
-45;7;52;1;1
-32;-36;22;0;1
-39;-26;36;0;1
-18;-1;47;1;1
-41;-48;28;0;1
-48;-27;19;1;1
-29;-27;15;0;1
-24;29;13;1;1
-44;-14;46;1;1
-43;37;19;1;1
-59;-9;24;0;1
-25;-33;32;0;1
-40;11;47;1;1
-40;-14;42;0;1
-41;-7;38;1;1
-29;-20;20;0;1
-16;-20;38;0;1
-33;29;25;1;1
-59;17;33;0;1
-43;-6;43;1;1
-39;27;45;1;1
-45;-9;32;1;1
-31;43;25;0;1
-19;15;18;0;1
-26;-22;59;0;1
-34;52;21;0;1
-33;-31;24;0;1
-61;-15;24;0;1
-44;34;27;0;1
-38;-25;24;1;1
-30;-35;38;0;1
-25;-6;14;0;1
-14;20;20;0;1
-42;-42;30;0;1
-47;-36;26;0;1
-36;40;38;1;1
-62;13;20;1;1
-35;-45;17;0;1
-29;12;63;0;1
-31;24;50;0;1
-25;-15;60;1;1
-41;41;40;1;1
-23;33;41;1;1
-54;3;26;0;1
-28;28;33;0;1
-24;-28;49;1;1
-23;25;56;0;1
-15;12;51;0;1
-46;31;36;0;1
-45;11;29;1;1
-27;9;45;0;1
-11;17;52;0;1
-40;7;13;1;1
-31;39;50;0;1
-37;-37;46;1;1
-64;-20;18;0;1
-15;-18;34;0;1
-35;4;45;0;1
-46;14;46;0;1
-23;22;52;0;1
-28;24;32;1;1
-30;10;28;1;1
-32;-29;35;0;1
-20;13;42;1;1
-27;15;30;1;1
-41;-28;22;0;1
-24;-18;17;1;1
-56;14;37;1;1
-49;3;44;1;1
-20;2;32;0;1
-30;23;17;0;1
-34;46;27;0;1
-19;19;33;0;1
-35;25;20;0;1
-32;-32;29;0;1
-57;-15;39;0;1
-36;-43;16;1;1
-33;-28;17;1;1
-45;44;29;1;1
-15;-21;50;1;1
-27;44;45;0;1
-32;27;20;0;1
-22;-21;59;1;1
-60;8;34;1;1
-27;12;53;0;1
-30;-5;61;0;1
-37;20;31;0;1
-37;-33;26;0;1
-19;-14;39;0;1
-48;23;41;0;1
-34;30;48;0;1
-31;-14;23;1;1
-44;-5;25;1;1
-22;35;48;0;1
-18;31;28;1;1
-50;9;15;0;1
-23;-13;43;1;1
-16;-14;26;0;1
-37;-23;52;1;1
-38;-34;22;1;1
-9;12;29;1;1
-25;12;59;1;1
-22;-33;46;0;1
-39;-25;20;0;1
-29;-7;18;1;1
-46;-45;29;0;1
-52;-13;29;0;1
-20;15;10;1;1
-57;24;20;1;1
-39;-17;41;0;1
-30;-11;11;1;1
-35;-14;53;1;1
-45;31;25;1;1
-43;-9;38;0;1
-52;10;43;0;1
-51;-10;21;1;1
-23;-7;7;1;1
-33;-18;20;1;1
-47;6;47;0;1
-53;15;31;0;1
-19;17;26;1;1
-38;-28;13;0;1
-47;-14;25;0;1
-12;-19;16;1;1
-38;0;44;1;1
-58;17;31;0;1
-43;-13;35;1;1
-55;-29;27;0;1
-32;34;49;0;1
-37;-24;16;1;1
-43;-1;23;0;1
-34;-2;14;0;1
-52;15;46;0;1
-20;-4;36;0;1
-15;-10;38;1;1
-15;8;26;0;1
-25;8;61;1;1
-34;-53;21;0;1
-37;17;38;1;1
-34;54;20;0;1
-34;44;28;1;1
-32;5;28;0;1
-39;-38;40;0;1
-32;-2;17;0;1
-31;53;28;1;1
-58;16;34;0;1
-40;30;27;1;1
-12;-14;45;0;1
-25;-39;14;1;1
-23;23;11;1;1
-39;-15;55;0;1
-42;11;48;0;1
-24;-36;34;1;1
-41;-9;54;1;1
-34;-14;54;0;1
-29;23;33;1;1
-31;-6;13;0;1
-22;29;59;0;1
-14;21;9;0;1
-31;51;17;0;1
-16;-13;35;1;1
-58;-1;20;1;1
-40;-18;39;1;1
-28;18;57;0;1
-53;-17;27;1;1
-51;-33;24;1;1
-39;-27;22;0;1
-38;-44;20;0;1
-41;13;38;1;1
-49;21;22;0;1
-38;1;60;0;1
-40;-16;26;1;1
-52;-31;32;0;1
-27;28;43;1;1
-30;20;39;1;1
-39;5;44;0;1
-60;21;18;1;1
-28;-27;45;1;1
-37;-2;55;0;1
-40;28;35;1;1
-26;-5;60;0;1
-42;-21;53;1;1
-39;-46;20;0;1
-25;35;36;0;1
-57;0;32;1;1
-13;9;26;0;1
-25;-24;39;1;1
-22;-33;56;0;1
-38;51;21;0;1
-40;-23;23;1;1
-37;-37;43;1;1
-18;29;58;1;1
-33;-32;48;0;1
-22;28;13;1;1
-31;-20;15;0;1
-35;4;42;1;1
-45;-7;34;0;1
-27;7;27;0;1
-35;-11;43;0;1
-34;-39;44;0;1
-26;-29;57;1;1
-13;-18;11;0;1
-27;-18;35;0;1
-31;18;40;1;1
-36;-7;19;0;1
-60;2;23;0;1
-47;21;47;1;1
-55;-27;21;1;1
-26;-24;53;0;1
-50;-41;20;0;1
-30;31;29;0;1
-17;-7;18;0;1
-36;4;48;0;1
-29;37;16;0;1
-20;28;36;0;1
-28;25;43;0;1
-26;-25;19;0;1
-31;24;59;1;1
-29;-38;52;0;1
-51;-27;16;0;1
-38;28;45;0;1
-32;2;15;0;1
-13;17;26;0;1
-11;-13;44;1;1
-24;-4;36;0;1
-35;33;26;1;1
-22;19;39;1;1
-42;-38;17;0;1
-50;-3;25;0;1
-49;-4;28;0;1
-50;12;49;0;1
-39;-21;37;1;1
-46;-28;32;0;1
-16;-27;61;1;1
-29;42;40;0;1
-25;-2;57;0;1
-30;24;14;0;1
-24;11;20;0;1
-40;-5;33;1;1
-60;-10;27;0;1
-23;-6;37;1;1
-28;47;38;0;1
-52;12;43;1;1
-43;12;38;0;1
-26;22;43;0;1
-34;-37;17;1;1
-34;18;23;1;1
-20;3;34;1;1
-15;11;35;0;1
-18;-20;49;0;1
-24;-26;20;0;1
-28;-22;55;0;1
-55;31;27;0;1
-40;49;32;1;1
-53;-19;27;0;1
-48;-11;30;1;1
-10;15;21;1;1
-27;19;32;0;1
-22;-23;56;1;1
-14;-15;15;0;1
-46;5;47;0;1
-17;-25;64;0;1
-16;-25;42;0;1
-31;-39;49;1;1
-11;14;39;1;1
-43;2;24;0;1
-25;-25;50;0;1
-33;-39;27;1;1
-8;12;24;0;1
-50;24;16;0;1
-56;11;24;1;1
-16;-23;25;0;1
-44;46;24;1;1
-30;-18;43;0;1
-40;-11;25;0;1
-26;26;59;0;1
-36;18;48;1;1
-26;17;13;0;1
-42;-39;32;1;1
-41;-39;34;1;1
-13;16;51;1;1
-14;-22;14;0;1
-40;-31;49;0;1
-44;-23;14;1;1
-37;-27;24;0;1
-34;36;42;0;1
-42;-33;40;0;1
-20;-27;58;0;1
-21;12;20;1;1
-34;-19;26;0;1
-25;14;22;0;1
-17;-25;36;0;1
-14;-22;62;0;1
-38;-44;28;0;1
-22;15;20;1;1
-20;30;38;1;1
-25;-5;19;1;1
-31;-46;36;1;1
-42;-31;33;0;1
-35;11;41;0;1
-25;14;64;1;1
-11;11;36;1;1
-20;8;35;1;1
-22;0;35;1;1
-21;-2;21;0;1
-22;18;29;1;1
-37;-14;36;0;1
-34;11;25;0;1
-62;19;20;0;1
-38;-20;15;0;1
-25;-18;40;0;1
-42;-2;41;0;1
-36;-38;45;0;1
-33;22;53;0;1
-12;18;23;0;1
-44;15;20;1;1
-30;10;39;0;1
-26;-28;17;0;1
-48;-12;44;0;1
-33;-29;30;0;1
-11;-11;29;1;1
-20;27;40;0;1
-28;2;16;1;1
-32;-41;47;0;1
-37;-15;37;1;1
-49;-20;26;0;1
-13;-12;48;1;1
-19;1;16;0;1
-24;7;12;0;1
-35;-10;49;1;1
-12;8;39;0;1
-19;-17;7;0;1
-35;-40;23;1;1
-22;-5;39;0;1
-31;-48;29;1;1
-11;-11;33;0;1
-53;16;44;0;1
-33;-22;57;1;1
-37;-27;36;1;1
-31;12;50;0;1
-53;27;33;1;1
-23;-6;56;0;1
-21;-2;24;1;1
-34;-14;13;0;1
-25;22;18;0;1
-35;28;39;0;1
-33;-27;56;0;1
-35;-30;28;0;1
-38;13;53;1;1
-31;51;29;0;1
-42;-19;53;0;1
-58;-18;30;0;1
-37;-34;35;0;1
-24;28;37;0;1
-34;-39;26;0;1
-20;19;16;1;1
-40;42;40;0;1
-39;-33;30;1;1
-36;-15;19;0;1
-26;-33;23;1;1
-21;28;14;0;1
-33;8;61;0;1
-26;27;17;1;1
-31;0;50;0;1
-38;44;18;0;1
-21;28;30;1;1
-21;-8;61;0;1
-30;19;37;0;1
-14;-1;27;1;1
-9;15;31;0;1
-49;7;40;0;1
-53;41;18;1;1
-41;11;47;0;1
-30;-5;16;0;1
-37;14;53;1;1
-46;-5;52;0;1
-59;8;27;1;1
-47;-21;19;0;1
-23;-29;33;0;1
-16;-16;23;1;1
-28;-24;35;1;1
-32;-23;18;0;1
-33;-7;48;1;1
-47;24;19;0;1
-47;-36;28;0;1
-15;-20;35;0;1
-34;29;54;0;1
-27;-38;27;1;1
-39;-13;15;1;1
-27;6;42;0;1
-28;-4;65;0;1
-24;-36;52;0;1
-54;12;39;0;1
-26;-41;15;0;1
-26;33;19;1;1
-30;-31;18;0;1
-55;28;24;1;1
-42;-22;50;0;1
-53;-2;47;0;1
-19;30;37;0;1
-29;-1;51;0;1
-18;-18;64;0;1
-34;-1;43;0;1
-38;23;43;0;1
-36;12;54;0;1
-47;-7;34;0;1
-25;-19;19;0;1
-23;22;11;0;1
-38;-19;51;0;1
-42;-47;23;0;1
-21;-11;15;0;1
-48;-16;40;0;1
-31;-13;30;1;1
-34;21;45;0;1
-56;-15;26;0;1
-40;-18;43;0;1
-64;-7;22;0;1
-32;-19;36;0;1
-37;-31;47;0;1
-36;54;24;0;1
-39;42;37;0;1
-48;32;37;1;1
-43;-19;30;0;1
-42;3;22;0;1
-39;-11;49;0;1
-37;-8;11;1;1
-61;-20;19;0;1
-29;-35;32;0;1
-20;29;53;0;1
-22;12;8;1;1
-50;-21;42;0;1
-24;-20;45;0;1
-53;-15;32;0;1
-19;7;55;0;1
-41;33;26;0;1
-25;21;19;0;1
-57;11;37;0;1
-50;-42;20;1;1
-24;-19;62;1;1
-10;14;24;0;1
-45;-4;13;1;1
-27;32;39;0;1
-41;-17;22;1;1
-54;-11;31;1;1
-21;13;12;0;1
-34;33;15;1;1
-46;-41;25;0;1
-30;-2;48;0;1
-28;-31;22;1;1
-37;-7;35;1;1
-31;48;33;1;1
-32;14;61;0;1
-19;-4;49;0;1
-28;-3;63;1;1
-32;-11;40;0;1
-35;-5;43;0;1
-28;-18;45;0;1
-46;-5;38;0;1
-58;-29;20;0;1
-59;12;25;0;1
-48;-1;26;1;1
-51;4;49;0;1
-17;15;38;0;1
-32;43;43;1;1
-49;-21;24;1;1
-54;15;31;0;1
-54;-26;36;0;1
-27;-16;41;0;1
-47;-29;38;0;1
-41;25;27;0;1
-42;-33;24;0;1
-19;-14;36;0;1
-24;26;39;0;1
-37;-9;22;0;1
-45;10;30;1;1
-27;-28;53;1;1
-20;29;36;1;1
-47;-13;27;0;1
-36;39;30;0;1
-20;-21;40;1;1
-46;28;29;0;1
-36;-11;44;0;1
-13;-20;8;0;1
-34;-16;34;0;1
-44;12;34;0;1
-30;-23;15;0;1
-20;29;56;0;1
-36;36;48;1;1
-39;12;24;0;1
-20;-11;31;0;1
-52;-22;17;1;1
-21;28;54;1;1
-53;-1;15;0;1
-25;-34;40;0;1
-21;-33;33;0;1
-52;-16;34;0;1
-24;4;9;1;1
-25;39;46;0;1
-16;-20;55;1;1
-24;1;12;1;1
-36;-34;40;1;1
-33;27;38;0;1
-36;-25;36;1;1
-40;17;25;1;1
-50;-30;18;1;1
-26;-30;14;0;1
-24;12;25;1;1
-34;20;52;1;1
-36;11;24;0;1
-20;-5;15;1;1
-31;46;17;1;1
-34;-49;30;1;1
-24;-6;41;1;1
-47;-16;22;1;1
-22;28;24;0;1
-25;14;24;1;1
-49;0;47;0;1
-35;-8;56;0;1
-41;15;15;0;1
-31;-26;34;0;1
-46;35;30;1;1
-28;-47;28;0;1
-40;-19;17;0;1
-41;51;25;1;1
-45;-30;17;1;1
-36;-12;12;1;1
-23;2;20;1;1
-57;7;29;0;1
-31;6;19;1;1
-51;23;15;1;1
-18;5;51;0;1
-51;36;27;1;1
-44;27;30;1;1
-27;-21;37;1;1
-35;-42;32;0;1
-27;29;21;0;1
-65;16;23;0;1
-28;-39;49;0;1
-39;-2;46;0;1
-32;23;24;0;1
-22;5;27;0;1
-38;46;36;1;1
-64;19;21;0;1
-34;40;22;0;1
-42;5;52;0;1
-29;27;33;0;1
-53;-7;41;0;1
-18;27;24;1;1
-18;-19;28;0;1
-53;-6;40;0;1
-15;3;23;0;1
-40;-50;25;1;1
-35;-37;43;1;1
-38;5;20;1;1
-31;-27;27;0;1
-23;-34;29;0;1
-46;-15;22;0;1
-52;5;47;0;1
-51;12;15;0;1
-26;-13;14;0;1
-18;11;49;0;1
-26;36;12;1;1
-17;-12;32;0;1
-41;16;33;0;1
-15;22;50;0;1
-35;7;15;0;1
-45;12;31;1;1
-53;-4;28;0;1
-25;1;18;0;1
-50;20;44;0;1
-25;3;7;1;1
-33;1;44;1;1
-52;-9;22;1;1
-24;-1;45;0;1
-25;6;52;1;1
-22;14;20;0;1
-29;24;20;0;1
-21;-36;56;0;1
-59;10;25;0;1
-30;-48;30;1;1
-40;26;14;0;1
-19;-19;53;1;1
-49;8;26;0;1
-34;-6;28;0;1
-48;24;42;1;1
-30;-10;50;1;1
-27;4;52;0;1
-20;18;20;1;1
-51;-3;25;1;1
-28;33;33;1;1
-34;58;19;1;1
-18;-15;12;0;1
-33;39;40;0;1
-28;-16;43;1;1
-29;49;39;0;1
-52;-24;20;1;1
-34;-50;22;0;1
-26;-26;24;1;1
-32;-6;32;1;1
-22;32;58;1;1
-37;35;17;1;1
-7;11;21;0;1
-47;-26;24;0;1
-24;-4;39;1;1
-39;5;19;0;1
-35;-31;25;0;1
-45;-19;16;0;1
-27;-4;35;1;1
-28;-46;24;1;1
-25;-3;25;0;1
-49;3;28;1;1
-38;-30;49;1;1
-55;31;29;0;1
-32;9;57;0;1
-38;-16;54;1;1
-59;-24;20;0;1
-31;16;45;0;1
-35;-40;15;0;1
-50;30;22;1;1
-38;-30;25;0;1
-24;27;42;0;1
-39;9;31;1;1
-13;-10;23;0;1
-54;-21;39;1;1
-28;-27;55;0;1
-21;-12;21;1;1
-11;8;26;0;1
-35;7;44;0;1
-50;-24;24;0;1
-28;-34;43;1;1
-39;14;42;0;1
-16;-25;61;1;1
-41;-31;45;0;1
-46;20;43;0;1
-48;28;22;1;1
-40;27;49;0;1
-26;-13;21;0;1
-38;51;26;1;1
-50;-23;25;1;1
-25;-29;46;0;1
-38;6;47;0;1
-65;-2;19;0;1
-44;-28;22;0;1
-38;21;55;0;1
-33;18;24;1;1
-50;-20;26;0;1
-22;36;45;0;1
-12;-14;23;0;1
-42;-19;37;0;1
-29;-44;44;1;1
-32;-27;20;1;1
-60;12;27;1;1
-31;-11;19;1;1
-48;17;19;1;1
-56;-13;18;1;1
-56;3;35;0;1
-60;23;20;0;1
-52;-8;21;0;1
-51;14;36;0;1
-33;19;54;0;1
-35;6;41;0;1
-24;-14;52;0;1
-31;-46;34;0;1
-9;14;26;0;1
-38;20;53;0;1
-45;-7;50;1;1
-55;29;29;1;1
-20;12;52;0;1
-38;-20;55;0;1
-58;-14;18;0;1
-40;-7;13;0;1
-47;8;41;0;1
-40;-55;20;0;1
-37;45;37;0;1
-11;14;25;1;1
-24;18;52;0;1
-51;21;17;0;1
-30;-6;29;1;1
-31;-14;48;1;1
-33;22;31;1;1
-63;-3;17;0;1
-63;-4;25;0;1
-47;-9;48;1;1
-33;30;13;1;1
-51;-20;30;1;1
-40;9;11;0;1
-38;-16;28;1;1
-50;-22;21;1;1
-49;13;40;0;1
-51;-16;19;0;1
-41;15;26;0;1
-30;27;25;1;1
-43;30;37;1;1
-29;-31;29;0;1
-42;-36;17;0;1
-29;-14;59;0;1
-35;-5;46;0;1
-44;-16;53;0;1
-67;-4;21;0;1
-41;-22;26;0;1
-56;-3;19;0;1
-14;-14;24;0;1
-29;-36;49;0;1
-44;4;53;1;1
-42;17;37;0;1
-39;-20;29;0;1
-26;8;35;1;1
-49;9;39;1;1
-47;-12;45;0;1
-42;12;29;0;1
-16;-11;48;1;1
-36;31;32;1;1
-32;13;50;1;1
-30;36;14;0;1
-33;-7;49;0;1
-35;-21;27;0;1
-30;-50;30;1;1
-58;-30;23;0;1
-19;-1;43;0;1
-56;-30;21;0;1
-21;19;40;0;1
-16;26;51;1;1
-26;24;28;0;1
-43;-13;37;0;1
-25;-20;19;1;1
-26;42;27;1;1
-17;-21;41;0;1
-26;-17;21;0;1
-49;-39;18;0;1
-38;-10;44;0;1
-40;-25;14;0;1
-19;9;57;1;1
-30;-7;39;1;1
-43;16;47;0;1
-35;22;35;0;1
-57;1;18;0;1
-37;-8;18;0;1
-16;11;48;1;1
-44;-26;37;0;1
-24;13;43;0;1
-29;-14;36;0;1
-45;6;30;0;1
-15;-16;43;0;1
-20;11;58;1;1
-47;-15;37;0;1
-20;28;23;0;1
-55;-30;27;0;1
-28;33;26;0;1
-52;19;20;0;1
-22;26;61;1;1
-58;-1;23;0;1
-36;-32;42;0;1
-39;0;48;0;1
-15;-16;19;1;1
-35;-9;31;0;1
-51;-29;30;0;1
-44;27;14;0;1
-39;19;14;0;1
-33;8;23;0;1
-31;-3;17;0;1
-36;6;33;0;1
-63;0;30;0;1
-63;8;21;1;1
-22;-28;14;0;1
-14;8;25;0;1
-57;11;19;0;1
-21;9;20;0;1
-42;-14;40;0;1
-49;-8;19;1;1
-35;20;24;0;1
-57;10;32;0;1
-28;-35;17;1;1
-23;35;44;1;1
-51;-4;18;0;1
-36;29;20;1;1
-29;13;14;1;1
-9;4;25;0;1
-21;27;14;1;1
-54;0;23;0;1
-20;-23;57;0;1
-28;24;44;1;1
-43;-17;24;0;1
-30;5;22;0;1
-41;53;20;0;1
-40;26;49;0;1
-18;-7;19;0;1
-32;2;9;1;1
-28;-24;44;1;1
-22;-8;32;0;1
-39;-6;28;1;1
-23;33;43;0;1
-58;26;21;1;1
-36;10;54;0;1
-27;-36;51;1;1
-39;-35;39;0;1
-29;-46;18;0;1
-45;-36;41;0;1
-49;-27;30;0;1
-18;-10;37;1;1
-50;-12;32;0;1
-59;-12;22;0;1
-23;-15;16;0;1
-33;27;27;1;1
-28;-9;10;1;1
-24;40;34;0;1
-37;-5;30;1;1
-29;-26;34;1;1
-44;-17;49;1;1
-33;18;35;0;1
-22;19;18;0;1
-51;-9;40;1;1
-37;-15;36;0;1
-42;-11;14;1;1
-28;8;16;1;1
-18;1;29;0;1
-47;-41;31;0;1
-36;-47;17;0;1
-26;-40;44;1;1
-34;-22;47;1;1
-55;-27;23;0;1
-33;11;61;0;1
-46;2;38;0;1
-35;37;24;1;1
-23;19;32;0;1
-28;15;36;0;1
-64;16;26;0;1
-45;-34;27;1;1
-50;12;46;0;1
-24;34;15;0;1
-22;27;28;0;1
-36;-33;33;0;1
-20;-29;54;1;1
-15;-18;55;0;1
-15;-14;27;0;1
-22;33;26;0;1
-19;-32;26;0;1
-25;5;32;0;1
-15;-19;42;0;1
-32;3;61;0;1
-16;-12;24;1;1
-42;31;22;0;1
-41;-1;33;1;1
-50;-11;41;1;1
-11;19;19;1;1
-44;-21;51;0;1
-37;23;42;0;1
-24;1;57;0;1
-24;33;31;1;1
-24;0;25;0;1
-48;15;24;0;1
-46;-18;27;1;1
-33;23;20;0;1
-27;-34;39;1;1
-21;-4;18;0;1
-29;-16;50;1;1
-22;37;45;0;1
-40;-15;31;1;1
-26;33;16;0;1
-10;-16;42;0;1
-24;18;31;1;1
-47;26;42;0;1
-34;-3;59;1;1
-35;21;19;0;1
-27;24;42;0;1
-37;23;40;0;1
-43;5;16;0;1
-35;-16;27;1;1
-40;9;15;1;1
-22;30;22;1;1
-59;-6;28;0;1
-36;32;23;1;1
-34;-57;22;0;1
-48;-29;29;1;1
-32;5;16;0;1
-24;28;34;0;1
-45;-49;18;0;1
-55;24;36;0;1
-34;-25;55;1;1
-31;-2;32;0;1
-43;-39;16;0;1
-44;16;13;0;1
-36;35;19;0;1
-38;-13;23;0;1
-30;49;16;1;1
-29;24;42;1;1
-18;-13;33;0;1
-47;18;46;0;1
-52;27;38;1;1
-40;19;55;1;1
-8;13;36;1;1
-31;-41;24;0;1
-61;8;22;0;1
-15;20;14;0;1
-24;10;18;0;1
-25;34;13;0;1
-22;-21;61;0;1
-21;10;41;0;1
-35;-41;29;0;1
-30;-30;44;1;1
-13;-12;44;1;1
-14;-21;12;1;1
-36;33;49;0;1
-15;-16;39;0;1
-25;-6;24;0;1
-25;-10;17;1;1
-25;-20;27;0;1
-39;26;23;0;1
-50;-4;15;0;1
-55;-4;24;0;1
-37;28;47;0;1
-24;-17;48;1;1
-21;26;39;1;1
-49;36;27;1;1
-25;15;11;0;1
-32;-28;55;0;1
-24;-36;46;0;1
-52;31;22;0;1
-21;32;33;0;1
-56;8;18;0;1
-33;-7;42;0;1
-54;-19;41;0;1
-39;-42;22;0;1
-9;14;21;0;1
-22;34;28;1;1
-34;-9;14;0;1
-36;-34;26;0;1
-33;6;58;1;1
-37;-34;22;1;1
-23;-1;19;0;1
-14;3;33;0;1
-38;-35;31;0;1
-29;22;26;0;1
-19;13;52;1;1
-30;-7;64;1;1
-42;42;23;0;1
-22;-28;58;0;1
-34;24;16;0;1
-29;48;42;1;1
-19;-31;49;0;1
-18;-11;17;0;1
-32;22;44;1;1
-56;-7;16;0;1
-58;27;28;0;1
-17;8;30;1;1
-44;10;17;1;1
-26;-15;64;0;1
-20;3;25;1;1
-45;-17;13;1;1
-44;5;38;0;1
-9;-6;22;0;1
-26;-22;43;0;1
-10;-10;30;1;1
-38;30;50;0;1
-54;3;15;0;1
-18;-22;61;1;1
-29;-8;33;0;1
-36;50;20;0;1
-51;17;28;0;1
-43;-8;37;1;1
-40;-37;16;1;1
-45;0;43;0;1
-14;18;16;1;1
-39;-35;16;0;1
-52;-4;14;0;1
-57;-30;23;1;1
-50;-17;33;0;1
-14;-15;53;0;1
-31;-6;52;1;1
-35;-6;59;0;1
-26;38;39;0;1
-43;19;44;0;1
-34;-26;33;0;1
-13;16;16;0;1
-48;-40;25;0;1
-14;-11;45;1;1
-61;12;33;0;1
-41;-20;13;1;1
-54;-27;32;0;1
-30;-21;32;1;1
-24;29;36;1;1
-31;-46;25;1;1
-41;-26;21;0;1
-49;14;33;0;1
-23;10;28;1;1
-43;16;37;1;1
-38;-7;56;1;1
-44;33;44;0;1
-22;-19;15;1;1
-27;44;41;1;1
-27;-26;28;1;1
-38;-21;17;0;1
-38;-28;36;0;1
-38;17;23;1;1
-31;-20;52;0;1
-27;8;19;0;1
-31;37;39;0;1
-26;17;63;0;1
-16;13;31;1;1
-19;-14;27;0;1
-51;-18;15;1;1
-25;15;28;0;1
-41;-7;35;1;1
-24;-1;11;0;1
-33;37;28;0;1
-25;-13;33;0;1
-44;-45;21;1;1
-61;-17;22;0;1
-45;37;24;1;1
-51;-4;45;0;1
-19;-21;60;1;1
-40;-13;43;0;1
-38;-36;29;1;1
-32;-8;35;1;1
-34;9;43;0;1
-24;2;59;0;1
-17;4;41;0;1
-22;-1;53;1;1
-32;33;46;0;1
-21;-9;53;0;1
-27;-29;37;1;1
-19;-12;32;0;1
-49;18;45;1;1
-20;19;44;0;1
-23;-30;41;0;1
-39;7;22;1;1
-18;-23;54;0;1
-53;12;16;0;1
-36;-27;44;0;1
-34;-20;12;1;1
-38;43;40;1;1
-41;7;34;1;1
-39;24;54;1;1
-46;-30;34;0;1
-34;-20;57;0;1
-59;9;38;1;1
-43;-35;40;0;1
-32;-11;21;1;1
-29;28;16;0;1
-55;-25;29;0;1
-58;-28;26;0;1
-39;23;18;1;1
-61;11;21;0;1
-27;44;34;1;1
-22;-4;32;1;1
-39;-5;30;1;1
-65;5;25;0;1
-21;-24;56;0;1
-18;-25;19;0;1
-23;9;54;1;1
-24;-11;23;0;1
-24;-10;10;1;1
-48;16;42;1;1
-52;-5;39;0;1
-45;-35;16;0;1
-44;-27;15;0;1
-30;-11;29;0;1
-36;18;57;0;1
-12;12;26;0;1
-48;12;42;0;1
-21;-21;38;0;1
-50;23;19;0;1
-30;13;48;0;1
-24;-30;52;1;1
-25;-17;41;0;1
-31;26;25;1;1
-14;11;25;1;1
-48;42;22;1;1
-56;22;25;0;1
-35;-5;11;0;1
-33;18;45;1;1
-37;-35;46;0;1
-47;13;46;0;1
-34;12;35;0;1
-23;39;26;0;1
-41;42;32;0;1
-20;-6;27;1;1
-35;18;22;0;1
-56;-13;41;1;1
-36;18;43;1;1
-39;-5;37;1;1
-55;-13;30;1;1
-46;-17;38;0;1
-29;4;17;1;1
-26;15;60;1;1
-29;9;58;0;1
-50;26;19;1;1
-43;-14;31;1;1
-12;0;32;1;1
-44;14;44;0;1
-35;-36;24;0;1
-22;8;35;1;1
-32;46;17;0;1
-35;45;16;1;1
-44;-47;22;0;1
-18;-21;41;1;1
-24;-15;12;1;1
-43;25;42;1;1
-14;-4;31;0;1
-44;13;45;0;1
-38;30;29;1;1
-21;-29;41;1;1
-24;27;33;1;1
-35;-22;18;0;1
-42;-2;12;0;1
-38;-18;44;0;1
-31;33;39;1;1
-27;12;11;1;1
-41;-17;28;0;1
-18;-24;36;1;1
-38;-17;15;0;1
-50;1;34;1;1
-38;9;12;1;1
-31;-46;30;1;1
-22;6;49;0;1
-24;16;32;1;1
-16;16;57;0;1
-13;4;37;0;1
-58;9;16;0;1
-52;8;18;0;1
-36;36;39;0;1
-26;5;19;1;1
-47;43;31;1;1
-22;4;15;1;1
-63;-1;27;0;1
-26;-42;39;0;1
-21;1;26;0;1
-26;36;42;1;1
-43;-14;34;0;1
-18;6;33;1;1
-31;-31;19;0;1
-30;7;25;0;1
-33;-48;22;1;1
-22;-12;27;0;1
-57;8;32;1;1
-33;29;50;0;1
-42;46;33;1;1
-25;41;22;0;1
-39;-22;47;0;1
-39;-20;30;0;1
-57;23;24;0;1
-35;2;28;0;1
-15;23;14;1;1
-53;-27;30;1;1
-20;28;62;0;1
-41;25;35;1;1
-35;-38;46;0;1
-8;-13;32;0;1
-28;-15;28;0;1
-35;21;43;0;1
-15;22;56;0;1
-23;-19;51;0;1
-45;30;37;0;1
-20;-16;54;0;1
-22;-31;25;1;1
-27;-19;22;0;1
-28;-31;43;1;1
-15;19;12;0;1
-36;40;25;1;1
-30;-27;41;0;1
-32;-25;50;0;1
-20;-27;62;0;1
-36;9;13;0;1
-37;-24;23;0;1
-39;-29;19;0;1
-24;27;46;0;1
-28;-47;16;1;1
-31;0;37;0;1
-33;-14;40;0;1
-41;-6;22;0;1
-34;-6;50;1;1
-46;-38;36;1;1
-29;24;48;0;1
-26;-39;17;0;1
-56;-15;36;0;1
-12;9;33;0;1
-24;-32;31;1;1
-52;11;32;1;1
-16;27;59;0;1
-26;-28;48;0;1
-43;-23;31;0;1
-21;9;52;1;1
-54;-23;40;0;1
-23;16;32;1;1
-15;-16;42;1;1
-24;21;48;1;1
-38;-15;27;0;1
-29;43;37;0;1
-64;11;28;1;1
-38;1;41;0;1
-19;-28;44;1;1
-40;35;44;0;1
-41;38;28;0;1
-24;-14;35;1;1
-22;-2;36;0;1
-46;-18;30;1;1
-60;4;23;1;1
-31;-2;22;1;1
-25;18;43;0;1
-52;-18;34;0;1
-27;-20;11;0;1
-19;-25;15;0;1
-33;-54;26;0;1
-39;-19;54;0;1
-12;-12;40;0;1
-24;4;65;0;1
-49;26;22;0;1
-32;-18;50;1;1
-22;-34;32;1;1
-22;18;64;1;1
-17;-9;44;0;1
-32;-1;27;1;1
-63;20;20;0;1
-25;4;64;0;1
-40;20;25;0;1
-27;14;16;1;1
-23;-26;21;1;1
-29;30;19;1;1
-35;-27;19;1;1
-31;17;31;0;1
-37;10;58;0;1
-66;2;18;0;1
-31;-20;36;0;1
-50;-16;43;0;1
-36;-2;52;0;1
-49;-23;42;0;1
-19;-20;41;1;1
-20;26;19;0;1
-19;-17;11;0;1
-20;-16;10;0;1
-14;-24;57;0;1
-47;32;30;1;1
-39;51;23;1;1
-21;15;39;1;1
-60;16;17;0;1
-38;5;52;1;1
-39;-2;56;1;1
-25;-20;49;1;1
-22;-3;24;0;1
-47;6;28;1;1
-29;-13;40;0;1
-21;-4;21;1;1
-21;-31;36;1;1
-47;8;45;0;1
-35;7;32;0;1
-39;-40;39;0;1
-40;-4;39;0;1
-31;31;19;1;1
-36;3;46;1;1
-50;-3;41;0;1
-36;-45;29;0;1
-37;-27;51;0;1
-51;13;43;1;1
-48;42;26;0;1
-26;-37;44;0;1
-27;-25;21;0;1
-40;-30;42;0;1
-38;-32;15;0;1
-17;-13;56;1;1
-21;-9;28;0;1
-19;9;56;0;1
-42;2;56;1;1
-28;-2;65;1;1
-15;-22;41;0;1
-20;4;29;1;1
-25;-13;40;0;1
-47;-36;37;1;1
-48;3;32;0;1
-26;10;58;0;1
-15;18;63;0;1
-40;33;31;0;1
-56;-32;27;0;1
-22;1;16;0;1
-43;8;26;0;1
-15;6;33;0;1
-31;-5;33;0;1
-48;30;34;1;1
-38;1;15;0;1
-27;-19;53;1;1
-53;-24;33;0;1
-22;3;26;0;1
-41;2;39;0;1
-35;-26;49;0;1
-25;36;18;0;1
-35;-26;23;0;1
-31;3;48;0;1
-55;11;17;0;1
-47;41;20;1;1
-49;8;32;1;1
-39;15;48;1;1
-56;11;18;0;1
-12;14;44;0;1
-22;-19;36;0;1
-13;19;38;0;1
-41;-26;28;1;1
-40;41;16;0;1
-47;32;41;0;1
-19;-1;48;0;1
-40;-26;13;1;1
-25;-41;51;0;1
-48;8;32;0;1
-48;-17;48;0;1
-20;-4;53;0;1
-34;-28;40;0;1
-23;15;8;0;1
-39;51;22;1;1
-31;33;50;0;1
-20;-17;25;0;1
-45;4;29;0;1
-50;5;20;0;1
-33;-24;49;0;1
-16;22;30;0;1
-27;38;49;0;1
-21;-21;28;0;1
-61;27;24;1;1
-30;-34;29;0;1
-21;-14;66;0;1
-18;-7;27;0;1
-33;-20;43;0;1
-41;-17;36;0;1
-28;36;20;1;1
-12;15;45;0;1
-61;-28;21;1;1
-39;25;48;0;1
-18;-23;10;1;1
-39;5;13;1;1
-44;13;42;0;1
-21;-5;23;0;1
-14;11;44;0;1
-29;-20;14;1;1
-38;0;24;0;1
-42;21;28;1;1
-56;-2;29;0;1
-15;-8;30;1;1
-17;-13;51;0;1
-28;16;48;0;1
-35;-41;38;1;1
-13;-7;37;0;1
-15;6;31;0;1
-54;27;32;0;1
-11;18;39;1;1
-45;-37;20;1;1
-13;-21;25;0;1
-61;-12;24;1;1
-20;-30;32;0;1
-51;-9;34;1;1
-42;48;19;0;1
-13;14;21;0;1
-15;21;40;1;1
-26;13;17;1;1
-33;-25;19;0;1
-42;20;21;0;1
-38;28;29;0;1
-61;23;26;0;1
-56;25;18;0;1
-47;2;48;0;1
-49;-12;49;0;1
-33;-8;16;1;1
-31;28;51;0;1
-35;-27;41;1;1
-51;15;16;1;1
-25;-1;27;1;1
-19;27;41;1;1
-30;32;14;0;1
-24;-16;12;1;1
-45;-18;19;0;1
-19;10;48;0;1
-25;15;52;0;1
-17;-27;59;1;1
-38;-43;19;0;1
-49;-26;17;1;1
-20;-2;49;1;1
-15;-9;19;0;1
-36;-22;52;1;1
-41;16;34;1;1
-35;0;33;0;1
-62;8;23;0;1
-8;13;33;0;1
-33;-14;16;0;1
-23;-23;24;0;1
-56;23;20;1;1
-43;26;35;0;1
-19;-7;29;1;1
-43;-27;45;0;1
-51;-5;16;1;1
-53;-6;17;0;1
-18;-2;22;0;1
-58;-21;30;1;1
-19;19;9;0;1
-25;2;53;0;1
-33;13;14;1;1
-16;-10;33;1;1
-37;-2;41;1;1
-33;0;35;0;1
-14;-10;28;1;1
-43;-17;33;0;1
-40;-34;44;0;1
-38;-31;23;0;1
-43;-3;54;1;1
-28;-36;54;1;1
-45;42;32;0;1
-32;46;32;0;1
-55;-37;21;0;1
-30;-3;36;0;1
-31;18;59;1;1
-29;49;18;1;1
-40;37;30;0;1
-14;-3;32;1;1
-26;12;51;1;1
-30;48;28;1;1
-48;17;15;1;1
-49;-6;33;0;1
-66;11;21;0;1
-23;3;37;0;1
-38;36;29;1;1
-20;-30;16;0;1
-20;-34;57;0;1
-28;-33;33;0;1
-34;27;28;0;1
-27;-32;56;0;1
-41;26;33;1;1
-21;33;22;0;1
-21;33;56;1;1
-47;-17;18;0;1
-21;32;13;0;1
-46;26;25;0;1
-35;41;18;0;1
-35;-37;46;0;1
-35;13;59;1;1
-56;-21;24;1;1
-50;16;19;0;1
-28;-10;27;0;1
-25;10;43;0;1
-20;-2;50;0;1
-31;-34;17;0;1
-33;7;58;0;1
-46;20;39;0;1
-42;37;25;1;1
-27;3;48;0;1
-34;-4;36;1;1
-24;-33;16;0;1
-16;13;24;0;1
-40;-13;45;1;1
-42;6;45;0;1
-31;13;15;0;1
-38;-31;35;0;1
-16;-17;13;0;1
-30;47;43;0;1
-51;36;23;0;1
-52;28;37;1;1
-37;5;53;1;1
-27;-9;13;1;1
-19;-23;63;0;1
-30;-15;62;0;1
-40;11;56;0;1
-38;5;16;0;1
-26;-32;20;0;1
-19;-2;30;0;1
-25;14;16;0;1
-38;-35;24;1;1
-47;-44;24;0;1
-19;30;56;1;1
-33;-4;37;1;1
-28;25;24;0;1
-34;-25;53;0;1
-33;42;29;1;1
-37;20;46;1;1
-50;36;25;0;1
-44;-4;20;1;1
-20;33;13;0;1
-28;-6;17;1;1
-31;-6;28;0;1
-14;-21;57;1;1
-63;4;32;0;1
-17;-20;37;0;1
-38;-15;21;1;1
-32;-22;29;1;1
-31;13;31;0;1
-30;50;34;0;1
-34;16;44;1;1
-42;-35;31;1;1
-20;-23;21;0;1
-40;-29;44;1;1
-39;-5;11;0;1
-28;-1;65;0;1
-35;20;16;0;1
-24;18;13;0;1
-49;16;18;1;1
-32;-8;9;0;1
-47;-13;46;0;1
-22;-11;66;0;1
-40;-20;28;0;1
-32;41;41;1;1
-40;-41;34;0;1
-41;10;17;0;1
-20;-17;36;1;1
-36;25;15;1;1
-28;35;20;0;1
-22;-18;14;0;1
-57;13;32;0;1
-14;-19;54;0;1
-23;12;56;0;1
-38;-15;26;1;1
-43;-42;21;0;1
-35;21;29;1;1
-21;-8;14;0;1
-26;26;18;1;1
-20;16;28;0;1
-27;-23;46;1;1
-14;-21;54;0;1
-21;18;59;0;1
-50;-17;42;0;1
-42;-17;23;0;1
-43;-11;25;1;1
-53;17;27;0;1
-40;-38;36;0;1
-31;34;16;0;1
-48;-26;18;1;1
-63;-5;21;0;1
-62;5;33;0;1
-25;41;46;1;1
-43;-17;39;1;1
-30;36;36;0;1
-56;16;19;0;1
-56;31;30;0;1
-40;8;44;1;1
-62;13;32;0;1
-28;-23;21;1;1
-26;-14;28;1;1
-56;12;19;0;1
-16;-6;33;0;1
-20;11;20;0;1
-24;-13;31;0;1
-31;-19;16;0;1
-32;-38;48;0;1
-34;-10;32;0;1
-34;19;46;1;1
-55;12;21;0;1
-19;17;18;1;1
-22;-11;38;1;1
-25;14;14;0;1
-18;-10;20;0;1
-34;-4;51;1;1
-31;28;57;0;1
-40;18;19;0;1
-27;14;43;0;1
-57;-17;28;1;1
-41;-46;20;0;1
-45;16;32;1;1
-11;13;30;0;1
-42;8;33;0;1
-42;-22;38;0;1
-28;7;62;0;1
-23;16;43;0;1
-41;-14;26;0;1
-26;-8;11;0;1
-47;42;27;0;1
-41;30;20;0;1
-47;32;35;0;1
-50;-7;37;0;1
-22;21;57;1;1
-54;-25;25;1;1
-48;4;14;0;1
-29;-27;42;1;1
-60;-10;20;0;1
-12;-13;25;1;1
-38;-20;23;0;1
-26;27;15;1;1
-25;-15;46;1;1
-29;-19;48;1;1
-21;-33;48;0;1
-33;-4;13;0;1
-43;42;18;0;1
-46;-16;20;0;1
-42;-34;26;0;1
-21;22;26;1;1
-24;35;44;0;1
-59;2;29;0;1
-25;-25;36;0;1
-38;4;34;0;1
-42;13;34;0;1
-26;44;33;0;1
-36;-16;15;0;1
-26;16;10;1;1
-24;34;22;1;1
-28;31;34;0;1
-45;-27;37;1;1
-14;-8;25;0;1
-43;1;28;0;1
-22;9;60;0;1
-42;23;23;0;1
-47;-29;25;0;1
-19;-16;61;1;1
-24;-13;21;0;1
-11;8;31;1;1
-27;-38;42;0;1
-25;1;34;1;1
-20;6;50;1;1
-31;-49;25;0;1
-39;3;24;1;1
-40;-40;38;1;1
-40;2;52;1;1
-31;-12;58;1;1
-30;42;35;1;1
-48;-22;22;0;1
-24;38;19;0;1
-64;8;21;0;1
-35;20;12;1;1
-32;-42;47;0;1
-35;-6;60;0;1
-17;28;10;0;1
-48;-23;36;0;1
-30;-32;35;1;1
-22;-11;20;0;1
-21;15;59;0;1
-52;-5;33;0;1
-28;4;33;0;1
-35;-5;21;1;1
-21;-9;55;0;1
-39;42;30;1;1
-24;12;28;0;1
-37;21;41;1;1
-35;17;26;1;1
-18;25;23;0;1
-40;11;19;1;1
-28;11;25;1;1
-29;11;13;0;1
-33;5;30;0;1
-46;30;18;1;1
-30;33;25;0;1
-51;-28;24;0;1
-18;22;52;0;1
-34;-2;46;0;1
-38;7;13;1;1
-56;21;32;0;1
-15;23;64;0;1
-48;-14;41;1;1
-22;-8;55;1;1
-31;-33;27;1;1
-7;-11;26;0;1
-28;11;22;0;1
-24;-30;43;0;1
-36;49;20;0;1
-22;-23;21;0;1
-19;18;58;1;1
-50;-18;36;1;1
-30;-8;48;0;1
-55;3;30;0;1
-18;31;11;0;1
-19;10;26;1;1
-62;18;23;0;1
-42;18;41;0;1
-60;25;27;1;1
-47;47;18;0;1
-30;-36;49;1;1
-18;21;18;1;1
-20;18;37;0;1
-28;-5;44;0;1
-42;-14;33;0;1
-33;-13;25;1;1
-49;10;47;0;1
-33;-39;17;0;1
-43;-29;19;0;1
-17;-11;55;1;1
-39;-41;18;0;1
-61;9;25;1;1
-27;-2;51;0;1
-46;31;20;0;1
-24;-32;26;1;1
-19;14;57;0;1
-16;15;55;1;1
-21;-8;58;0;1
-18;-27;47;1;1
-21;-5;20;0;1
-26;-8;50;0;1
-62;14;23;0;1
-14;20;21;1;1
-28;-7;47;0;1
-60;-22;20;1;1
-46;7;30;0;1
-55;-15;33;0;1
-31;-19;26;1;1
-30;7;36;0;1
-40;-24;48;0;1
-30;-13;28;1;1
-22;26;42;1;1
-19;-4;38;0;1
-42;33;23;0;1
-23;9;42;0;1
-49;9;50;1;1
-53;-8;20;0;1
-33;9;22;1;1
-32;2;16;0;1
-57;29;25;0;1
-21;24;20;1;1
-48;-23;18;0;1
-33;-20;40;1;1
-33;34;39;1;1
-34;-38;27;1;1
-20;23;34;0;1
-35;-14;58;0;1
-38;35;39;1;1
-41;52;18;0;1
-60;6;23;0;1
-15;-23;55;0;1
-47;-24;42;0;1
-37;-38;24;0;1
-47;25;22;1;1
-34;14;36;1;1
-31;9;37;0;1
-16;19;44;0;1
-45;4;39;1;1
-29;17;47;1;1
-54;-13;25;0;1
-35;-51;27;1;1
-30;-8;33;0;1
-18;-16;54;1;1
-16;-22;35;1;1
-40;14;46;0;1
-33;18;28;1;1
-50;16;39;0;1
-37;-35;17;0;1
-36;-55;23;0;1
-30;28;46;0;1
-23;27;19;1;1
-36;12;51;1;1
-41;-5;32;0;1
-21;13;61;0;1
-11;18;37;1;1
-32;34;40;1;1
-33;14;41;0;1
-35;-11;39;0;1
-47;-5;45;1;1
-49;12;40;0;1
-24;-32;49;0;1
-27;-1;44;0;1
-44;23;17;0;1
-31;20;46;0;1
-38;-4;37;0;1
-36;-48;23;1;1
-36;36;18;1;1
-26;-36;29;1;1
-22;-36;33;1;1
-45;29;38;0;1
-46;35;24;0;1
-20;16;26;0;1
-19;-8;15;0;1
-35;30;23;0;1
-29;-35;40;1;1
-43;-6;41;0;1
-43;-2;33;1;1
-31;13;60;1;1
-47;29;28;0;1
-15;17;42;0;1
-25;-3;44;0;1
-56;11;38;1;1
-13;-17;54;0;1
-26;8;42;1;1
-45;23;24;0;1
-33;26;26;0;1
-20;33;58;1;1
-32;25;36;0;1
-46;-12;13;0;1
-16;1;28;0;1
-56;-6;31;1;1
-34;49;18;0;1
-58;8;19;0;1
-34;-7;56;0;1
-40;-13;17;0;1
-24;-11;22;1;1
-39;-11;28;0;1
-40;7;32;1;1
-31;-20;29;0;1
-17;-20;25;0;1
-54;0;18;0;1
-36;54;27;1;1
-30;-26;55;0;1
-47;23;40;0;1
-37;-15;47;0;1
-16;-23;48;0;1
-32;36;42;0;1
-21;-3;53;0;1
-44;-19;38;0;1
-25;-9;8;0;1
-42;27;42;0;1
-16;22;33;0;1
-43;7;18;1;1
-45;26;29;1;1
-36;-39;20;0;1
-26;-43;41;0;1
-26;0;11;1;1
-32;-10;18;1;1
-39;-10;44;1;1
-20;-20;13;1;1
-32;9;39;1;1
-19;23;49;0;1
-33;-26;26;0;1
-20;12;14;1;1
-48;28;40;1;1
-26;18;27;0;1
-22;37;17;1;1
-37;15;45;1;1
-50;39;20;0;1
-21;32;38;0;1
-18;23;56;0;1
-16;-27;26;1;1
-62;-22;21;1;1
-42;-39;18;0;1
-19;-24;33;1;1
-41;-25;52;0;1
-34;-23;35;1;1
-23;-17;19;0;1
-40;-41;21;0;1
-41;-45;33;0;1
-14;23;29;0;1
-59;25;25;0;1
-41;27;35;0;1
-35;39;18;0;1
-28;-5;31;1;1
-51;-24;36;1;1
-44;-27;20;0;1
-22;-7;40;0;1
-55;-21;21;1;1
-29;14;59;0;1
-56;-36;24;1;1
-22;-9;62;0;1
-12;-9;24;1;1
-26;-21;47;1;1
-38;9;37;0;1
-47;19;33;1;1
-16;8;37;0;1
-26;31;22;0;1
-61;-13;24;1;1
-27;2;38;0;1
-52;2;15;0;1
-49;-22;41;1;1
-26;-21;43;0;1
-38;26;13;1;1
-22;16;16;1;1
-39;26;37;0;1
-16;-22;38;0;1
-11;15;29;0;1
-39;-7;17;1;1
-51;7;19;1;1
-45;13;21;1;1
-17;9;16;0;1
-45;-7;39;1;1
-56;-10;27;0;1
-19;14;46;0;1
-33;-8;33;0;1
-30;-43;39;0;1
-58;-14;31;0;1
-45;-7;38;1;1
-56;12;24;0;1
-34;9;16;1;1
-62;11;18;0;1
-39;-32;36;0;1
-33;10;49;0;1
-23;25;54;0;1
-52;-33;32;0;1
-15;-13;41;1;1
-41;24;15;0;1
-19;30;16;0;1
-27;33;55;0;1
-39;25;43;0;1
-24;-28;16;1;1
-24;11;39;0;1
-29;40;31;0;1
-47;37;20;0;1
-22;27;54;0;1
-40;23;30;1;1
-17;24;37;1;1
-28;-30;19;0;1
-41;-49;27;0;1
-47;-6;31;0;1
-44;13;17;1;1
-34;-52;23;1;1
-16;26;11;0;1
-37;19;36;1;1
-50;-18;42;0;1
-30;8;59;0;1
-17;18;33;0;1
-22;-12;54;0;1
-20;26;58;0;1
-30;36;26;1;1
-18;-6;16;0;1
-33;-20;29;1;1
-14;-24;21;1;1
-46;-8;48;0;1
-53;-5;34;0;1
-23;30;34;0;1
-47;38;36;1;1
-30;-37;15;0;1
-25;-33;14;0;1
-37;29;48;1;1
-29;-1;39;0;1
-53;40;24;1;1
-28;15;47;1;1
-24;-8;42;0;1
-34;-44;39;0;1
-49;46;22;1;1
-30;-39;46;0;1
-20;6;51;0;1
-55;-25;19;1;1
-48;46;24;1;1
-28;2;65;1;1
-37;-17;38;0;1
-17;13;48;0;1
-19;-21;49;0;1
-44;9;49;0;1
-32;38;15;0;1
-37;-10;38;0;1
-52;15;26;0;1
-27;-23;19;1;1
-33;-25;29;1;1
-60;-10;33;1;1
-33;-37;41;1;1
-60;-19;30;1;1
-53;-20;32;1;1
-35;6;32;0;1
-43;-27;48;0;1
-22;-20;53;0;1
-36;41;43;0;1
-52;-12;36;1;1
-60;5;27;0;1
-49;-20;31;1;1
-39;-13;53;0;1
-17;-22;60;0;1
-19;-4;32;1;1
-31;-23;23;1;1
-49;-8;46;1;1
-22;-20;29;0;1
-47;7;44;0;1
-16;0;34;1;1
-13;-14;42;0;1
-62;19;18;0;1
-56;36;20;1;1
-25;42;44;0;1
-26;-26;26;0;1
-15;7;34;0;1
-33;0;15;1;1
-31;38;49;0;1
-54;10;16;1;1
-15;22;36;0;1
-32;15;27;0;1
-37;15;33;0;1
-53;-40;23;1;1
-18;21;48;0;1
-45;25;35;1;1
-38;42;32;1;1
-50;-33;23;0;1
-54;-20;22;1;1
-31;17;51;1;1
-41;12;22;1;1
-45;-13;46;0;1
-39;-14;20;0;1
-49;-13;36;1;1
-24;2;62;1;1
-58;-4;33;1;1
-59;-7;16;0;1
-41;10;38;1;1
-34;-5;26;1;1
-58;19;34;1;1
-40;-19;30;0;1
-53;31;17;1;1
-25;4;32;0;1
-45;-20;28;1;1
-48;17;49;0;1
-26;-25;54;1;1
-34;16;51;0;1
-14;-13;19;0;1
-25;30;28;0;1
-40;-13;13;0;1
-50;7;31;0;1
-15;-21;25;0;1
-27;-12;16;0;1
-25;-18;62;1;1
-34;1;32;0;1
-31;-18;47;1;1
-29;-7;52;0;1
-56;19;23;1;1
-36;36;38;0;1
-27;35;18;0;1
-33;-33;36;1;1
-36;21;26;0;1
-55;30;20;1;1
-44;2;32;1;1
-19;-26;49;1;1
-26;44;39;0;1
-29;10;52;0;1
-20;21;44;0;1
-41;-25;29;0;1
-26;11;48;0;1
-27;-30;27;1;1
-28;-14;33;1;1
-59;-8;30;0;1
-32;-3;54;1;1
-24;-14;21;1;1
-20;-8;27;1;1
-23;37;14;1;1
-46;-43;18;1;1
-17;-24;38;0;1
-45;-37;19;0;1
-25;8;65;0;1
-36;-6;35;1;1
-38;12;35;0;1
-24;-35;18;0;1
-36;43;20;0;1
-39;36;39;1;1
-32;11;16;0;1
-29;-21;55;1;1
-28;40;51;0;1
-46;24;30;0;1
-36;-28;38;0;1
-13;-21;48;0;1
-20;20;43;0;1
-23;-10;25;0;1
-32;21;27;0;1
-19;14;41;0;1
-60;-2;30;0;1
-33;-29;16;0;1
-40;42;29;0;1
-35;-22;53;0;1
-54;-25;30;1;1
-29;-23;47;1;1
-28;46;25;0;1
-58;-34;20;1;1
-28;3;8;0;1
-34;21;47;0;1
-17;-19;22;1;1
-49;-39;33;0;1
-13;-17;29;1;1
-29;-11;32;1;1
-24;-22;11;1;1
-36;11;51;0;1
-49;-16;36;0;1
-45;30;15;0;1
-15;1;39;0;1
-54;-22;36;1;1
-56;-14;23;1;1
-40;-25;49;1;1
-23;30;48;0;1
-33;28;28;0;1
-47;4;33;1;1
-63;18;25;0;1
-46;26;40;1;1
-53;5;17;0;1
-41;-31;32;0;1
-26;-25;38;0;1
-24;39;19;0;1
-44;15;36;0;1
-10;-10;26;0;1
-20;22;11;1;1
-21;-11;65;0;1
-41;3;55;1;1
-20;-32;60;1;1
-34;-36;24;0;1
-50;22;44;0;1
-50;-39;29;0;1
-24;-15;33;0;1
-39;-21;15;1;1
-52;-16;27;1;1
-15;-6;42;0;1
-35;-33;18;0;1
-37;-1;49;1;1
-28;-21;55;0;1
-57;-10;38;1;1
-35;-10;38;0;1
-11;-5;32;1;1
-22;28;20;0;1
-28;-22;47;0;1
-21;-18;47;0;1
-34;-38;35;0;1
-21;-20;32;0;1
-26;-12;53;0;1
-26;-32;21;0;1
-22;10;59;0;1
-43;16;34;0;1
-55;-20;24;1;1
-37;32;36;0;1
-31;30;51;1;1
-25;8;36;0;1
-15;7;31;1;1
-26;4;58;0;1
-27;-15;20;1;1
-49;1;22;0;1
-52;-9;24;1;1
-23;-28;52;0;1
-35;-3;57;0;1
-31;35;14;1;1
-27;-16;51;1;1
-53;-3;21;0;1
-22;31;48;0;1
-40;-44;37;0;1
-26;4;49;0;1
-45;4;34;0;1
-21;29;52;0;1
-54;-22;19;0;1
-23;-22;30;0;1
-38;-31;28;1;1
-48;-15;31;0;1
-28;-32;55;0;1
-41;13;35;1;1
-20;32;11;1;1
-50;4;30;0;1
-37;25;27;0;1
-32;-47;31;0;1
-58;-16;19;0;1
-50;8;37;0;1
-30;43;20;0;1
-59;22;18;0;1
-46;25;39;1;1
-54;-26;27;0;1
-26;20;52;0;1
-47;10;30;0;1
-30;33;50;1;1
-49;-2;14;0;1
-44;9;13;0;1
-24;12;9;0;1
-43;-29;46;0;1
-32;22;43;1;1
-43;20;24;0;1
-8;-11;30;0;1
-37;50;23;1;1
-49;18;30;0;1
-31;-33;41;0;1
-63;-10;25;1;1
-49;28;22;0;1
-50;-40;29;0;1
-34;14;21;0;1
-21;18;34;1;1
-25;28;19;0;1
-34;2;42;0;1
-26;-34;29;0;1
-44;48;26;0;1
-16;-18;18;0;1
-36;21;53;0;1
-54;6;34;0;1
-31;41;47;0;1
-43;33;31;0;1
-29;5;29;0;1
-55;-10;33;0;1
-28;-12;36;1;1
-21;14;9;1;1
-32;18;33;0;1
-34;-39;22;1;1
-61;-22;22;1;1
-51;-26;38;0;1
-50;0;16;0;1
-52;13;27;0;1
-54;-31;18;0;1
-29;-40;16;1;1
-41;10;14;1;1
-32;-17;44;0;1
-22;17;31;1;1
-18;-27;24;1;1
-28;-24;58;1;1
-19;32;60;0;1
-26;43;50;0;1
-31;43;35;0;1
-37;-2;15;1;1
-38;-16;18;0;1
-18;25;36;1;1
-28;-7;32;1;1
-24;-11;9;0;1
-42;25;36;0;1
-25;-34;50;0;1
-38;6;20;1;1
-34;-48;26;1;1
-43;-37;29;0;1
-48;39;28;1;1
-55;6;37;0;1
-28;37;31;0;1
-33;-23;11;1;1
-29;14;55;1;1
-34;-5;37;0;1
-29;-16;47;0;1
-49;22;44;0;1
-20;21;14;1;1
-27;8;26;0;1
-32;9;12;1;1
-18;-26;12;0;1
-60;-18;33;0;1
-61;8;18;0;1
-37;45;38;1;1
-44;-6;32;1;1
-35;-46;35;1;1
-15;-10;49;0;1
-19;-32;13;0;1
-39;8;31;1;1
-42;38;17;0;1
-32;4;55;0;1
-39;24;16;1;1
-7;12;32;0;1
-20;16;14;1;1
-43;-18;50;1;1
-49;28;25;1;1
-8;7;27;1;1
-53;-23;18;1;1
-43;-16;14;0;1
-25;20;43;0;1
-28;-39;45;0;1
-28;-20;44;0;1
-19;-12;20;1;1
-16;-19;65;0;1
-64;-11;27;0;1
-15;-21;47;0;1
-22;-34;41;0;1
-18;-4;27;0;1
-39;-21;18;0;1
-42;-7;34;0;1
-34;38;30;1;1
-60;5;24;1;1
-58;5;39;1;1
-58;2;17;1;1
-33;-16;47;0;1
-39;-7;48;0;1
-19;25;58;0;1
-44;-4;49;1;1
-32;-49;25;1;1
-21;19;19;1;1
-24;32;53;1;1
-33;-19;36;0;1
-51;-10;23;0;1
-14;-18;14;1;1
-29;36;44;0;1
-26;7;51;0;1
-28;38;48;0;1
-29;29;48;1;1
-38;-6;46;0;1
-40;-4;35;0;1
-29;-10;18;0;1
-55;1;40;1;1
-29;-22;31;1;1
-16;8;44;0;1
-18;-16;25;1;1
-43;-30;31;1;1
-49;-35;32;1;1
-53;-23;41;0;1
-37;23;54;0;1
-42;37;36;0;1
-29;40;15;0;1
-57;-2;26;1;1
-32;-18;41;0;1
-54;-25;24;1;1
-23;23;56;0;1
-33;16;22;0;1
-40;-32;44;1;1
-14;-16;37;1;1
-38;-34;41;0;1
-18;11;14;0;1
-43;7;19;0;1
-24;-9;48;0;1
-31;-8;32;0;1
-37;27;18;0;1
-14;22;62;1;1
-50;27;16;0;1
-32;-20;55;0;1
-17;-5;34;0;1
-41;-13;12;1;1
-41;-36;21;0;1
-42;8;51;0;1
-47;-42;24;0;1
-32;-19;53;0;1
-61;7;31;1;1
-28;24;59;1;1
-36;-6;19;1;1
-37;34;14;1;1
-52;-13;19;1;1
-50;36;28;1;1
-43;-32;39;0;1
-46;35;21;1;1
-22;-28;10;0;1
-21;-32;46;0;1
-44;-22;50;1;1
-45;-27;26;0;1
-25;-23;47;0;1
-13;-17;46;0;1
-58;18;33;0;1
-48;-13;42;0;1
-51;19;20;0;1
-37;-22;35;1;1
-26;-16;28;0;1
-43;30;25;0;1
-34;-52;21;1;1
-55;-15;22;1;1
-20;-18;42;0;1
-33;-10;34;1;1
-46;36;22;1;1
-13;-20;39;1;1
-24;-4;38;1;1
-26;42;26;1;1
-45;2;51;1;1
-23;-12;14;1;1
-51;-19;40;0;1
-64;20;23;0;1
-35;32;31;1;1
-33;27;28;1;1
-33;11;10;0;1
-36;-46;36;0;1
-38;2;42;0;1
-52;6;17;1;1
-45;-4;18;0;1
-22;16;44;0;1
-51;-13;47;1;1
-26;-27;17;1;1
-35;5;21;0;1
-17;29;34;0;1
-40;11;45;0;1
-46;-16;28;0;1
-44;8;19;0;1
-48;8;31;0;1
-34;29;55;0;1
-24;-10;12;0;1
-47;-12;38;1;1
-18;-14;9;1;1
-30;-46;39;0;1
-18;9;40;1;1
-55;-17;37;0;1
-15;17;27;0;1
-23;30;47;0;1
-17;-13;20;0;1
-46;8;25;0;1
-50;-9;43;0;1
-38;5;31;0;1
-32;-21;52;0;1
-11;-2;26;0;1
-61;26;22;0;1
-26;27;60;1;1
-45;31;19;0;1
-25;42;25;1;1
-45;-28;26;0;1
-35;24;31;0;1
-29;13;62;0;1
-23;-14;40;1;1
-61;-9;33;0;1
-47;-24;32;1;1
-19;-15;30;0;1
-49;23;42;0;1
-24;10;21;0;1
-29;-41;22;1;1
-17;23;36;1;1
-47;-27;28;0;1
-62;-9;22;1;1
-25;-18;37;0;1
-30;8;36;0;1
-44;-22;37;0;1
-35;22;23;1;1
-30;50;19;0;1
-45;-25;34;0;1
-36;2;52;0;1
-31;-29;40;1;1
-35;0;51;0;1
-31;-26;21;0;1
-29;-31;14;0;1
-35;11;59;0;1
-18;-9;41;1;1
-53;-10;30;0;1
-35;-21;39;0;1
-30;-28;30;1;1
-26;7;19;1;1
-36;25;19;0;1
-45;-25;15;1;1
-52;4;19;0;1
-35;-24;56;0;1
-59;-15;24;0;1
-26;-6;18;1;1
-20;-8;28;1;1
-13;5;23;1;1
-48;-11;34;0;1
-25;-35;39;0;1
-26;-24;18;1;1
-24;-30;23;0;1
-41;-25;38;1;1
-39;-17;32;0;1
-20;30;45;0;1
-25;21;33;1;1
-47;39;30;1;1
-37;0;24;1;1
-23;-32;39;0;1
-41;-23;49;0;1
-32;-23;51;0;1
-36;-54;24;0;1
-33;-9;56;0;1
-23;24;29;1;1
-46;-22;34;0;1
-24;-13;20;1;1
-18;-4;26;0;1
-62;18;22;0;1
-40;12;12;0;1
-51;-9;15;1;1
-53;-9;35;0;1
-36;28;32;0;1
-31;9;33;0;1
-56;2;29;0;1
-47;-21;39;1;1
-26;21;50;0;1
-55;32;29;0;1
-31;5;32;0;1
-26;-20;46;0;1
-19;20;28;0;1
-38;-12;58;0;1
-34;15;19;0;1
-35;-20;41;0;1
-34;26;33;0;1
-25;-28;46;0;1
-23;33;57;0;1
-48;-38;36;0;1
-45;-30;30;1;1
-25;7;55;1;1
-26;11;9;1;1
-26;12;17;0;1
-27;23;28;1;1
-27;-43;40;0;1
-42;27;32;0;1
-47;2;33;0;1
-61;23;23;1;1
-26;-3;36;0;1
-41;4;21;0;1
-43;-32;44;0;1
-43;48;20;1;1
-23;35;46;1;1
-21;18;24;0;1
-28;-19;40;0;1
-57;-3;31;0;1
-29;47;31;0;1
-43;25;26;0;1
-47;17;31;1;1
-44;5;17;0;1
-48;20;24;0;1
-48;-31;31;0;1
-27;-22;29;0;1
-29;1;20;0;1
-26;-29;17;0;1
-19;15;66;1;1
-17;16;17;1;1
-57;-18;24;0;1
-14;16;29;1;1
-61;-7;27;1;1
-54;-33;30;1;1
-37;-28;53;0;1
-30;27;28;0;1
-27;36;37;0;1
-42;-19;48;0;1
-29;-15;13;0;1
-37;8;13;0;1
-37;1;19;0;1
-24;10;55;1;1
-42;-2;53;1;1
-19;-31;13;1;1
-48;-43;18;0;1
-63;-5;22;0;1
-24;10;32;0;1
-40;-43;36;0;1
-36;20;15;0;1
-53;-10;21;1;1
-32;-40;17;0;1
-21;-4;31;0;1
-37;0;42;0;1
-21;32;11;0;1
-35;28;38;0;1
-29;-17;41;0;1
-17;-20;57;1;1
-57;-30;20;1;1
-30;-39;23;1;1
-58;10;16;1;1
-53;0;28;1;1
-11;14;23;0;1
-23;-38;30;1;1
-39;54;20;0;1
-50;29;18;1;1
-56;-13;23;0;1
-27;29;56;0;1
-44;-28;45;0;1
-20;-15;34;0;1
-27;-42;18;0;1
-51;-30;36;0;1
-31;18;52;1;1
-59;-24;27;0;1
-28;-21;56;0;1
-44;-7;43;1;1
-33;-33;49;0;1
-18;6;21;1;1
-38;-37;27;0;1
-62;-2;20;0;1
-49;6;44;0;1
-18;3;47;0;1
-41;15;56;0;1
-43;28;43;1;1
-23;30;18;0;1
-37;4;48;1;1
-46;19;41;0;1
-31;5;12;0;1
-48;8;23;0;1
-29;-34;38;1;1
-24;33;32;0;1
-27;16;52;1;1
-28;-7;25;1;1
-27;45;45;0;1
-31;42;26;1;1
-41;37;15;0;1
-37;39;33;0;1
-11;15;30;0;1
-17;-17;42;0;1
-25;2;35;1;1
-52;-5;42;0;1
-40;-28;31;0;1
-32;-1;29;1;1
-35;12;22;0;1
-24;4;20;0;1
-13;17;41;1;1
-15;11;24;1;1
-22;-13;45;0;1
-24;-24;48;1;1
-29;-23;18;0;1
-14;-7;40;0;1
-26;9;18;0;1
-31;-44;33;0;1
-59;-4;29;0;1
-36;22;45;0;1
-50;15;30;0;1
-23;-23;37;0;1
-25;-40;20;0;1
-13;17;14;0;1
-14;-16;45;0;1
-16;-19;38;0;1
-34;24;53;0;1
-32;-42;38;1;1
-29;-8;29;0;1
-53;-32;20;0;1
-12;-10;32;0;1
-35;32;40;0;1
-19;-25;63;1;1
-35;-8;32;0;1
-40;20;46;1;1
-22;28;19;0;1
-33;1;15;0;1
-11;-11;31;0;1
-29;14;53;1;1
-18;24;26;0;1
-21;-32;28;0;1
-38;-20;12;1;1
-21;31;22;0;1
-33;-22;53;1;1
-22;23;20;0;1
-35;-15;26;0;1
-37;-27;47;0;1
-22;-16;28;0;1
-31;-52;37;0;1
-28;-8;43;0;1
-55;-18;31;0;1
-50;8;23;0;1
-29;-10;12;0;1
-43;8;12;0;1
-35;-35;29;0;1
-32;-19;30;0;1
-27;21;15;0;1
-62;2;31;1;1
-15;22;47;0;1
-23;39;53;0;1
-29;-25;12;0;1
-23;10;18;0;1
-17;-22;43;0;1
-38;-9;36;0;1
-23;-18;42;1;1
-33;21;13;0;1
-54;-8;26;0;1
-39;50;22;1;1
-36;-7;28;0;1
-23;-5;7;1;1
-35;6;59;0;1
-25;-36;15;1;1
-17;13;16;1;1
-51;9;36;0;1
-30;25;40;1;1
-24;6;54;0;1
-16;-25;40;0;1
-45;13;42;1;1
-49;20;35;0;1
-33;16;11;0;1
-32;15;14;0;1
-27;-10;42;1;1
-13;-8;36;1;1
-13;-18;31;1;1
-61;26;24;0;1
-21;20;35;0;1
-21;7;36;0;1
-29;-20;10;0;1
-63;-13;24;0;1
-23;32;13;0;1
-50;37;29;1;1
-33;-48;36;0;1
-59;-1;28;0;1
-22;20;46;0;1
-41;-23;50;0;1
-58;-13;16;0;1
-35;0;25;0;1
-34;-3;24;1;1
-26;25;40;0;1
-41;24;31;1;1
-38;-10;17;0;1
-59;-3;27;0;1
-37;-52;24;0;1
-24;-5;35;0;1
-46;-22;19;0;1
-39;-43;38;0;1
-46;46;18;0;1
-33;-25;12;0;1
-28;22;43;0;1
-27;-11;32;0;1
-30;15;20;0;1
-35;49;19;0;1
-20;-9;31;0;1
-35;-30;34;0;1
-43;13;49;0;1
-16;0;41;0;1
-22;13;29;0;1
-15;-25;29;0;1
-39;4;53;1;1
-16;-6;24;0;1
-27;-25;57;1;1
-35;26;25;1;1
-39;14;39;0;1
-29;-2;9;1;1
-28;-4;17;0;1
-14;-20;59;0;1
-27;44;19;1;1
-52;-8;31;0;1
-22;16;24;1;1
-31;2;55;0;1
-41;43;34;0;1
-35;-2;25;0;1
-33;-9;22;0;1
-21;4;42;0;1
-49;-28;28;1;1
-33;9;16;1;1
-42;32;31;1;1
-45;-33;30;0;1
-24;40;14;0;1
-27;4;10;1;1
-28;-41;37;0;1
-39;-25;26;0;1
-15;22;29;0;1
-40;19;34;1;1
-46;12;49;0;1
-27;-19;56;0;1
-29;34;29;0;1
-30;-22;48;0;1
-31;-13;36;1;1
-39;32;41;0;1
-45;-13;16;0;1
-33;-2;33;0;1
-50;-18;46;0;1
-23;-29;27;0;1
-28;-43;21;1;1
-18;24;52;1;1
-27;-12;42;0;1
-24;5;19;0;1
-51;-23;37;0;1
-44;-16;48;0;1
-28;-17;37;1;1
-52;25;20;0;1
-27;-6;51;1;1
-53;17;40;1;1
-38;-55;18;0;1
-49;-2;19;0;1
-14;-18;34;0;1
-61;9;27;0;1
-41;-3;16;0;1
-24;-36;35;0;1
-28;-8;21;1;1
-29;-41;40;0;1
-48;18;32;0;1
-27;-30;41;0;1
-41;-19;50;1;1
-40;8;34;0;1
-33;-13;18;0;1
-60;-11;36;1;1
-36;-23;54;0;1
-13;16;55;1;1
-40;0;27;0;1
-52;21;23;0;1
-32;12;45;0;1
-35;36;39;1;1
-39;2;47;1;1
-22;-30;22;0;1
-40;-7;35;0;1
-25;-35;48;0;1
-46;17;30;0;1
-44;-34;42;0;1
-21;-18;41;0;1
-32;-47;41;1;1
-52;-21;33;0;1
-32;19;53;0;1
-58;-17;17;0;1
-32;-16;38;1;1
-28;44;42;0;1
-20;0;35;0;1
-14;24;26;1;1
-56;-2;18;0;1
-26;13;60;0;1
-29;-25;38;1;1
-42;14;22;0;1
-22;-22;27;1;1
-26;6;16;1;1
-30;36;21;0;1
-39;-44;30;0;1
-35;17;29;1;1
-34;7;40;1;1
-41;23;27;0;1
-37;26;35;0;1
-28;5;13;1;1
-39;-11;19;0;1
-50;18;28;1;1
-18;16;24;0;1
-32;7;27;0;1
-31;7;27;0;1
-45;-15;38;0;1
-25;17;10;1;1
-31;-28;37;0;1
-22;18;30;0;1
-44;-10;26;0;1
-22;-4;15;0;1
-55;34;25;1;1
-17;-20;11;0;1
-50;-33;38;0;1
-33;10;13;1;1
-29;9;9;1;1
-29;37;14;1;1
-24;8;28;0;1
-28;38;29;0;1
-28;-36;42;0;1
-56;-18;28;0;1
-38;-48;28;0;1
-43;15;36;1;1
-26;9;60;0;1
-22;17;32;0;1
-25;-14;43;0;1
-24;-33;24;1;1
-25;26;23;0;1
-34;-48;28;0;1
-20;10;28;0;1
-44;14;38;0;1
-19;32;10;0;1
-22;18;25;0;1
-47;2;44;1;1
-47;-20;40;0;1
-14;-6;36;0;1
-29;37;43;0;1
-33;-37;39;0;1
-14;0;21;0;1
-35;-8;24;1;1
-51;20;40;1;1
-36;-53;27;0;1
-44;-21;32;0;1
-34;-8;21;1;1
-23;24;9;1;1
-45;-24;16;0;1
-19;25;19;0;1
-30;-27;51;1;1
-53;21;40;1;1
-26;14;45;1;1
-22;20;63;1;1
-26;21;33;0;1
-28;-16;55;0;1
-24;10;40;0;1
-30;17;33;1;1
-12;14;35;1;1
-20;28;20;0;1
-46;-13;32;0;1
-26;22;48;1;1
-21;-15;17;0;1
-35;33;18;1;1
-9;12;41;1;1
-53;-4;37;0;1
-15;21;57;0;1
-10;9;33;0;1
-17;-6;30;0;1
-43;-46;23;0;1
-25;-5;60;1;1
-15;-15;14;1;1
-32;40;20;0;1
-10;-17;46;0;1
-50;25;21;0;1
-23;36;39;0;1
-45;-22;49;1;1
-33;35;45;1;1
-28;-35;50;1;1
-50;-8;32;1;1
-23;-14;59;0;1
-18;28;54;1;1
-29;-42;23;0;1
-21;-6;11;1;1
-48;14;25;0;1
-28;0;41;0;1
-24;-30;36;0;1
-57;-34;24;1;1
-32;-32;26;0;1
-44;46;21;0;1
-56;-6;21;1;1
-30;-38;41;0;1
-46;-28;19;1;1
-53;4;40;0;1
-36;45;36;1;1
-23;-27;40;1;1
-50;-19;42;0;1
-11;-6;33;0;1
-50;-42;27;1;1
-40;-8;54;0;1
-42;-16;37;1;1
-34;12;30;1;1
-19;-21;38;1;1
-14;-1;24;0;1
-48;-31;21;1;1
-29;47;15;0;1
-32;29;47;0;1
-26;44;40;0;1
-27;19;11;0;1
-18;28;60;0;1
-36;22;13;1;1
-43;-50;24;0;1
-14;-21;45;1;1
-20;-31;15;1;1
-53;-16;33;1;1
-42;11;39;0;1
-52;17;27;1;1
-9;12;38;1;1
-41;-31;20;0;1
-39;-17;35;0;1
-40;34;36;1;1
-17;-28;23;1;1
-34;-49;19;1;1
-27;-22;59;0;1
-46;-24;28;0;1
-49;23;22;1;1
-24;-24;55;0;1
-35;16;29;0;1
-31;-40;36;0;1
-39;20;34;1;1
-27;-13;28;0;1
-45;27;47;0;1
-37;-19;57;0;1
-40;-38;22;1;1
-20;-32;31;0;1
-41;-5;21;0;1
-59;30;22;0;1
-28;-15;17;0;1
-27;5;17;1;1
-32;-17;31;0;1
-52;16;29;0;1
-59;5;27;0;1
-39;20;33;1;1
-29;-27;40;0;1
-22;-3;12;0;1
-22;-30;57;0;1
-29;0;45;1;1
-39;-44;38;0;1
-65;12;18;0;1
-49;32;38;0;1
-27;-15;38;0;1
-50;-5;47;1;1
-27;41;38;0;1
-23;-33;29;1;1
-11;5;25;0;1
-38;-55;22;0;1
-61;-8;23;1;1
-46;25;27;0;1
-24;17;18;0;1
-64;-11;18;0;1
-19;-13;16;1;1
-53;-9;16;0;1
-48;21;44;0;1
-40;15;47;0;1
-44;-5;51;0;1
-46;34;21;0;1
-20;-30;59;1;1
-28;-25;21;1;1
-67;-6;20;0;1
-23;-16;48;0;1
-43;-41;21;1;1
-35;24;52;1;1
-40;-46;17;0;1
-24;0;50;0;1
-44;3;29;0;1
-41;3;31;0;1
-31;-22;36;0;1
-20;-34;52;0;1
-20;-21;19;0;1
-37;-54;18;1;1
-32;-20;11;1;1
-36;-33;34;1;1
-35;3;34;1;1
-37;-3;15;0;1
-27;3;46;1;1
-32;26;39;1;1
-32;-13;60;0;1
-29;-22;30;0;1
-40;5;41;1;1
-34;38;39;1;1
-42;14;30;1;1
-22;36;36;0;1
-19;-27;43;1;1
-27;-9;56;1;1
-28;-5;45;1;1
-61;1;18;0;1
-20;-5;36;1;1
-60;11;24;0;1
-38;7;27;0;1
-30;51;26;0;1
-15;4;36;1;1
-12;-16;34;0;1
-39;-45;24;1;1
-45;1;34;0;1
-18;2;49;1;1
-45;-16;49;1;1
-22;-3;23;1;1
-17;26;26;1;1
-32;11;39;0;1
-27;13;18;0;1
-22;-37;43;0;1
-48;0;26;0;1
-39;-4;24;1;1
-38;27;51;0;1
-34;-16;40;1;1
-35;44;27;1;1
-29;36;48;1;1
-24;17;55;1;1
-28;-6;25;1;1
-27;39;15;1;1
-27;-14;28;0;1
-44;2;30;1;1
-40;-46;18;0;1
-33;3;44;0;1
-33;-25;49;0;1
-36;-16;56;1;1
-30;-32;47;0;1
-28;-44;44;0;1
-51;-13;37;0;1
-45;9;26;1;1
-35;-39;25;1;1
-32;-11;22;0;1
-34;-12;21;0;1
-43;-49;24;1;1
-36;30;46;0;1
-32;49;26;0;1
-54;-3;43;1;1
-44;-14;26;1;1
-33;-53;30;0;1
-34;-53;23;0;1
-25;-20;9;1;1
-30;28;39;0;1
-54;-14;39;1;1
-28;-24;24;0;1
-27;19;33;1;1
-51;17;17;0;1
-34;-1;12;1;1
-34;55;27;1;1
-46;8;33;0;1
-47;16;18;0;1
-38;33;23;0;1
-53;13;21;1;1
-38;4;30;0;1
-27;12;48;0;1
-16;-19;15;1;1
-26;14;30;0;1
-28;42;44;1;1
-21;-34;22;0;1
-26;31;26;1;1
-34;10;59;0;1
-29;25;21;0;1
-47;-17;48;0;1
-22;-5;13;0;1
-40;-26;17;0;1
-44;17;38;0;1
-42;-36;19;0;1
-27;22;60;0;1
-52;-15;34;1;1
-15;-19;64;0;1
-17;14;44;0;1
-37;-56;18;0;1
-37;-1;14;0;1
-42;-19;41;1;1
-47;6;25;1;1
-14;-3;27;1;1
-55;34;23;1;1
-48;-3;47;0;1
-27;-24;55;0;1
-22;17;40;0;1
-38;17;33;0;1
-16;17;24;0;1
-53;1;38;1;1
-36;37;21;0;1
-17;25;54;0;1
-21;-12;11;0;1
-39;-2;15;1;1
-48;-36;27;1;1
-23;3;63;1;1
-40;-42;24;1;1
-26;42;30;0;1
-19;4;16;0;1
-44;40;19;0;1
-33;25;45;1;1
-63;22;19;1;1
-21;-17;64;0;1
-31;-48;39;1;1
-23;-7;52;1;1
-24;-21;20;0;1
-37;1;57;0;1
-36;-40;27;0;1
-36;22;14;0;1
-38;17;36;0;1
-32;32;21;1;1
-42;-15;25;1;1
-23;20;46;1;1
-12;17;16;0;1
-22;0;17;1;1
-46;-28;26;1;1
-26;39;25;0;1
-20;-9;23;0;1
-32;48;40;0;1
-10;-6;29;0;1
-63;-20;24;0;1
-39;-47;18;0;1
-32;18;43;1;1
-32;14;22;0;1
-25;12;57;0;1
-19;6;32;1;1
-34;5;44;0;1
-19;29;41;0;1
-51;-9;32;1;1
-18;-28;49;0;1
-23;-18;41;1;1
-45;30;29;0;1
-58;9;33;0;1
-49;-43;21;1;1
-19;-5;43;0;1
-43;22;34;0;1
-39;-9;11;0;1
-37;45;35;0;1
-42;10;36;0;1
-37;24;43;1;1
-42;-38;38;0;1
-37;26;39;0;1
-15;-20;52;1;1
-31;-11;37;1;1
-32;24;15;0;1
-48;-19;31;1;1
-50;-4;27;1;1
-20;-34;11;0;1
-32;-11;43;0;1
-14;-1;37;0;1
-55;25;37;0;1
-35;5;58;0;1
-48;37;26;0;1
-19;26;33;0;1
-44;7;25;0;1
-47;-17;28;0;1
-34;-41;30;0;1
-41;-32;24;1;1
-22;-17;24;0;1
-18;-8;27;0;1
-42;-24;19;0;1
-33;-4;45;0;1
-41;-11;15;1;1
-32;1;34;1;1
-30;5;25;0;1
-40;-22;54;1;1
-44;-6;34;0;1
-28;20;31;1;1
-52;-10;38;1;1
-31;-49;34;1;1
-21;15;34;1;1
-41;21;37;1;1
-31;42;40;0;1
-49;-22;32;0;1
-26;40;40;0;1
-30;17;24;0;1
-37;-29;22;0;1
-12;-11;27;0;1
-9;13;32;0;1
-30;-42;46;0;1
-24;-25;25;0;1
-29;19;31;0;1
-39;40;35;0;1
-49;16;40;1;1
-22;24;25;1;1
-40;12;25;0;1
-56;-13;19;1;1
-49;-2;49;0;1
-18;-17;9;1;1
-26;-6;26;0;1
-23;17;9;0;1
-56;-25;31;0;1
-30;21;51;0;1
-38;22;38;1;1
-50;4;14;1;1
-24;2;41;0;1
-52;24;36;0;1
-37;38;18;0;1
-14;13;50;0;1
-45;20;29;1;1
-17;4;36;0;1
-34;-24;30;1;1
-24;-36;43;1;1
-12;-8;39;0;1
-51;4;37;0;1
-24;-6;48;1;1
-19;-25;32;0;1
-59;-12;37;0;1
-48;34;30;0;1
-28;-34;42;0;1
-23;-14;42;0;1
-34;24;39;0;1
-41;-19;19;1;1
-44;-41;35;0;1
-49;-1;21;1;1
-28;-18;48;0;1
-49;-6;16;1;1
-49;5;15;0;1
-26;10;30;0;1
-43;26;25;0;1
-43;26;36;1;1
-53;-1;17;0;1
-24;-14;38;1;1
-37;-18;46;0;1
-24;-26;25;1;1
-23;7;25;0;1
-26;-1;32;1;1
-46;-13;38;0;1
-63;13;21;0;1
-15;21;53;0;1
-34;43;27;1;1
-12;-8;35;1;1
-62;21;24;0;1
-24;27;20;1;1
-28;20;48;0;1
-42;6;49;1;1
-19;-24;32;0;1
-38;15;56;0;1
-59;20;21;0;1
-55;-22;30;1;1
-35;0;50;0;1
-60;9;21;0;1
-13;14;22;1;1
-43;-1;21;0;1
-17;-8;43;0;1
-41;21;41;0;1
-24;-26;44;0;1
-38;-10;39;0;1
-44;-17;13;1;1
-34;23;28;0;1
-29;-12;45;1;1
-14;-22;51;0;1
-26;-30;47;1;1
-26;-25;42;1;1
-15;24;62;0;1
-21;-24;61;1;1
-26;14;59;1;1
-39;25;28;0;1
-45;34;33;0;1
-40;-5;47;1;1
-56;-15;24;1;1
-27;1;40;1;1
-61;7;21;1;1
-45;-15;18;1;1
-49;4;45;1;1
-22;-37;32;0;1
-34;-24;29;1;1
-32;-41;41;0;1
-31;17;53;0;1
-20;4;47;0;1
-24;12;40;0;1
-24;7;57;0;1
-51;-8;46;0;1
-28;-7;21;1;1
-22;-10;23;1;1
-44;9;53;0;1
-51;-15;25;0;1
-33;-25;13;1;1
-34;-19;40;1;1
-35;-24;52;0;1
-58;-1;39;1;1
-40;38;32;1;1
-14;-9;20;0;1
-32;-50;25;0;1
-40;50;28;0;1
-32;-10;20;0;1
-42;8;39;0;1
-40;-46;36;0;1
-22;-3;21;1;1
-22;25;44;1;1
-31;12;10;1;1
-33;40;43;0;1
-49;24;16;1;1
-26;0;55;1;1
-63;1;17;1;1
-24;24;42;1;1
-64;7;24;0;1
-24;-8;45;1;1
-51;-37;30;0;1
-51;-3;26;0;1
-21;-14;61;1;1
-44;-34;43;0;1
-23;29;21;1;1
-38;-19;37;1;1
-26;32;31;0;1
-21;34;26;0;1
-21;10;13;0;1
-57;14;26;0;1
-19;9;23;1;1
-26;24;56;0;1
-26;34;18;0;1
-45;-21;29;0;1
-19;-6;36;0;1
-23;-27;44;0;1
-42;21;53;0;1
-26;27;47;0;1
-26;28;58;1;1
-33;-42;21;0;1
-19;-25;28;0;1
-29;-21;12;0;1
-33;48;26;0;1
-48;-32;20;1;1
-26;1;47;0;1
-25;26;25;1;1
-41;-28;45;1;1
-44;46;29;1;1
-29;-27;29;0;1
-37;23;31;0;1
-28;-36;32;0;1
-58;16;26;0;1
-44;-14;31;1;1
-39;9;18;0;1
-37;-37;38;1;1
-39;27;34;0;1
-29;-47;39;0;1
-22;-25;26;0;1
-32;-3;9;1;1
-30;-2;15;1;1
-22;-38;20;0;1
-34;18;48;0;1
-27;26;57;0;1
-44;-18;30;0;1
-36;8;28;0;1
-52;-21;26;1;1
-52;14;28;0;1
-39;18;48;1;1
-29;47;32;0;1
-38;-10;21;0;1
-36;-13;52;0;1
-42;47;23;1;1
-56;-12;37;0;1
-33;6;49;0;1
-19;-1;34;0;1
-33;-50;33;1;1
-30;3;26;1;1
-27;-2;44;0;1
-33;49;38;1;1
-56;-6;33;1;1
-54;-26;20;0;1
-34;-31;25;1;1
-44;-1;24;0;1
-36;40;22;0;1
-37;33;15;1;1
-21;16;11;0;1
-34;6;15;0;1
-38;-28;44;1;1
-22;20;61;1;1
-32;-37;44;0;1
-48;40;32;1;1
-34;-5;45;0;1
-47;4;22;0;1
-50;-37;21;0;1
-27;37;41;1;1
-37;-32;14;0;1
-17;18;43;0;1
-42;25;33;0;1
-25;-21;10;1;1
-29;-41;38;0;1
-28;-36;17;0;1
-16;13;44;0;1
-29;-35;47;0;1
-44;14;40;0;1
-12;18;53;0;1
-39;-5;52;0;1
-11;-16;25;1;1
-25;-35;30;1;1
-34;-41;17;0;1
-18;-30;59;1;1
-24;-3;46;0;1
-17;27;54;0;1
-42;21;17;1;1
-34;-1;49;1;1
-33;40;20;1;1
-40;25;23;0;1
-44;42;18;0;1
-43;-27;23;0;1
-22;23;57;0;1
-30;-36;42;0;1
-29;-18;62;1;1
-25;7;8;1;1
-32;-14;61;0;1
-51;-28;22;0;1
-46;-1;43;0;1
-16;22;50;0;1
-52;34;23;1;1
-17;28;14;0;1
-22;5;32;0;1
-34;52;23;0;1
-31;9;47;1;1
-41;15;45;1;1
-15;-6;38;1;1
-18;25;28;0;1
-36;-37;23;0;1
-50;6;48;0;1
-20;-15;8;0;1
-9;-8;31;0;1
-35;-2;47;1;1
-56;28;21;0;1
-20;-14;27;1;1
-24;-18;35;1;1
-18;-20;53;0;1
-17;23;65;0;1
-24;-5;64;0;1
-44;16;20;1;1
-46;-32;16;0;1
-26;-17;20;1;1
-30;35;20;0;1
-39;31;28;0;1
-49;-21;37;0;1
-27;-17;48;0;1
-35;35;16;1;1
-49;-7;42;0;1
-10;7;33;0;1
-18;-13;47;0;1
-37;29;20;0;1
-33;-25;31;0;1
-57;-32;19;0;1
-58;22;17;0;1
-44;4;47;1;1
-56;2;39;0;1
-18;10;32;1;1
-13;8;41;0;1
-40;3;12;0;1
-35;8;53;1;1
-12;-19;13;0;1
-38;0;58;1;1
-55;-12;25;1;1
-38;47;30;0;1
-34;-19;48;1;1
-43;-28;24;1;1
-23;26;16;0;1
-24;1;7;0;1
-25;-41;50;0;1
-20;-15;33;1;1
-21;-2;33;0;1
-30;29;45;0;1
-39;-4;56;0;1
-15;22;51;0;1
-24;-40;51;1;1
-37;23;17;0;1
-40;-6;51;1;1
-35;22;14;0;1
-39;1;46;1;1
-19;30;54;1;1
-21;12;64;0;1
-22;-36;50;0;1
-17;-17;61;1;1
-33;19;53;0;1
-25;-34;49;1;1
-39;31;20;0;1
-15;10;28;0;1
-37;40;25;1;1
-22;13;16;0;1
-23;35;24;1;1
-21;31;37;0;1
-17;8;21;0;1
-30;22;25;0;1
-41;13;41;1;1
-43;16;54;0;1
-22;2;42;1;1
-28;-46;33;1;1
-45;-1;20;0;1
-19;0;51;0;1
-19;21;48;0;1
-20;34;19;0;1
-26;-29;40;1;1
-36;-10;34;0;1
-50;10;31;1;1
-56;29;27;1;1
-22;-36;47;1;1
-49;16;30;1;1
-53;-22;31;1;1
-42;39;28;1;1
-21;-25;52;1;1
-25;-12;42;0;1
-35;-19;44;0;1
-29;5;28;0;1
-36;23;18;1;1
-29;-39;36;0;1
-47;-34;25;0;1
-35;13;50;0;1
-32;50;39;0;1
-28;30;42;1;1
-51;-7;18;0;1
-41;-16;40;1;1
-37;-41;44;1;1
-16;22;24;0;1
-17;-8;17;1;1
-63;-10;26;1;1
-17;-20;21;1;1
-65;-17;20;0;1
-58;27;19;0;1
-27;41;37;0;1
-16;-18;56;1;1
-24;14;33;0;1
-52;16;22;0;1
-31;30;33;0;1
-35;22;25;0;1
-61;14;23;1;1
-49;-6;18;1;1
-38;24;49;1;1
-23;-19;58;0;1
-35;3;25;1;1
-17;-9;31;0;1
-46;34;32;0;1
-20;13;64;0;1
-51;15;43;1;1
-11;-3;29;1;1
-55;22;31;0;1
-37;14;29;0;1
-41;-15;39;0;1
-48;17;47;1;1
-26;-37;39;0;1
-53;-1;25;0;1
-39;38;26;0;1
-53;-11;20;0;1
-31;-25;21;1;1
-24;15;32;1;1
-30;-5;24;0;1
-34;15;45;1;1
-24;-24;31;1;1
-33;-17;24;1;1
-50;-28;38;0;1
-49;-16;23;1;1
-23;34;26;1;1
-52;36;27;0;1
-37;-25;15;1;1
-39;22;52;1;1
-55;-16;33;1;1
-29;9;46;0;1
-20;27;48;0;1
-48;4;40;0;1
-36;-50;29;0;1
-35;43;42;1;1
-23;4;46;1;1
-27;-21;51;1;1
-52;-38;21;0;1
-25;13;30;1;1
-18;15;32;0;1
-36;17;16;0;1
-43;42;17;1;1
-15;17;36;0;1
-21;26;48;0;1
-30;30;36;1;1
-29;-15;58;0;1
-21;-21;17;1;1
-39;-16;34;0;1
-30;29;32;1;1
-31;26;12;0;1
-27;3;47;0;1
-32;44;39;0;1
-22;-33;22;1;1
-20;13;18;1;1
-32;-5;10;1;1
-37;-34;23;1;1
-19;-18;38;0;1
-28;18;49;0;1
-41;23;45;0;1
-51;3;41;0;1
-52;-25;41;0;1
-34;-17;49;0;1
-24;-1;27;0;1
-17;11;17;1;1
-35;-27;25;0;1
-32;-14;46;0;1
-50;9;43;0;1
-24;-26;33;0;1
-44;-27;35;0;1
-41;-21;36;1;1
-27;21;23;1;1
-10;-17;32;0;1
-22;-3;32;0;1
-20;-9;56;0;1
-48;-13;25;1;1
-45;-10;37;1;1
-23;27;46;1;1
-28;3;50;0;1
-33;56;24;0;1
-32;-34;45;0;1
-14;22;27;1;1
-24;-1;51;0;1
-23;-5;44;0;1
-23;-21;62;0;1
-38;27;37;0;1
-54;-5;16;0;1
-55;0;26;0;1
-41;-19;42;0;1
-19;-20;57;0;1
-54;-22;17;0;1
-18;30;11;0;1
-62;20;28;1;1
-23;-11;22;0;1
-29;2;36;1;1
-22;-20;9;0;1
-15;21;26;1;1
-33;-9;48;0;1
-59;1;31;1;1
-37;17;23;0;1
-55;34;27;1;1
-34;11;47;1;1
-54;7;15;0;1
-51;-16;46;0;1
-41;10;34;1;1
-19;6;33;1;1
-27;29;40;0;1
-25;-8;23;0;1
-16;24;46;1;1
-26;-7;61;1;1
-40;-29;34;0;1
-30;-12;36;0;1
-45;33;36;0;1
-50;18;15;0;1
-23;-20;62;1;1
-49;7;38;0;1
-40;29;48;0;1
-27;16;37;0;1
-12;-14;29;0;1
-32;16;25;1;1
-38;-25;49;1;1
-35;46;22;0;1
-21;-16;56;0;1
-19;-28;61;0;1
-48;-28;16;0;1
-38;35;34;1;1
-27;-23;53;0;1
-46;19;34;1;1
-46;-33;20;0;1
-56;-33;23;1;1
-46;19;37;0;1
-26;6;65;0;1
-24;16;30;0;1
-44;40;34;0;1
-35;-8;22;0;1
-58;30;27;0;1
-19;17;15;1;1
-28;-4;18;0;1
-34;8;50;1;1
-18;-23;24;1;1
-27;38;47;0;1
-39;-24;30;0;1
-51;31;16;0;1
-30;-7;45;0;1
-31;-15;42;1;1
-34;12;16;1;1
-27;18;14;0;1
-19;-18;39;0;1
-65;-4;23;1;1
-34;-19;59;0;1
-34;-16;32;1;1
-42;-44;25;0;1
-32;-38;20;0;1
-34;31;19;0;1
-58;-7;28;1;1
-30;43;38;0;1
-28;-11;61;1;1
-46;12;50;1;1
-15;19;53;1;1
-17;-2;33;0;1
-45;-21;41;0;1
-34;17;28;0;1
-32;15;46;0;1
-19;24;60;1;1
-33;-20;14;0;1
-30;46;43;0;1
-22;11;43;0;1
-12;-19;20;0;1
-27;15;22;1;1
-25;13;43;0;1
-43;2;29;0;1
-27;12;22;0;1
-46;12;34;0;1
-54;30;34;0;1
-21;24;43;1;1
-60;3;20;0;1
-39;-30;46;0;1
-44;22;36;0;1
-40;-42;38;0;1
-27;-18;37;0;1
-26;-31;47;0;1
-23;6;58;0;1
-46;7;25;0;1
-26;28;22;1;1
-31;38;29;1;1
-16;-17;44;0;1
-47;18;45;0;1
-42;-2;44;1;1
-45;-37;22;0;1
-21;8;51;1;1
-37;-19;30;0;1
-27;18;23;1;1
-27;46;43;0;1
-31;-12;41;0;1
-27;10;32;1;1
-46;31;23;0;1
-23;32;54;0;1
-44;-32;31;0;1
-53;1;45;1;1
-15;8;18;0;1
-28;37;48;0;1
-26;-3;48;0;1
-46;-24;48;0;1
-43;8;40;0;1
-45;-17;35;0;1
-23;0;32;0;1
-55;4;33;1;1
-35;-37;18;1;1
-28;-35;21;0;1
-62;-1;22;0;1
-43;21;23;0;1
-37;12;55;0;1
-19;10;50;0;1
-42;4;26;0;1
-45;19;31;1;1
-36;-17;19;0;1
-42;11;53;0;1
-22;20;34;0;1
-40;-45;20;0;1
-31;7;54;1;1
-36;-14;36;1;1
-32;11;47;0;1
-24;13;13;1;1
-21;4;13;0;1
-39;-11;56;0;1
-31;26;21;1;1
-11;16;30;0;1
-28;-30;28;0;1
-37;-3;23;1;1
-28;-29;42;0;1
-45;14;27;1;1
-51;-29;27;0;1
-49;31;20;0;1
-38;-48;34;0;1
-63;15;21;0;1
-11;18;33;1;1
-30;14;53;1;1
-16;13;15;0;1
-33;-15;61;1;1
-23;-13;41;1;1
-20;10;35;0;1
-25;20;39;0;1
-28;-36;21;0;1
-46;-9;23;0;1
-31;47;19;0;1
-11;18;24;0;1
-23;24;12;1;1
-37;50;19;1;1
-40;46;34;0;1
-43;14;49;0;1
-17;5;33;0;1
-12;-20;28;1;1
-17;-24;46;0;1
-32;-55;30;1;1
-32;-16;10;1;1
-51;35;33;0;1
-16;8;33;1;1
-39;6;54;1;1
-17;-27;42;0;1
-28;-33;55;0;1
-23;28;20;0;1
-36;0;21;1;1
-57;-28;22;0;1
-8;8;29;1;1
-23;0;15;0;1
-49;28;16;0;1
-43;-41;29;0;1
-32;-44;25;0;1
-42;-37;28;0;1
-44;-22;29;1;1
-22;14;45;0;1
-39;-22;19;0;1
-40;-22;30;0;1
-32;-22;34;1;1
-26;-20;20;0;1
-27;-6;12;0;1
-18;-16;44;1;1
-31;17;60;0;1
-43;15;23;1;1
-39;21;54;1;1
-24;29;52;0;1
-31;42;33;0;1
-41;2;43;0;1
-50;18;35;0;1
-26;32;25;1;1
-44;20;28;0;1
-46;-16;42;0;1
-29;26;58;0;1
-21;-27;35;0;1
-19;9;30;1;1
-57;36;22;1;1
-44;35;41;0;1
-60;13;20;0;1
-20;-5;25;0;1
-12;20;44;0;1
-35;-47;23;0;1
-26;-22;19;1;1
-28;-30;49;1;1
-37;23;20;1;1
-36;-3;32;0;1
-25;12;12;0;1
-42;-21;34;1;1
-49;-34;22;0;1
-52;9;22;1;1
-35;-39;26;0;1
-31;50;17;1;1
-28;20;20;0;1
-38;44;35;0;1
-22;13;28;0;1
-20;-33;42;0;1
-45;19;23;0;1
-38;-24;44;0;1
-53;-6;29;0;1
-31;-22;18;0;1
-20;12;29;0;1
-45;16;44;0;1
-51;24;37;0;1
-18;13;30;0;1
-42;-6;33;0;1
-32;35;17;0;1
-15;25;19;1;1
-29;-14;58;0;1
-27;36;29;0;1
-38;37;36;0;1
-47;-1;41;1;1
-31;29;54;1;1
-40;-30;45;0;1
-35;16;41;0;1
-32;24;16;1;1
-43;6;52;1;1
-13;18;51;0;1
-43;-4;29;1;1
-48;0;39;0;1
-21;-9;18;0;1
-29;-22;54;1;1
-33;-31;45;0;1
-36;39;42;0;1
-46;-2;26;0;1
-27;46;20;1;1
-49;-41;24;1;1
-30;-27;44;0;1
-22;-20;33;1;1
-22;-17;8;0;1
-12;-20;62;1;1
-28;36;27;0;1
-27;9;49;0;1
-48;-27;29;1;1
-34;-46;33;0;1
-9;-12;29;1;1
-24;-5;45;0;1
-40;-30;40;0;1
-23;8;35;0;1
-38;-54;23;0;1
-20;-14;65;1;1
-34;-47;18;0;1
-51;29;25;1;1
-30;-33;24;0;1
-24;-24;61;1;1
-17;7;34;1;1
-20;13;17;1;1
-43;5;43;0;1
-46;3;28;1;1
-21;4;47;0;1
-31;-16;30;0;1
-19;-27;20;0;1
-14;12;22;0;1
-46;16;18;0;1
-43;-36;21;0;1
-16;20;16;0;1
-38;-24;48;0;1
-23;-13;10;0;1
-17;4;21;0;1
-45;-24;39;0;1
-50;40;22;0;1
-14;-13;34;1;1
-49;2;15;1;1
-22;-26;13;1;1
-26;13;8;1;1
-26;42;23;1;1
-33;-35;44;0;1
-36;-33;14;1;1
-21;29;42;0;1
-35;32;45;1;1
-23;-26;48;1;1
-16;21;38;1;1
-47;7;46;1;1
-18;-29;50;0;1
-41;4;22;1;1
-38;-13;28;1;1
-34;47;41;0;1
-17;-24;27;1;1
-27;3;23;1;1
-42;-19;31;1;1
-22;31;16;0;1
-19;-19;54;0;1
-38;36;16;0;1
-14;19;50;1;1
-43;-36;34;0;1
-52;-2;35;1;1
-26;-32;34;0;1
-34;-2;37;0;1
-18;15;8;0;1
-32;-37;14;1;1
-29;13;39;1;1
-13;16;42;0;1
-37;-15;18;0;1
-30;-46;36;0;1
-45;18;24;0;1
-18;-21;23;0;1
-40;-25;20;0;1
-40;-48;19;0;1
-20;21;59;0;1
-59;26;20;0;1
-36;-2;58;0;1
-35;-7;33;0;1
-37;36;45;0;1
-25;5;10;1;1
-56;27;31;0;1
-29;-17;34;0;1
-27;39;45;0;1
-55;16;31;1;1
-18;-18;62;0;1
-19;-17;8;0;1
-35;-11;27;0;1
-35;-1;51;0;1
-52;8;30;0;1
-28;-14;60;1;1
-38;43;32;0;1
-43;3;20;0;1
-31;39;36;1;1
-47;-4;30;0;1
-31;-26;49;0;1
-29;-40;47;1;1
-60;0;19;0;1
-61;-1;34;0;1
-33;1;52;0;1
-40;-3;12;0;1
-21;-19;51;1;1
-22;-35;50;0;1
-32;36;28;0;1
-30;26;38;0;1
-27;-23;13;1;1
-37;21;30;0;1
-57;35;23;0;1
-47;-16;48;0;1
-57;-12;16;0;1
-28;-13;60;1;1
-21;28;26;1;1
-38;4;53;1;1
-34;-39;29;0;1
-28;-15;16;0;1
-18;12;47;1;1
-29;33;25;0;1
-37;34;48;0;1
-29;15;33;0;1
-30;-47;23;0;1
-59;-19;22;0;1
-54;-11;21;0;1
-47;-31;32;0;1
-20;26;20;0;1
-25;35;52;0;1
-46;-21;23;0;1
-14;-4;20;0;1
-40;-19;28;0;1
-50;36;20;0;1
-24;-17;53;1;1
-43;2;12;1;1
-63;11;27;0;1
-37;26;13;1;1
-16;19;32;0;1
-53;-29;34;0;1
-18;-4;48;1;1
-43;-14;33;1;1
-55;16;23;0;1
-53;1;23;1;1
-37;-9;58;0;1
-34;49;22;0;1
-22;34;31;1;1
-42;-37;26;0;1
-37;26;31;0;1
-35;15;11;1;1
-23;16;39;0;1
-63;8;28;1;1
-23;1;37;0;1
-16;-26;50;0;1
-42;-28;15;0;1
-17;7;47;1;1
-46;3;47;0;1
-37;-14;45;0;1
-36;43;18;0;1
-34;1;20;0;1
-43;-43;25;0;1
-28;25;47;1;1
-16;-19;41;0;1
-23;22;26;0;1
-37;28;24;1;1
-26;1;45;0;1
-53;-25;35;0;1
-18;29;34;0;1
-36;-21;50;0;1
-23;-16;64;0;1
-29;49;35;0;1
-35;-35;38;0;1
-36;26;44;0;1
-38;33;31;0;1
-25;17;51;0;1
-28;-1;49;1;1
-31;-4;17;0;1
-40;-24;34;1;1
-44;-34;17;1;1
-53;-14;45;1;1
-46;1;32;0;1
-22;-38;41;0;1
-24;8;45;0;1
-36;-43;28;0;1
-15;2;35;0;1
-47;13;39;1;1
-48;38;30;0;1
-37;-36;20;1;1
-20;6;47;0;1
-21;-19;21;0;1
-56;16;25;0;1
-29;-27;47;0;1
-13;-21;11;0;1
-35;29;52;0;1
-21;-17;9;1;1
-44;18;29;0;1
-40;-14;23;1;1
-42;-42;33;0;1
-27;5;15;1;1
-27;24;50;0;1
-37;26;33;0;1
-17;-25;63;0;1
-21;34;27;0;1
-29;-1;14;0;1
-22;10;52;0;1
-39;12;51;1;1
-31;33;46;0;1
-37;24;19;0;1
-47;27;37;1;1
-29;-2;17;1;1
-39;34;30;1;1
-19;-13;25;0;1
-48;5;37;1;1
-39;1;20;1;1
-42;-2;46;0;1
-35;-25;45;0;1
-19;27;60;1;1
-33;35;28;1;1
-21;18;43;0;1
-45;17;47;1;1
-32;1;32;0;1
-26;-41;16;0;1
-57;2;38;0;1
-30;-28;35;1;1
-25;-30;42;0;1
-60;-7;30;0;1
-34;-23;15;0;1
-13;-12;35;1;1
-32;42;26;0;1
-33;-27;20;0;1
-40;9;52;1;1
-41;-43;32;0;1
-28;-46;19;0;1
-32;16;54;0;1
-27;-2;49;1;1
-42;15;18;0;1
-15;4;20;1;1
-49;-14;47;0;1
-30;1;9;0;1
-30;11;30;0;1
-29;-46;30;1;1
-24;3;9;0;1
-46;9;25;0;1
-44;18;19;0;1
-34;-16;16;0;1
-47;-15;50;0;1
-35;-14;46;0;1
-29;-10;61;1;1
-47;-2;51;0;1
-37;-37;29;0;1
-39;0;18;1;1
-23;37;48;0;1
-36;-6;17;0;1
-35;19;22;1;1
-49;18;22;1;1
-26;11;33;1;1
-20;14;50;0;1
-43;31;19;1;1
-18;-26;14;0;1
-23;17;40;0;1
-19;-13;47;0;1
-30;27;57;1;1
-20;-18;41;1;1
-27;23;36;0;1
-41;-43;29;0;1
-55;-1;30;1;1
-44;18;21;1;1
-29;2;54;1;1
-27;-28;47;0;1
-9;-12;32;0;1
-34;50;22;1;1
-25;35;38;0;1
-17;12;30;1;1
-43;-50;26;0;1
-29;-27;48;1;1
-24;23;10;0;1
-34;48;34;1;1
-22;-38;54;1;1
-52;44;19;1;1
-32;39;24;0;1
-31;29;34;0;1
-20;-33;48;0;1
-23;1;49;0;1
-48;-24;18;0;1
-49;8;37;0;1
-32;-35;17;0;1
-20;17;36;0;1
-47;-10;46;1;1
-37;-37;44;0;1
-14;18;47;0;1
-36;-30;20;0;1
-27;13;61;0;1
-44;44;29;0;1
-23;18;15;0;1
-26;24;42;0;1
-64;4;24;1;1
-18;11;43;0;1
-33;18;18;1;1
-15;-8;38;1;1
-37;28;33;0;1
-16;-14;34;0;1
-22;24;22;0;1
-15;-15;32;1;1
-47;17;25;0;1
-18;-25;33;0;1
-30;22;44;0;1
-19;-19;26;0;1
-47;-29;27;0;1
-21;12;7;0;1
-38;16;22;0;1
-45;2;23;1;1
-55;-19;31;1;1
-48;-34;38;1;1
-39;-7;32;1;1
-45;14;41;1;1
-59;-22;28;0;1
-22;-14;32;1;1
-26;-26;22;0;1
-32;6;47;1;1
-24;8;38;0;1
-46;-8;39;0;1
-55;-16;37;0;1
-44;-20;46;0;1
-26;-14;38;0;1
-31;45;19;1;1
-22;-24;10;0;1
-33;-26;43;1;1
-50;-22;27;1;1
-32;-13;18;1;1
-30;49;38;0;1
-20;6;52;0;1
-12;-19;46;0;1
-20;-31;39;0;1
-26;-20;57;0;1
-29;-30;56;0;1
-25;39;38;0;1
-18;2;47;0;1
-30;36;47;1;1
-43;10;18;1;1
-32;38;40;0;1
-28;-14;42;1;1
-27;43;33;0;1
-40;30;23;1;1
-63;16;23;1;1
-25;32;42;1;1
-39;11;36;1;1
-32;-28;21;1;1
-18;-15;14;0;1
-31;30;22;0;1
-27;25;47;0;1
-46;-24;40;0;1
-46;31;29;0;1
-13;11;46;0;1
-47;6;52;0;1
-45;-39;29;0;1
-20;23;12;0;1
-30;-9;56;0;1
-44;25;42;0;1
-30;45;26;0;1
-53;-8;42;0;1
-52;-7;22;1;1
-24;-37;22;0;1
-28;-26;41;1;1
-44;-8;16;1;1
-33;19;27;0;1
-44;7;20;1;1
-45;-45;24;0;1
-35;9;20;0;1
-25;-5;53;1;1
-34;-24;57;0;1
-51;31;34;1;1
-46;27;18;0;1
-36;41;37;1;1
-11;18;21;0;1
-51;14;33;1;1
-33;-12;36;1;1
-25;-20;40;0;1
-45;17;39;0;1
-15;20;11;1;1
-45;24;20;1;1
-42;-1;31;1;1
-30;17;34;0;1
-31;-44;27;0;1
-21;8;10;0;1
-36;-46;21;0;1
-28;19;25;1;1
-65;4;28;0;1
-27;-28;14;1;1
-34;39;22;0;1
-25;16;49;1;1
-48;-27;36;0;1
-28;23;57;0;1
-8;7;28;0;1
-47;-40;28;0;1
-35;-21;46;1;1
-18;-30;21;1;1
-57;24;34;1;1
-52;-25;28;0;1
-33;-43;25;1;1
-33;-3;45;0;1
-49;-16;15;0;1
-55;35;18;0;1
-48;4;34;1;1
-52;-5;21;1;1
-31;1;53;0;1
-11;-7;25;0;1
-24;16;18;1;1
-12;19;27;1;1
-55;-22;31;0;1
-26;-7;36;0;1
-49;-30;16;0;1
-38;-24;26;0;1
-42;32;15;0;1
-38;27;19;0;1
-22;-25;22;0;1
-33;-21;19;0;1
-46;-2;34;0;1
-23;25;16;0;1
-22;16;55;0;1
-20;-24;52;0;1
-44;-7;53;0;1
-32;7;58;1;1
-14;5;24;1;1
-10;-10;20;0;1
-41;49;20;1;1
-35;38;17;0;1
-46;37;35;1;1
-43;17;44;0;1
-32;23;48;1;1
-45;26;23;0;1
-35;2;23;0;1
-29;25;19;0;1
-25;-26;28;0;1
-35;-14;38;0;1
-54;15;17;0;1
-46;41;17;0;1
-36;28;49;0;1
-35;-8;36;0;1
-42;-13;43;0;1
-36;0;41;0;1
-19;14;60;1;1
-61;5;24;0;1
-30;46;37;1;1
-23;-15;20;1;1
-30;21;17;1;1
-23;-2;57;1;1
-38;-15;39;0;1
-29;-22;32;0;1
-38;-35;46;1;1
-15;-25;17;1;1
-26;-40;51;1;1
-43;-34;43;0;1
-42;-19;52;0;1
-28;-38;39;1;1
-42;-45;26;1;1
-30;34;49;0;1
-52;23;38;0;1
-47;-47;23;1;1
-23;-9;14;0;1
-52;-4;31;0;1
-23;-32;45;1;1
-33;-8;54;1;1
-35;-44;34;1;1
-21;-10;9;1;1
-43;-26;32;0;1
-33;6;39;1;1
-28;-34;44;1;1
-21;-2;49;1;1
-41;-5;44;0;1
-30;15;49;0;1
-55;-1;21;1;1
-25;36;53;0;1
-33;56;18;0;1
-37;-13;21;1;1
-14;20;24;1;1
-45;-3;30;0;1
-16;-24;24;1;1
-47;-10;13;0;1
-37;-32;34;1;1
-32;-43;17;0;1
-53;16;27;0;1
-30;-5;60;1;1
-18;-20;35;1;1
-30;14;15;0;1
-32;-22;46;0;1
-46;10;19;1;1
-39;16;44;1;1
-53;-12;26;1;1
-47;-15;49;1;1
-34;-15;52;1;1
-52;-11;38;1;1
-43;9;29;1;1
-28;35;55;1;1
-47;-28;25;1;1
-28;-15;58;1;1
-38;28;16;0;1
-31;42;35;1;1
-24;16;36;1;1
-32;-11;15;0;1
-53;4;45;1;1
-49;8;27;1;1
-32;-20;33;1;1
-41;41;32;1;1
-24;6;15;1;1
-19;-21;44;1;1
-15;-21;63;0;1
-25;-22;37;0;1
-19;-17;48;0;1
-27;-24;31;0;1
-56;-28;20;0;1
-27;-19;55;1;1
-17;25;18;0;1
-23;-25;15;0;1
-43;14;54;0;1
-63;1;19;0;1
-47;23;31;0;1
-30;44;43;0;1
-21;4;18;1;1
-41;18;35;1;1
-57;19;19;0;1
-49;38;18;0;1
-31;-41;48;0;1
-28;33;35;1;1
-22;29;15;0;1
-33;-32;37;0;1
-22;-35;40;1;1
-53;-23;39;0;1
-39;-11;32;1;1
-25;39;53;1;1
-30;-28;17;0;1
-28;-35;32;0;1
-48;-11;40;1;1
-28;-15;18;0;1
-41;-10;29;0;1
-38;-2;53;1;1
-31;-7;49;0;1
-42;-6;16;1;1
-50;1;38;1;1
-26;37;42;0;1
-30;-37;52;0;1
-34;-20;15;0;1
-34;-15;15;1;1
-36;-37;36;1;1
-50;-31;35;1;1
-23;32;26;1;1
-48;38;33;0;1
-34;-1;42;0;1
-37;-1;22;0;1
-48;8;35;0;1
-35;21;57;0;1
-24;34;56;0;1
-25;-2;30;1;1
-35;28;36;0;1
-34;7;53;0;1
-16;-11;53;0;1
-30;7;12;0;1
-20;14;30;0;1
-34;22;42;1;1
-43;33;26;0;1
-54;-29;35;0;1
-20;-10;46;0;1
-38;23;23;0;1
-50;-8;16;1;1
-53;-15;42;0;1
-37;46;34;0;1
-33;11;51;0;1
-42;5;54;1;1
-34;3;34;1;1
-19;15;45;0;1
-35;-23;46;0;1
-18;16;13;1;1
-34;-17;45;1;1
-51;20;37;0;1
-25;-31;38;1;1
-31;35;53;1;1
-27;-1;30;0;1
-50;26;18;1;1
-32;0;46;0;1
-60;3;18;0;1
-40;0;36;0;1
-40;-5;35;0;1
-27;17;20;1;1
-47;-3;33;0;1
-42;37;43;0;1
-22;-21;14;0;1
-18;3;19;0;1
-26;-23;16;1;1
-48;-3;26;1;1
-38;-39;41;0;1
-23;-38;47;0;1
-26;-40;22;0;1
-23;3;42;1;1
-20;4;39;0;1
-28;-13;63;0;1
-26;41;40;1;1
-53;11;30;1;1
-39;-18;54;1;1
-40;7;29;0;1
-26;15;22;0;1
-42;36;20;0;1
-19;18;27;0;1
-8;13;38;1;1
-33;8;55;0;1
-26;36;32;0;1
-31;-50;36;0;1
-41;-9;20;0;1
-29;-26;50;1;1
-25;-3;56;1;1
-18;11;23;1;1
-43;-13;53;0;1
-35;20;39;0;1
-40;16;19;0;1
-35;34;34;1;1
-16;16;62;0;1
-25;35;40;1;1
-47;-30;44;1;1
-46;3;43;1;1
-21;-4;39;1;1
-42;-11;25;0;1
-33;-3;60;1;1
-22;-14;16;0;1
-51;7;37;0;1
-51;-3;47;0;1
-51;-34;31;1;1
-25;43;42;0;1
-51;-5;38;1;1
-29;-40;17;0;1
-34;-19;28;1;1
-65;17;20;0;1
-34;12;13;1;1
-40;29;35;1;1
-22;-22;31;0;1
-22;18;50;0;1
-25;-6;53;1;1
-36;37;30;0;1
-40;-1;32;1;1
-47;-30;28;1;1
-35;26;15;0;1
-25;6;36;0;1
-33;1;33;0;1
-42;37;41;0;1
-14;8;39;0;1
-43;-8;35;0;1
-52;30;36;0;1
-40;-27;21;0;1
-38;-39;18;0;1
-40;9;36;0;1
-17;8;32;0;1
-18;-19;42;0;1
-32;33;19;0;1
-19;22;59;0;1
-33;-8;17;0;1
-57;22;29;0;1
-46;27;20;1;1
-34;-6;11;0;1
-24;20;21;0;1
-19;-10;58;0;1
-37;0;50;0;1
-13;-22;43;0;1
-36;31;35;0;1
-27;30;38;1;1
-49;-41;23;0;1
-25;-14;28;1;1
-36;-12;44;1;1
-17;-3;30;0;1
-28;-4;21;1;1
-33;-1;53;0;1
-25;-23;44;0;1
-33;-11;30;1;1
-36;-12;22;1;1
-68;4;20;1;1
-25;10;24;0;1
-52;-10;39;0;1
-24;15;44;1;1
-45;-7;45;0;1
-21;18;56;1;1
-20;-8;56;0;1
-63;-13;26;0;1
-23;3;32;0;1
-38;42;41;0;1
-23;-10;11;0;1
-27;19;25;1;1
-31;33;15;0;1
-35;15;44;0;1
-30;-4;13;0;1
-22;38;35;0;1
-24;-16;38;1;1
-29;-18;16;0;1
-43;-12;48;0;1
-28;47;20;1;1
-35;-30;18;0;1
-24;31;42;0;1
-34;37;35;1;1
-41;0;39;0;1
-22;5;29;0;1
-49;10;34;0;1
-44;-21;47;0;1
-21;-19;27;0;1
-47;24;45;1;1
-27;-35;52;0;1
-20;-22;8;0;1
-30;20;11;0;1
-36;-23;17;0;1
-34;-12;23;1;1
-32;32;43;1;1
-49;15;31;1;1
-37;14;16;0;1
-42;1;25;0;1
-11;11;29;0;1
-29;26;28;1;1
-18;19;30;0;1
-20;34;44;0;1
-29;-50;18;0;1
-30;-33;54;0;1
-28;-9;15;0;1
-65;4;27;0;1
-31;-2;41;0;1
-42;-28;25;1;1
-21;-34;15;0;1
-53;12;24;0;1
-19;23;60;1;1
-19;22;56;0;1
-34;-26;21;1;1
-21;-8;55;0;1
-13;22;49;0;1
-45;26;48;1;1
-43;-46;24;1;1
-23;19;15;0;1
-15;-3;41;0;1
-55;0;21;0;1
-29;-29;49;1;1
-60;30;18;1;1
-22;11;44;1;1
-51;30;23;0;1
-32;-22;31;0;1
-47;19;24;0;1
-43;34;22;0;1
-52;-21;35;1;1
-18;25;22;0;1
-35;-42;42;0;1
-36;-5;48;0;1
-34;-10;43;1;1
-29;13;61;0;1
-29;5;60;1;1
-24;-21;16;0;1
-31;13;26;0;1
-48;8;37;1;1
-18;14;11;1;1
-28;9;60;0;1
-22;-6;12;0;1
-30;-26;25;0;1
-14;-20;56;0;1
-64;-11;25;0;1
-53;27;28;0;1
-24;40;28;0;1
-14;11;30;0;1
-50;-15;22;1;1
-30;-48;17;1;1
-33;-34;35;0;1
-40;-19;24;0;1
-18;-9;24;1;1
-30;42;19;1;1
-40;12;44;1;1
-17;1;18;0;1
-61;-2;30;1;1
-19;-9;13;0;1
-56;-16;36;0;1
-34;16;26;0;1
-56;-13;24;0;1
-35;31;43;1;1
-25;-2;22;0;1
-35;48;31;1;1
-39;51;21;0;1
-37;-47;32;0;1
-27;-39;27;0;1
-36;-44;33;0;1
-43;17;17;1;1
-21;20;24;0;1
-54;24;23;0;1
-37;29;46;0;1
-56;16;20;1;1
-39;-31;42;0;1
-49;-24;24;0;1
-50;21;25;0;1
-34;4;10;1;1
-28;6;37;0;1
-60;-15;31;1;1
-25;-32;15;0;1
-39;-15;22;0;1
-31;-3;29;0;1
-56;6;37;1;1
-27;21;45;1;1
-30;20;49;1;1
-30;-12;62;0;1
-32;9;29;0;1
-22;4;39;1;1
-49;-3;48;0;1
-26;-9;41;0;1
-30;42;44;1;1
-20;34;46;1;1
-33;23;46;1;1
-27;2;23;1;1
-20;-34;42;0;1
-46;-30;22;1;1
-54;4;34;0;1
-51;13;20;1;1
-30;9;25;1;1
-29;-19;52;0;1
-36;3;50;0;1
-39;53;26;1;1
-26;-20;12;0;1
-42;1;27;0;1
-33;-34;22;1;1
-53;-4;44;0;1
-43;9;27;1;1
-31;-16;31;1;1
-35;40;41;1;1
-46;-27;20;0;1
-35;-46;19;0;1
-38;-42;27;0;1
-20;-13;44;0;1
-40;7;31;0;1
-50;41;27;1;1
-34;33;46;1;1
-37;14;51;1;1
-57;6;26;1;1
-20;4;26;1;1
-24;23;51;0;1
-21;24;39;0;1
-21;27;11;1;1
-43;31;33;0;1
-31;-21;42;1;1
-44;7;43;0;1
-46;35;40;0;1
-19;28;16;0;1
-38;11;21;0;1
-34;29;38;0;1
-15;-11;42;0;1
-56;7;28;0;1
-39;43;38;1;1
-56;0;28;0;1
-37;18;33;0;1
-41;-19;43;0;1
-12;12;30;0;1
-20;-3;47;0;1
-24;37;47;0;1
-47;37;31;1;1
-33;10;48;0;1
-40;6;50;0;1
-12;-17;20;1;1
-39;11;52;1;1
-15;13;33;1;1
-43;20;30;0;1
-44;15;51;1;1
-62;11;28;1;1
-47;23;33;1;1
-32;15;40;0;1
-38;-52;18;1;1
-23;-7;33;1;1
-59;0;19;1;1
-43;-15;50;1;1
-22;25;17;1;1
-24;10;9;1;1
-31;41;36;0;1
-53;30;23;0;1
-49;-23;37;0;1
-58;14;22;1;1
-42;36;39;0;1
-46;-14;23;0;1
-19;-4;35;0;1
-55;23;36;0;1
-33;20;20;0;1
-50;16;38;0;1
-54;6;17;1;1
-41;15;35;1;1
-35;4;47;0;1
-59;-1;22;1;1
-48;-42;24;1;1
-29;13;28;0;1
-29;16;24;1;1
-20;-17;50;0;1
-39;9;25;1;1
-35;-31;33;1;1
-20;19;52;0;1
-33;-43;45;1;1
-41;40;36;1;1
-41;-37;18;0;1
-8;-10;34;0;1
-46;-27;43;0;1
-26;-7;35;0;1
-21;-13;43;0;1
-50;-28;33;0;1
-48;-12;24;0;1
-60;31;22;0;1
-52;15;27;0;1
-44;-29;17;1;1
-28;-44;20;1;1
-26;37;34;0;1
-19;13;41;0;1
-26;36;19;0;1
-25;-2;40;0;1
-18;-17;47;0;1
-40;-46;19;0;1
-35;-27;38;0;1
-18;17;47;0;1
-21;-6;28;0;1
-22;5;25;0;1
-47;17;14;1;1
-16;-12;16;1;1
-31;-16;48;1;1
-48;-39;31;0;1
-38;37;46;0;1
-25;-2;9;0;1
-48;-18;42;0;1
-48;38;18;1;1
-18;-7;41;0;1
-38;22;15;0;1
-18;-21;44;0;1
-54;20;16;0;1
-23;-25;51;0;1
-21;24;46;0;1
-57;-32;18;0;1
-52;-39;27;0;1
-34;35;16;1;1
-57;-3;16;0;1
-16;27;23;0;1
-39;10;19;1;1
-52;29;22;0;1
-13;-9;39;0;1
-54;-10;29;1;1
-22;-2;59;1;1
-41;24;27;0;1
-43;37;31;0;1
-18;13;43;1;1
-19;25;59;1;1
-14;-21;9;0;1
-58;-6;25;0;1
-7;-11;31;0;1
-14;-16;50;0;1
-28;15;21;0;1
-33;-46;17;0;1
-52;26;27;0;1
-55;-25;33;0;1
-29;33;30;0;1
-32;45;36;0;1
-35;-4;57;0;1
-37;-35;47;0;1
-66;-5;22;1;1
-20;-27;24;0;1
-46;15;17;0;1
-21;27;61;0;1
-25;9;61;0;1
-28;-41;36;0;1
-52;15;23;0;1
-20;24;19;0;1
-27;40;46;0;1
-23;35;45;1;1
-22;24;52;1;1
-37;-7;43;0;1
-14;0;38;0;1
-34;18;54;1;1
-26;3;39;0;1
-45;-25;17;0;1
-20;-16;46;1;1
-25;20;38;0;1
-21;17;39;0;1
-51;-1;22;1;1
-22;36;33;0;1
-43;34;30;0;1
-45;-24;45;0;1
-20;5;50;1;1
-38;26;15;1;1
-16;-4;45;0;1
-36;-4;22;0;1
-42;21;51;1;1
-25;12;10;1;1
-12;-15;47;0;1
-35;35;44;1;1
-16;16;31;0;1
-30;2;29;1;1
-31;-36;26;0;1
-39;5;59;0;1
-43;-22;38;0;1
-24;15;38;0;1
-45;30;21;0;1
-54;-10;22;0;1
-27;-27;43;1;1
-48;-8;21;1;1
-58;-17;37;1;1
-46;-2;39;1;1
-48;-44;27;0;1
-45;-26;32;0;1
-30;19;58;0;1
-9;15;26;0;1
-48;29;22;0;1
-23;-14;8;0;1
-18;-29;44;0;1
-46;15;40;0;1
-19;17;61;1;1
-26;-16;18;0;1
-40;31;40;0;1
-31;-10;60;0;1
-25;-8;9;1;1
-28;-29;37;0;1
-39;-51;19;0;1
-34;-46;37;0;1
-23;35;56;1;1
-45;-19;50;0;1
-22;8;50;0;1
-50;-8;36;0;1
-26;12;31;1;1
-39;-41;40;1;1
-19;-2;29;0;1
-23;37;33;0;1
-37;33;47;0;1
-50;9;48;0;1
-35;10;34;1;1
-35;-33;27;1;1
-29;31;30;1;1
-27;-39;25;1;1
-47;-27;34;1;1
-15;16;33;1;1
-23;5;18;1;1
-55;8;23;0;1
-56;2;37;0;1
-28;2;55;1;1
-23;-26;54;1;1
-16;12;18;1;1
-43;-20;49;1;1
-33;-23;54;0;1
-21;14;38;1;1
-24;37;28;0;1
-31;25;50;0;1
-44;-1;13;0;1
-43;2;20;0;1
-10;-12;27;0;1
-29;-12;9;0;1
-29;-36;41;1;1
-36;15;14;0;1
-24;-16;13;1;1
-42;-30;23;0;1
-35;13;24;1;1
-39;-27;31;0;1
-18;8;45;0;1
-34;20;18;1;1
-22;-2;56;0;1
-40;7;26;1;1
-23;18;23;1;1
-30;-20;57;0;1
-58;-13;37;0;1
-40;10;43;1;1
-35;-2;15;0;1
-31;16;59;1;1
-45;12;30;1;1
-32;-29;15;0;1
-38;18;24;0;1
-24;15;45;0;1
-28;43;35;0;1
-30;-28;55;0;1
-27;17;21;0;1
-27;17;10;0;1
-20;-2;55;0;1
-14;-19;51;1;1
-40;-30;36;1;1
-42;14;44;0;1
-16;-7;45;0;1
-24;6;37;0;1
-28;-17;48;0;1
-32;21;59;0;1
-36;-29;22;0;1
-33;23;41;0;1
-21;12;33;1;1
-62;-7;20;0;1
-19;-32;38;1;1
-37;-19;41;0;1
-26;30;24;0;1
-29;-34;19;1;1
-19;9;41;1;1
-30;-40;45;0;1
-44;8;23;0;1
-40;-8;11;0;1
-12;17;21;1;1
-39;6;36;1;1
-45;-5;24;0;1
-48;34;23;0;1
-37;-24;32;0;1
-46;23;40;1;1
-39;4;46;1;1
-26;6;49;0;1
-19;-17;26;1;1
-45;15;17;0;1
-15;12;22;0;1
-60;20;17;1;1
-25;23;29;1;1
-55;37;25;0;1
-37;34;49;0;1
-33;-38;14;0;1
-60;3;25;0;1
-29;-5;27;1;1
-32;48;32;1;1
-57;17;24;0;1
-27;7;9;0;1
-43;-21;43;1;1
-48;26;18;1;1
-33;45;35;0;1
-34;14;41;0;1
-35;-51;19;1;1
-26;-38;36;1;1
-22;32;18;1;1
-22;-23;42;0;1
-24;12;38;0;1
-19;-7;21;0;1
-54;30;31;0;1
-39;-21;36;0;1
-39;48;29;0;1
-26;-19;19;0;1
-33;9;17;0;1
-25;16;43;0;1
-49;-4;15;0;1
-19;23;50;0;1
-25;-16;51;0;1
-36;-41;15;0;1
-16;-13;26;1;1
-28;38;51;1;1
-46;-21;47;0;1
-31;-9;9;0;1
-22;5;20;0;1
-43;32;44;0;1
-23;33;34;0;1
-12;18;54;0;1
-45;11;14;0;1
-30;-20;26;1;1
-43;24;36;0;1
-59;8;32;0;1
-46;-45;23;1;1
-28;-32;54;0;1
-25;-17;42;0;1
-47;1;37;1;1
-26;-36;25;0;1
-27;18;60;0;1
-15;10;48;0;1
-33;4;21;1;1
-32;-43;36;1;1
-18;-9;42;1;1
-51;-31;38;1;1
-39;-41;30;0;1
-20;22;36;1;1
-27;5;21;0;1
-38;26;48;0;1
-38;-15;38;0;1
-18;-19;47;0;1
-24;-28;35;0;1
-19;-23;58;1;1
-25;-20;32;1;1
-22;7;56;0;1
-29;38;47;0;1
-25;32;32;0;1
-30;-13;47;0;1
-13;11;33;0;1
-14;-22;29;1;1
-27;-44;23;0;1
-48;40;26;1;1
-19;30;39;0;1
-21;5;55;0;1
-30;-21;17;0;1
-47;-3;43;0;1
-29;-17;13;1;1
-57;27;19;1;1
-49;26;39;1;1
-26;38;24;1;1
-13;-17;26;0;1
-40;9;26;0;1
-57;-8;30;1;1
-35;23;43;0;1
-16;5;27;0;1
-45;10;16;0;1
-19;20;44;0;1
-59;15;35;0;1
-31;-43;35;0;1
-20;-28;58;1;1
-27;34;55;0;1
-50;19;21;1;1
-19;2;21;0;1
-36;17;51;0;1
-53;-21;25;0;1
-34;-49;32;0;1
-26;3;45;0;1
-32;-1;33;0;1
-45;-24;17;1;1
-31;-30;31;0;1
-19;29;62;0;1
-49;-37;33;0;1
-46;28;32;1;1
-25;3;39;1;1
-61;17;22;1;1
-23;-28;24;0;1
-29;-22;48;1;1
-27;4;27;1;1
-40;-53;23;1;1
-16;-27;23;0;1
-25;-42;16;0;1
-22;8;51;0;1
-32;-26;50;0;1
-28;31;17;1;1
-37;-3;22;0;1
-31;12;55;0;1
-26;0;17;1;1
-36;-29;43;0;1
-23;0;54;0;1
-30;10;23;0;1
-25;22;19;1;1
-26;17;58;1;1
-58;-8;25;0;1
-51;15;15;0;1
-43;31;16;1;1
-32;-19;38;0;1
-42;25;20;1;1
-35;30;43;1;1
-24;-22;54;0;1
-51;12;30;0;1
-34;-30;25;0;1
-54;14;23;1;1
-21;-10;42;0;1
-30;10;27;1;1
-22;31;54;0;1
-21;-32;57;1;1
-51;26;42;1;1
-41;16;52;1;1
-35;-52;27;0;1
-48;-32;19;0;1
-30;37;20;0;1
-46;43;26;1;1
-26;28;34;0;1
-29;-1;13;1;1
-50;0;33;0;1
-20;27;41;0;1
-30;47;18;0;1
-45;16;48;0;1
-59;12;24;1;1
-33;26;25;1;1
-24;-15;38;1;1
-41;-50;18;1;1
-25;25;15;0;1
-29;-23;27;1;1
-22;-15;19;1;1
-47;-11;30;0;1
-52;1;42;0;1
-53;-20;34;0;1
-34;-32;14;0;1
-34;31;43;0;1
-34;50;19;0;1
-49;27;37;0;1
-17;15;32;1;1
-46;-20;43;1;1
-35;19;55;0;1
-28;-28;18;1;1
-12;-8;37;0;1
-16;-26;58;0;1
-21;-20;58;0;1
-31;10;16;0;1
-35;-20;55;0;1
-37;0;59;0;1
-13;20;54;0;1
-29;33;12;0;1
-10;-13;27;1;1
-32;-3;16;1;1
-9;11;31;1;1
-36;-43;42;0;1
-11;1;30;1;1
-37;-18;37;0;1
-17;4;31;0;1
-55;-14;34;0;1
-36;10;27;0;1
-44;5;49;0;1
-39;40;37;0;1
-47;-10;26;0;1
-40;32;39;0;1
-45;16;18;1;1
-23;-13;57;0;1
-28;-10;57;0;1
-25;-26;19;1;1
-58;-14;20;1;1
-21;-12;47;1;1
-15;-8;39;1;1
-28;39;41;1;1
-35;-4;61;1;1
-42;10;18;1;1
-32;-52;34;1;1
-48;-4;37;1;1
-34;32;29;0;1
-19;21;44;0;1
-27;-9;14;1;1
-37;-47;34;0;1
-35;38;34;1;1
-55;13;39;0;1
-39;27;50;1;1
-41;47;19;1;1
-51;-27;39;0;1
-29;1;35;1;1
-42;-19;19;1;1
-47;2;23;0;1
-27;24;28;1;1
-52;-28;34;0;1
-54;-13;23;1;1
-31;4;62;0;1
-36;8;22;1;1
-25;-37;30;0;1
-27;14;26;1;1
-21;-22;60;0;1
-42;-4;46;0;1
-41;12;46;0;1
-24;-16;34;0;1
-49;-15;45;1;1
-47;19;31;1;1
-21;1;45;0;1
-37;38;40;0;1
-31;-7;32;1;1
-59;-28;18;0;1
-14;24;47;0;1
-32;10;52;1;1
-43;-29;25;1;1
-34;-21;42;0;1
-43;-32;23;1;1
-33;-32;22;0;1
-33;-13;46;1;1
-44;28;47;0;1
-27;-12;31;0;1
-14;13;43;0;1
-48;28;21;0;1
-65;-7;26;1;1
-20;4;42;0;1
-45;18;33;1;1
-30;16;13;0;1
-33;6;51;1;1
-35;54;27;0;1
-58;2;21;0;1
-16;5;35;0;1
-24;-7;50;1;1
-38;29;47;0;1
-44;-13;52;0;1
-25;-25;47;0;1
-30;12;31;0;1
-27;25;52;0;1
-19;-4;18;0;1
-47;5;22;0;1
-50;2;27;0;1
-32;-13;58;1;1
-46;9;15;1;1
-29;-1;27;0;1
-28;20;49;1;1
-23;12;45;1;1
-42;23;29;0;1
-49;-25;42;0;1
-54;33;18;0;1
-60;-2;35;0;1
-26;-1;52;0;1
-36;39;32;0;1
-30;15;41;0;1
-31;19;42;0;1
-40;-19;43;1;1
-24;-33;26;0;1
-24;-16;54;1;1
-33;19;51;1;1
-21;-30;49;0;1
-36;-40;34;0;1
-54;35;22;0;1
-48;-25;42;1;1
-29;35;27;0;1
-26;35;31;0;1
-23;34;24;0;1
-34;-26;40;0;1
-23;30;13;0;1
-28;-23;48;1;1
-25;-7;36;0;1
-22;-13;26;1;1
-28;5;40;1;1
-23;-17;60;0;1
-38;-25;15;0;1
-40;-44;16;1;1
-38;-12;51;1;1
-26;13;44;0;1
-34;-21;45;1;1
-39;-26;41;1;1
-33;11;32;1;1
-46;33;27;1;1
-31;41;28;0;1
-54;15;40;0;1
-33;25;43;1;1
-34;20;14;1;1
-24;-17;11;0;1
-30;22;32;0;1
-39;-48;22;0;1
-47;40;33;1;1
-55;-29;34;1;1
-34;6;56;1;1
-14;24;45;0;1
-54;42;19;1;1
-20;-19;34;1;1
-34;-43;17;0;1
-52;-19;16;1;1
-13;-3;24;1;1
-18;-20;52;1;1
-34;5;52;1;1
-22;10;33;0;1
-47;20;14;0;1
-10;13;22;1;1
-28;-26;58;1;1
-37;28;48;0;1
-42;-41;39;1;1
-38;-16;29;1;1
-17;8;45;0;1
-55;13;31;1;1
-42;10;46;0;1
-46;1;17;0;1
-30;47;35;0;1
-42;-7;30;1;1
-36;-39;19;0;1
-65;-10;25;0;1
-29;2;49;0;1
-21;-11;29;0;1
-65;-9;20;0;1
-28;-27;30;1;1
-49;-1;17;1;1
-14;-11;30;1;1
-46;4;29;0;1
-50;6;20;1;1
-29;-37;47;0;1
-30;-41;29;0;1
-43;-31;20;1;1
-21;7;18;0;1
-31;13;27;1;1
-17;20;34;0;1
-18;-17;59;0;1
-45;-10;40;0;1
-37;-8;20;0;1
-22;-6;59;0;1
-10;-15;37;1;1
-32;-50;39;1;1
-40;-3;31;0;1
-45;-21;17;0;1
-16;-15;49;0;1
-27;-23;40;0;1
-44;25;49;1;1
-51;-4;26;1;1
-21;-20;22;1;1
-32;-13;14;1;1
-56;-8;33;0;1
-11;15;42;0;1
-35;4;40;0;1
-46;14;38;0;1
-31;-37;19;1;1
-54;17;38;0;1
-44;-18;48;1;1
-29;23;49;0;1
-52;-37;18;0;1
-40;16;41;0;1
-24;-41;45;1;1
-33;40;47;0;1
-29;-11;25;1;1
-56;-23;30;0;1
-38;26;31;0;1
-56;37;20;0;1
-48;-35;17;1;1
-36;6;44;0;1
-23;27;50;1;1
-9;9;27;0;1
-48;24;15;0;1
-55;2;29;0;1
-23;33;17;0;1
-23;6;15;1;1
-42;24;40;0;1
-19;25;27;0;1
-27;-9;28;0;1
-37;35;43;0;1
-18;-5;42;1;1
-40;13;37;0;1
-37;-10;50;0;1
-59;3;28;1;1
-50;-20;41;0;1
-27;-35;46;0;1
-54;0;42;1;1
-29;-4;24;1;1
-50;-22;25;1;1
-57;4;35;1;1
-42;31;18;0;1
-34;27;18;0;1
-27;40;22;1;1
-43;41;27;1;1
-51;11;18;1;1
-55;-1;15;0;1
-55;-16;32;1;1
-34;-29;42;0;1
-18;1;45;0;1
-42;-32;22;1;1
-21;-30;14;1;1
-20;30;54;0;1
-33;22;36;0;1
-22;0;53;1;1
-40;-44;34;1;1
-21;-10;13;1;1
-39;50;20;1;1
-11;-8;29;1;1
-47;26;30;0;1
-28;30;29;0;1
-17;-22;65;0;1
-28;31;36;0;1
-37;13;44;0;1
-22;21;48;1;1
-25;-25;32;0;1
-24;6;63;0;1
-16;-18;52;1;1
-26;33;52;1;1
-37;-27;18;1;1
-15;-9;47;0;1
-13;8;25;1;1
-24;-8;34;1;1
-16;-16;26;0;1
-52;33;21;0;1
-50;40;20;1;1
-41;33;29;0;1
-41;1;18;1;1
-18;-13;55;0;1
-15;-18;59;0;1
-25;-3;22;1;1
-25;-22;33;0;1
-22;-3;39;0;1
-11;-7;32;0;1
-37;13;50;1;1
-31;49;23;0;1
-59;-6;18;0;1
-22;-6;40;0;1
-30;-46;16;0;1
-26;20;25;0;1
-42;35;30;0;1
-41;11;13;1;1
-53;2;35;0;1
-36;24;29;0;1
-35;49;20;0;1
-50;-1;17;0;1
-29;12;31;0;1
-53;-36;22;0;1
-20;17;65;1;1
-32;14;39;0;1
-39;9;47;1;1
-50;5;34;0;1
-39;-21;50;0;1
-54;6;15;0;1
-15;14;28;0;1
-41;-20;48;0;1
-55;15;27;1;1
-16;9;20;1;1
-37;20;19;0;1
-27;-8;42;1;1
-65;5;18;0;1
-32;-7;30;0;1
-35;28;24;0;1
-58;8;38;0;1
-35;-3;46;1;1
-16;-20;41;0;1
-52;-14;42;0;1
-27;-18;39;1;1
-5;-8;23;0;1
-44;24;43;0;1
-26;-32;52;0;1
-15;0;34;0;1
-39;9;29;0;1
-65;14;22;1;1
-52;-2;22;1;1
-28;-23;12;1;1
-19;0;23;1;1
-40;3;56;0;1
-34;-42;28;0;1
-13;19;59;0;1
-33;12;46;0;1
-45;43;18;1;1
-36;28;23;0;1
-39;34;29;1;1
-30;1;61;0;1
-30;24;49;0;1
-38;33;25;1;1
-25;0;51;1;1
-59;23;17;0;1
-52;17;31;1;1
-33;4;10;1;1
-53;4;26;0;1
-37;29;42;1;1
-18;-4;46;1;1
-26;9;56;0;1
-24;-24;32;0;1
-21;13;51;1;1
-57;22;18;1;1
-12;-6;29;0;1
-32;-11;20;1;1
-59;4;26;0;1
-15;9;45;1;1
-53;-35;23;0;1
-29;3;59;0;1
-21;8;28;1;1
-37;4;18;0;1
-23;-30;19;0;1
-39;-38;30;1;1
-13;17;23;0;1
-41;25;34;1;1
-36;-52;25;0;1
-25;15;47;1;1
-34;-33;48;0;1
-36;8;16;0;1
-48;3;38;0;1
-24;34;34;0;1
-52;-18;33;0;1
-52;-6;16;0;1
-35;-26;22;0;1
-21;27;33;0;1
-32;41;19;0;1
-38;-45;23;0;1
-28;-36;31;0;1
-19;29;28;1;1
-25;-4;65;1;1
-30;44;19;0;1
-32;20;16;0;1
-35;-11;42;1;1
-41;-51;21;1;1
-39;-12;39;0;1
-23;21;50;0;1
-21;-22;47;1;1
-39;-15;36;0;1
-16;-11;51;0;1
-15;-23;49;0;1
-31;-19;54;0;1
-49;-18;41;1;1
-22;-18;57;0;1
-33;26;39;0;1
-46;-28;27;0;1
-22;15;64;0;1
-57;-23;32;0;1
-24;-11;31;1;1
-25;-40;23;0;1
-27;40;52;0;1
-24;9;10;1;1
-29;-8;34;1;1
-12;-16;53;1;1
-25;4;39;0;1
-16;-7;25;1;1
-28;12;49;0;1
-25;19;15;0;1
-30;35;43;0;1
-50;-2;27;0;1
-12;16;42;1;1
-27;-40;49;0;1
-41;36;34;0;1
-46;-46;28;0;1
-19;15;44;1;1
-44;-9;13;0;1
-20;-17;40;0;1
-40;14;23;0;1
-57;7;33;0;1
-29;20;35;0;1
-33;10;41;1;1
-31;51;26;1;1
-37;-14;39;0;1
-32;-5;32;0;1
-34;7;45;0;1
-30;37;32;0;1
-29;27;28;0;1
-42;30;44;0;1
-30;-28;44;0;1
-43;-30;34;1;1
-59;-23;25;0;1
-33;-10;14;1;1
-30;28;48;0;1
-17;-20;45;0;1
-46;1;46;1;1
-14;21;20;0;1
-11;-13;32;0;1
-31;-7;12;0;1
-26;8;32;1;1
-39;18;16;1;1
-27;31;45;0;1
-56;-8;40;1;1
-45;48;23;0;1
-45;-17;16;1;1
-15;-1;27;1;1
-42;-10;31;0;1
-44;32;15;0;1
-15;9;30;1;1
-17;-1;23;0;1
-42;-2;33;1;1
-40;29;47;1;1
-34;40;28;0;1
-9;-13;27;1;1
-50;-7;21;0;1
-45;-31;40;1;1
-51;-17;36;1;1
-38;-13;31;1;1
-53;-27;21;1;1
-33;-38;36;1;1
-50;2;16;0;1
-41;4;36;0;1
-38;-28;42;1;1
-48;-28;42;0;1
-39;11;19;0;1
-52;3;43;1;1
-34;-4;52;0;1
-55;-16;35;1;1
-37;-14;32;0;1
-11;17;50;1;1
-17;-7;43;0;1
-43;-49;28;0;1
-41;-29;36;0;1
-29;-12;61;1;1
-27;39;32;1;1
-16;8;22;1;1
-35;11;32;1;1
-39;2;53;0;1
-47;0;26;0;1
-30;-34;54;0;1
-46;18;40;0;1
-39;32;43;0;1
-27;-4;36;1;1
-38;-28;47;0;1
-41;5;19;0;1
-17;-19;43;0;1
-32;-1;14;0;1
-33;4;18;1;1
-34;-23;47;1;1
-26;-10;46;0;1
-53;-17;31;0;1
-30;7;60;0;1
-18;-10;55;1;1
-55;-7;44;1;1
-31;49;29;1;1
-57;26;30;1;1
-40;-10;44;1;1
-18;-24;22;0;1
-19;-31;20;0;1
-51;-34;35;1;1
-34;-27;43;0;1
-45;-19;43;1;1
-21;28;43;0;1
-14;-9;28;0;1
-66;-8;21;1;1
-59;4;21;0;1
-58;3;39;1;1
-20;29;12;0;1
-41;-3;32;0;1
-46;-39;29;0;1
-24;-26;58;0;1
-24;-5;63;0;1
-47;36;26;1;1
-33;-21;38;0;1
-41;-45;31;0;1
-24;25;58;1;1
-29;8;39;0;1
-68;-7;19;0;1
-20;-32;32;0;1
-36;35;31;0;1
-31;6;47;1;1
-13;-22;62;1;1
-30;-10;53;1;1
-27;32;33;0;1
-18;-1;22;0;1
-40;-9;20;1;1
-39;-11;35;1;1
-44;-39;37;1;1
-58;7;38;0;1
-28;-30;29;0;1
-29;-23;43;1;1
-31;-18;39;0;1
-34;-13;17;0;1
-55;23;29;1;1
-51;-29;38;1;1
-11;17;29;0;1
-33;2;48;0;1
-26;22;60;0;1
-38;-32;26;1;1
-42;-29;18;0;1
-19;-22;60;1;1
-28;37;19;1;1
-46;30;35;1;1
-42;3;19;0;1
-15;-10;42;0;1
-40;-8;35;1;1
-37;25;20;1;1
-37;0;34;0;1
-24;26;41;1;1
-22;-31;43;0;1
-36;-3;35;0;1
-40;-10;43;0;1
-57;-25;31;1;1
-36;46;40;0;1
-32;21;19;1;1
-33;-19;55;0;1
-29;1;26;0;1
-48;-21;19;0;1
-56;13;16;0;1
-27;-8;31;1;1
-27;11;39;0;1
-22;-21;12;0;1
-21;-24;12;1;1
-28;27;45;1;1
-31;35;15;1;1
-46;-17;28;0;1
-42;20;38;0;1
-51;6;28;0;1
-37;-37;32;1;1
-41;-4;40;1;1
-43;17;16;1;1
-18;20;9;1;1
-29;34;48;0;1
-30;-49;16;0;1
-31;-22;40;0;1
-18;0;31;1;1
-24;-4;61;1;1
-41;21;15;0;1
-25;12;20;0;1
-31;52;36;0;1
-17;-22;63;0;1
-15;-20;7;1;1
-35;11;38;0;1
-44;-20;22;1;1
-45;-9;17;0;1
-42;49;21;1;1
-33;24;50;1;1
-58;-6;39;1;1
-32;-28;16;1;1
-29;-46;32;1;1
-38;-28;46;1;1
-39;-2;24;1;1
-28;17;50;1;1
-27;25;30;0;1
-30;-15;22;0;1
-55;10;27;0;1
-21;-33;59;1;1
-32;31;21;1;1
-26;-9;65;1;1
-24;-28;37;0;1
-58;-5;24;0;1
-42;31;16;0;1
-63;12;25;0;1
-34;-32;50;0;1
-32;18;18;1;1
-33;24;24;0;1
-27;28;16;0;1
-35;36;35;0;1
-19;-16;59;0;1
-28;-40;39;1;1
-25;8;11;0;1
-41;43;18;1;1
-36;-26;55;0;1
-34;-5;56;1;1
-24;-8;17;0;1
-25;2;41;0;1
-39;8;33;0;1
-30;15;60;0;1
-35;-29;29;1;1
-42;12;45;1;1
-27;-2;50;0;1
-44;48;28;0;1
-30;-10;35;1;1
-23;-28;57;0;1
-16;-13;53;0;1
-17;-27;28;0;1
-43;-30;16;0;1
-15;-25;25;1;1
-11;19;40;1;1
-34;30;52;1;1
-54;-27;27;0;1
-45;-8;18;1;1
-30;29;31;1;1
-11;-15;23;0;1
-32;17;10;0;1
-29;13;18;1;1
-16;-5;19;0;1
-11;-19;42;1;1
-27;33;41;0;1
-26;-23;37;0;1
-30;23;58;1;1
-56;-27;33;1;1
-48;-33;26;0;1
-19;14;39;1;1
-20;20;24;1;1
-56;-21;31;0;1
-16;-25;48;0;1
-47;-12;21;0;1
-17;22;21;1;1
-21;33;32;0;1
-26;22;10;0;1
-44;-32;17;0;1
-52;-6;23;0;1
-36;-16;29;0;1
-54;-19;31;0;1
-23;-5;12;0;1
-26;-31;40;0;1
-44;-44;28;1;1
-32;-3;36;0;1
-29;15;34;0;1
-43;17;38;1;1
-25;22;54;0;1
-34;-26;53;0;1
-37;-35;40;1;1
-31;1;14;0;1
-32;-54;25;0;1
-26;5;10;1;1
-36;17;52;0;1
-16;-4;43;0;1
-50;8;27;1;1
-23;27;54;0;1
-38;-28;27;0;1
-18;17;15;0;1
-25;20;34;0;1
-27;6;9;1;1
-29;12;28;0;1
-53;7;17;0;1
-26;-17;17;0;1
-18;24;64;0;1
-19;-10;14;0;1
-12;10;41;0;1
-54;-31;24;1;1
-61;-6;17;0;1
-50;38;18;0;1
-24;27;32;1;1
-21;6;31;0;1
-51;-10;36;1;1
-47;3;39;0;1
-18;27;9;0;1
-24;-33;44;1;1
-17;26;48;1;1
-26;-3;50;0;1
-35;-10;13;0;1
-55;-22;35;0;1
-36;35;27;1;1
-20;-20;22;0;1
-30;-50;32;0;1
-24;7;46;0;1
-40;-13;35;1;1
-39;-11;20;1;1
-39;-27;45;0;1
-33;-30;49;1;1
-44;11;32;0;1
-23;9;7;0;1
-57;27;30;0;1
-39;-5;46;0;1
-40;-14;40;0;1
-39;26;31;0;1
-25;6;39;0;1
-35;-18;57;0;1
-26;-33;52;1;1
-9;-10;22;0;1
-40;-32;29;1;1
-28;6;18;0;1
-28;-20;51;0;1
-46;-44;31;1;1
-25;-27;50;1;1
-40;24;29;0;1
-29;-17;57;1;1
-25;-42;35;0;1
-37;25;29;1;1
-32;-28;17;0;1
-33;40;18;0;1
-47;9;50;1;1
-46;19;19;1;1
-53;15;44;0;1
-17;-19;44;0;1
-21;13;66;0;1
-41;13;53;0;1
-22;24;18;1;1
-57;-2;20;0;1
-40;-7;49;1;1
-38;15;31;1;1
-31;-4;26;0;1
-32;7;26;0;1
-34;10;46;0;1
-21;-29;43;0;1
-45;18;22;0;1
-53;-10;22;0;1
-36;-6;49;0;1
-33;40;44;1;1
-24;-20;51;0;1
-35;-32;19;0;1
-35;40;17;0;1
-56;-7;20;0;1
-16;-18;14;0;1
-37;-40;30;0;1
-23;14;64;1;1
-36;-27;53;0;1
-44;27;24;0;1
-50;-8;31;1;1
-44;34;16;0;1
-49;7;27;1;1
-30;16;52;0;1
-16;10;47;0;1
-22;-5;54;0;1
-12;-18;31;0;1
-56;5;39;1;1
-30;-15;31;0;1
-14;-24;31;0;1
-36;17;34;0;1
-34;-10;52;0;1
-57;22;19;1;1
-17;-28;39;0;1
-37;2;11;1;1
-38;-7;53;0;1
-29;-21;58;0;1
-24;-30;58;0;1
-51;-10;14;0;1
-48;-14;43;0;1
-39;33;19;0;1
-33;-14;47;0;1
-44;26;34;0;1
-46;-31;20;0;1
-46;11;22;0;1
-28;-3;23;0;1
-53;-36;18;1;1
-56;-4;27;1;1
-50;-14;15;0;1
-42;-41;34;0;1
-26;-15;50;0;1
-51;18;22;0;1
-36;2;29;0;1
-55;-33;30;0;1
-26;-44;21;0;1
-23;25;59;0;1
-47;-30;42;1;1
-23;-31;20;0;1
-29;5;21;0;1
-25;-39;25;0;1
-33;-11;19;0;1
-24;29;23;0;1
-29;35;45;1;1
-50;-10;43;0;1
-10;-6;30;1;1
-57;-34;20;1;1
-26;-6;49;0;1
-32;-22;50;0;1
-55;-20;18;1;1
-27;5;44;0;1
-40;-35;45;0;1
-29;41;50;1;1
-27;3;11;0;1
-43;-8;28;0;1
-19;6;26;1;1
-29;10;46;0;1
-66;2;22;0;1
-15;22;22;0;1
-37;-11;29;0;1
-42;30;34;0;1
-25;-15;40;1;1
-17;7;45;1;1
-17;25;27;0;1
-40;-31;14;0;1
-43;-17;13;0;1
-41;26;50;0;1
-57;20;34;0;1
-11;7;24;1;1
-45;2;18;1;1
-30;19;42;0;1
-46;-8;34;1;1
-21;-15;47;1;1
-50;-12;30;0;1
-37;-32;25;0;1
-28;14;25;0;1
-30;-27;58;0;1
-20;19;51;0;1
-51;-8;33;1;1
-46;0;47;1;1
-48;-19;48;1;1
-16;24;63;0;1
-31;-35;31;0;1
-10;-9;35;0;1
-35;-21;26;0;1
-15;13;24;0;1
-55;3;29;0;1
-35;-55;26;0;1
-48;23;46;0;1
-47;-25;31;1;1
-55;6;30;1;1
-23;21;30;0;1
-45;-2;38;0;1
-38;26;50;0;1
-40;34;30;0;1
-10;-9;25;0;1
-30;-44;29;0;1
-21;14;19;0;1
-40;-41;19;0;1
-19;-31;52;0;1
-27;4;56;0;1
-10;-11;40;0;1
-26;27;52;1;1
-41;24;25;0;1
-35;32;51;0;1
-34;12;17;1;1
-34;2;39;1;1
-33;-6;49;0;1
-42;35;35;0;1
-30;18;59;0;1
-41;-11;49;0;1
-24;-20;16;1;1
-19;6;53;0;1
-24;-21;29;0;1
-44;-6;25;0;1
-39;-19;15;0;1
-47;-22;31;1;1
-16;-26;61;1;1
-34;5;40;0;1
-38;-41;20;1;1
-47;23;26;1;1
-20;23;59;1;1
-19;-15;66;0;1
-22;-11;7;1;1
-49;15;37;1;1
-23;33;22;1;1
-12;-17;29;0;1
-35;1;48;0;1
-23;8;27;0;1
-37;-5;37;1;1
-54;-15;40;1;1
-25;10;30;0;1
-31;-39;19;0;1
-44;6;37;0;1
-33;32;39;1;1
-48;13;49;0;1
-45;31;22;0;1
-44;22;41;0;1
-32;-21;59;1;1
-14;-9;21;1;1
-34;-25;41;0;1
-31;-13;59;0;1
-49;8;42;0;1
-31;11;54;0;1
-19;-29;10;1;1
-41;28;50;0;1
-18;28;39;0;1
-35;29;47;1;1
-49;-9;24;0;1
-11;18;56;0;1
-22;-3;49;1;1
-28;-4;31;0;1
-38;-50;31;0;1
-15;2;20;0;1
-27;22;38;0;1
-22;-17;40;1;1
-51;-27;25;1;1
-18;5;21;1;1
-48;-24;19;0;1
-28;25;50;1;1
-33;-11;24;0;1
-59;-26;25;1;1
-26;11;58;0;1
-19;22;8;1;1
-32;-39;47;0;1
-31;-16;32;1;1
-46;13;42;0;1
-28;-17;42;0;1
-44;-1;40;0;1
-55;13;33;0;1
-51;6;36;0;1
-16;-22;45;0;1
-37;2;35;0;1
-33;38;41;0;1
-19;23;33;0;1
-29;8;56;1;1
-26;40;28;1;1
-41;29;30;0;1
-16;-2;22;0;1
-21;-4;55;0;1
-19;18;34;0;1
-33;30;49;0;1
-41;15;44;0;1
-23;35;25;0;1
-30;-36;39;0;1
-36;-4;55;0;1
-38;7;17;0;1
-30;22;46;0;1
-31;-45;20;1;1
-26;-4;58;1;1
-56;-4;31;0;1
-40;-19;41;1;1
-53;-25;32;0;1
-20;19;49;0;1
-35;15;40;0;1
-35;-27;28;0;1
-21;23;18;1;1
-43;-3;29;0;1
-57;-20;19;0;1
-40;-48;29;0;1
-52;24;33;0;1
-43;27;37;0;1
-45;18;15;0;1
-54;-9;16;0;1
-20;27;19;0;1
-19;-4;31;0;1
-43;-46;28;0;1
-21;8;50;0;1
-56;23;21;1;1
-55;-30;18;0;1
-53;-3;43;0;1
-23;26;50;0;1
-14;20;33;0;1
-40;-28;34;0;1
-24;18;37;0;1
-11;-14;23;1;1
-26;34;41;0;1
-18;21;8;0;1
-41;17;15;0;1
-52;-16;38;0;1
-47;5;45;0;1
-30;22;45;1;1
-53;18;38;0;1
-32;-17;43;0;1
-62;3;24;0;1
-23;18;24;0;1
-21;17;62;0;1
-32;-16;21;0;1
-55;-34;29;0;1
-35;-21;29;1;1
-24;41;21;0;1
-35;33;32;0;1
-43;31;23;0;1
-29;-3;38;1;1
-25;-12;22;0;1
-29;1;45;0;1
-41;-35;29;1;1
-44;-29;21;0;1
-16;-26;30;1;1
-26;-27;26;0;1
-47;-25;20;1;1
-32;-9;38;0;1
-32;15;44;1;1
-34;33;45;0;1
-29;-15;46;0;1
-43;-14;25;0;1
-39;10;48;1;1
-24;7;22;1;1
-52;-20;40;0;1
-34;-31;23;0;1
-25;-33;19;0;1
-16;7;22;1;1
-15;-7;25;0;1
-16;25;26;1;1
-50;2;17;0;1
-33;-6;19;1;1
-47;-46;18;0;1
-27;37;32;0;1
-55;-24;21;1;1
-54;-19;42;1;1
-58;-10;18;0;1
-26;28;35;1;1
-23;-26;55;0;1
-29;-29;42;0;1
-42;14;14;0;1
-29;11;53;1;1
-32;-11;61;0;1
-39;-15;16;0;1
-30;-23;54;0;1
-49;-3;16;1;1
-27;38;27;0;1
-34;26;27;0;1
-12;-19;53;0;1
-29;-48;26;0;1
-17;10;39;0;1
-28;-7;46;0;1
-56;22;34;0;1
-30;28;15;0;1
-18;31;24;0;1
-24;-17;9;0;1
-35;-31;27;1;1
-54;11;25;0;1
-36;18;19;1;1
-30;-10;20;0;1
-26;40;47;0;1
-21;-8;26;1;1
-33;12;17;1;1
-40;-12;44;1;1
-34;30;43;0;1
-45;29;19;0;1
-35;-9;22;0;1
-30;24;11;0;1
-48;18;43;0;1
-20;-25;50;1;1
-28;32;50;0;1
-35;15;49;1;1
-24;-36;25;0;1
-17;22;56;0;1
-46;22;42;0;1
-11;19;50;0;1
-26;45;25;1;1
-63;-17;25;1;1
-47;-7;19;1;1
-15;5;26;0;1
-23;-36;39;0;1
-44;-7;45;0;1
-14;-20;32;0;1
-39;-33;35;1;1
-61;17;19;0;1
-34;8;27;0;1
-35;-23;12;0;1
-31;13;11;0;1
-23;-34;32;0;1
-41;5;30;1;1
-29;24;21;0;1
-15;22;48;0;1
-42;18;36;0;1
-46;-46;20;0;1
-19;24;52;0;1
-35;-24;55;1;1
-51;-12;30;0;1
-45;-41;20;0;1
-20;-23;24;0;1
-39;39;35;0;1
-26;-36;24;0;1
-53;2;39;1;1
-40;-25;38;0;1
-51;31;27;1;1
-15;-21;20;0;1
-35;52;24;1;1
-18;-23;16;0;1
-50;1;22;0;1
-37;-8;12;0;1
-17;1;26;0;1
-58;-22;18;0;1
-36;35;21;0;1
-18;-15;35;0;1
-34;-3;60;1;1
-22;-13;38;0;1
-34;13;21;0;1
-19;-19;36;1;1
-48;28;25;0;1
-41;-2;35;0;1
-64;10;29;1;1
-23;-31;19;0;1
-19;-14;9;0;1
-22;18;54;0;1
-20;0;38;1;1
-45;25;36;1;1
-26;-9;27;1;1
-48;36;18;0;1
-31;-13;45;0;1
-58;-19;32;0;1
-24;-13;33;1;1
-19;-27;44;0;1
-33;12;53;0;1
-49;14;42;0;1
-22;7;25;0;1
-43;-14;36;0;1
-27;22;47;0;1
-17;-19;65;0;1
-21;-15;52;1;1
-37;-18;30;0;1
-31;-37;16;0;1
-30;-26;26;0;1
-41;42;26;1;1
-48;35;22;1;1
-20;-22;18;0;1
-43;45;23;0;1
-46;-23;35;0;1
-56;0;27;0;1
-22;-31;41;0;1
-38;11;44;1;1
-37;24;50;1;1
-31;4;63;1;1
-16;24;35;0;1
-18;13;21;0;1
-21;27;25;1;1
-30;-45;38;1;1
-22;-3;57;1;1
-43;31;28;0;1
-35;8;58;0;1
-18;-21;26;0;1
-44;9;39;0;1
-41;-36;33;0;1
-40;36;37;1;1
-52;-43;21;1;1
-28;-43;17;1;1
-57;-9;34;0;1
-32;-51;26;1;1
-42;16;37;0;1
-54;18;22;1;1
-45;21;28;0;1
-51;41;22;1;1
-31;5;55;0;1
-58;34;22;0;1
-24;34;46;0;1
-25;36;55;0;1
-36;-18;53;0;1
-35;51;20;1;1
-26;1;17;1;1
-14;16;19;1;1
-30;0;35;0;1
-59;-1;36;1;1
-28;-8;22;0;1
-38;-34;23;0;1
-47;4;34;1;1
-29;16;29;0;1
-46;-33;29;1;1
-16;-21;40;0;1
-30;35;44;0;1
-41;-8;18;0;1
-44;-3;45;0;1
-36;56;23;0;1
-36;-18;58;0;1
-35;28;20;0;1
-16;4;43;1;1
-49;28;32;0;1
-43;1;42;0;1
-43;-44;32;0;1
-45;-6;47;0;1
-32;-10;46;1;1
-22;-17;52;1;1
-25;28;30;0;1
-18;18;37;0;1
-13;10;41;0;1
-30;-40;47;0;1
-43;-19;31;0;1
-21;-3;47;0;1
-32;-43;25;1;1
-48;16;26;0;1
-48;-29;38;0;1
-36;9;15;0;1
-51;-10;41;1;1
-52;20;18;1;1
-41;-9;49;1;1
-20;-9;49;1;1
-20;13;28;0;1
-30;-6;44;0;1
-17;24;27;0;1
-49;26;25;1;1
-34;-45;34;0;1
-35;-23;15;1;1
-51;-19;42;0;1
-17;-18;60;0;1
-12;16;51;0;1
-21;8;27;0;1
-23;-18;61;0;1
-26;-15;39;0;1
-52;13;26;0;1
-52;6;47;1;1
-29;-3;32;0;1
-34;29;28;0;1
-48;31;32;0;1
-44;46;18;0;1
-47;-27;32;0;1
-49;39;21;0;1
-21;21;26;1;1
-51;22;33;1;1
-27;-20;62;0;1
-23;-20;29;0;1
-17;23;63;0;1
-23;-8;29;1;1
-27;-38;53;1;1
-24;0;63;1;1
-35;-19;24;0;1
-20;26;17;1;1
-51;29;27;0;1
-40;21;44;0;1
-51;12;24;0;1
-30;17;11;1;1
-55;23;35;0;1
-31;-12;56;0;1
-40;17;37;0;1
-53;37;18;0;1
-25;38;44;0;1
-53;-14;27;1;1
-26;-33;43;0;1
-22;37;13;1;1
-17;13;13;0;1
-50;-1;50;0;1
-23;18;37;0;1
-32;54;33;0;1
-25;-6;44;1;1
-36;-21;47;1;1
-32;32;18;0;1
-27;-34;27;0;1
-43;-5;26;1;1
-20;10;60;0;1
-16;-24;55;0;1
-49;-10;45;0;1
-62;4;22;0;1
-25;25;33;0;1
-17;-15;57;1;1
-49;-13;32;0;1
-45;25;46;1;1
-27;-1;34;0;1
-23;-39;54;0;1
-39;-4;13;0;1
-34;-34;43;0;1
-51;-23;27;0;1
-26;37;13;0;1
-35;-4;56;1;1
-30;-34;52;0;1
-33;-8;51;0;1
-59;18;28;0;1
-56;23;30;0;1
-48;-31;34;0;1
-54;-16;24;0;1
-33;-30;17;1;1
-53;-9;29;0;1
-35;15;24;1;1
-61;8;21;0;1
-46;-11;41;0;1
-32;15;61;0;1
-11;-17;19;1;1
-38;8;20;0;1
-56;-20;33;0;1
-44;44;17;0;1
-45;-4;46;0;1
-23;-37;22;0;1
-29;-27;13;1;1
-43;-11;46;0;1
-37;2;33;0;1
-13;2;28;1;1
-30;-24;47;0;1
-40;-3;23;1;1
-28;-26;23;0;1
-47;20;46;1;1
-20;23;32;1;1
-55;13;36;0;1
-41;21;42;1;1
-39;-5;21;0;1
-39;28;23;0;1
-22;-13;24;0;1
-37;42;16;0;1
-39;-17;31;0;1
-14;19;27;1;1
-44;-47;21;1;1
-38;45;31;0;1
-34;18;41;0;1
-33;9;28;0;1
-47;4;52;0;1
-38;-26;15;0;1
-21;8;17;0;1
-27;21;61;1;1
-10;15;48;0;1
-32;39;45;1;1
-38;7;30;0;1
-48;-25;31;1;1
-21;20;55;0;1
-29;10;64;0;1
-32;-22;57;0;1
-50;-5;44;0;1
-27;37;24;1;1
-33;-33;52;0;1
-35;40;26;1;1
-57;26;22;0;1
-29;-45;30;0;1
-17;-12;20;0;1
-26;-2;40;0;1
-36;-30;44;1;1
-13;-17;24;1;1
-46;17;45;0;1
-36;10;44;0;1
-23;-35;53;1;1
-52;32;32;0;1
-28;27;40;0;1
-38;36;34;1;1
-50;-8;26;1;1
-28;-34;26;1;1
-37;35;31;1;1
-22;23;47;1;1
-20;-8;48;1;1
-25;-13;24;1;1
-43;29;35;0;1
-36;15;33;0;1
-19;15;49;0;1
-31;-24;37;0;1
-42;20;34;0;1
-30;-7;42;0;1
-24;40;21;0;1
-43;24;15;0;1
-59;-25;25;0;1
-60;-7;17;0;1
-35;-35;15;0;1
-23;-32;57;1;1
-45;-5;44;0;1
-28;48;36;1;1
-41;42;22;1;1
-15;-19;15;1;1
-41;-35;40;1;1
-39;26;49;0;1
-41;21;23;0;1
-27;-5;49;0;1
-55;9;17;1;1
-32;11;17;0;1
-13;22;64;1;1
-16;1;44;0;1
-55;-14;18;1;1
-31;46;34;0;1
-40;25;49;0;1
-48;-4;36;1;1
-44;34;44;0;1
-33;32;34;0;1
-36;41;22;0;1
-23;31;32;0;1
-27;-39;45;1;1
-37;-4;40;1;1
-36;-3;26;0;1
-55;1;27;0;1
-31;31;53;0;1
-34;51;17;0;1
-40;-12;32;0;1
-40;3;50;0;1
-16;-26;42;1;1
-49;18;26;0;1
-16;23;32;0;1
-47;-2;15;0;1
-11;-14;19;0;1
-7;-9;29;1;1
-19;22;41;1;1
-10;16;51;1;1
-55;25;28;1;1
-47;5;50;0;1
-39;-14;35;0;1
-56;-33;21;0;1
-33;22;45;0;1
-47;6;40;1;1
-28;36;21;0;1
-25;-28;55;1;1
-35;-1;17;0;1
-15;-4;37;1;1
-34;49;37;0;1
-26;-3;58;0;1
-43;-4;39;0;1
-29;-28;35;0;1
-61;4;27;1;1
-33;4;36;0;1
-30;-26;31;1;1
-28;-32;15;0;1
-51;-26;31;1;1
-22;5;60;0;1
-44;8;41;0;1
-44;32;25;0;1
-38;-10;14;1;1
-23;28;44;1;1
-58;-27;22;1;1
-12;-2;24;1;1
-25;32;57;1;1
-17;-20;30;0;1
-30;6;42;0;1
-23;18;32;0;1
-15;-4;29;1;1
-55;-9;17;0;1
-27;20;47;1;1
-39;-48;17;0;1
-53;11;35;1;1
-55;-17;27;0;1
-48;36;17;0;1
-38;39;31;0;1
-42;20;36;0;1
-34;13;50;0;1
-25;-2;55;0;1
-26;-30;41;1;1
-29;-25;33;0;1
-29;4;37;1;1
-67;-9;19;1;1
-29;-23;45;0;1
-55;12;24;0;1
-40;-36;30;0;1
-50;5;37;0;1
-36;24;46;0;1
-30;3;47;0;1
-39;-16;40;0;1
-19;10;52;1;1
-54;-33;23;0;1
-24;-30;59;1;1
-22;23;48;0;1
-22;-16;23;1;1
-32;28;21;0;1
-61;-9;17;0;1
-32;-9;29;0;1
-36;30;38;0;1
-25;28;31;0;1
-50;-7;23;0;1
-28;10;26;0;1
-68;1;19;0;1
-36;5;37;0;1
-61;18;19;0;1
-17;-12;22;0;1
-33;48;36;1;1
-15;16;51;1;1
-40;46;25;0;1
-46;1;22;1;1
-39;15;16;1;1
-29;13;27;0;1
-54;26;22;0;1
-32;18;36;0;1
-29;27;54;0;1
-25;32;25;0;1
-23;28;23;0;1
-36;-21;25;1;1
-18;29;36;1;1
-36;14;22;0;1
-23;-20;50;0;1
-48;-7;43;1;1
-46;8;41;0;1
-30;35;32;0;1
-47;-14;17;0;1
-29;-25;18;1;1
-30;-28;19;0;1
-43;32;40;1;1
-43;-25;39;1;1
-29;11;22;1;1
-38;-23;46;1;1
-24;-33;27;1;1
-57;12;35;0;1
-11;13;46;1;1
-31;8;23;0;1
-14;-21;59;0;1
-29;4;29;1;1
-31;21;23;0;1
-30;2;55;0;1
-49;8;38;1;1
-23;13;22;0;1
-47;-14;51;0;1
-53;38;21;0;1
-37;-17;45;0;1
-11;19;60;1;1
-43;2;27;1;1
-11;17;32;1;1
-45;-31;31;1;1
-46;-30;29;0;1
-55;-20;35;0;1
-25;22;39;1;1
-30;9;23;1;1
-29;-6;55;0;1
-64;-16;26;0;1
-14;-8;35;1;1
-14;20;23;0;1
-35;0;40;0;1
-37;-19;54;0;1
-43;-41;36;0;1
-37;18;30;0;1
-40;29;21;0;1
-43;-20;32;1;1
-26;-19;47;0;1
-26;7;48;1;1
-21;-28;14;1;1
-30;23;31;0;1
-31;42;28;0;1
-53;15;33;0;1
-13;2;36;1;1
-27;-23;54;0;1
-51;32;37;0;1
-44;-49;18;0;1
-22;23;32;0;1
-24;-3;38;0;1
-29;40;32;0;1
-30;35;49;0;1
-55;-3;31;0;1
-22;-29;37;1;1
-29;-27;53;1;1
-17;-16;24;0;1
-29;4;9;1;1
-38;-6;59;1;1
-54;-20;36;0;1
-47;35;40;1;1
-19;-10;28;0;1
-24;20;38;0;1
-50;0;37;0;1
-57;-16;28;0;1
-60;24;26;0;1
-30;18;21;1;1
-33;-6;24;1;1
-44;-41;30;1;1
-40;-14;22;0;1
-47;36;18;0;1
-22;-5;50;1;1
-32;15;43;1;1
-34;-12;13;1;1
-38;36;32;1;1
-31;-5;13;0;1
-37;-42;33;1;1
-27;5;19;0;1
-18;-23;35;0;1
-44;-5;30;1;1
-33;42;34;0;1
-16;13;40;0;1
-33;24;26;1;1
-24;25;19;1;1
-20;-19;18;1;1
-38;-20;41;0;1
-39;24;31;1;1
-18;-12;24;0;1
-28;-15;41;1;1
-23;-29;52;0;1
-40;18;42;1;1
-23;-26;52;1;1
-14;-16;48;0;1
-47;-9;35;0;1
-33;13;22;1;1
-22;38;39;1;1
-56;26;17;0;1
-34;-36;28;0;1
-32;-10;25;0;1
-55;-6;39;0;1
-38;-4;50;0;1
-48;8;24;0;1
-19;30;46;0;1
-18;10;22;0;1
-29;40;29;0;1
-15;-18;38;0;1
-53;20;29;0;1
-50;-14;32;0;1
-27;4;11;0;1
-44;17;50;1;1
-45;25;16;1;1
-44;-9;34;0;1
-25;-28;24;0;1
-50;19;34;0;1
-31;-37;48;0;1
-43;-46;27;1;1
-38;-32;30;1;1
-8;10;23;0;1
-42;-26;44;1;1
-27;-14;55;0;1
-27;-32;30;1;1
-26;-28;59;0;1
-20;-14;63;0;1
-35;-14;39;1;1
-11;18;38;0;1
-37;25;46;1;1
-20;-30;41;1;1
-39;47;34;0;1
-14;1;36;0;1
-31;-31;52;0;1
-33;-16;18;1;1
-17;-12;18;0;1
-49;4;35;1;1
-21;-29;26;0;1
-20;-2;40;1;1
-39;13;27;0;1
-57;-7;38;0;1
-29;-44;41;0;1
-50;26;24;0;1
-18;21;30;1;1
-42;-21;51;0;1
-45;48;19;0;1
-45;3;15;0;1
-37;10;11;1;1
-31;-31;46;0;1
-53;31;25;0;1
-56;-10;23;1;1
-22;23;63;1;1
-29;7;23;1;1
-43;15;19;0;1
-35;34;49;1;1
-55;-30;33;0;1
-46;-17;25;1;1
-20;-20;59;0;1
-37;-13;44;0;1
-27;-16;60;0;1
-41;10;39;0;1
-35;-26;13;0;1
-17;-23;16;1;1
-45;39;19;1;1
-53;18;42;0;1
-25;-13;9;0;1
-48;3;17;0;1
-50;-30;26;0;1
-25;9;62;0;1
-41;7;40;0;1
-53;-13;25;1;1
-18;-30;48;0;1
-42;-31;26;1;1
-46;0;41;1;1
-46;12;29;1;1
-24;-22;55;0;1
-20;-11;60;0;1
-38;-41;24;1;1
-37;-1;34;1;1
-35;-44;40;1;1
-34;-3;35;0;1
-35;12;11;0;1
-19;27;55;1;1
-18;-30;46;1;1
-39;8;50;1;1
-59;-11;35;0;1
-25;1;16;0;1
-26;-23;31;0;1
-53;14;27;1;1
-35;-46;40;1;1
-25;-38;29;0;1
-42;43;24;0;1
-36;29;22;0;1
-47;30;30;1;1
-57;3;30;1;1
-30;20;54;0;1
-27;45;22;1;1
-18;21;26;1;1
-22;-1;38;0;1
-32;23;11;0;1
-55;-20;23;0;1
-53;20;24;1;1
-28;35;50;1;1
-43;-38;23;0;1
-63;-11;30;1;1
-48;-20;39;1;1
-31;-47;31;0;1
-36;-3;20;1;1
-56;24;27;1;1
-26;-6;61;0;1
-46;5;52;0;1
-21;-29;14;0;1
-35;15;43;0;1
-15;18;41;1;1
-46;-18;16;1;1
-21;26;36;1;1
-31;-46;16;0;1
-61;19;28;1;1
-19;-32;37;0;1
-55;-16;40;1;1
-10;17;34;0;1
-35;42;21;1;1
-59;16;25;0;1
-41;-14;18;0;1
-30;-41;14;1;1
-23;15;40;0;1
-35;24;27;0;1
-53;-33;32;0;1
-49;19;45;0;1
-30;23;41;1;1
-55;-28;34;1;1
-15;-4;19;1;1
-32;37;39;1;1
-20;-24;30;1;1
-38;9;22;0;1
-38;41;29;1;1
-23;7;62;1;1
-28;-26;50;1;1
-19;10;55;0;1
-46;-29;35;1;1
-34;-9;27;1;1
-41;30;45;0;1
-28;-36;43;0;1
-38;43;31;1;1
-44;3;52;0;1
-19;26;15;1;1
-21;-24;51;1;1
-34;-3;58;0;1
-10;5;28;0;1
-46;-7;39;0;1
-57;10;40;1;1
-27;-19;45;1;1
-58;-25;27;0;1
-24;-35;29;1;1
-32;42;42;1;1
-30;14;14;0;1
-56;26;22;1;1
-38;-44;33;0;1
-27;-35;13;0;1
-45;-30;18;1;1
-26;-26;12;0;1
-34;-47;19;0;1
-42;-30;34;1;1
-35;18;24;0;1
-28;-22;53;0;1
-43;-37;38;0;1
-42;10;14;0;1
-30;22;38;1;1
-31;41;17;1;1
-22;-21;38;1;1
-56;-3;38;1;1
-18;19;12;0;1
-50;6;15;0;1
-27;4;23;1;1
-30;-23;58;0;1
-27;8;53;0;1
-22;22;36;1;1
-28;-13;37;1;1
-56;19;37;0;1
-27;26;28;1;1
-14;-5;22;0;1
-12;-13;48;0;1
-53;7;26;1;1
-15;13;51;0;1
-31;-43;46;1;1
-37;-45;37;0;1
-17;-23;32;0;1
-23;13;14;0;1
-41;13;49;1;1
-23;-35;23;0;1
-40;-4;28;0;1
-36;10;60;1;1
-13;3;21;1;1
-27;-13;20;0;1
-34;53;17;0;1
-63;10;19;1;1
-58;-1;22;1;1
-47;0;21;1;1
-25;15;20;0;1
-11;9;35;0;1
-29;-47;22;1;1
-44;-28;41;0;1
-18;-9;15;1;1
-47;8;48;0;1
-49;-27;28;0;1
-49;-43;28;0;1
-32;12;36;0;1
-39;11;29;0;1
-48;5;28;1;1
-20;8;19;0;1
-24;31;26;0;1
-36;-50;19;1;1
-41;2;19;1;1
-12;-18;59;1;1
-44;47;25;0;1
-26;31;25;0;1
-38;4;25;1;1
-40;-26;20;0;1
-18;8;20;0;1
-43;-14;22;1;1
-40;30;39;0;1
-34;25;46;1;1
-41;-35;45;1;1
-23;22;43;1;1
-34;12;42;1;1
-29;10;54;0;1
-16;-14;37;0;1
-35;14;56;0;1
-47;27;44;1;1
-31;37;30;1;1
-28;-20;55;0;1
-28;-26;17;0;1
-18;4;45;0;1
-55;22;32;1;1
-54;11;39;0;1
-25;-14;14;0;1
-54;3;32;0;1
-18;14;55;0;1
-22;-14;51;0;1
-37;53;19;0;1
-21;22;21;1;1
-31;-10;51;0;1
-29;21;48;0;1
-35;-42;38;1;1
-65;13;21;0;1
-18;26;10;0;1
-50;-31;37;1;1
-10;17;32;1;1
-36;2;41;1;1
-24;31;49;1;1
-29;34;25;1;1
-26;32;45;0;1
-42;-19;33;0;1
-34;20;32;0;1
-28;7;58;1;1
-51;17;46;0;1
-16;-1;19;1;1
-52;0;46;1;1
-26;-27;59;0;1
-33;23;14;0;1
-46;21;39;1;1
-54;29;28;0;1
-48;5;40;0;1
-30;-17;58;0;1
-45;8;22;0;1
-50;0;35;0;1
-33;1;26;0;1
-44;-21;26;0;1
-18;-18;51;0;1
-33;29;13;0;1
-28;-36;48;1;1
-34;-41;21;0;1
-33;-4;61;1;1
-34;47;19;0;1
-37;23;27;0;1
-24;24;49;0;1
-20;-19;61;0;1
-21;36;52;0;1
-23;11;46;1;1
-31;22;45;0;1
-33;-24;25;0;1
-16;12;53;1;1
-59;-2;17;1;1
-37;56;20;0;1
-16;22;18;1;1
-17;16;13;1;1
-38;-29;31;0;1
-36;-26;32;0;1
-36;-34;29;0;1
-14;-21;29;0;1
-23;8;65;0;1
-13;12;35;1;1
-46;38;27;0;1
-41;-25;21;0;1
-46;36;17;0;1
-24;3;57;1;1
-37;-13;48;1;1
-58;17;33;0;1
-45;7;24;0;1
-20;26;37;0;1
-37;9;16;0;1
-19;26;10;0;1
-53;32;27;0;1
-18;20;65;0;1
-50;12;31;1;1
-48;3;41;0;1
-45;-28;30;0;1
-23;-22;50;0;1
-54;8;20;0;1
-19;-11;12;0;1
-43;13;21;0;1
-53;-32;29;0;1
-41;17;17;0;1
-50;-25;37;1;1
-62;17;19;1;1
-43;22;16;0;1
-56;-30;31;0;1
-24;-34;12;1;1
-28;-17;33;0;1
-41;-30;37;0;1
-24;3;32;1;1
-53;2;15;0;1
-22;0;30;0;1
-16;13;27;0;1
-25;-41;42;0;1
-28;41;47;0;1
-43;4;35;1;1
-45;-36;38;0;1
-42;15;38;1;1
-28;-30;51;0;1
-38;3;53;0;1
-22;0;50;1;1
-29;29;14;1;1
-17;5;26;1;1
-48;23;32;0;1
-30;49;37;0;1
-21;11;61;1;1
-51;16;34;1;1
-42;-9;39;1;1
-23;-38;26;0;1
-26;14;12;0;1
-30;-33;45;0;1
-39;-48;26;0;1
-32;-6;60;0;1
-26;-37;28;0;1
-26;2;60;0;1
-27;-40;26;0;1
-54;19;22;0;1
-42;2;50;0;1
-16;21;35;0;1
-26;12;40;1;1
-28;-22;29;0;1
-37;-16;44;1;1
-17;15;27;1;1
-52;19;18;1;1
-41;36;30;0;1
-54;-12;30;1;1
-49;40;17;0;1
-47;21;43;0;1
-34;-35;36;0;1
-18;3;20;1;1
-66;-1;19;1;1
-33;-34;23;1;1
-36;42;16;0;1
-33;-8;35;1;1
-35;-23;23;0;1
-35;-2;12;0;1
-38;37;30;1;1
-15;23;23;1;1
-37;22;20;1;1
-36;-18;23;0;1
-16;-23;30;0;1
-34;-20;35;1;1
-20;14;24;1;1
-30;-41;49;0;1
-47;-1;27;1;1
-24;-39;42;0;1
-42;4;17;0;1
-44;20;20;0;1
-62;5;27;0;1
-9;14;31;0;1
-47;-10;17;1;1
-17;26;45;0;1
-39;-30;45;0;1
-17;25;37;0;1
-25;-12;12;0;1
-36;-16;39;1;1
-26;-5;48;1;1
-22;-2;33;0;1
-20;-22;48;0;1
-32;-13;33;0;1
-27;26;17;0;1
-16;-17;45;1;1
-22;-24;29;0;1
-20;30;40;0;1
-26;10;13;1;1
-53;-22;16;0;1
-18;-12;13;0;1
-59;-13;32;0;1
-43;-37;25;1;1
-43;-8;47;1;1
-42;5;44;1;1
-50;-44;20;0;1
-19;-32;41;0;1
-33;54;27;0;1
-23;-27;30;0;1
-48;25;30;0;1
-32;-28;47;0;1
-39;-25;52;1;1
-17;15;47;1;1
-31;-12;27;0;1
-23;8;48;1;1
-18;26;28;1;1
-47;-48;20;1;1
-34;-23;12;1;1
-25;-32;52;0;1
-55;37;18;0;1
-49;43;27;0;1
-33;2;19;0;1
-24;27;44;0;1
-60;4;32;0;1
-25;25;30;1;1
-31;10;60;0;1
-52;-15;39;1;1
-20;34;32;0;1
-25;-14;24;0;1
-8;-10;24;1;1
-28;45;39;0;1
-10;15;37;0;1
-20;19;59;1;1
-53;33;27;1;1
-21;27;48;1;1
-43;-25;40;0;1
-10;7;32;1;1
-24;-21;24;0;1
-26;17;47;0;1
-56;-12;28;0;1
-56;-14;29;1;1
-22;10;19;1;1
-49;-1;44;0;1
-31;-10;21;0;1
-19;28;37;0;1
-38;-47;29;0;1
-19;20;23;1;1
-41;-29;38;0;1
-25;5;16;1;1
-24;40;49;0;1
-24;-9;66;1;1
-40;34;16;0;1
-49;-1;50;1;1
-28;-38;52;0;1
-17;29;22;0;1
-37;-28;33;1;1
-43;-14;50;1;1
-45;28;32;1;1
-33;10;22;0;1
-26;13;51;1;1
-60;1;17;0;1
-67;-2;20;0;1
-23;-1;61;1;1
-23;-21;54;1;1
-33;-12;60;1;1
-32;-9;11;1;1
-34;-21;20;1;1
-21;-35;47;0;1
-26;7;38;0;1
-32;14;15;1;1
-17;-16;57;0;1
-36;-35;25;0;1
-24;-17;54;0;1
-27;-28;54;0;1
-61;-3;24;0;1
-40;35;28;1;1
-39;41;41;0;1
-45;-30;15;0;1
-50;-3;46;1;1
-38;24;26;0;1
-27;-6;61;0;1
-22;-37;40;1;1
-50;19;22;0;1
-15;14;31;0;1
-44;-7;22;1;1
-40;12;55;0;1
-21;17;52;1;1
-44;-37;31;1;1
-48;5;36;0;1
-35;16;11;0;1
-9;15;28;0;1
-24;10;10;1;1
-44;25;45;0;1
-66;-3;22;1;1
-59;-3;22;0;1
-56;-16;23;0;1
-59;-12;19;0;1
-38;-41;18;0;1
-56;5;23;1;1
-39;35;19;0;1
-19;17;53;0;1
-56;28;29;1;1
-30;-31;47;0;1
-46;-10;30;0;1
-20;-16;26;0;1
-39;-19;34;1;1
-31;39;22;0;1
-34;-12;60;0;1
-29;-3;52;1;1
-30;0;11;0;1
-59;1;25;1;1
-57;-22;27;1;1
-53;23;30;1;1
-50;-11;46;0;1
-58;-26;25;0;1
-45;4;15;1;1
-20;2;31;1;1
-21;-14;41;1;1
-32;33;38;0;1
-47;-33;34;1;1
-27;18;47;1;1
-44;20;29;0;1
-28;40;21;1;1
-43;-22;32;1;1
-32;23;17;1;1
-49;13;29;0;1
-48;32;16;0;1
-24;-20;20;0;1
-28;-34;21;0;1
-14;1;34;1;1
-41;11;50;1;1
-9;14;22;0;1
-49;30;40;0;1
-24;21;35;1;1
-34;43;39;0;1
-29;-16;46;0;1
-45;5;42;1;1
-16;7;34;0;1
-53;29;27;1;1
-19;23;44;0;1
-24;-34;50;0;1
-38;-16;12;1;1
-30;48;35;0;1
-31;18;30;1;1
-36;2;13;0;1
-15;11;22;1;1
-27;-20;49;0;1
-51;-7;14;1;1
-14;15;39;1;1
-22;-18;50;0;1
-47;39;27;0;1
-46;-32;29;0;1
-22;2;47;0;1
-19;-7;25;1;1
-27;-21;46;0;1
-28;-16;33;0;1
-37;-13;59;0;1
-40;16;32;1;1
-28;5;26;0;1
-26;-1;25;0;1
-47;-38;24;0;1
-22;11;14;1;1
-21;-16;54;0;1
-28;18;54;1;1
-42;25;44;0;1
-59;23;26;0;1
-19;17;58;0;1
-40;-13;51;0;1
-29;49;41;1;1
-36;-29;30;0;1
-7;12;33;1;1
-17;15;53;0;1
-25;13;48;0;1
-28;9;30;0;1
-36;-15;56;1;1
-40;-37;19;0;1
-29;41;40;1;1
-53;15;34;1;1
-22;29;23;0;1
-30;-11;22;0;1
-34;-10;42;0;1
-56;-5;27;0;1
-23;-1;58;1;1
-21;-34;23;0;1
-24;29;14;0;1
-51;-14;42;0;1
-47;-8;47;1;1
-42;-40;38;0;1
-52;-24;33;0;1
-21;16;24;0;1
-45;8;49;0;1
-19;16;30;1;1
-42;16;54;0;1
-38;48;32;0;1
-26;28;40;0;1
-16;-21;31;1;1
-32;-8;30;1;1
-15;-10;29;0;1
-42;11;20;0;1
-37;-25;21;0;1
-55;-19;18;1;1
-39;2;16;0;1
-34;-7;23;0;1
-32;40;44;1;1
-22;-17;53;0;1
-43;19;17;0;1
-35;-7;14;1;1
-48;-7;15;1;1
-35;27;40;1;1
-39;21;26;0;1
-63;16;19;1;1
-41;1;24;0;1
-33;-12;54;0;1
-55;-24;32;0;1
-44;-31;18;0;1
-51;4;16;0;1
-59;-10;35;1;1
-64;5;28;0;1
-19;-3;39;0;1
-47;-40;21;1;1
-20;-30;47;1;1
-29;-12;10;1;1
-45;22;43;0;1
-23;0;58;1;1
-46;-13;51;0;1
-51;-37;32;1;1
-28;-36;20;1;1
-39;15;26;0;1
-16;-5;42;0;1
-34;30;20;0;1
-23;-23;53;0;1
-27;16;14;0;1
-22;-22;13;0;1
-36;23;51;0;1
-32;-31;36;0;1
-50;-26;41;0;1
-31;40;38;0;1
-44;14;17;0;1
-61;6;35;0;1
-33;4;62;0;1
-28;36;29;1;1
-61;-9;32;1;1
-22;-20;49;1;1
-25;14;55;0;1
-21;-16;23;1;1
-17;-18;7;1;1
-38;35;44;1;1
-45;14;47;1;1
-48;-46;20;0;1
-30;17;35;0;1
-18;-6;46;0;1
-32;-28;48;1;1
-55;-6;25;1;1
-51;-36;22;1;1
-32;6;33;0;1
-35;-27;20;1;1
-50;-26;21;1;1
-27;19;45;0;1
-39;6;22;0;1
-26;-23;30;0;1
-29;3;60;1;1
-52;-44;19;1;1
-45;28;33;0;1
-13;-14;30;0;1
-31;26;19;0;1
-40;-6;25;0;1
-33;-51;19;1;1
-55;23;30;0;1
-32;-2;18;0;1
-52;7;32;0;1
-32;11;61;1;1
-23;-10;53;1;1
-11;-14;48;0;1
-38;-3;55;1;1
-33;5;56;0;1
-21;-13;54;0;1
-22;-23;10;1;1
-34;6;36;0;1
-15;18;32;0;1
-42;-6;48;0;1
-25;-32;44;1;1
-36;-29;50;0;1
-46;-4;27;0;1
-40;40;29;0;1
-30;-24;27;1;1
-43;-16;17;0;1
-29;-9;63;0;1
-26;-29;19;1;1
-18;-31;57;1;1
-54;23;36;0;1
-67;-10;21;0;1
-19;20;21;0;1
-19;18;66;1;1
-40;-29;24;0;1
-19;4;39;1;1
-31;5;23;0;1
-23;2;30;0;1
-21;-11;52;1;1
-48;16;41;1;1
-33;9;31;1;1
-36;-11;25;0;1
-41;43;33;0;1
-27;18;22;0;1
-57;31;26;0;1
-56;19;39;1;1
-51;-6;17;0;1
-32;13;41;1;1
-27;35;12;1;1
-30;18;10;0;1
-26;-20;19;1;1
-29;44;24;0;1
-28;-22;14;0;1
-25;-13;13;0;1
-54;-34;25;1;1
-13;8;35;0;1
-46;28;36;0;1
-18;-23;32;1;1
-19;15;20;0;1
-38;41;18;1;1
-40;-27;28;1;1
-26;-12;64;0;1
-23;14;22;0;1
-47;-25;40;0;1
-35;2;41;0;1
-52;6;44;0;1
-28;-6;59;1;1
-18;-24;44;0;1
-27;-36;42;0;1
-34;27;35;0;1
-16;22;17;1;1
-57;-11;31;1;1
-13;-19;52;0;1
-41;46;25;0;1
-35;-31;29;1;1
-20;-23;27;1;1
-37;43;40;1;1
-25;-15;22;1;1
-49;-3;46;0;1
-42;-14;13;0;1
-34;-32;16;1;1
-26;15;32;0;1
-17;23;56;0;1
-52;-24;23;1;1
-46;-26;36;1;1
-35;-24;43;1;1
-39;20;23;0;1
-48;-24;35;0;1
-22;2;44;1;1
-39;-24;24;0;1
-27;-3;18;0;1
-27;-32;28;1;1
-18;-6;30;0;1
-35;-3;27;0;1
-21;24;58;1;1
-22;-29;15;0;1
-29;11;37;1;1
-50;30;23;1;1
-44;-23;48;0;1
-15;-19;31;0;1
-37;35;39;0;1
-45;-2;49;1;1
-20;27;24;0;1
-46;13;17;0;1
-28;16;29;0;1
-28;12;24;1;1
-28;44;38;1;1
-40;12;15;0;1
-42;26;45;1;1
-45;-10;36;0;1
-31;-7;44;0;1
-34;-16;49;0;1
-25;42;14;0;1
-29;-35;34;0;1
-17;-25;40;0;1
-30;34;20;0;1
-24;36;46;0;1
-26;-33;42;0;1
-12;3;32;1;1
-63;-12;19;0;1
-25;33;49;0;1
-34;37;14;0;1
-54;9;38;1;1
-40;-4;16;0;1
-22;-21;21;1;1
-42;-29;37;0;1
-49;-23;27;0;1
-33;34;37;0;1
-35;44;40;1;1
-29;49;19;1;1
-44;-38;37;0;1
-42;-28;48;0;1
-33;-33;20;1;1
-46;0;32;1;1
-20;11;54;0;1
-43;-27;32;0;1
-21;2;31;0;1
-25;-33;25;1;1
-35;-44;19;1;1
-32;3;17;1;1
-23;-29;21;1;1
-60;17;31;0;1
-20;23;39;0;1
-30;20;50;0;1
-23;-30;33;1;1
-46;16;25;0;1
-17;-13;58;0;1
-42;43;30;0;1
-32;1;30;1;1
-44;22;30;0;1
-59;-3;39;0;1
-17;26;44;1;1
-49;42;27;1;1
-45;25;39;1;1
-46;-2;18;0;1
-17;-13;41;0;1
-50;34;22;0;1
-32;35;21;0;1
-37;-23;44;1;1
-38;31;39;0;1
-33;15;35;1;1
-49;-5;44;1;1
-20;4;35;1;1
-28;-3;34;0;1
-11;-16;21;0;1
-42;34;17;1;1
-13;18;42;0;1
-32;51;28;1;1
-25;23;53;0;1
-28;34;26;0;1
-24;-2;22;0;1
-57;25;21;0;1
-43;-9;25;1;1
-35;-28;32;1;1
-45;38;22;0;1
-26;41;49;0;1
-29;-9;40;0;1
-34;-6;36;1;1
-32;26;23;0;1
-30;36;48;1;1
-39;13;16;1;1
-21;32;44;1;1
-12;-5;27;1;1
-45;8;17;0;1
-30;41;30;1;1
-41;-9;18;1;1
-51;4;25;0;1
-42;-29;32;0;1
-67;8;19;0;1
-15;-18;12;1;1
-51;-16;21;0;1
-41;-34;41;1;1
-40;19;13;1;1
-56;3;37;0;1
-60;1;19;0;1
-29;34;30;1;1
-48;-11;18;1;1
-45;6;32;1;1
-29;-25;44;0;1
-34;37;15;0;1
-45;35;18;0;1
-38;-21;37;0;1
-32;30;45;0;1
-20;33;49;0;1
-34;1;37;1;1
-12;-18;58;0;1
-27;-23;55;0;1
-26;6;56;0;1
-8;-11;23;1;1
-34;-9;20;0;1
-41;-14;46;0;1
-28;24;60;0;1
-65;-13;23;0;1
-23;-8;19;0;1
-59;-7;26;1;1
-28;30;23;1;1
-48;3;30;0;1
-28;-23;57;1;1
-57;-22;19;0;1
-27;16;11;0;1
-48;33;32;0;1
-26;-14;37;0;1
-32;47;28;1;1
-23;18;20;0;1
-32;43;38;0;1
-34;-40;33;0;1
-26;33;15;0;1
-46;-2;52;0;1
-36;-19;55;1;1
-30;-3;47;0;1
-31;-16;42;0;1
-37;-3;41;0;1
-20;0;46;0;1
-56;-17;36;0;1
-38;13;20;1;1
-12;19;61;0;1
-41;8;35;0;1
-52;22;26;1;1
-25;9;46;0;1
-29;13;16;0;1
-29;15;61;0;1
-37;23;30;0;1
-42;-19;16;0;1
-32;-50;23;1;1
-28;-10;44;0;1
-35;1;58;0;1
-41;-50;28;0;1
-32;22;29;1;1
-59;-32;23;1;1
-38;-54;18;0;1
-34;-41;42;1;1
-33;30;27;0;1
-47;-22;33;0;1
-17;26;15;0;1
-40;-25;33;0;1
-32;-51;37;0;1
-22;7;49;0;1
-25;36;13;0;1
-40;-4;23;1;1
-62;-13;30;0;1
-43;3;33;0;1
-34;-23;29;0;1
-42;39;37;0;1
-37;13;30;1;1
-17;-19;55;0;1
-18;-16;35;1;1
-23;15;11;0;1
-15;-16;49;0;1
-37;31;22;0;1
-57;-17;26;0;1
-39;19;37;0;1
-56;6;35;1;1
-18;-1;33;1;1
-36;-33;28;1;1
-56;6;26;0;1
-24;1;8;0;1
-36;5;48;1;1
-60;21;23;0;1
-49;6;33;1;1
-53;33;28;0;1
-47;-20;45;0;1
-47;-26;35;1;1
-48;38;25;1;1
-56;7;26;0;1
-50;-39;17;1;1
-58;32;21;0;1
-45;17;19;1;1
-16;-14;50;0;1
-25;-6;58;0;1
-20;-25;21;0;1
-48;8;22;0;1
-31;-26;40;0;1
-23;-24;47;0;1
-25;-23;15;0;1
-38;-27;22;0;1
-49;37;29;0;1
-51;-2;36;1;1
-20;24;58;1;1
-30;38;21;0;1
-25;34;39;0;1
-28;16;57;0;1
-39;-24;50;1;1
-50;12;35;1;1
-12;7;37;1;1
-64;15;21;0;1
-37;41;19;0;1
-29;-28;14;1;1
-24;-12;48;0;1
-20;24;36;0;1
-31;-33;43;1;1
-53;29;19;1;1
-23;4;41;1;1
-30;15;15;1;1
-44;-39;33;1;1
-21;-19;44;0;1
-53;-32;22;0;1
-41;-8;35;0;1
-44;-23;37;1;1
-42;-5;55;0;1
-19;-32;17;1;1
-27;-9;22;1;1
-20;-9;25;0;1
-45;-19;22;1;1
-31;-40;23;0;1
-19;-21;61;0;1
-23;22;39;0;1
-42;-20;15;1;1
-47;-25;16;0;1
-57;13;37;0;1
-18;-7;18;1;1
-28;-11;20;0;1
-31;-28;47;0;1
-36;-17;24;1;1
-37;2;48;0;1
-36;44;30;0;1
-21;-24;46;0;1
-58;16;19;0;1
-47;36;31;1;1
-57;25;33;0;1
-26;14;22;1;1
-36;8;50;0;1
-35;35;39;1;1
-55;-19;25;0;1
-47;-8;25;0;1
-24;-9;10;1;1
-38;-4;32;0;1
-15;25;12;0;1
-31;-43;42;0;1
-19;28;46;0;1
-42;7;27;1;1
-20;-30;17;0;1
-19;-3;37;0;1
-30;-7;33;1;1
-25;-15;55;1;1
-55;27;27;0;1
-23;14;37;0;1
-50;-10;31;0;1
-30;-43;29;1;1
-52;6;45;0;1
-46;36;33;1;1
-50;17;44;0;1
-36;43;24;0;1
-26;5;27;0;1
-14;23;31;0;1
-18;14;41;1;1
-32;6;29;0;1
-38;-11;34;1;1
-46;-5;25;0;1
-23;1;50;0;1
-66;4;23;0;1
-57;-27;27;0;1
-51;-27;32;0;1
-47;0;50;0;1
-31;2;31;0;1
-35;-25;55;0;1
-45;-20;50;0;1
-23;19;41;0;1
-59;31;21;1;1
-23;5;14;0;1
-33;-11;50;0;1
-21;1;34;1;1
-25;-43;23;0;1
-42;6;21;1;1
-24;7;42;1;1
-57;6;35;1;1
-24;-1;17;1;1
-14;7;27;0;1
-27;27;27;0;1
-40;11;53;1;1
-28;-29;56;0;1
-26;-14;21;0;1
-35;22;29;0;1
-53;-27;35;0;1
-21;8;13;0;1
-31;41;27;1;1
-11;19;56;0;1
-24;-33;14;0;1
-53;25;39;0;1
-42;-35;30;0;1
-45;13;47;0;1
-65;-19;19;1;1
-24;-14;39;0;1
-24;-8;56;0;1
-19;23;40;1;1
-44;4;13;0;1
-25;16;35;1;1
-26;-18;50;0;1
-60;13;28;1;1
-42;18;30;0;1
-20;-20;20;0;1
-8;7;25;0;1
-53;30;31;0;1
-23;-6;35;0;1
-30;15;29;0;1
-38;-30;27;0;1
-36;-57;21;0;1
-49;41;26;1;1
-16;23;53;0;1
-17;-8;45;1;1
-49;-17;20;1;1
-31;27;16;0;1
-27;5;31;1;1
-20;17;15;1;1
-49;6;48;0;1
-41;-18;22;0;1
-30;-33;29;0;1
-60;19;27;0;1
-39;-53;19;0;1
-11;-1;30;0;1
-35;5;14;0;1
-35;26;46;0;1
-26;-15;17;0;1
-24;-5;47;1;1
-31;15;39;0;1
-33;-18;44;0;1
-54;24;30;1;1
-14;-15;51;0;1
-37;-34;20;0;1
-32;-30;48;1;1
-41;9;39;0;1
-56;37;19;0;1
-16;7;24;0;1
-37;12;23;1;1
-34;-26;16;1;1
-28;-23;58;0;1
-30;51;20;1;1
-27;-28;48;0;1
-34;17;11;0;1
-34;-11;24;1;1
-48;1;51;0;1
-21;-17;36;1;1
-22;-22;51;0;1
-47;-34;18;1;1
-50;-17;44;1;1
-28;-10;28;0;1
-40;-22;18;0;1
-19;19;46;0;1
-29;-34;45;1;1
-30;-2;24;0;1
-28;11;35;1;1
-26;21;45;1;1
-38;-43;40;0;1
-58;-7;38;1;1
-21;-30;16;0;1
-37;-13;57;1;1
-41;-31;33;0;1
-40;22;54;0;1
-45;-2;48;0;1
-52;-34;32;0;1
-42;13;20;1;1
-35;-4;23;0;1
-24;2;34;0;1
-36;-35;31;0;1
-29;-25;21;0;1
-54;26;18;0;1
-29;40;27;0;1
-42;-10;53;0;1
-37;-12;25;1;1
-33;-9;24;1;1
-27;27;53;0;1
-18;30;10;0;1
-32;13;44;1;1
-20;-8;19;0;1
-22;20;47;0;1
-29;-11;24;0;1
-28;0;45;1;1
-32;-24;47;0;1
-29;36;25;1;1
-17;2;25;1;1
-47;4;40;0;1
-46;-35;18;0;1
-39;-3;13;0;1
-23;17;35;0;1
-20;25;60;1;1
-30;-13;23;0;1
-26;-34;44;1;1
-18;-12;16;0;1
-31;22;54;0;1
-54;-13;41;0;1
-39;-4;37;0;1
-42;-20;52;0;1
-35;-2;40;0;1
-37;-45;30;1;1
-46;-32;43;1;1
-26;12;19;1;1
-55;22;26;1;1
-37;-25;42;1;1
-31;-18;44;0;1
-57;-9;25;0;1
-62;-4;30;0;1
-58;22;28;0;1
-34;54;21;1;1
-52;19;37;0;1
-18;0;18;0;1
-25;17;34;0;1
-47;-29;30;0;1
-33;-18;13;1;1
-45;-19;30;1;1
-45;-28;41;0;1
-25;23;25;0;1
-24;5;31;0;1
-26;-30;37;1;1
-41;-27;50;0;1
-17;-27;48;1;1
-53;13;24;0;1
-52;-1;31;0;1
-14;20;32;0;1
-32;24;55;1;1
-60;3;31;1;1
-38;37;22;0;1
-25;-6;11;0;1
-26;-9;45;1;1
-40;-19;34;1;1
-48;-41;18;0;1
-36;-47;33;0;1
-35;24;32;1;1
-49;20;34;1;1
-27;-34;44;0;1
-51;-32;30;0;1
-32;39;36;0;1
-43;-2;51;0;1
-13;-22;7;0;1
-30;-17;24;1;1
-18;20;38;0;1
-49;-34;21;0;1
-26;-31;32;1;1
-44;15;14;0;1
-19;27;58;0;1
-50;-13;32;0;1
-36;-41;21;0;1
-46;-19;33;1;1
-27;20;23;1;1
-39;39;33;0;1
-40;16;43;0;1
-30;-35;21;0;1
-31;39;18;1;1
-48;-39;33;1;1
-34;-19;42;1;1
-52;-14;21;0;1
-29;-41;19;1;1
-52;1;19;1;1
-21;23;36;0;1
-32;-5;37;0;1
-28;27;34;0;1
-42;-8;12;1;1
-40;38;34;1;1
-47;-46;20;0;1
-15;-6;36;0;1
-34;33;20;1;1
-42;6;39;0;1
-60;-11;27;0;1
-21;-24;60;0;1
-52;1;29;0;1
-28;38;33;0;1
-34;18;36;0;1
-23;15;62;0;1
-51;-43;23;1;1
-38;45;28;0;1
-24;28;14;0;1
-37;-20;49;1;1
-20;-12;31;0;1
-54;-19;36;0;1
-36;-39;43;0;1
-29;-43;24;0;1
-47;42;26;0;1
-57;-2;41;0;1
-39;-19;28;0;1
-11;15;45;1;1
-31;24;21;0;1
-21;-13;10;1;1
-41;1;57;1;1
-27;-6;9;1;1
-31;10;57;1;1
-33;-24;29;0;1
-35;-26;47;1;1
-37;35;45;1;1
-36;27;32;0;1
-17;22;34;0;1
-29;25;37;1;1
-22;-37;36;0;1
-32;-38;31;0;1
-42;51;21;0;1
-37;9;55;1;1
-21;17;25;1;1
-37;-29;42;0;1
-39;45;33;0;1
-30;-31;23;0;1
-26;-35;36;1;1
-21;13;20;0;1
-23;-11;16;0;1
-34;-48;20;0;1
-24;17;52;1;1
-26;-23;50;0;1
-26;-8;37;1;1
-25;40;40;0;1
-59;-19;26;0;1
-36;22;47;0;1
-17;15;26;1;1
-34;-32;34;1;1
-44;-28;16;1;1
-10;-15;27;0;1
-47;5;53;1;1
-38;8;42;0;1
-28;4;48;1;1
-12;-20;45;0;1
-39;-19;50;0;1
-43;19;33;0;1
-30;25;17;1;1
-45;-1;27;0;1
-54;-11;37;1;1
-39;47;27;0;1
-47;2;50;1;1
-24;-25;24;0;1
-14;24;39;0;1
-20;18;17;0;1
-31;10;14;0;1
-27;-26;59;1;1
-31;10;47;1;1
-45;-4;25;1;1
-22;35;32;0;1
-35;34;40;1;1
-28;-11;42;0;1
-49;-11;16;0;1
-23;-12;44;0;1
-38;-19;42;0;1
-32;-9;28;0;1
-13;19;26;0;1
-20;-2;35;1;1
-24;-41;40;0;1
-36;-32;50;0;1
-13;17;51;0;1
-33;3;22;1;1
-35;13;17;1;1
-37;-2;43;0;1
-22;-11;17;1;1
-39;-29;42;0;1
-17;-27;12;0;1
-25;41;14;0;1
-20;14;41;0;1
-57;-1;19;0;1
-52;-31;36;0;1
-12;-4;29;1;1
-34;-6;33;0;1
-24;14;19;1;1
-36;-5;38;1;1
-42;16;47;0;1
-62;17;28;1;1
-25;-14;13;1;1
-21;-14;37;0;1
-47;-1;13;1;1
-39;22;40;1;1
-20;3;22;0;1
-26;-3;52;0;1
-28;-28;57;1;1
-24;12;57;0;1
-39;-23;30;1;1
-58;-6;36;0;1
-30;-10;56;0;1
-42;10;50;1;1
-35;-26;17;1;1
-38;-25;19;0;1
-37;3;22;0;1
-21;32;39;0;1
-23;30;46;0;1
-52;-20;41;0;1
-21;36;32;0;1
-25;-34;44;0;1
-39;17;52;1;1
-48;-39;21;1;1
-32;-32;20;0;1
-28;8;25;0;1
-17;-2;26;1;1
-26;-21;14;1;1
-48;28;19;0;1
-25;-16;64;1;1
-34;2;58;1;1
-48;21;41;1;1
-38;4;17;1;1
-39;45;30;1;1
-53;-35;24;1;1
-33;34;40;1;1
-44;30;25;1;1
-60;19;31;0;1
-31;13;10;1;1
-56;22;33;1;1
-51;-22;26;0;1
-23;31;26;1;1
-22;-7;55;1;1
-29;25;48;0;1
-34;-40;47;0;1
-41;5;25;0;1
-40;-11;24;0;1
-35;54;30;1;1
-36;-11;12;0;1
-27;-3;65;0;1
-26;-38;32;1;1
-50;-8;34;1;1
-27;-9;25;0;1
-27;-31;18;1;1
-31;20;36;0;1
-31;-16;46;1;1
-28;23;20;0;1
-31;30;12;1;1
-41;23;53;0;1
-32;-32;17;0;1
-36;30;27;1;1
-48;-4;18;1;1
-32;1;26;0;1
-18;25;61;1;1
-42;24;33;0;1
-47;-32;19;1;1
-28;30;30;1;1
-44;-41;32;1;1
-46;-1;41;0;1
-17;18;63;0;1
-51;23;25;0;1
-38;-1;11;0;1
-42;4;19;0;1
-25;13;33;0;1
-11;-15;35;0;1
-57;25;27;1;1
-18;22;62;0;1
-25;-36;13;0;1
-27;21;25;1;1
-45;13;26;0;1
-40;17;55;0;1
-35;7;39;0;1
-42;-9;47;0;1
-34;38;32;0;1
-58;-31;24;1;1
-39;3;18;0;1
-34;44;24;0;1
-26;-6;36;1;1
-23;-3;28;1;1
-32;-45;31;0;1
-20;-15;31;1;1
-27;-27;27;1;1
-26;24;14;1;1
-57;-32;22;1;1
-29;6;20;0;1
-15;-13;47;1;1
-43;20;34;0;1
-18;-4;18;1;1
-39;-22;15;0;1
-41;-34;40;0;1
-28;-25;24;0;1
-53;20;40;0;1
-43;29;18;1;1
-33;-42;24;1;1
-31;-24;23;0;1
-40;-17;45;0;1
-21;22;23;0;1
-16;-10;21;0;1
-27;8;23;1;1
-33;45;32;0;1
-28;-5;16;0;1
-16;-12;35;0;1
-19;11;29;1;1
-53;-10;19;0;1
-46;-18;34;0;1
-12;-16;48;0;1
-19;1;22;1;1
-57;-9;37;0;1
-19;-26;50;1;1
-16;-8;37;0;1
-27;5;54;0;1
-15;18;34;0;1
-36;57;20;0;1
-27;-13;17;1;1
-55;1;29;1;1
-35;-8;48;1;1
-28;18;35;0;1
-44;2;22;0;1
-51;-3;43;1;1
-58;-7;24;0;1
-23;-12;24;1;1
-63;-19;18;0;1
-38;17;48;0;1
-37;-25;45;0;1
-31;47;29;0;1
-44;-3;14;0;1
-47;32;16;0;1
-23;-23;18;0;1
-16;-18;50;0;1
-26;13;33;0;1
-33;-17;44;0;1
-31;-27;25;0;1
-60;-8;37;1;1
-43;41;17;1;1
-20;33;53;0;1
-17;11;14;0;1
-23;-20;56;1;1
-29;17;43;1;1
-21;20;54;0;1
-28;-19;15;0;1
-55;-13;21;1;1
-45;0;28;1;1
-60;18;22;0;1
-37;26;24;0;1
-29;-33;18;0;1
-27;22;31;1;1
-28;7;38;0;1
-30;-9;10;0;1
-36;8;31;0;1
-52;19;15;0;1
-28;38;14;0;1
-29;-46;35;0;1
-22;8;20;0;1
-28;-18;50;1;1
-25;-5;21;1;1
-28;-28;47;1;1
-31;-34;47;0;1
-33;-55;26;0;1
-33;2;33;1;1
-15;25;40;1;1
-23;1;52;0;1
-52;-3;42;0;1
-51;-23;28;0;1
-48;-3;22;0;1
-36;22;46;0;1
-50;-32;27;0;1
-16;-22;21;1;1
-48;29;41;1;1
-23;30;31;1;1
-49;-21;45;0;1
-27;-42;32;0;1
-59;-12;31;1;1
-37;-32;16;0;1
-34;-29;23;1;1
-13;-9;35;0;1
-31;6;38;0;1
-12;-11;37;1;1
-13;-13;46;0;1
-23;-28;32;1;1
-19;21;42;0;1
-30;-35;43;0;1
-30;9;29;1;1
-39;10;50;0;1
-22;30;40;1;1
-57;14;19;0;1
-19;29;49;0;1
-25;3;8;1;1
-38;9;24;0;1
-32;-8;45;1;1
-44;-27;32;0;1
-38;-20;13;1;1
-42;33;41;1;1
-51;11;48;1;1
-19;18;43;1;1
-20;-32;56;0;1
-14;-11;43;0;1
-52;17;45;1;1
-20;-3;27;0;1
-13;5;25;1;1
-34;20;42;1;1
-24;-23;32;1;1
-34;9;44;0;1
-23;-3;19;0;1
-42;18;35;0;1
-36;58;19;0;1
-29;36;39;0;1
-45;-3;31;1;1
-39;-9;31;0;1
-27;-22;12;1;1
-48;12;18;1;1
-28;30;11;1;1
-30;-38;43;1;1
-26;14;19;0;1
-29;-14;19;0;1
-38;-2;24;0;1
-46;-25;46;1;1
-25;37;21;0;1
-42;17;19;0;1
-51;-14;29;0;1
-32;9;54;0;1
-37;-51;28;0;1
-31;-37;41;1;1
-29;46;32;0;1
-31;12;44;1;1
-24;29;28;1;1
-38;9;11;0;1
-18;20;32;0;1
-33;-23;57;1;1
-29;-15;24;1;1
-62;-26;19;0;1
-35;26;37;1;1
-51;4;34;0;1
-8;-9;33;1;1
-41;-36;43;0;1
-50;14;32;0;1
-52;-16;44;0;1
-22;-26;47;1;1
-55;3;41;0;1
-38;51;22;1;1
-36;-41;32;1;1
-27;-13;14;0;1
-37;-39;37;1;1
-26;-9;10;1;1
-38;-28;19;0;1
-31;14;50;0;1
-23;-12;60;1;1
-31;34;14;0;1
-33;-21;15;1;1
-33;22;51;0;1
-28;24;41;1;1
-45;-22;17;0;1
-22;13;41;0;1
-25;37;19;0;1
-36;28;15;0;1
-52;-22;29;0;1
-46;7;52;1;1
-21;18;8;1;1
-45;5;32;1;1
-33;10;37;1;1
-55;-32;26;0;1
-25;-34;19;0;1
-26;24;44;0;1
-25;-18;23;1;1
-28;30;40;0;1
-26;-7;48;0;1
-32;21;38;1;1
-30;-30;51;0;1
-36;-23;53;1;1
-34;8;26;1;1
-42;-25;47;0;1
-38;42;24;0;1
-27;3;15;0;1
-18;-20;11;0;1
-26;-28;32;0;1
-20;2;46;0;1
-8;6;23;1;1
-21;24;33;0;1
-43;49;22;0;1
-7;9;28;0;1
-11;-10;27;0;1
-23;31;31;1;1
-37;26;36;1;1
-11;-19;44;0;1
-15;25;53;0;1
-23;19;13;0;1
-28;-38;46;1;1
-38;-21;48;0;1
-31;-7;18;0;1
-46;-18;35;1;1
-16;-19;54;0;1
-43;-23;27;1;1
-30;-20;33;1;1
-31;-30;21;0;1
-40;-4;31;1;1
-27;29;51;0;1
-14;-22;24;1;1
-28;24;36;0;1
-57;-25;17;1;1
-28;27;50;0;1
-60;21;27;1;1
-46;8;22;1;1
-48;-38;23;0;1
-61;3;22;0;1
-44;9;47;0;1
-42;-27;18;1;1
-32;-15;56;0;1
-17;5;31;0;1
-57;16;36;0;1
-31;15;47;1;1
-52;-11;17;0;1
-39;8;32;1;1
-31;37;48;0;1
-45;7;50;0;1
-32;-44;26;0;1
-43;3;47;0;1
-40;-37;34;0;1
-25;-15;27;1;1
-24;23;27;1;1
-20;1;52;0;1
-55;-4;20;0;1
-47;-34;40;0;1
-60;-23;23;0;1
-45;21;30;0;1
-32;46;28;0;1
-60;-25;22;0;1
-23;21;22;0;1
-50;-33;19;1;1
-31;23;24;0;1
-63;-3;24;1;1
-18;7;17;0;1
-40;49;29;0;1
-22;-33;21;0;1
-29;-49;31;0;1
-13;-11;19;1;1
-23;-14;21;1;1
-28;-19;13;0;1
-37;-41;23;0;1
-25;23;27;1;1
-27;10;55;0;1
-43;24;20;1;1
-26;25;27;0;1
-40;-26;21;0;1
-10;-8;28;0;1
-53;25;36;1;1
-30;-48;19;0;1
-27;-12;59;0;1
-38;-29;40;0;1
-59;6;16;1;1
-55;-10;19;0;1
-38;-6;44;0;1
-45;41;36;0;1
-19;12;49;0;1
-47;-8;39;0;1
-30;1;39;0;1
-21;35;28;0;1
-47;-5;44;1;1
-16;-20;22;0;1
-34;-41;37;1;1
-45;3;35;1;1
-34;-15;10;0;1
-37;21;40;0;1
-39;-1;28;1;1
-58;17;23;1;1
-28;44;14;0;1
-24;-5;55;0;1
-32;35;37;1;1
-14;21;41;0;1
-44;43;27;1;1
-25;5;64;0;1
-29;-23;21;1;1
-17;21;42;0;1
-11;-17;45;0;1
-53;-10;40;0;1
-30;11;62;0;1
-39;-4;48;1;1
-20;-27;39;1;1
-59;-14;26;0;1
-50;-12;39;1;1
-14;24;37;1;1
-39;-18;27;1;1
-36;16;27;1;1
-53;19;41;0;1
-33;-2;51;1;1
-29;40;17;1;1
-27;-7;38;0;1
-35;-9;15;0;1
-29;8;38;0;1
-62;8;17;0;1
-51;15;24;0;1
-30;35;22;0;1
-26;11;11;0;1
-17;-7;23;1;1
-32;-39;20;1;1
-46;41;28;0;1
-20;-16;35;0;1
-38;-29;52;1;1
-42;-11;38;1;1
-40;3;45;1;1
-40;20;44;1;1
-59;15;31;0;1
-26;-1;8;0;1
-51;8;20;1;1
-41;-41;36;1;1
-35;-11;33;0;1
-35;-24;35;1;1
-44;11;35;1;1
-23;25;31;0;1
-30;-45;43;0;1
-44;28;31;0;1
-9;14;39;0;1
-49;16;25;0;1
-23;38;15;0;1
-33;-29;41;1;1
-20;34;49;0;1
-57;-21;28;0;1
-41;37;43;0;1
-21;4;26;0;1
-37;18;43;0;1
-11;-11;28;1;1
-41;33;31;0;1
-17;-2;20;0;1
-15;14;37;0;1
-50;-18;16;0;1
-50;6;40;0;1
-18;-5;17;0;1
-64;18;24;1;1
-35;27;26;0;1
-19;-18;65;0;1
-25;8;28;1;1
-12;2;27;1;1
-31;38;33;0;1
-26;-20;36;1;1
-23;17;42;1;1
-16;-8;49;1;1
-29;49;20;0;1
-41;35;39;0;1
-23;27;42;1;1
-56;9;26;0;1
-47;37;21;1;1
-36;34;32;0;1
-28;-3;19;1;1
-57;-16;27;1;1
-24;13;16;1;1
-51;31;31;1;1
-35;2;58;1;1
-18;18;29;1;1
-36;-17;47;0;1
-28;-3;38;0;1
-48;0;49;0;1
-32;29;49;1;1
-32;-40;16;0;1
-20;27;25;0;1
-39;-40;21;0;1
-61;16;17;1;1
-51;-28;28;0;1
-24;-30;57;1;1
-11;19;29;1;1
-48;-19;38;0;1
-32;33;30;0;1
-36;49;26;1;1
-23;-30;30;0;1
-17;-9;39;0;1
-21;2;38;1;1
-43;14;46;1;1
-36;-20;26;0;1
-35;-11;47;1;1
-64;9;23;0;1
-31;-7;41;0;1
-44;-5;43;0;1
-25;-14;32;1;1
-33;12;58;0;1
-23;-19;44;0;1
-45;-9;19;0;1
-31;-53;22;0;1
-28;30;22;1;1
-19;-25;21;1;1
-47;16;46;1;1
-64;-12;22;0;1
-27;-3;55;0;1
-10;13;41;0;1
-30;-26;56;0;1
-22;-17;11;0;1
-26;19;35;0;1
-46;-26;40;0;1
-35;14;12;1;1
-26;-10;23;0;1
-39;42;34;1;1
-24;39;38;0;1
-22;24;21;0;1
-19;-6;47;1;1
-40;-17;49;0;1
-28;-35;53;1;1
-33;8;60;0;1
-25;43;26;0;1
-28;12;43;1;1
-25;-17;24;0;1
-46;13;23;1;1
-33;-10;60;0;1
-26;-16;58;0;1
-65;15;19;1;1
-18;-7;29;0;1
-20;-19;17;0;1
-36;-53;19;0;1
-36;21;32;0;1
-59;18;35;0;1
-25;12;11;1;1
-28;11;50;1;1
-23;-6;63;0;1
-39;28;36;0;1
-44;-15;41;1;1
-31;8;31;1;1
-11;-17;15;1;1
-34;0;37;0;1
-31;-43;15;0;1
-20;-34;49;1;1
-13;-22;30;0;1
-46;21;45;1;1
-28;-10;14;1;1
-22;-32;58;1;1
-26;19;14;0;1
-53;-8;28;0;1
-44;-40;24;0;1
-25;5;34;1;1
-39;11;55;1;1
-37;33;23;0;1
-20;26;28;1;1
-42;-32;20;0;1
-35;50;18;1;1
-18;-30;29;1;1
-16;-24;17;0;1
-27;-19;50;0;1
-27;0;25;0;1
-41;-6;33;0;1
-27;-14;11;0;1
-53;8;32;0;1
-25;-24;52;0;1
-37;-11;26;0;1
-42;4;36;0;1
-48;-18;39;1;1
-26;23;39;0;1
-57;12;20;1;1
-31;21;50;1;1
-36;-26;27;1;1
-30;-13;58;1;1
-40;-51;26;0;1
-40;33;41;0;1
-48;-18;28;1;1
-14;-23;44;1;1
-18;-23;34;0;1
-27;17;60;0;1
-32;-39;43;0;1
-31;-34;32;1;1
-26;-27;47;0;1
-11;-6;32;0;1
-17;-23;31;1;1
-27;-21;43;0;1
-51;10;33;0;1
-56;18;39;0;1
-60;-7;37;0;1
-48;-12;48;1;1
-34;-45;41;0;1
-47;40;27;0;1
-19;30;42;1;1
-36;2;61;0;1
-31;-14;22;0;1
-19;13;27;1;1
-27;12;19;0;1
-22;-34;53;0;1
-35;27;17;0;1
-50;-37;31;0;1
-31;21;49;0;1
-17;5;39;1;1
-34;24;45;0;1
-53;-3;29;1;1
-28;47;24;0;1
-33;23;37;1;1
-22;-16;24;0;1
-49;2;27;0;1
-58;1;32;1;1
-54;-22;26;1;1
-26;9;31;0;1
-41;45;21;0;1
-31;8;62;1;1
-46;42;27;0;1
-37;18;52;1;1
-51;7;47;0;1
-12;-11;19;1;1
-41;41;34;0;1
-24;-12;17;0;1
-36;-26;22;0;1
-29;-50;40;1;1
-40;43;37;0;1
-43;-2;28;0;1
-8;12;30;0;1
-44;45;20;1;1
-20;-15;30;0;1
-27;-4;11;0;1
-10;-17;24;0;1
-59;-11;24;1;1
-36;2;16;0;1
-28;-2;31;0;1
-39;15;13;1;1
-33;-38;38;0;1
-24;24;28;0;1
-51;-15;32;1;1
-30;24;35;0;1
-55;0;36;0;1
-29;-43;44;0;1
-40;-15;21;0;1
-37;-2;27;0;1
-20;-6;21;1;1
-13;-18;43;0;1
-61;24;24;1;1
-15;-13;43;1;1
-35;-11;13;0;1
-49;29;34;1;1
-29;-5;52;1;1
-27;14;36;1;1
-60;-27;22;1;1
-35;-39;18;0;1
-18;13;52;1;1
-38;-14;16;1;1
-57;-9;19;1;1
-57;-34;18;0;1
-33;24;53;1;1
-44;-13;31;0;1
-28;39;46;1;1
-34;29;52;0;1
-21;0;34;1;1
-22;-29;18;0;1
-21;-13;62;0;1
-22;10;15;0;1
-51;8;40;0;1
-29;-35;17;0;1
-36;-11;55;0;1
-39;22;54;0;1
-22;1;25;1;1
-23;14;47;1;1
-53;26;29;0;1
-23;38;54;1;1
-57;36;20;0;1
-38;-14;31;1;1
-10;-15;21;0;1
-39;34;20;0;1
-31;-29;26;1;1
-28;-48;22;1;1
-40;-38;21;0;1
-41;21;51;0;1
-32;41;24;0;1
-53;23;37;0;1
-44;-2;24;0;1
-10;9;34;0;1
-13;-22;65;0;1
-30;-22;56;1;1
-33;38;36;1;1
-42;-2;17;1;1
-41;20;21;0;1
-35;4;21;0;1
-43;-11;38;1;1
-19;-20;58;1;1
-16;4;25;1;1
-31;40;37;1;1
-24;14;15;1;1
-33;22;29;0;1
-31;-9;48;1;1
-58;28;18;0;1
-21;34;47;1;1
-37;30;27;1;1
-32;-35;40;0;1
-53;14;33;0;1
-40;41;28;1;1
-22;25;52;0;1
-30;-12;56;0;1
-45;-5;34;0;1
-37;-37;45;0;1
-32;-2;55;0;1
-38;13;51;0;1
-27;16;34;1;1
-34;19;43;0;1
-19;-20;24;1;1
-17;-15;11;1;1
-39;14;31;0;1
-16;15;15;1;1
-25;29;44;1;1
-31;9;34;0;1
-21;9;26;1;1
-21;27;19;0;1
-32;-16;55;1;1
-53;10;31;1;1
-49;-23;40;0;1
-57;4;29;0;1
-39;50;18;0;1
-32;9;41;0;1
-45;-11;20;1;1
-20;7;47;0;1
-34;-20;13;1;1
-30;23;24;0;1
-34;-14;25;0;1
-23;17;54;0;1
-33;17;20;0;1
-23;-15;33;1;1
-18;15;19;1;1
-23;-21;48;1;1
-35;9;38;1;1
-24;-19;11;0;1
-37;48;33;0;1
-37;8;49;0;1
-24;-35;35;0;1
-46;-12;36;0;1
-12;12;38;0;1
-18;-13;60;1;1
-29;0;52;1;1
-14;20;41;0;1
-38;8;36;1;1
-14;-18;55;0;1
-30;-34;20;1;1
-29;48;36;0;1
-60;-16;17;0;1
-15;-20;19;0;1
-26;31;50;0;1
-46;-33;32;1;1
-40;-22;47;0;1
-40;-36;18;1;1
-38;29;18;1;1
-57;-16;38;1;1
-13;6;21;0;1
-42;17;15;0;1
-38;-2;19;0;1
-39;5;38;0;1
-17;-21;13;1;1
-16;-15;17;0;1
-18;-4;20;0;1
-19;15;12;1;1
-13;-12;31;0;1
-53;17;23;0;1
-63;23;19;0;1
-31;17;39;1;1
-34;12;19;1;1
-11;13;28;0;1
-48;-46;24;0;1
-35;-48;29;1;1
-52;-28;16;1;1
-40;30;33;0;1
-52;29;25;0;1
-44;12;17;0;1
-36;-5;23;1;1
-37;-20;47;0;1
-48;-9;44;1;1
-43;-14;39;1;1
-42;4;15;1;1
-21;-14;56;0;1
-31;52;24;0;1
-32;-24;34;0;1
-54;1;32;0;1
-40;-17;14;0;1
-35;43;30;0;1
-30;-11;25;0;1
-37;-2;51;0;1
-37;41;25;0;1
-23;-23;35;1;1
-50;-22;19;0;1
-59;-18;29;0;1
-37;-1;55;0;1
-42;-2;42;1;1
-57;11;28;1;1
-8;-9;27;1;1
-25;-6;45;1;1
-9;-14;44;1;1
-42;13;15;0;1
-15;-11;26;1;1
-62;-9;18;0;1
-49;23;32;0;1
-59;12;30;0;1
-23;0;27;1;1
-42;-10;21;0;1
-53;26;31;0;1
-11;-19;12;0;1
-46;41;35;1;1
-49;-28;24;1;1
-29;-9;59;1;1
-30;-51;35;1;1
-51;34;19;0;1
-51;9;14;1;1
-55;17;39;1;1
-54;8;34;0;1
-39;14;33;1;1
-38;-3;11;1;1
-22;-18;59;1;1
-28;-2;25;0;1
-29;16;19;1;1
-36;-20;51;1;1
-48;33;19;0;1
-54;-31;21;0;1
-46;31;25;0;1
-59;-14;28;0;1
-37;46;25;0;1
-26;-34;43;0;1
-56;-13;31;1;1
-56;17;38;1;1
-44;20;45;1;1
-27;30;29;1;1
-37;-4;44;0;1
-19;-23;41;0;1
-41;8;53;0;1
-43;51;22;1;1
-27;10;40;0;1
-32;34;38;0;1
-25;4;65;0;1
-23;25;40;0;1
-45;35;29;1;1
-34;-4;35;0;1
-38;23;47;0;1
-43;-4;32;0;1
-23;2;9;0;1
-46;10;38;0;1
-65;7;24;0;1
-18;20;15;1;1
-40;13;41;1;1
-46;4;45;0;1
-26;-45;29;1;1
-29;2;50;1;1
-17;10;25;1;1
-39;-22;46;0;1
-28;12;58;1;1
-32;-23;52;0;1
-21;-1;44;0;1
-54;10;40;0;1
-22;26;48;0;1
-24;-6;25;0;1
-20;9;43;1;1
-37;-10;25;0;1
-16;-25;63;0;1
-49;6;31;1;1
-18;-22;60;0;1
-17;28;31;0;1
-47;-3;40;0;1
-44;29;18;1;1
-22;-10;8;0;1
-23;26;18;1;1
-37;-16;40;0;1
-22;-27;48;1;1
-29;41;47;0;1
-63;19;26;0;1
-36;-7;38;0;1
-49;5;47;1;1
-58;-2;19;0;1
-18;30;53;0;1
-42;2;40;1;1
-64;-16;21;1;1
-60;8;27;0;1
-33;-18;42;1;1
-38;-28;25;0;1
-20;-33;57;0;1
-38;-38;38;0;1
-29;-9;61;0;1
-24;6;43;0;1
-56;-9;17;1;1
-45;11;27;1;1
-24;37;32;1;1
-36;8;44;0;1
-30;30;17;0;1
-26;41;28;0;1
-13;15;49;0;1
-16;-17;20;0;1
-21;-36;39;0;1
-32;37;51;0;1
-44;-23;50;0;1
-39;36;31;1;1
-20;-8;40;0;1
-60;-21;20;1;1
-24;-17;24;0;1
-52;-38;22;1;1
-32;-20;20;0;1
-22;-34;48;0;1
-19;9;44;0;1
-11;-7;33;0;1
-18;31;37;0;1
-17;-9;37;0;1
-33;-4;27;0;1
-34;38;19;0;1
-17;22;23;1;1
-23;20;62;0;1
-22;13;32;0;1
-25;0;35;0;1
-38;-47;21;1;1
-59;-3;21;0;1
-54;-1;33;0;1
-23;-18;9;0;1
-42;-12;56;1;1
-48;-4;21;0;1
-50;-29;37;0;1
-60;-1;38;0;1
-58;-12;20;0;1
-38;-13;32;0;1
-23;2;47;0;1
-53;-21;40;0;1
-28;22;60;0;1
-54;-6;37;1;1
-30;1;22;1;1
-30;19;61;1;1
-22;-33;14;0;1
-31;-43;27;0;1
-36;-21;45;1;1
-12;8;30;0;1
-43;31;34;0;1
-37;19;53;1;1
-21;-13;18;0;1
-57;5;36;1;1
-34;-8;48;0;1
-29;27;55;1;1
-20;-34;40;0;1
-50;13;28;0;1
-26;17;19;0;1
-42;16;21;0;1
-33;-23;41;1;1
-22;-33;47;0;1
-18;-15;60;0;1
-44;5;15;1;1
-31;14;46;1;1
-23;23;27;1;1
-34;-34;13;0;1
-35;-15;44;0;1
-54;25;33;1;1
-26;-30;46;0;1
-18;-28;28;0;1
-25;-7;13;0;1
-56;20;30;0;1
-48;-23;40;0;1
-62;4;25;0;1
-23;28;57;0;1
-40;6;47;1;1
-21;-14;14;0;1
-40;-3;24;1;1
-18;9;41;0;1
-27;16;13;1;1
-38;-1;47;1;1
-38;11;47;1;1
-21;-10;57;0;1
-34;-38;30;1;1
-15;23;55;0;1
-46;-27;40;1;1
-59;-8;33;0;1
-41;9;50;0;1
-28;-17;44;0;1
-41;24;23;1;1
-10;-17;36;1;1
-41;22;33;0;1
-24;-39;52;0;1
-20;20;23;0;1
-11;-18;38;1;1
-47;16;49;0;1
-36;-21;34;1;1
-33;-6;46;0;1
-23;12;63;1;1
-50;-5;26;0;1
-39;22;16;1;1
-34;-33;13;0;1
-26;40;29;1;1
-53;-14;26;1;1
-32;-10;23;1;1
-39;-14;50;0;1
-27;-7;45;1;1
-59;32;23;1;1
-27;-9;20;0;1
-41;0;37;0;1
-61;-14;22;1;1
-22;-22;46;1;1
-22;-24;26;0;1
-30;14;49;0;1
-50;-26;27;1;1
-36;2;42;0;1
-55;-29;33;1;1
-24;17;64;1;1
-29;-31;41;0;1
-30;37;13;0;1
-35;-48;37;1;1
-49;-24;28;0;1
-36;35;22;0;1
-37;-48;25;1;1
-18;2;37;0;1
-36;-7;49;0;1
-41;17;42;0;1
-42;32;24;1;1
-59;-28;26;1;1
-29;-23;42;0;1
-18;17;66;1;1
-40;12;36;0;1
-32;-21;49;0;1
-24;33;35;1;1
-40;8;43;0;1
-18;2;23;0;1
-28;15;62;0;1
-24;-40;42;1;1
-16;-9;50;1;1
-29;-39;28;0;1
-33;22;39;0;1
-9;-14;22;0;1
-29;18;45;0;1
-39;-30;34;0;1
-41;-39;37;1;1
-47;2;38;0;1
-33;-23;52;0;1
-49;19;46;0;1
-25;19;34;1;1
-31;-20;37;0;1
-51;34;34;0;1
-28;-7;58;0;1
-19;29;15;1;1
-47;39;26;0;1
-27;29;29;1;1
-45;-18;50;1;1
-59;25;20;0;1
-40;23;23;1;1
-47;4;50;0;1
-52;35;19;1;1
-58;-3;39;1;1
-37;-46;35;0;1
-64;19;22;1;1
-55;-34;20;0;1
-37;-19;55;0;1
-27;18;24;1;1
-42;-7;47;1;1
-59;15;27;0;1
-42;-47;22;0;1
-45;12;48;1;1
-24;16;49;0;1
-41;28;16;0;1
-21;-21;42;0;1
-65;-16;19;1;1
-53;2;27;1;1
-35;-26;56;0;1
-33;15;25;0;1
-53;23;19;0;1
-53;27;23;0;1
-26;45;31;1;1
-17;5;24;0;1
-48;-41;26;0;1
-32;29;12;0;1
-34;-42;19;0;1
-34;42;19;1;1
-43;0;25;0;1
-36;36;25;1;1
-39;-39;23;0;1
-53;-25;23;0;1
-51;-11;48;0;1
-20;22;10;0;1
-40;-8;49;0;1
-31;9;23;0;1
-22;30;52;0;1
-31;22;32;0;1
-50;-23;41;0;1
-11;-2;23;1;1
-31;6;25;1;1
-15;-19;58;0;1
-30;43;31;0;1
-18;-5;16;1;1
-34;-43;27;0;1
-19;-11;22;0;1
-33;48;33;0;1
-23;-5;38;1;1
-22;-12;18;0;1
-22;-5;51;0;1
-19;22;10;1;1
-52;-16;19;1;1
-44;24;46;0;1
-26;-22;56;1;1
-16;12;51;0;1
-44;-1;42;0;1
-35;23;45;0;1
-47;20;34;0;1
-19;-11;47;0;1
-21;6;60;0;1
-32;5;41;1;1
-31;12;39;1;1
-50;17;36;0;1
-43;-40;35;0;1
-16;8;25;0;1
-15;-18;30;0;1
-49;43;28;0;1
-39;4;14;0;1
-35;-25;51;0;1
-25;16;39;0;1
-63;-19;21;0;1
-36;10;39;1;1
-14;-4;34;0;1
-35;13;31;0;1
-15;-23;15;1;1
-49;-5;49;0;1
-34;23;52;0;1
-22;9;11;0;1
-35;4;46;0;1
-42;-25;40;1;1
-60;-1;26;0;1
-27;-3;49;0;1
-27;-2;29;1;1
-35;-31;42;0;1
-32;28;14;1;1
-44;8;48;1;1
-21;-2;39;1;1
-36;-51;25;0;1
-16;-27;60;1;1
-53;-21;35;0;1
-52;29;17;1;1
-28;-34;12;0;1
-27;31;55;1;1
-42;11;33;1;1
-35;-11;36;1;1
-8;-9;30;0;1
-22;-14;50;1;1
-39;23;41;0;1
-14;3;34;0;1
-33;43;26;0;1
-25;-30;22;0;1
-48;26;25;1;1
-39;-25;36;0;1
-55;17;35;1;1
-22;-26;53;1;1
-35;28;52;0;1
-50;20;46;0;1
-23;-9;20;0;1
-24;-25;20;0;1
-23;7;11;0;1
-25;43;34;0;1
-28;-34;17;1;1
-25;-13;15;1;1
-30;44;34;1;1
-22;7;28;0;1
-20;-16;62;1;1
-19;18;44;1;1
-27;34;37;0;1
-26;-12;54;1;1
-26;-31;26;1;1
-52;21;38;0;1
-25;15;22;0;1
-36;-17;39;0;1
-39;34;14;0;1
-29;35;13;0;1
-38;-30;34;0;1
-25;6;24;1;1
-27;-3;46;0;1
-63;-18;21;0;1
-15;-17;14;0;1
-40;29;41;0;1
-50;-6;27;1;1
-20;-27;53;0;1
-16;-17;33;0;1
-32;39;38;1;1
-20;-31;35;1;1
-40;35;15;0;1
-29;-44;24;0;1
-29;43;27;1;1
-53;-40;25;1;1
-52;8;28;0;1
-56;-23;34;0;1
-28;19;22;0;1
-50;25;43;0;1
-40;32;30;1;1
-34;-47;23;0;1
-18;18;27;0;1
-54;35;24;0;1
-35;44;41;0;1
-30;-11;30;0;1
-52;26;18;0;1
-51;16;28;0;1
-28;3;12;0;1
-43;25;48;0;1
-36;-52;26;1;1
-12;15;18;1;1
-25;37;48;0;1
-12;13;40;1;1
-36;32;24;0;1
-35;-44;30;0;1
-25;-43;38;0;1
-35;12;28;0;1
-23;-31;55;0;1
-22;-27;30;1;1
-35;18;17;0;1
-29;-8;26;0;1
-23;-15;18;1;1
-23;19;48;1;1
-56;14;31;0;1
-14;9;38;0;1
-32;-50;21;1;1
-42;-2;20;1;1
-56;-7;31;0;1
-29;-7;57;1;1
-30;-2;9;1;1
-56;-14;26;0;1
-53;-41;23;1;1
-42;10;41;0;1
-60;2;27;0;1
-48;10;29;1;1
-35;15;36;1;1
-28;10;41;0;1
-45;-18;49;1;1
-36;-33;32;0;1
-21;-4;49;0;1
-45;-18;41;1;1
-34;-8;14;1;1
-30;-15;11;0;1
-33;41;22;0;1
-31;-3;36;0;1
-52;9;47;0;1
-39;6;15;1;1
-47;-36;34;1;1
-46;-19;36;0;1
-39;40;26;0;1
-28;-12;51;0;1
-42;-32;32;0;1
-21;30;28;0;1
-27;-5;50;1;1
-26;19;16;0;1
-27;5;57;0;1
-51;-31;34;1;1
-60;2;28;1;1
-33;-27;42;1;1
-55;2;41;0;1
-22;32;55;0;1
-55;-9;18;1;1
-59;8;20;1;1
-27;-23;30;1;1
-39;32;17;1;1
-18;-15;21;0;1
-35;46;39;0;1
-14;-21;24;1;1
-43;44;20;1;1
-12;11;38;0;1
-55;2;40;0;1
-44;15;44;0;1
-38;-47;18;0;1
-14;19;16;0;1
-44;23;16;0;1
-49;-24;39;0;1
-46;-14;26;0;1
-42;-12;12;0;1
-33;-54;29;1;1
-20;-13;62;0;1
-48;32;21;1;1
-52;18;17;0;1
-20;-12;14;1;1
-43;1;30;1;1
-15;-23;58;0;1
-23;-27;51;1;1
-44;-22;27;1;1
-30;34;36;0;1
-41;21;36;0;1
-34;12;28;0;1
-39;-12;30;0;1
-29;24;23;0;1
-26;16;42;0;1
-39;-3;23;0;1
-62;-6;24;1;1
-49;7;20;1;1
-35;-24;17;0;1
-17;-20;49;1;1
-48;-13;17;0;1
-28;40;32;0;1
-28;-40;45;0;1
-37;-25;16;1;1
-18;3;31;0;1
-45;-29;15;0;1
-41;-38;40;0;1
-37;16;17;0;1
-18;19;57;0;1
-19;-5;25;1;1
-36;26;21;1;1
-31;22;29;1;1
-34;18;45;0;1
-21;-24;48;0;1
-32;-20;19;0;1
-28;-38;45;0;1
-18;-27;52;0;1
-26;39;30;1;1
-46;21;20;1;1
-24;23;54;0;1
-25;-29;23;0;1
-31;42;15;0;1
-27;-41;16;1;1
-20;-13;57;0;1
-28;-6;58;0;1
-23;-16;22;1;1
-29;44;40;1;1
-36;34;45;1;1
-32;-27;51;1;1
-62;7;25;0;1
-15;17;20;1;1
-53;30;24;0;1
-26;-36;17;0;1
-42;-6;27;0;1
-51;-1;23;1;1
-21;-34;41;0;1
-45;8;24;0;1
-23;-38;46;0;1
-46;8;15;1;1
-28;-9;23;1;1
-14;14;28;1;1
-32;13;37;1;1
-20;26;44;1;1
-39;-4;58;1;1
-48;30;33;0;1
-25;0;52;1;1
-8;4;24;1;1
-33;16;13;0;1
-52;-10;43;0;1
-54;-21;41;0;1
-35;0;34;0;1
-42;46;28;0;1
-16;26;9;0;1
-27;-20;37;0;1
-46;-48;20;0;1
-30;-36;30;0;1
-9;13;26;1;1
-23;-34;52;0;1
-25;18;34;0;1
-51;12;37;0;1
-31;31;12;0;1
-20;-21;51;1;1
-19;-26;42;0;1
-18;-29;26;1;1
-17;25;11;0;1
-39;-47;28;0;1
-19;-28;29;0;1
-46;31;16;1;1
-26;23;51;0;1
-26;-25;47;0;1
-36;-24;47;1;1
-51;5;25;0;1
-33;36;28;0;1
-31;-29;30;0;1
-22;-30;39;0;1
-47;16;19;1;1
-26;-8;62;0;1
-40;-32;34;0;1
-27;26;42;1;1
-18;30;47;0;1
-23;-11;46;1;1
-51;30;34;1;1
-40;33;42;1;1
-35;2;59;1;1
-31;-15;56;0;1
-28;36;42;1;1
-49;14;16;0;1
-60;-8;32;0;1
-53;-6;32;0;1
-32;-9;14;0;1
-21;-25;63;1;1
-35;-42;30;0;1
-58;-27;29;0;1
-54;24;24;1;1
-54;-28;17;1;1
-52;31;17;0;1
-28;40;19;0;1
-13;16;43;0;1
-36;-18;40;0;1
-21;-28;19;0;1
-20;-11;37;0;1
-23;1;17;1;1
-23;16;62;0;1
-37;1;44;0;1
-28;9;54;1;1
-40;31;34;1;1
-24;23;12;0;1
-37;-51;26;0;1
-20;12;24;0;1
-64;-7;30;0;1
-19;-25;55;1;1
-27;-4;49;0;1
-53;0;37;0;1
-21;-34;43;0;1
-40;22;17;0;1
-35;-3;54;1;1
-33;49;17;1;1
-36;-12;59;1;1
-40;29;23;0;1
-43;22;24;0;1
-47;30;44;0;1
-21;36;33;0;1
-51;5;35;1;1
-47;6;41;1;1
-20;12;33;0;1
-13;19;63;0;1
-54;31;34;0;1
-36;38;37;0;1
-34;8;35;1;1
-26;-32;41;0;1
-33;45;19;0;1
-25;-20;25;0;1
-18;-24;58;0;1
-20;-20;29;1;1
-56;-29;22;0;1
-9;-10;28;1;1
-40;-2;27;0;1
-16;-14;48;1;1
-23;21;59;0;1
-45;29;23;0;1
-19;22;27;1;1
-24;-4;8;1;1
-48;-40;29;0;1
-54;38;21;0;1
-28;13;57;0;1
-49;30;41;0;1
-39;4;31;0;1
-46;21;29;0;1
-25;38;40;0;1
-29;-6;12;0;1
-30;-23;44;1;1
-44;11;54;1;1
-28;-30;38;0;1
-49;42;18;0;1
-28;-25;27;1;1
-63;-11;26;0;1
-27;-21;27;1;1
-29;-28;33;0;1
-32;-9;37;0;1
-27;-7;14;0;1
-43;-28;25;1;1
-40;31;19;0;1
-18;5;25;0;1
-48;20;48;0;1
-34;11;42;0;1
-49;0;41;0;1
-23;-26;56;1;1
-44;-24;20;0;1
-23;-39;22;1;1
-40;40;37;1;1
-50;-25;31;1;1
-30;-22;10;1;1
-29;2;62;0;1
-52;33;31;0;1
-38;-4;29;0;1
-36;-2;29;0;1
-26;-37;19;1;1
-58;-35;19;1;1
-32;-34;31;1;1
-26;12;26;1;1
-29;8;29;1;1
-19;-21;17;1;1
-27;21;46;0;1
-20;-6;41;0;1
-51;-30;33;1;1
-42;-5;20;0;1
-53;-13;39;1;1
-25;14;27;0;1
-45;-18;38;1;1
-57;-18;19;0;1
-40;-13;16;0;1
-26;9;57;1;1
-37;2;29;0;1
-51;20;17;1;1
-13;-5;33;1;1
-31;-29;31;1;1
-20;-20;52;1;1
-11;-12;34;1;1
-30;14;57;0;1
-33;1;39;0;1
-38;-9;31;0;1
-51;10;43;1;1
-36;2;37;0;1
-37;48;19;0;1
-33;-55;29;1;1
-6;9;29;1;1
-29;-16;24;1;1
-32;-11;11;0;1
-23;-26;34;1;1
-45;-4;16;0;1
-41;29;50;0;1
-28;-44;38;0;1
-53;-12;33;0;1
-22;12;66;0;1
-56;-37;19;1;1
-38;-4;13;0;1
-28;-13;44;1;1
-57;-35;18;1;1
-56;8;30;0;1
-46;20;25;1;1
-56;25;20;0;1
-58;9;26;1;1
-61;-1;23;0;1
-25;-9;62;1;1
-62;10;22;0;1
-36;-45;30;0;1
-47;19;20;0;1
-33;-17;38;0;1
-50;16;34;0;1
-22;3;34;0;1
-31;7;32;1;1
-26;1;63;0;1
-36;28;54;0;1
-61;-6;24;1;1
-39;-38;42;0;1
-33;-5;22;0;1
-35;-7;46;0;1
-42;-22;41;0;1
-38;-25;37;1;1
-51;-29;32;0;1
-28;31;31;0;1
-31;-36;19;0;1
-14;-19;56;1;1
-9;9;32;1;1
-25;-10;30;0;1
-27;10;64;0;1
-29;4;27;1;1
-30;-51;28;0;1
-55;14;20;1;1
-30;16;22;0;1
-18;19;8;0;1
-22;-6;61;1;1
-17;27;48;0;1
-37;-19;50;1;1
-35;-15;41;0;1
-40;20;34;0;1
-52;-8;34;0;1
-27;43;28;0;1
-37;-8;51;0;1
-54;10;37;1;1
-22;-8;23;0;1
-51;-10;25;0;1
-37;-9;29;1;1
-14;3;20;1;1
-28;-6;24;0;1
-30;24;48;1;1
-46;15;46;1;1
-55;18;38;0;1
-34;-1;62;0;1
-32;26;51;1;1
-17;3;46;0;1
-38;-10;28;0;1
-27;-16;54;1;1
-15;-21;51;1;1
-32;18;57;1;1
-33;-8;62;0;1
-54;10;43;0;1
-60;-23;27;1;1
-67;4;19;1;1
-40;13;20;1;1
-23;-3;59;0;1
-30;37;29;0;1
-36;23;42;1;1
-32;-4;36;0;1
-18;17;43;1;1
-24;-32;15;1;1
-23;-32;24;1;1
-58;10;23;1;1
-31;10;25;0;1
-63;-7;22;0;1
-37;17;31;0;1
-24;-19;47;0;1
-19;-24;12;1;1
-42;27;25;0;1
-41;-22;38;1;1
-32;34;51;0;1
-48;-36;17;0;1
-9;-6;26;0;1
-39;-12;43;1;1
-50;-6;42;0;1
-34;0;41;0;1
-31;-36;22;1;1
-52;-15;22;0;1
-32;-45;38;0;1
-27;-9;50;0;1
-32;1;10;1;1
-49;-38;23;0;1
-12;6;32;1;1
-21;34;32;0;1
-16;21;22;1;1
-43;-26;15;1;1
-54;9;21;1;1
-27;41;26;0;1
-55;6;19;0;1
-42;35;37;0;1
-46;39;27;0;1
-27;2;28;0;1
-20;-6;53;1;1
-56;-5;16;0;1
-18;-26;59;1;1
-22;18;10;0;1
-48;-3;43;0;1
-33;-23;23;0;1
-34;-27;17;0;1
-49;-43;18;1;1
-48;5;16;0;1
-33;-50;36;1;1
-38;47;27;0;1
-28;-7;62;0;1
-9;-13;42;1;1
-39;-4;52;0;1
-53;-37;18;0;1
-27;-17;58;1;1
-20;21;20;0;1
-21;26;26;0;1
-44;-10;17;0;1
-33;-7;35;1;1
-18;20;21;1;1
-20;-18;28;1;1
-38;-12;43;1;1
-29;-31;28;0;1
-23;17;17;0;1
-47;29;17;1;1
-29;9;42;0;1
-24;-23;26;1;1
-40;-2;31;1;1
-55;-14;29;0;1
-22;-22;56;1;1
-8;7;22;1;1
-53;-4;45;1;1
-20;10;16;0;1
-41;-34;16;1;1
-16;15;21;1;1
-35;-9;29;1;1
-41;15;13;0;1
-40;-36;27;0;1
-56;-21;33;1;1
-29;14;24;0;1
-38;34;28;0;1
-33;10;61;1;1
-58;26;19;0;1
-24;-32;30;1;1
-40;23;50;1;1
-20;-23;61;1;1
-30;-3;21;0;1
-48;19;17;1;1
-37;16;11;0;1
-22;18;55;0;1
-45;-2;36;0;1
-56;-14;34;0;1
-26;-18;9;0;1
-24;21;26;0;1
-65;13;25;1;1
-27;10;59;0;1
-42;9;56;0;1
-60;12;36;1;1
-13;11;28;1;1
-19;-31;19;1;1
-26;22;21;0;1
-22;-9;29;1;1
-52;-9;44;1;1
-27;15;61;0;1
-37;-45;20;0;1
-31;-16;45;1;1
-50;-11;33;0;1
-56;-9;26;0;1
-49;-18;23;0;1
-45;22;32;1;1
-31;-9;29;0;1
-32;-13;54;0;1
-47;4;41;1;1
-19;-21;52;0;1
-32;-40;18;1;1
-39;-14;30;0;1
-40;9;54;0;1
-20;-14;57;0;1
-35;38;16;1;1
-40;16;56;1;1
-59;15;20;0;1
-30;-21;52;0;1
-17;-5;23;1;1
-44;11;22;0;1
-30;-10;27;0;1
-16;24;54;1;1
-38;49;33;0;1
-53;27;37;0;1
-42;38;35;0;1
-43;-10;41;0;1
-48;12;17;0;1
-42;3;45;1;1
-39;-33;44;0;1
-47;-12;29;0;1
-18;26;44;0;1
-31;16;60;0;1
-37;40;15;0;1
-39;20;44;1;1
-38;-40;25;0;1
-24;25;21;1;1
-25;-26;53;0;1
-32;5;37;1;1
-60;7;27;1;1
-47;-2;38;1;1
-43;4;52;1;1
-27;15;46;0;1
-20;26;22;0;1
-22;20;43;1;1
-44;34;22;0;1
-28;17;45;1;1
-39;14;47;0;1
-36;-8;29;0;1
-31;-10;16;0;1
-28;-22;32;0;1
-21;3;42;1;1
-50;-14;34;1;1
-19;26;51;0;1
-20;-14;31;0;1
-53;28;28;1;1
-35;-28;37;0;1
-47;-40;19;0;1
-59;34;20;0;1
-24;1;49;1;1
-19;9;50;0;1
-56;4;40;0;1
-42;-1;39;0;1
-46;-40;23;0;1
-65;13;24;1;1
-14;17;19;0;1
-15;13;44;0;1
-16;-12;46;1;1
-13;-9;22;0;1
-33;-47;38;0;1
-27;32;45;1;1
-30;29;30;0;1
-33;-53;22;1;1
-31;-9;17;0;1
-25;9;42;0;1
-12;-12;20;0;1
-18;6;36;1;1
-55;38;21;1;1
-31;-6;38;0;1
-21;21;48;0;1
-29;29;40;1;1
-18;-10;34;1;1
-25;18;28;0;1
-26;34;51;0;1
-26;-34;49;1;1
-40;37;42;1;1
-23;-22;52;0;1
-27;-6;60;1;1
-31;-52;29;1;1
-43;8;32;0;1
-17;-11;28;0;1
-30;15;34;0;1
-27;40;31;0;1
-24;28;24;0;1
-50;32;37;0;1
-51;39;19;0;1
-12;-16;22;0;1
-33;-52;18;0;1
-20;14;53;1;1
-20;-22;32;0;1
-41;-44;30;0;1
-26;45;29;0;1
-38;22;27;0;1
-17;24;19;0;1
-20;23;60;1;1
-58;12;16;0;1
-39;-10;32;0;1
-31;2;14;0;1
-49;23;29;0;1
-19;-19;18;0;1
-47;38;30;1;1
-38;-8;50;0;1
-29;-45;46;0;1
-47;21;33;0;1
-50;1;49;1;1
-12;19;39;0;1
-41;44;25;0;1
-31;-14;13;0;1
-34;51;21;1;1
-27;-40;21;0;1
-47;9;38;1;1
-42;-20;22;1;1
-38;31;27;0;1
-26;8;40;0;1
-31;32;50;0;1
-53;8;17;1;1
-18;24;15;1;1
-26;37;44;1;1
-36;-7;51;0;1
-29;-20;34;1;1
-66;-12;22;0;1
-37;38;22;0;1
-46;19;14;0;1
-26;-5;16;0;1
-31;-32;18;1;1
-18;22;22;0;1
-33;40;26;0;1
-22;-6;25;0;1
-21;23;28;0;1
-28;15;30;0;1
-11;8;29;0;1
-45;-7;30;0;1
-32;-37;29;0;1
-27;-23;32;0;1
-55;36;24;1;1
-32;33;26;0;1
-11;15;31;0;1
-33;-6;58;0;1
-28;-30;24;1;1
-49;25;30;0;1
-22;-21;56;0;1
-36;-24;35;0;1
-66;-8;18;0;1
-46;2;33;0;1
-27;-20;13;1;1
-61;-9;20;1;1
-39;-54;19;1;1
-27;-31;36;1;1
-39;7;47;1;1
-23;-32;42;1;1
-50;-10;46;1;1
-29;11;29;0;1
-49;-26;41;0;1
-32;-2;53;0;1
-19;-22;45;0;1
-23;-35;17;1;1
-48;18;49;0;1
-18;-5;23;0;1
-29;23;57;1;1
-45;12;51;0;1
-35;43;29;0;1
-33;-30;33;0;1
-26;10;28;1;1
-21;-14;18;1;1
-27;-5;56;0;1
-14;17;16;0;1
-25;40;45;1;1
-26;8;16;0;1
-28;-40;41;1;1
-59;-15;36;1;1
-52;-7;40;0;1
-37;13;13;1;1
-54;4;42;1;1
-42;-41;37;0;1
-22;-29;36;0;1
-30;-41;19;0;1
-37;33;25;0;1
-65;15;18;0;1
-59;19;19;0;1
-32;4;50;1;1
-31;18;42;0;1
-21;27;56;0;1
-35;31;13;0;1
-55;11;42;1;1
-32;-30;28;1;1
-39;47;23;0;1
-54;-16;19;0;1
-11;12;21;1;1
-23;10;19;0;1
-41;-40;23;0;1
-38;11;39;0;1
-53;-14;19;0;1
-19;-29;39;0;1
-36;-20;35;0;1
-27;23;29;0;1
-41;24;29;0;1
-26;-5;52;1;1
-48;1;50;1;1
-33;47;28;1;1
-26;-6;64;0;1
-43;31;22;1;1
-29;12;33;0;1
-59;-2;36;0;1
-40;-10;56;1;1
-27;-5;30;0;1
-25;-33;50;0;1
-32;38;14;1;1
-20;23;19;0;1
-25;-19;17;0;1
-41;-26;17;0;1
-38;-21;46;0;1
-48;1;36;0;1
-20;19;46;1;1
-53;14;43;0;1
-28;-5;63;0;1
-29;-26;57;0;1
-58;-9;36;0;1
-28;-25;19;0;1
-41;20;16;1;1
-40;-39;33;0;1
-19;23;63;1;1
-24;-10;54;1;1
-17;-19;15;0;1
-39;-15;56;0;1
-28;-4;36;0;1
-62;10;26;0;1
-32;-26;27;0;1
-28;20;23;0;1
-30;-36;13;0;1
-33;-41;18;0;1
-19;-31;36;0;1
-44;27;29;0;1
-34;6;26;0;1
-40;1;20;1;1
-42;-41;31;0;1
-16;26;25;1;1
-22;9;47;0;1
-50;34;31;0;1
-37;-36;18;1;1
-23;32;57;0;1
-22;-8;22;0;1
-46;18;24;0;1
-43;1;51;1;1
-33;-34;33;1;1
-17;11;43;0;1
-45;-18;24;0;1
-45;-5;27;1;1
-23;-22;51;1;1
-24;16;46;0;1
-54;-26;32;0;1
-42;-31;36;0;1
-55;-18;28;0;1
-20;-27;57;0;1
-46;22;22;0;1
-22;-6;37;0;1
-33;-6;47;0;1
-26;5;21;0;1
-27;11;41;1;1
-27;-20;30;1;1
-28;39;32;0;1
-46;-11;19;0;1
-19;17;21;0;1
-42;26;43;1;1
-44;-21;23;0;1
-36;-16;23;1;1
-51;41;18;0;1
-27;4;51;1;1
-32;19;16;1;1
-22;14;39;0;1
-26;-8;44;1;1
-23;11;49;1;1
-18;-19;41;0;1
-43;-24;28;1;1
-33;-5;47;0;1
-33;-18;16;1;1
-27;21;41;0;1
-33;-25;57;0;1
-36;-25;13;1;1
-36;-14;53;1;1
-36;34;25;1;1
-23;17;13;0;1
-25;25;40;1;1
-19;15;25;1;1
-33;3;12;0;1
-45;19;46;1;1
-22;-15;25;0;1
-37;-39;27;0;1
-42;-13;32;1;1
-33;10;53;0;1
-24;1;46;0;1
-44;-17;44;1;1
-50;17;16;0;1
-35;44;29;1;1
-25;-30;53;0;1
-30;34;53;1;1
-17;13;14;0;1
-17;-21;16;0;1
-60;22;31;1;1
-54;-4;25;1;1
-23;26;56;0;1
-32;-14;18;0;1
-27;-17;46;0;1
-14;-14;52;1;1
-55;-15;32;1;1
-42;-9;24;0;1
-38;-3;45;0;1
-22;-17;33;1;1
-39;-7;44;1;1
-26;-18;61;1;1
-50;-21;34;1;1
-64;1;23;0;1
-42;48;28;0;1
-43;10;50;0;1
-44;-5;27;0;1
-20;13;26;0;1
-35;-6;14;1;1
-66;-15;19;1;1
-23;-37;51;1;1
-63;5;28;0;1
-29;-44;31;0;1
-25;-7;35;1;1
-37;13;36;0;1
-59;0;38;0;1
-56;2;42;1;1
-34;-29;45;1;1
-28;23;24;1;1
-36;23;47;0;1
-32;-33;34;0;1
-18;-11;45;0;1
-31;42;38;0;1
-24;20;63;0;1
-34;-20;23;0;1
-39;-34;46;0;1
-29;-4;40;1;1
-18;1;19;0;1
-51;28;25;0;1
-23;-19;12;0;1
-22;23;41;0;1
-44;-31;21;1;1
-21;24;57;1;1
-67;12;19;0;1
-58;20;27;0;1
-31;30;36;0;1
-38;35;27;1;1
-24;-15;50;0;1
-16;20;62;0;1
-20;30;39;0;1
-45;44;28;0;1
-20;-16;34;0;1
-49;31;30;0;1
-17;9;47;0;1
-50;30;19;0;1
-61;-8;32;0;1
-34;-50;26;0;1
-55;-2;17;0;1
-50;-17;18;0;1
-28;-24;33;0;1
-18;4;24;0;1
-30;-6;41;0;1
-29;-12;26;0;1
-16;15;47;1;1
-42;11;49;0;1
-35;-21;58;1;1
-50;-41;18;0;1
-39;18;31;1;1
-32;-16;43;0;1
-15;-8;22;1;1
-28;-36;44;0;1
-40;22;50;1;1
-25;23;37;0;1
-27;-41;26;1;1
-47;-22;17;0;1
-32;36;15;0;1
-48;-16;28;0;1
-29;-48;28;1;1
-27;38;40;1;1
-22;38;45;0;1
-28;-17;53;0;1
-41;-19;37;1;1
-32;-24;38;1;1
-23;-12;31;0;1
-46;25;33;0;1
-27;-40;38;0;1
-25;31;43;1;1
-28;7;29;0;1
-29;32;38;0;1
-35;11;54;1;1
-20;34;12;1;1
-31;-33;38;1;1
-24;36;51;0;1
-34;-6;31;0;1
-19;-18;12;1;1
-44;-25;24;0;1
-29;-35;26;0;1
-18;17;63;0;1
-26;24;17;1;1
-30;0;32;1;1
-35;-8;44;0;1
-59;-13;33;0;1
-45;38;17;1;1
-10;-11;28;1;1
-44;-23;35;1;1
-18;-30;20;0;1
-51;-13;40;0;1
-34;19;41;0;1
-25;32;18;0;1
-30;-13;35;1;1
-20;-22;56;1;1
-20;-18;21;0;1
-38;-4;16;1;1
-41;-17;34;1;1
-8;-12;39;0;1
-30;40;29;0;1
-55;-20;25;0;1
-21;-26;21;1;1
-25;-5;48;0;1
-29;-20;11;0;1
-26;-27;56;0;1
-34;-37;46;0;1
-26;43;43;0;1
-54;-17;33;0;1
-54;-10;20;0;1
-53;-25;17;0;1
-31;-28;27;1;1
-43;26;23;1;1
-23;-7;19;1;1
-16;25;19;1;1
-16;-10;37;0;1
-43;-30;29;0;1
-19;25;63;0;1
-52;-25;27;0;1
-38;10;43;1;1
-29;-18;15;0;1
-55;24;28;0;1
-32;0;10;0;1
-31;-39;22;1;1
-41;26;38;0;1
-31;-40;26;0;1
-43;5;46;0;1
-18;12;48;1;1
-57;-25;22;1;1
-30;15;51;1;1
-61;-20;27;0;1
-47;0;36;0;1
-34;-9;36;0;1
-34;1;44;0;1
-42;-34;37;0;1
-48;21;15;0;1
-23;-33;52;0;1
-47;-36;20;0;1
-52;-12;45;0;1
-18;-30;39;0;1
-12;-10;23;0;1
-41;12;29;0;1
-49;21;44;0;1
-17;-21;49;0;1
-49;0;26;0;1
-40;51;19;1;1
-21;21;29;1;1
-26;-30;18;0;1
-23;38;31;0;1
-28;7;56;0;1
-30;34;29;0;1
-14;13;49;0;1
-42;-19;20;1;1
-17;-8;39;0;1
-38;19;17;1;1
-32;-3;19;0;1
-32;-35;52;1;1
-42;-9;46;1;1
-36;-7;15;0;1
-55;-24;24;0;1
-36;46;16;1;1
-31;-8;43;0;1
-27;-5;58;0;1
-34;-18;57;1;1
-56;21;35;1;1
-18;-2;39;1;1
-54;6;16;0;1
-23;-16;36;1;1
-33;23;24;1;1
-24;32;21;1;1
-48;-41;21;0;1
-54;0;43;0;1
-23;3;46;1;1
-46;13;15;0;1
-37;-11;28;1;1
-41;23;35;0;1
-17;-15;43;1;1
-29;-8;54;0;1
-37;19;48;1;1
-13;-13;39;0;1
-26;-9;61;0;1
-31;-9;24;0;1
-52;3;14;1;1
-37;-45;38;1;1
-10;15;47;0;1
-57;19;30;1;1
-18;8;28;0;1
-31;-26;56;1;1
-52;-12;31;1;1
-25;0;33;1;1
-28;-28;30;0;1
-33;-24;11;0;1
-25;39;41;0;1
-58;-5;20;0;1
-35;10;31;1;1
-36;-28;29;0;1
-29;15;42;0;1
-27;-9;65;0;1
-20;-23;19;1;1
-44;21;23;0;1
-43;0;40;0;1
-55;-23;35;0;1
-47;4;39;1;1
-59;-17;18;0;1
-33;-34;42;0;1
-32;-31;43;1;1
-47;-36;22;1;1
-54;-30;18;1;1
-32;-52;23;0;1
-55;23;34;0;1
-29;-17;42;0;1
-18;9;38;0;1
-20;27;62;1;1
-35;-6;57;0;1
-39;23;24;1;1
-19;-28;46;0;1
-35;22;19;1;1
-42;35;19;0;1
-34;0;14;0;1
-63;7;31;0;1
-8;-6;26;0;1
-33;46;40;0;1
-27;13;21;0;1
-23;-33;15;1;1
-50;4;43;1;1
-28;9;48;1;1
-40;5;55;1;1
-24;-28;41;1;1
-25;28;38;1;1
-12;-19;35;1;1
-27;4;21;0;1
-44;10;40;1;1
-24;-1;49;0;1
-48;-7;45;0;1
-26;12;50;1;1
-28;-27;13;1;1
-38;16;57;0;1
-54;-18;39;0;1
-19;20;11;1;1
-34;-52;26;1;1
-19;-26;14;0;1
-21;-25;10;1;1
-59;28;18;0;1
-59;-9;37;1;1
-51;11;24;0;1
-25;0;23;0;1
-29;16;32;0;1
-41;-19;28;0;1
-27;1;8;1;1
-30;-49;26;0;1
-14;-24;44;0;1
-40;53;19;0;1
-46;-11;28;0;1
-21;17;59;0;1
-44;30;18;0;1
-25;3;61;1;1
-38;10;15;0;1
-37;9;12;0;1
-18;-27;19;0;1
-21;7;51;1;1
-46;-2;19;1;1
-36;-23;38;0;1
-40;-1;54;0;1
-32;22;51;1;1
-37;-44;31;0;1
-38;3;45;0;1
-49;-25;26;0;1
-26;4;23;0;1
-25;6;13;0;1
-26;17;18;0;1
-33;-45;25;0;1
-38;36;44;0;1
-37;-4;33;1;1
-62;2;21;0;1
-50;7;40;1;1
-48;5;38;0;1
-34;22;20;0;1
-28;9;55;0;1
-28;24;39;0;1
-37;-15;46;0;1
-60;21;21;0;1
-59;-3;30;0;1
-54;-23;16;1;1
-48;8;45;0;1
-61;27;23;1;1
-39;-26;27;0;1
-57;-18;25;0;1
-17;-19;66;0;1
-17;-20;22;0;1
-13;9;24;0;1
-43;19;53;1;1
-13;18;33;0;1
-47;-10;18;0;1
-57;0;39;0;1
-43;36;29;0;1
-35;12;54;1;1
-33;-7;38;0;1
-34;32;51;1;1
-28;-35;18;1;1
-25;18;24;0;1
-30;0;26;1;1
-17;-14;14;0;1
-31;-19;17;1;1
-14;15;28;0;1
-53;-29;21;1;1
-31;23;27;0;1
-16;10;30;0;1
-47;9;21;0;1
-26;14;48;1;1
-54;15;19;0;1
-43;-35;16;0;1
-25;-42;32;0;1
-25;18;29;0;1
-33;-28;27;0;1
-22;0;25;0;1
-48;20;30;1;1
-39;-17;22;0;1
-48;-15;20;1;1
-32;-52;19;1;1
-57;-8;20;0;1
-40;18;52;0;1
-45;26;26;1;1
-23;7;34;1;1
-24;-2;64;0;1
-35;-11;11;0;1
-33;34;14;0;1
-46;29;22;1;1
-39;5;51;0;1
-25;24;62;0;1
-27;-12;23;1;1
-28;21;41;0;1
-9;14;33;0;1
-62;14;30;0;1
-17;-19;35;1;1
-23;31;14;0;1
-52;28;18;1;1
-34;-32;47;0;1
-52;25;30;0;1
-54;20;36;1;1
-35;-17;20;0;1
-37;12;19;0;1
-20;-10;12;1;1
-46;16;15;1;1
-21;-16;63;0;1
-25;-36;55;1;1
-32;15;54;1;1
-44;-17;28;0;1
-27;-4;29;1;1
-44;-32;27;1;1
-52;-17;32;0;1
-51;-26;39;0;1
-39;-16;24;1;1
-14;18;14;0;1
-30;1;26;0;1
-37;40;30;1;1
-38;-19;26;1;1
-50;-32;35;1;1
-23;13;50;1;1
-33;25;19;0;1
-31;0;61;0;1
-38;-30;14;1;1
-30;-22;41;0;1
-36;43;37;0;1
-58;-7;40;1;1
-36;-16;50;0;1
-43;-22;44;1;1
-26;-1;35;0;1
-22;28;35;0;1
-26;-30;26;1;1
-26;0;42;0;1
-26;-32;19;0;1
-44;-2;45;1;1
-54;6;38;1;1
-54;-14;20;1;1
-28;-31;44;0;1
-34;-32;45;0;1
-60;-24;20;1;1
-15;24;8;0;1
-58;4;26;0;1
-18;16;34;1;1
-42;15;12;0;1
-32;-30;41;1;1
-51;22;30;0;1
-28;-17;35;1;1
-31;-3;35;0;1
-41;39;18;0;1
-59;-4;26;0;1
-36;-21;44;0;1
-33;-8;12;1;1
-36;18;14;1;1
-12;7;33;0;1
-27;-14;15;0;1
-30;-9;15;1;1
-33;22;41;0;1
-54;20;18;1;1
-22;1;31;1;1
-36;-12;39;0;1
-48;9;18;0;1
-36;-44;29;0;1
-34;-31;24;0;1
-21;-22;12;0;1
-37;25;47;0;1
-12;-13;23;0;1
-33;51;26;1;1
-37;4;13;1;1
-20;31;60;0;1
-43;29;16;0;1
-19;24;13;0;1
-15;10;18;0;1
-16;14;37;0;1
-39;-8;30;0;1
-48;16;49;0;1
-24;-21;30;0;1
-30;49;39;1;1
-42;0;32;0;1
-21;-7;41;1;1
-35;48;32;0;1
-23;4;34;1;1
-34;-24;31;0;1
-52;28;26;0;1
-45;18;43;0;1
-42;28;24;0;1
-40;-22;17;0;1
-43;26;48;0;1
-25;-31;42;0;1
-60;-14;22;0;1
-28;-15;61;1;1
-31;-7;53;0;1
-10;12;36;0;1
-22;24;43;0;1
-57;7;31;0;1
-20;-27;60;0;1
-32;18;26;1;1
-31;7;39;1;1
-54;-20;33;1;1
-19;-25;52;0;1
-32;33;40;0;1
-30;14;13;0;1
-44;23;29;1;1
-27;32;43;0;1
-57;-4;36;1;1
-50;34;32;0;1
-34;-55;26;1;1
-31;0;31;0;1
-53;-35;30;1;1
-22;-6;46;0;1
-17;-14;36;0;1
-12;8;32;0;1
-44;-14;36;0;1
-44;14;39;1;1
-39;2;37;0;1
-29;22;11;0;1
-27;41;23;1;1
-41;11;20;0;1
-44;41;26;0;1
-32;27;51;0;1
-53;-11;31;1;1
-26;17;15;0;1
-23;15;44;0;1
-38;13;50;1;1
-45;36;26;0;1
-26;-15;61;0;1
-18;-21;9;0;1
-50;-16;47;1;1
-19;24;21;1;1
-34;44;44;0;1
-29;6;63;0;1
-47;32;37;1;1
-32;-9;62;1;1
-37;12;12;0;1
-41;-50;26;1;1
-20;11;16;0;1
-32;37;35;1;1
-23;-24;12;0;1
-55;-35;18;0;1
-53;-27;38;0;1
-22;14;26;0;1
-24;-27;61;1;1
-47;4;25;0;1
-18;24;56;0;1
-52;5;36;0;1
-28;38;17;0;1
-40;7;14;1;1
-24;-37;24;0;1
-34;-21;27;0;1
-36;-28;26;0;1
-48;-7;24;0;1
-44;-9;26;0;1
-40;-23;43;0;1
-32;-25;42;0;1
-23;-4;27;0;1
-21;-25;12;0;1
-23;35;51;0;1
-20;6;21;1;1
-35;38;29;0;1
-39;-26;15;1;1
-44;8;15;0;1
-39;-52;27;0;1
-27;-19;29;0;1
-30;-9;13;1;1
-47;38;18;1;1
-25;-18;59;1;1
-35;-14;22;1;1
-21;-31;23;0;1
-15;-8;28;0;1
-34;12;52;0;1
-54;27;21;1;1
-18;25;14;1;1
-44;26;49;0;1
-48;-5;38;0;1
-25;-37;33;1;1
-40;22;22;1;1
-32;-15;52;1;1
-19;4;21;0;1
-42;-21;52;1;1
-31;-8;63;0;1
-38;-1;20;0;1
-49;-6;45;1;1
-28;7;22;1;1
-34;-21;33;1;1
-40;13;57;0;1
-37;-41;21;0;1
-20;16;21;1;1
-64;-7;24;0;1
-29;-26;42;0;1
-35;20;43;0;1
-55;-18;35;0;1
-27;7;38;0;1
-40;-32;40;0;1
-26;29;59;0;1
-21;11;55;0;1
-34;6;50;1;1
-54;18;26;1;1
-30;-10;34;1;1
-26;41;50;1;1
-38;-6;50;1;1
-45;-15;48;0;1
-33;-36;46;0;1
-23;30;60;1;1
-11;11;38;0;1
-40;33;44;0;1
-43;-32;30;1;1
-11;18;53;0;1
-48;-32;39;0;1
-22;-35;23;0;1
-35;11;15;0;1
-41;-10;43;1;1
-17;-17;13;1;1
-30;-15;59;0;1
-18;-13;39;0;1
-14;21;64;1;1
-53;24;39;0;1
-27;12;10;0;1
-46;1;15;1;1
-43;5;37;1;1
-23;25;43;0;1
-20;-7;28;1;1
-35;-32;14;0;1
-45;-10;41;0;1
-34;35;35;0;1
-36;-17;21;1;1
-37;-3;25;1;1
-30;-4;28;1;1
-32;-33;46;0;1
-40;-30;26;0;1
-44;11;45;1;1
-43;-30;37;1;1
-16;17;15;1;1
-48;-1;14;0;1
-18;-9;36;0;1
-39;-8;47;1;1
-19;-25;45;1;1
-39;-21;49;1;1
-28;43;22;0;1
-50;33;29;1;1
-54;7;41;1;1
-37;-6;15;0;1
-26;7;25;0;1
-46;2;41;0;1
-48;-28;31;0;1
-48;-23;24;1;1
-49;-6;27;1;1
-53;18;40;0;1
-36;-31;14;1;1
-25;41;20;0;1
-25;42;18;1;1
-23;20;52;0;1
-19;-12;16;0;1
-40;13;26;0;1
-17;-1;39;0;1
-33;9;52;1;1
-24;20;33;1;1
-42;3;27;0;1
-41;26;45;1;1
-31;8;43;1;1
-16;-8;40;1;1
-28;18;59;0;1
-35;38;45;1;1
-21;-7;12;0;1
-31;-7;54;0;1
-46;22;21;0;1
-39;33;28;1;1
-24;-30;40;1;1
-27;21;32;0;1
-31;-44;28;0;1
-53;9;29;0;1
-25;39;51;0;1
-61;9;34;1;1
-55;-35;22;0;1
-47;0;45;0;1
-37;3;28;0;1
-49;14;45;0;1
-44;19;49;1;1
-56;10;30;0;1
-40;19;28;1;1
-42;-23;17;0;1
-41;10;15;1;1
-47;-24;39;0;1
-24;39;17;0;1
-31;8;34;1;1
-35;-34;27;1;1
-38;-16;53;0;1
-29;-39;15;0;1
-44;14;15;0;1
-37;-36;16;1;1
-31;38;16;0;1
-30;2;50;1;1
-59;23;30;0;1
-52;-34;30;0;1
-46;9;53;0;1
-36;-17;57;0;1
-16;-14;20;0;1
-20;27;28;1;1
-29;46;44;0;1
-15;9;42;0;1
-23;23;47;0;1
-37;-28;21;0;1
-37;17;58;0;1
-20;3;45;0;1
-28;19;47;0;1
-67;3;23;0;1
-23;-35;39;0;1
-22;9;65;0;1
-49;5;41;0;1
-33;41;15;0;1
-39;39;25;0;1
-32;-29;24;1;1
-45;19;43;1;1
-12;-20;44;0;1
-41;-39;36;0;1
-29;20;41;0;1
-34;5;59;1;1
-27;20;36;0;1
-42;-44;17;1;1
-51;15;29;0;1
-21;-20;54;1;1
-25;37;25;0;1
-33;9;50;1;1
-41;-22;36;1;1
-13;12;41;0;1
-33;-42;22;1;1
-26;21;36;1;1
-17;5;28;0;1
-20;-15;56;0;1
-24;-10;36;1;1
-34;-56;27;0;1
-42;-8;25;1;1
-30;40;27;0;1
-52;12;41;0;1
-32;-12;26;1;1
-19;-8;28;0;1
-18;-14;47;1;1
-41;29;35;0;1
-51;7;25;1;1
-31;6;55;1;1
-28;40;45;0;1
-32;52;28;0;1
-35;29;40;0;1
-26;42;39;1;1
-59;-9;21;1;1
-57;14;21;1;1
-38;-11;18;1;1
-56;-9;39;0;1
-23;37;16;1;1
-31;21;33;0;1
-16;8;30;0;1
-44;38;27;0;1
-30;21;40;0;1
-33;27;16;0;1
-51;7;20;1;1
-57;20;19;0;1
-19;-14;37;0;1
-52;31;32;0;1
-19;15;39;1;1
-48;-8;30;1;1
-42;14;48;0;1
-20;-24;12;0;1
-14;-18;40;0;1
-37;-48;24;1;1
-56;-19;37;1;1
-54;25;24;1;1
-17;-4;34;0;1
-51;6;33;1;1
-35;-24;46;1;1
-37;39;29;1;1
-25;-20;31;1;1
-48;31;36;1;1
-31;10;15;1;1
-26;-16;33;1;1
-35;8;13;1;1
-42;10;56;0;1
-42;23;35;0;1
-23;-3;44;0;1
-43;33;42;0;1
-17;18;56;1;1
-50;-36;20;0;1
-28;26;57;0;1
-51;12;46;1;1
-42;23;43;0;1
-22;15;23;0;1
-45;3;26;0;1
-27;-9;47;0;1
-53;0;19;1;1
-11;-15;49;0;1
-34;6;30;1;1
-66;9;19;1;1
-23;3;52;1;1
-36;-12;55;1;1
-15;21;36;1;1
-42;7;46;0;1
-22;-24;39;1;1
-30;-12;55;0;1
-54;-26;25;1;1
-27;-37;17;1;1
-15;-19;50;1;1
-50;-15;41;0;1
-43;-22;49;0;1
-29;-48;22;0;1
-37;-29;35;1;1
-21;7;42;1;1
-24;10;57;0;1
-27;-5;46;1;1
-18;-19;37;1;1
-56;35;22;1;1
-21;-20;60;1;1
-24;-2;16;0;1
-53;5;44;0;1
-21;-1;47;0;1
-14;-9;34;0;1
-58;-8;37;0;1
-29;3;26;0;1
-25;0;32;1;1
-27;-21;54;0;1
-31;3;44;1;1
-21;-21;22;0;1
-37;15;41;0;1
-21;-29;23;1;1
-50;-1;30;1;1
-14;-1;22;0;1
-37;30;50;1;1
-16;-1;28;0;1
-25;34;42;0;1
-29;-33;21;1;1
-36;-21;42;1;1
-28;-13;42;0;1
-27;42;19;1;1
-45;-21;31;0;1
-51;24;20;0;1
-40;-22;25;1;1
-23;19;62;0;1
-20;24;35;1;1
-57;37;20;1;1
-25;-26;50;1;1
-35;-32;40;0;1
-56;-17;39;1;1
-32;12;62;0;1
-23;-36;16;0;1
-59;-18;23;1;1
-49;21;37;0;1
-26;32;46;1;1
-18;25;19;0;1
-15;-2;38;0;1
-35;23;23;1;1
-17;-13;35;1;1
-28;20;55;0;1
-55;33;23;0;1
-17;-18;26;0;1
-33;-5;28;0;1
-21;-21;23;1;1
-32;17;37;1;1
-41;-23;33;0;1
-51;26;33;1;1
-28;-19;47;0;1
-12;9;38;0;1
-18;9;30;0;1
-61;11;23;0;1
-55;-4;42;0;1
-34;-6;43;0;1
-36;-49;31;1;1
-49;-29;28;0;1
-32;46;21;1;1
-14;23;58;1;1
-33;41;28;0;1
-48;2;39;1;1
-48;9;37;0;1
-31;21;28;1;1
-63;2;17;1;1
-44;-40;19;0;1
-33;13;40;0;1
-41;-40;24;0;1
-29;10;13;0;1
-23;35;52;1;1
-12;-19;33;0;1
-44;23;39;0;1
-33;-35;33;0;1
-11;-18;21;1;1
-42;27;50;0;1
-27;42;29;1;1
-24;-8;8;0;1
-31;31;52;0;1
-24;35;56;0;1
-26;-5;21;0;1
-42;25;46;1;1
-23;-38;18;1;1
-33;-24;38;1;1
-25;38;15;0;1
-37;19;56;0;1
-25;22;17;0;1
-32;3;58;0;1
-59;28;27;0;1
-34;-18;16;0;1
-41;-13;51;1;1
-29;-26;28;0;1
-62;-24;25;0;1
-48;23;35;0;1
-16;19;50;1;1
-36;13;47;1;1
-41;-29;46;0;1
-24;-33;39;0;1
-53;-16;18;0;1
-55;-24;20;1;1
-27;22;41;1;1
-10;12;40;1;1
-32;13;10;1;1
-17;-22;26;0;1
-34;53;31;0;1
-49;-20;42;0;1
-37;2;20;0;1
-34;14;16;0;1
-17;-9;22;1;1
-25;-14;40;1;1
-38;-8;44;1;1
-26;27;45;0;1
-21;-9;51;1;1
-38;-37;31;0;1
-21;7;43;0;1
-27;3;39;1;1
-25;16;41;1;1
-28;36;45;1;1
-36;-32;13;0;1
-48;9;16;1;1
-43;20;28;0;1
-27;34;12;0;1
-34;-7;61;0;1
-22;6;32;0;1
-40;0;46;1;1
-47;31;43;0;1
-14;21;22;0;1
-54;-16;38;1;1
-31;-30;34;0;1
-31;-33;21;1;1
-10;-9;28;0;1
-16;15;38;1;1
-27;-17;42;1;1
-33;13;27;0;1
-53;-8;22;1;1
-26;12;11;0;1
-25;29;29;1;1
-20;-6;23;0;1
-64;21;21;0;1
-30;38;25;0;1
-64;-4;22;1;1
-43;0;47;0;1
-29;-15;56;1;1
-41;-2;26;0;1
-52;-3;21;0;1
-30;-40;18;0;1
-24;35;53;0;1
-28;-18;46;0;1
-40;-1;23;0;1
-43;4;38;1;1
-27;23;43;1;1
-29;27;38;0;1
-40;35;27;0;1
-17;-7;36;0;1
-23;19;58;1;1
-9;10;26;1;1
-33;21;30;1;1
-26;45;24;1;1
-30;-16;39;0;1
-41;7;38;0;1
-47;-28;16;0;1
-40;-2;29;1;1
-17;26;35;1;1
-38;-40;44;0;1
-25;6;56;1;1
-36;18;40;0;1
-57;-28;18;0;1
-40;-3;20;1;1
-42;-15;53;1;1
-50;-6;48;0;1
-16;-13;20;0;1
-19;-15;38;1;1
-28;13;39;0;1
-22;-17;59;0;1
-48;-14;27;0;1
-64;-5;29;0;1
-54;-28;23;1;1
-47;-24;27;1;1
-26;24;11;1;1
-25;22;61;0;1
-37;47;22;1;1
-40;-15;50;1;1
-25;36;31;0;1
-41;-29;37;0;1
-20;12;40;0;1
-39;37;18;0;1
-30;31;48;0;1
-24;-29;54;0;1
-26;18;45;0;1
-53;9;27;1;1
-46;-9;35;0;1
-60;1;18;0;1
-42;-32;44;0;1
-26;-20;13;1;1
-36;15;30;1;1
-27;-3;38;0;1
-40;14;36;1;1
-43;-22;26;0;1
-31;-5;26;1;1
-27;-33;52;0;1
-32;6;43;0;1
-35;-10;53;0;1
-38;-23;51;0;1
-46;-15;47;0;1
-40;-3;33;0;1
-22;-25;30;1;1
-13;11;44;1;1
-32;-40;26;0;1
-24;-12;40;1;1
-23;5;39;1;1
-17;9;19;0;1
-39;-43;21;1;1
-64;1;30;0;1
-21;12;18;0;1
-19;28;35;0;1
-21;35;47;1;1
-31;38;42;0;1
-29;31;32;1;1
-33;-37;50;0;1
-38;11;29;0;1
-22;33;33;0;1
-42;31;35;0;1
-29;-40;43;0;1
-47;18;23;1;1
-16;-19;28;1;1
-18;23;29;1;1
-30;44;27;0;1
-15;18;12;0;1
-38;14;50;1;1
-34;2;47;0;1
-27;-17;61;0;1
-22;10;27;1;1
-29;-36;46;1;1
-57;-1;18;0;1
-46;25;36;0;1
-14;-12;49;1;1
-15;13;25;0;1
-31;-44;30;1;1
-13;-22;64;0;1
-56;15;37;1;1
-38;35;22;0;1
-54;9;25;0;1
-10;15;27;1;1
-17;2;31;1;1
-48;17;14;0;1
-20;-20;65;1;1
-61;2;35;1;1
-36;6;25;1;1
-22;-24;14;0;1
-31;45;25;0;1
-52;-3;40;0;1
-26;-34;25;1;1
-24;-24;34;1;1
-47;17;19;0;1
-21;3;38;0;1
-43;-40;17;0;1
-21;-5;27;0;1
-47;7;20;1;1
-43;13;24;1;1
-36;-41;29;1;1
-46;3;21;0;1
-61;20;19;1;1
-49;-8;15;0;1
-42;-10;26;0;1
-51;5;26;0;1
-52;5;22;1;1
-25;-25;53;1;1
-14;-22;21;0;1
-28;-43;22;1;1
-16;-24;19;0;1
-18;-19;49;0;1
-60;2;26;0;1
-28;36;18;1;1
-36;46;28;0;1
-10;10;27;1;1
-25;34;16;1;1
-41;-33;34;1;1
-27;24;15;0;1
-61;-5;28;0;1
-54;-14;16;1;1
-19;24;27;0;1
-47;-9;40;0;1
-49;-3;36;1;1
-23;28;35;1;1
-38;14;32;0;1
-13;19;36;0;1
-55;-14;27;0;1
-36;0;34;1;1
-46;22;43;0;1
-15;20;22;0;1
-51;29;20;0;1
-24;19;25;1;1
-42;35;42;0;1
-31;-36;44;0;1
-20;-17;38;0;1
-38;-41;34;1;1
-16;-16;11;0;1
-26;22;17;0;1
-22;-37;19;0;1
-55;-13;29;0;1
-50;-7;33;1;1
-56;20;38;0;1
-23;-4;37;0;1
-19;-24;19;1;1
-27;-1;12;1;1
-54;-1;15;1;1
-59;24;19;0;1
-40;-37;31;0;1
-46;-34;22;0;1
-53;22;27;0;1
-15;18;18;0;1
-49;16;28;0;1
-48;5;48;0;1
-47;28;35;1;1
-32;-51;21;1;1
-60;-27;26;0;1
-20;31;55;0;1
-39;-20;33;1;1
-18;-19;64;0;1
-49;-33;20;0;1
-58;5;38;0;1
-41;-7;29;0;1
-24;-30;16;0;1
-27;7;20;1;1
-22;-23;40;1;1
-50;-16;36;1;1
-25;-6;64;1;1
-52;34;21;1;1
-31;53;30;1;1
-29;18;17;0;1
-22;-8;63;0;1
-31;44;35;1;1
-19;-2;48;1;1
-15;11;21;0;1
-15;-25;58;0;1
-21;-27;28;0;1
-37;-41;36;0;1
-43;49;28;1;1
-51;19;43;0;1
-41;-5;16;0;1
-16;23;50;0;1
-25;31;12;0;1
-44;-15;52;0;1
-51;-27;26;1;1
-66;-14;20;0;1
-13;-17;20;1;1
-30;34;42;0;1
-52;-2;26;0;1
-59;4;24;0;1
-21;-12;35;1;1
-34;35;40;0;1
-30;-16;35;0;1
-22;2;15;1;1
-28;37;15;1;1
-60;7;18;0;1
-22;36;47;0;1
-41;9;45;0;1
-52;20;28;0;1
-55;8;44;0;1
-31;-49;17;0;1
-39;-27;27;1;1
-17;15;23;0;1
-25;1;14;0;1
-31;-9;35;0;1
-42;-5;39;0;1
-38;5;21;1;1
-43;29;43;0;1
-45;-27;28;1;1
-44;16;16;1;1
-27;33;20;0;1
-29;26;24;1;1
-30;28;50;0;1
-45;21;37;0;1
-30;7;21;0;1
-46;-10;43;0;1
-41;-49;25;0;1
-55;-1;40;1;1
-28;-29;43;1;1
-27;5;14;0;1
-21;-12;55;1;1
-33;54;24;0;1
-29;28;50;0;1
-54;-2;29;0;1
-25;16;64;0;1
-50;34;37;0;1
-45;26;39;0;1
-24;-7;12;0;1
-45;7;37;0;1
-17;24;18;0;1
-51;-1;28;0;1
-32;-36;28;1;1
-42;7;37;1;1
-46;7;32;0;1
-31;10;30;0;1
-14;-22;55;0;1
-61;1;26;0;1
-63;17;19;0;1
-27;-25;26;1;1
-21;-28;20;0;1
-29;3;28;0;1
-26;-12;31;1;1
-37;-24;34;0;1
-20;-14;19;0;1
-39;-39;21;1;1
-46;25;43;0;1
-19;10;15;1;1
-38;-36;32;0;1
-45;6;20;0;1
-35;57;18;0;1
-25;-10;37;0;1
-24;-6;26;0;1
-28;37;20;0;1
-36;-5;12;0;1
-44;-31;35;1;1
-59;-11;34;1;1
-26;5;33;0;1
-21;20;50;0;1
-10;14;35;0;1
-36;-6;23;0;1
-56;-11;20;1;1
-29;-24;16;1;1
-57;-5;39;0;1
-42;11;29;0;1
-50;-26;22;0;1
-48;5;21;1;1
-39;-5;41;0;1
-37;6;51;0;1
-28;8;36;1;1
-28;-47;36;1;1
-47;-10;29;0;1
-42;3;29;0;1
-37;-19;38;0;1
-22;-17;35;0;1
-56;8;32;0;1
-50;7;41;0;1
-50;-10;22;0;1
-24;25;38;0;1
-25;1;65;0;1
-32;0;40;0;1
-43;-31;31;0;1
-20;-14;38;1;1
-32;14;12;1;1
-24;-29;16;1;1
-46;-17;43;0;1
-39;14;49;0;1
-20;-5;24;1;1
-20;-18;29;0;1
-13;-20;61;0;1
-32;8;62;1;1
-44;50;24;1;1
-48;30;41;0;1
-61;-18;27;0;1
-44;40;29;1;1
-24;39;53;0;1
-63;1;30;1;1
-28;17;54;0;1
-51;-43;22;1;1
-25;-8;30;1;1
-47;-27;35;1;1
-20;-22;23;0;1
-34;12;59;0;1
-26;5;40;1;1
-30;-41;41;0;1
-42;27;29;0;1
-35;-7;47;0;1
-38;-28;41;0;1
-20;-34;33;0;1
-38;-30;48;1;1
-52;-26;39;0;1
-18;-15;8;0;1
-16;1;20;0;1
-51;-32;27;0;1
-35;13;23;1;1
-47;-41;32;0;1
-46;-18;14;1;1
-54;-23;19;0;1
-41;-44;27;1;1
-53;-6;30;1;1
-24;21;12;0;1
-41;-2;48;1;1
-34;34;47;1;1
-36;17;38;0;1
-51;-7;34;1;1
-37;-40;17;0;1
-63;-9;18;1;1
-43;24;17;1;1
-49;-1;36;1;1
-59;20;33;1;1
-57;9;41;1;1
-34;-17;37;1;1
-61;12;30;0;1
-58;6;20;0;1
-31;-11;58;1;1
-27;0;12;0;1
-24;7;45;0;1
-49;8;18;1;1
-14;-21;48;0;1
-35;50;34;0;1
-25;21;23;1;1
-11;-11;35;1;1
-63;3;27;0;1
-34;39;18;1;1
-20;29;29;1;1
-28;-39;17;0;1
-41;28;48;0;1
-56;24;30;0;1
-31;-21;60;1;1
-54;-18;35;1;1
-30;-39;15;0;1
-16;-11;29;1;1
-38;-35;26;1;1
-60;-31;22;1;1
-14;-11;38;0;1
-20;27;56;1;1
-38;-32;41;0;1
-56;-24;29;0;1
-30;2;57;0;1
-46;-30;41;1;1
-42;-4;57;0;1
-47;19;26;1;1
-45;5;47;1;1
-22;9;26;1;1
-40;-31;27;0;1
-29;-1;15;1;1
-19;-15;40;1;1
-18;-21;52;0;1
-32;39;26;0;1
-24;39;33;1;1
-37;20;29;1;1
-57;-8;19;1;1
-51;-10;37;1;1
-22;29;42;0;1
-39;-21;41;0;1
-23;-19;26;0;1
-41;-38;41;1;1
-7;-9;30;0;1
-31;-20;26;1;1
-34;-16;58;0;1
-54;4;24;0;1
-15;-17;29;1;1
-26;-6;51;1;1
-54;-33;27;1;1
-35;-6;19;1;1
-51;-15;24;1;1
-51;-40;23;0;1
-8;12;38;1;1
-54;-3;41;0;1
-27;28;24;0;1
-41;45;23;0;1
-26;15;53;1;1
-31;-39;50;0;1
-24;7;49;1;1
-47;21;37;0;1
-31;-22;17;0;1
-24;9;54;0;1
-47;43;30;0;1
-47;-36;23;1;1
-43;-38;39;1;1
-24;-13;17;0;1
-37;53;25;0;1
-33;9;54;1;1
-23;-25;58;0;1
-27;-38;50;0;1
-32;-1;16;0;1
-22;12;61;0;1
-32;6;54;0;1
-27;-11;46;0;1
-47;-12;40;1;1
-31;45;36;0;1
-38;-28;51;1;1
-34;51;27;1;1
-51;14;40;0;1
-51;-12;25;0;1
-40;20;19;0;1
-34;-4;10;1;1
-49;0;28;0;1
-38;-23;13;0;1
-46;21;28;0;1
-33;14;16;0;1
-19;-11;49;0;1
-22;13;12;1;1
-20;-17;52;1;1
-35;34;20;0;1
-27;37;52;1;1
-34;40;43;0;1
-39;-9;52;0;1
-28;-36;18;0;1
-23;-13;27;1;1
-61;-16;26;0;1
-52;6;27;1;1
-22;26;50;0;1
-41;20;33;0;1
-26;22;55;1;1
-28;44;47;1;1
-36;34;14;0;1
-17;13;47;0;1
-37;13;45;0;1
-17;-25;28;1;1
-41;-43;25;0;1
-31;16;13;0;1
-40;-15;17;1;1
-18;-18;24;0;1
-51;-28;21;1;1
-15;-20;45;1;1
-45;7;20;1;1
-36;25;42;0;1
-28;2;54;0;1
-20;-30;26;1;1
-54;8;25;0;1
-29;-8;18;0;1
-22;15;11;0;1
-14;23;40;0;1
-25;1;47;0;1
-19;-23;46;0;1
-30;-7;35;1;1
-28;3;45;1;1
-40;-27;29;0;1
-13;14;18;0;1
-57;-16;32;0;1
-34;-24;53;0;1
-18;-19;12;0;1
-19;20;37;0;1
-48;-8;24;0;1
-34;-17;17;1;1
-32;14;52;0;1
-47;14;44;0;1
-37;10;53;0;1
-35;-15;24;1;1
-18;-28;57;0;1
-31;-36;39;0;1
-25;17;57;0;1
-35;0;48;1;1
-18;27;50;1;1
-16;20;42;0;1
-31;-18;31;0;1
-17;0;34;1;1
-25;32;19;0;1
-33;23;53;1;1
-34;-28;51;1;1
-56;7;42;1;1
-26;-43;36;1;1
-23;-13;53;0;1
-26;-5;34;0;1
-37;-14;25;1;1
-42;5;12;1;1
-20;-23;45;0;1
-31;19;54;0;1
-21;-8;29;0;1
-54;-26;24;1;1
-23;-22;58;0;1
-30;35;36;0;1
-36;6;42;0;1
-20;21;46;0;1
-22;9;28;1;1
-27;-24;11;0;1
-36;16;17;0;1
-25;1;51;1;1
-29;41;43;0;1
-37;17;12;0;1
-58;-20;23;1;1
-59;-1;27;0;1
-46;19;30;0;1
-14;-23;16;1;1
-32;-43;37;1;1
-19;-24;51;0;1
-38;-23;16;0;1
-56;3;41;1;1
-23;11;11;1;1
-40;-32;23;1;1
-27;-31;43;0;1
-18;7;45;0;1
-23;35;48;0;1
-33;-14;22;1;1
-11;-15;47;0;1
-23;-38;27;0;1
-51;-21;37;1;1
-47;11;26;0;1
-24;4;54;0;1
-46;-28;46;0;1
-27;13;20;0;1
-29;-32;16;1;1
-31;-2;20;0;1
-38;0;30;0;1
-51;-19;35;0;1
-15;-13;23;0;1
-41;49;31;0;1
-30;-36;33;0;1
-53;14;36;1;1
-42;-49;24;1;1
-50;-14;26;0;1
-47;15;16;0;1
-51;-25;29;1;1
-51;-31;27;0;1
-36;35;20;1;1
-60;29;21;1;1
-34;35;42;0;1
-22;34;15;1;1
-47;4;38;1;1
-33;34;18;1;1
-17;-28;33;0;1
-23;24;47;0;1
-24;40;16;0;1
-33;43;15;1;1
-37;9;40;1;1
-19;-23;52;0;1
-23;34;47;0;1
-17;13;28;0;1
-19;-5;21;1;1
-58;21;18;1;1
-31;-18;52;1;1
-44;41;17;0;1
-13;-17;39;0;1
-35;-35;37;0;1
-26;37;19;0;1
-36;-11;30;1;1
-35;48;19;0;1
-22;38;30;0;1
-21;14;60;0;1
-31;32;23;0;1
-31;-9;39;1;1
-23;-16;46;0;1
-14;7;33;0;1
-32;-43;38;0;1
-47;41;18;0;1
-34;15;39;0;1
-23;8;54;0;1
-27;37;29;0;1
-55;3;40;0;1
-14;-20;66;1;1
-42;24;38;0;1
-42;13;37;1;1
-66;3;26;1;1
-44;36;23;0;1
-42;-7;52;0;1
-19;3;43;1;1
-21;-17;41;1;1
-57;-20;21;1;1
-13;-15;32;1;1
-44;-12;26;1;1
-49;-4;22;0;1
-37;-38;38;1;1
-26;-26;50;1;1
-57;26;18;1;1
-26;4;42;1;1
-19;-14;26;0;1
-45;-20;15;0;1
-27;-37;18;1;1
-37;-38;40;1;1
-62;4;30;1;1
-31;-13;46;0;1
-28;29;41;0;1
-12;2;24;0;1
-30;39;44;1;1
-15;21;10;1;1
-50;-13;48;0;1
-21;-19;63;0;1
-43;-25;23;0;1
-40;17;30;0;1
-17;-17;48;0;1
-53;-37;20;1;1
-51;-33;20;0;1
-20;-22;61;0;1
-17;9;42;0;1
-24;-29;58;0;1
-42;-21;50;0;1
-44;31;38;1;1
-25;-36;39;1;1
-48;1;14;1;1
-21;-18;38;0;1
-30;-22;47;0;1
-36;-15;49;1;1
-20;-21;37;0;1
-29;-41;24;0;1
-36;9;24;1;1
-47;-46;22;1;1
-53;-22;22;0;1
-17;-28;9;0;1
-22;-7;32;0;1
-41;19;49;1;1
-42;-35;19;1;1
-50;-29;34;1;1
-41;-4;35;0;1
-56;-17;32;1;1
-37;-7;19;1;1
-29;7;16;0;1
-41;-4;31;0;1
-37;-18;35;0;1
-42;41;33;0;1
-49;13;39;0;1
-57;20;22;0;1
-30;-36;23;0;1
-26;11;51;1;1
-56;-15;39;1;1
-49;18;37;0;1
-58;-16;22;1;1
-32;-12;58;0;1
-24;35;52;0;1
-41;-23;14;1;1
-36;27;50;0;1
-29;36;17;0;1
-34;28;15;1;1
-33;-13;39;0;1
-31;-35;43;0;1
-36;0;39;1;1
-49;-39;22;1;1
-22;-37;42;1;1
-38;-11;49;1;1
-47;-16;31;0;1
-23;-20;37;0;1
-57;-28;30;0;1
-17;-3;37;0;1
-36;43;27;0;1
-60;-14;28;1;1
-28;-18;44;1;1
-14;-24;46;0;1
-22;-25;54;1;1
-23;37;20;0;1
-32;-39;39;1;1
-50;-12;20;0;1
-13;-7;31;0;1
-21;30;40;1;1
-36;24;23;0;1
-62;4;32;1;1
-23;-16;14;1;1
-64;-23;19;0;1
-26;1;36;0;1
-23;36;49;0;1
-35;19;28;0;1
-37;-25;55;1;1
-28;-41;49;0;1
-41;21;46;1;1
-29;-18;30;1;1
-38;15;50;0;1
-27;-18;48;0;1
-23;-22;46;1;1
-29;-6;63;1;1
-25;30;55;0;1
-29;12;45;1;1
-43;-2;13;0;1
-22;13;49;1;1
-16;-26;9;0;1
-45;-3;25;0;1
-33;-5;45;0;1
-52;23;32;1;1
-50;-11;29;0;1
-49;-10;28;0;1
-27;29;42;1;1
-37;27;43;0;1
-46;-25;25;0;1
-45;45;29;0;1
-25;-19;40;0;1
-43;-34;32;1;1
-48;17;42;1;1
-35;27;37;0;1
-23;-20;14;1;1
-56;-8;42;0;1
-34;34;52;1;1
-24;16;38;1;1
-36;-13;21;0;1
-36;13;53;0;1
-66;-4;25;0;1
-18;30;18;0;1
-23;-19;36;1;1
-49;-14;48;0;1
-25;-8;64;0;1
-41;3;41;1;1
-56;11;40;1;1
-39;-7;16;0;1
-20;-4;54;0;1
-40;41;32;1;1
-56;32;23;0;1
-47;-22;18;1;1
-43;29;44;0;1
-41;15;23;0;1
-57;-30;27;0;1
-29;31;31;1;1
-17;20;27;1;1
-18;11;38;1;1
-28;11;53;1;1
-20;-15;36;0;1
-61;4;32;0;1
-37;-18;18;0;1
-43;25;28;0;1
-48;6;41;0;1
-18;20;63;1;1
-56;13;33;1;1
-35;-13;17;1;1
-17;-15;26;0;1
-19;20;64;0;1
-25;-24;18;0;1
-50;-4;39;1;1
-13;19;43;1;1
-46;24;29;0;1
-22;33;52;1;1
-22;10;35;0;1
-61;-5;24;1;1
-36;24;14;1;1
-38;-55;21;0;1
-38;-6;51;0;1
-22;23;52;1;1
-53;-15;30;1;1
-39;-30;27;0;1
-32;28;18;0;1
-20;-24;40;0;1
-48;13;31;1;1
-31;-39;44;1;1
-12;15;17;1;1
-20;-11;12;0;1
-36;-26;31;0;1
-49;12;48;1;1
-50;-14;25;0;1
-30;-32;50;0;1
-51;-13;43;0;1
-31;-8;26;1;1
-37;44;41;0;1
-30;38;49;0;1
-28;-14;24;0;1
-29;-13;34;1;1
-44;-14;38;0;1
-27;-15;36;1;1
-20;-27;26;0;1
-49;-36;22;0;1
-35;14;14;0;1
-50;15;28;0;1
-46;30;39;0;1
-53;-39;19;0;1
-13;-19;28;1;1
-36;49;36;1;1
-34;23;25;1;1
-60;9;36;0;1
-46;1;21;0;1
-31;-4;13;0;1
-32;-12;62;0;1
-21;-30;59;0;1
-24;24;26;0;1
-27;-11;41;0;1
-21;25;30;1;1
-37;32;43;0;1
-8;11;22;1;1
-39;18;41;0;1
-54;-17;34;1;1
-30;-18;58;0;1
-33;-28;41;0;1
-25;10;53;0;1
-30;15;30;1;1
-32;30;51;1;1
-20;-1;48;0;1
-28;-29;30;0;1
-36;-37;33;1;1
-45;-19;26;0;1
-38;-15;58;0;1
-22;-5;30;1;1
-50;-15;39;0;1
-26;-31;30;0;1
-13;-22;13;1;1
-15;-21;54;1;1
-19;1;36;0;1
-37;38;39;0;1
-28;-6;40;0;1
-54;40;21;0;1
-30;-35;14;1;1
-32;25;45;1;1
-38;-7;28;1;1
-37;-25;20;1;1
-15;-5;25;0;1
-31;-4;18;1;1
-57;29;18;0;1
-42;6;48;1;1
-23;-2;33;1;1
-25;-4;56;1;1
-24;-20;22;0;1
-44;-3;18;1;1
-29;-9;62;0;1
-19;-19;29;0;1
-30;17;60;1;1
-43;28;41;1;1
-28;-38;37;0;1
-26;24;54;0;1
-32;-6;50;0;1
-28;24;30;1;1
-45;6;34;0;1
-40;6;40;0;1
-60;-9;36;1;1
-42;-27;46;0;1
-28;8;8;0;1
-38;34;14;0;1
-36;33;20;0;1
-21;-19;57;0;1
-20;-7;30;0;1
-22;27;55;0;1
-23;3;16;0;1
-36;46;18;1;1
-24;-12;9;0;1
-17;-25;59;0;1
-24;23;60;0;1
-32;-22;24;0;1
-45;-11;34;1;1
-52;21;36;1;1
-23;-3;24;0;1
-58;-20;18;0;1
-33;-49;33;0;1
-30;-47;42;0;1
-21;33;55;0;1
-27;0;46;0;1
-35;11;19;0;1
-50;9;16;1;1
-46;-18;21;0;1
-43;-43;26;0;1
-52;-26;16;1;1
-26;-16;21;0;1
-41;11;41;0;1
-48;17;18;0;1
-19;-28;15;1;1
-11;14;35;0;1
-20;-1;28;0;1
-43;-16;44;1;1
-33;48;24;1;1
-52;-19;43;0;1
-25;4;59;0;1
-31;1;56;1;1
-50;-15;46;0;1
-45;-9;42;1;1
-36;-17;11;0;1
-14;5;28;1;1
-16;23;51;0;1
-40;-29;23;0;1
-34;-9;45;0;1
-26;-10;40;1;1
-52;18;36;1;1
-55;24;30;0;1
-57;25;34;0;1
-32;-11;24;0;1
-17;20;62;0;1
-33;-30;51;0;1
-48;4;37;0;1
-28;-42;49;0;1
-34;-13;23;0;1
-39;-28;26;0;1
-22;2;43;1;1
-33;45;43;0;1
-47;42;29;1;1
-47;24;20;0;1
-25;2;18;0;1
-48;-22;30;0;1
-33;36;15;0;1
-29;2;55;0;1
-31;-9;51;1;1
-24;16;28;1;1
-56;-37;18;0;1
-33;29;31;0;1
-63;-11;27;1;1
-51;0;47;0;1
-38;-23;52;0;1
-45;21;40;0;1
-18;14;47;0;1
-42;-7;56;0;1
-48;-16;21;0;1
-19;12;40;1;1
-25;1;39;0;1
-50;34;35;1;1
-28;10;35;1;1
-34;30;46;1;1
-49;-19;27;1;1
-60;24;19;0;1
-28;0;46;0;1
-24;26;46;0;1
-44;9;45;1;1
-38;4;38;0;1
-22;24;36;1;1
-45;23;26;0;1
-23;-37;54;0;1
-47;-7;16;0;1
-42;3;35;1;1
-45;-6;38;0;1
-38;5;27;1;1
-16;18;40;1;1
-34;-5;12;1;1
-43;10;37;1;1
-35;-28;43;0;1
-40;-25;30;0;1
-24;-24;46;0;1
-26;-2;30;1;1
-28;4;56;0;1
-30;-17;22;1;1
-55;-22;20;1;1
-16;-16;54;1;1
-48;3;40;1;1
-26;-15;29;0;1
-30;-7;48;0;1
-19;6;25;0;1
-34;-5;61;1;1
-30;-17;11;1;1
-30;35;29;0;1
-27;-4;62;0;1
-20;9;16;0;1
-26;-25;36;0;1
-57;-23;35;0;1
-26;5;47;0;1
-33;-5;24;1;1
-25;26;60;1;1
-38;28;49;1;1
-47;22;48;1;1
-15;-25;38;0;1
-22;33;19;1;1
-25;7;19;1;1
-22;37;24;0;1
-21;-18;34;0;1
-49;19;29;0;1
-21;19;31;0;1
-14;14;33;0;1
-23;26;20;0;1
-18;-21;64;0;1
-35;-36;23;1;1
-36;-29;17;1;1
-38;25;30;0;1
-15;-18;58;0;1
-21;-15;16;0;1
-31;-38;45;0;1
-14;3;23;0;1
-26;28;18;0;1
-30;51;35;1;1
-32;1;47;0;1
-23;-19;53;0;1
-16;9;43;0;1
-25;23;33;0;1
-47;45;21;1;1
-31;25;28;0;1
-30;24;33;1;1
-39;2;55;0;1
-27;-11;9;1;1
-18;-22;49;0;1
-24;11;56;0;1
-24;-26;47;1;1
-26;-29;46;0;1
-16;-8;47;1;1
-31;11;21;1;1
-24;-4;37;1;1
-22;27;44;1;1
-21;25;61;0;1
-44;-16;24;0;1
-52;-18;21;0;1
-62;-1;26;1;1
-20;-24;11;1;1
-29;8;62;0;1
-53;-20;27;1;1
-30;-46;34;0;1
-49;-6;17;1;1
-47;30;18;0;1
-41;-23;16;1;1
-17;-16;58;0;1
-20;1;41;0;1
-34;29;46;1;1
-25;28;27;1;1
-23;-6;42;0;1
-50;28;18;0;1
-21;15;29;0;1
-37;6;15;0;1
-64;5;22;0;1
-54;30;28;0;1
-32;42;33;0;1
-43;-15;37;1;1
-44;-22;19;1;1
-23;27;23;0;1
-48;31;35;0;1
-55;7;43;0;1
-59;7;24;1;1
-49;-19;29;0;1
-25;20;22;0;1
-34;3;14;1;1
-22;-11;64;1;1
-47;15;37;0;1
-63;13;26;0;1
-26;-11;8;0;1
-25;-19;41;1;1
-29;-13;59;1;1
-30;3;46;0;1
-27;2;46;0;1
-48;-27;20;0;1
-20;-33;28;1;1
-48;0;17;0;1
-57;-20;24;1;1
-38;40;25;1;1
-41;9;18;0;1
-36;20;53;1;1
-22;-12;47;0;1
-37;27;29;0;1
-60;-19;20;1;1
-14;15;50;0;1
-31;-12;12;0;1
-53;4;22;1;1
-48;13;45;0;1
-24;-21;52;1;1
-25;18;30;1;1
-41;-10;16;0;1
-12;-19;36;1;1
-20;11;12;0;1
-45;-24;32;0;1
-27;14;35;1;1
-31;-23;12;1;1
-56;-15;22;0;1
-36;43;19;1;1
-37;5;14;0;1
-26;-7;51;0;1
-34;9;37;0;1
-25;-9;25;1;1
-20;-32;57;0;1
-23;-17;47;0;1
-61;-13;18;0;1
-48;27;38;0;1
-32;14;32;0;1
-48;2;52;0;1
-44;24;34;0;1
-49;25;21;0;1
-17;-13;18;1;1
-33;-10;22;1;1
-20;18;65;0;1
-17;20;22;0;1
-38;-27;51;0;1
-39;27;15;0;1
-28;23;30;0;1
-63;11;20;0;1
-47;-18;29;0;1
-47;5;26;1;1
-37;-33;43;1;1
-28;-17;21;0;1
-36;5;27;1;1
-43;30;42;0;1
-37;13;48;0;1
-24;-41;38;0;1
-24;-35;50;1;1
-38;28;20;0;1
-9;-8;32;0;1
-30;14;56;0;1
-23;23;49;0;1
-25;-32;55;1;1
-28;-30;22;1;1
-27;-3;41;1;1
-22;16;39;0;1
-26;-27;52;0;1
-14;-22;54;1;1
-29;0;54;1;1
-64;-6;26;1;1
-23;14;60;0;1
-61;16;30;0;1
-17;17;40;0;1
-17;4;46;1;1
-30;29;27;0;1
-22;22;55;1;1
-23;11;37;0;1
-51;-39;23;0;1
-16;12;29;0;1
-21;13;30;0;1
-40;3;21;1;1
-18;-20;45;0;1
-57;-21;33;0;1
-43;8;19;1;1
-45;5;15;0;1
-40;-49;17;1;1
-21;-11;20;0;1
-41;7;30;0;1
-30;-24;55;1;1
-38;17;45;0;1
-43;25;17;1;1
-36;-30;26;1;1
-48;-25;41;0;1
-48;20;40;0;1
-28;-21;26;1;1
-39;10;46;1;1
-46;-26;46;0;1
-20;-2;51;0;1
-47;44;29;1;1
-52;10;18;0;1
-27;-40;43;1;1
-37;-4;20;0;1
-58;-14;37;1;1
-64;-11;20;1;1
-38;18;40;1;1
-48;-7;29;1;1
-35;46;33;1;1
-25;-40;19;1;1
-22;21;33;1;1
-35;-37;17;1;1
-29;-46;17;0;1
-28;-34;33;0;1
-22;-11;33;1;1
-32;3;52;1;1
-27;-37;44;0;1
-26;-21;12;1;1
-24;-25;29;0;1
-35;40;27;0;1
-36;-13;54;0;1
-38;-41;27;0;1
-12;18;14;1;1
-37;-21;31;0;1
-38;-10;32;1;1
-44;19;13;1;1
-25;7;47;0;1
-38;12;20;1;1
-20;-7;32;0;1
-24;-20;57;0;1
-42;-11;12;1;1
-43;-34;21;1;1
-29;24;33;1;1
-16;-22;30;0;1
-17;-9;38;0;1
-21;-18;20;1;1
-47;-17;31;0;1
-17;24;10;1;1
-20;-6;15;1;1
-58;4;35;1;1
-19;-13;14;1;1
-56;7;23;0;1
-21;25;63;0;1
-51;-12;42;1;1
-34;2;55;0;1
-49;-13;14;0;1
-24;19;20;0;1
-29;4;21;0;1
-30;31;23;0;1
-29;-9;44;1;1
-33;-28;23;0;1
-16;24;11;1;1
-30;10;21;0;1
-25;-23;62;0;1
-35;-47;26;0;1
-22;25;54;1;1
-51;15;30;1;1
-42;-28;49;1;1
-60;28;24;0;1
-23;6;62;0;1
-43;23;32;1;1
-66;8;22;0;1
-41;-10;32;1;1
-26;-1;17;0;1
-35;-25;14;1;1
-31;23;48;0;1
-22;-16;54;0;1
-27;-8;30;0;1
-26;38;50;1;1
-13;20;63;0;1
-39;40;27;0;1
-25;10;40;1;1
-21;-6;39;1;1
-26;22;11;0;1
-30;-35;45;1;1
-38;-39;31;0;1
-33;19;24;0;1
-20;22;48;0;1
-18;30;27;0;1
-45;45;31;0;1
-34;-27;25;0;1
-51;-9;47;1;1
-24;28;46;0;1
-44;12;31;1;1
-43;-7;45;0;1
-40;28;28;0;1
-28;1;39;0;1
-18;-6;21;1;1
-34;36;33;0;1
-53;28;27;0;1
-26;18;54;0;1
-18;-3;28;0;1
-18;-12;21;1;1
-55;11;25;1;1
-24;27;50;1;1
-19;-18;9;0;1
-24;-20;47;0;1
-49;-29;40;0;1
-27;-37;19;1;1
-18;17;12;1;1
-40;23;35;1;1
-53;19;21;0;1
-18;-2;34;0;1
-29;10;27;0;1
-43;0;14;0;1
-24;-13;14;1;1
-52;8;16;1;1
-19;-10;40;1;1
-49;-10;43;1;1
-54;-10;44;1;1
-41;26;24;0;1
-43;-42;25;0;1
-39;39;37;1;1
-23;23;33;1;1
-40;-19;25;0;1
-49;14;40;0;1
-45;44;20;0;1
-56;15;18;1;1
-35;-8;59;0;1
-51;-27;34;0;1
-17;-5;29;0;1
-18;18;19;0;1
-47;23;48;0;1
-29;9;28;0;1
-43;12;55;1;1
-35;15;18;0;1
-21;-5;12;0;1
-24;18;45;0;1
-16;21;16;1;1
-26;-12;27;0;1
-30;44;25;0;1
-38;-5;24;0;1
-46;10;21;1;1
-64;-15;20;0;1
-18;-31;52;0;1
-38;13;35;0;1
-45;-31;42;0;1
-49;0;15;1;1
-12;4;30;0;1
-33;-36;16;0;1
-44;-34;41;0;1
-24;18;26;0;1
-24;-19;39;1;1
-36;-41;26;1;1
-23;-19;42;0;1
-35;48;18;0;1
-32;16;45;0;1
-52;-4;38;0;1
-25;31;48;1;1
-29;-1;58;1;1
-28;-2;16;1;1
-26;-31;31;0;1
-27;28;53;0;1
-31;-27;57;0;1
-11;-11;37;0;1
-36;-6;21;0;1
-18;12;26;0;1
-42;-14;26;0;1
-38;-43;34;0;1
-23;29;41;0;1
-17;-9;28;0;1
-40;25;27;1;1
-16;12;21;0;1
-35;-49;28;0;1
-34;-45;32;0;1
-16;-3;34;1;1
-57;2;20;1;1
-39;20;46;0;1
-18;2;42;0;1
-16;19;53;1;1
-16;11;33;0;1
-54;15;28;0;1
-54;-7;35;0;1
-15;11;34;0;1
-19;-13;43;0;1
-49;12;35;1;1
-49;17;23;1;1
-24;20;49;1;1
-21;4;54;1;1
-23;16;45;0;1
-17;-23;42;0;1
-25;2;49;1;1
-60;-9;20;0;1
-40;-26;24;1;1
-56;-20;29;0;1
-18;19;64;0;1
-27;8;13;0;1
-28;-22;36;1;1
-61;-9;21;0;1
-34;-35;49;1;1
-34;-26;25;1;1
-16;-16;59;0;1
-23;-22;26;0;1
-47;0;34;1;1
-31;40;20;1;1
-18;-25;32;0;1
-21;-31;51;0;1
-40;-36;24;0;1
-15;-20;58;1;1
-21;19;32;1;1
-36;-27;38;1;1
-47;20;26;0;1
-46;-8;27;0;1
-22;-33;58;0;1
-27;9;15;1;1
-31;15;37;1;1
-29;-4;26;1;1
-25;0;46;1;1
-27;-13;46;0;1
-21;-12;14;1;1
-42;-30;48;1;1
-50;16;43;1;1
-36;27;31;0;1
-31;4;34;1;1
-19;5;26;1;1
-47;4;45;0;1
-41;26;19;0;1
-29;-9;38;1;1
-38;49;27;1;1
-31;-22;55;0;1
-43;-21;30;0;1
-37;7;45;0;1
-39;-45;30;1;1
-36;24;35;0;1
-34;-39;37;0;1
-64;-5;23;1;1
-41;-21;45;0;1
-18;-30;61;0;1
-38;0;50;0;1
-12;17;13;1;1
-40;-27;48;1;1
-21;-21;12;0;1
-22;22;63;0;1
-9;-15;23;1;1
-38;11;42;1;1
-25;-20;48;0;1
-32;10;36;0;1
-45;-5;39;0;1
-29;38;29;0;1
-34;5;48;1;1
-42;25;16;0;1
-15;-21;27;0;1
-14;22;22;1;1
-47;-5;25;0;1
-46;-9;40;1;1
-40;43;26;0;1
-33;-30;13;1;1
-45;-11;50;0;1
-41;-28;16;1;1
-37;-16;38;0;1
-30;-26;48;0;1
-45;-34;41;1;1
-17;29;30;0;1
-37;-53;27;0;1
-30;-3;51;1;1
-61;-27;24;0;1
-21;16;58;0;1
-24;-3;51;0;1
-40;37;29;0;1
-27;-6;47;0;1
-42;-29;34;1;1
-25;-29;38;1;1
-39;43;31;1;1
-27;34;54;1;1
-33;30;34;0;1
-36;50;18;0;1
-41;26;29;1;1
-35;-58;19;0;1
-47;34;32;0;1
-48;-42;18;0;1
-28;-32;40;0;1
-53;19;19;1;1
-12;19;16;0;1
-18;4;40;0;1
-42;-37;15;0;1
-41;13;23;0;1
-36;26;18;0;1
-48;-19;26;1;1
-44;-6;45;0;1
-50;3;14;1;1
-33;-9;51;0;1
-54;21;40;1;1
-30;14;31;0;1
-12;-17;33;0;1
-37;-8;40;0;1
-52;31;26;0;1
-18;2;33;0;1
-36;35;37;0;1
-37;2;50;0;1
-38;-53;28;0;1
-19;-6;52;0;1
-24;38;50;1;1
-19;-13;24;1;1
-15;22;65;0;1
-45;-46;23;0;1
-31;-16;33;0;1
-30;-31;52;1;1
-42;-16;27;1;1
-28;29;27;0;1
-24;-18;59;0;1
-60;24;22;0;1
-56;20;28;0;1
-60;29;19;1;1
-49;-40;17;1;1
-24;-30;24;0;1
-34;45;42;1;1
-45;31;27;0;1
-60;6;37;1;1
-51;-2;44;0;1
-42;22;48;0;1
-30;-46;35;1;1
-27;18;50;0;1
-32;-34;18;0;1
-46;20;16;1;1
-47;-43;28;1;1
-46;-33;26;0;1
-50;-20;24;1;1
-38;24;16;0;1
-41;-37;36;0;1
-37;33;16;0;1
-32;-7;41;0;1
-20;33;21;0;1
-58;0;38;0;1
-22;26;44;1;1
-42;-32;15;0;1
-20;4;50;0;1
-45;-26;41;0;1
-59;-20;17;1;1
-26;-41;42;0;1
-26;6;34;0;1
-26;43;42;0;1
-48;-28;41;0;1
-33;-37;43;1;1
-34;-6;27;0;1
-52;12;42;0;1
-35;-23;30;0;1
-56;-11;16;0;1
-35;22;39;1;1
-45;30;33;1;1
-18;6;26;0;1
-19;-8;46;0;1
-19;-18;59;0;1
-40;-22;37;1;1
-51;-10;15;0;1
-23;-26;57;1;1
-46;-12;32;0;1
-43;-35;30;0;1
-27;-11;18;1;1
-23;-19;28;0;1
-61;-9;34;1;1
-36;23;12;0;1
-46;13;21;1;1
-12;8;27;0;1
-43;-27;44;1;1
-45;20;17;1;1
-49;25;28;0;1
-60;-29;21;0;1
-46;8;21;0;1
-20;13;12;1;1
-19;16;54;0;1
-42;0;31;1;1
-46;-7;53;1;1
-40;9;45;0;1
-37;16;58;0;1
-31;-4;38;1;1
-36;-10;60;0;1
-47;39;20;0;1
-57;4;27;1;1
-52;-18;26;1;1
-25;-29;24;0;1
-50;28;29;1;1
-27;-44;38;0;1
-48;-37;29;0;1
-37;-46;22;0;1
-32;-32;21;1;1
-28;9;18;0;1
-31;-40;21;0;1
-17;12;24;0;1
-57;-22;34;1;1
-54;-7;17;0;1
-29;-28;43;1;1
-32;-4;13;0;1
-44;22;45;1;1
-27;-6;59;0;1
-42;-12;17;1;1
-33;37;20;1;1
-47;-27;44;0;1
-44;29;46;0;1
-43;-13;28;0;1
-15;7;21;1;1
-36;-4;44;0;1
-20;-34;32;0;1
-30;-5;31;0;1
-40;38;35;0;1
-29;3;35;0;1
-27;12;60;0;1
-32;47;29;0;1
-17;-25;48;0;1
-32;46;22;0;1
-39;28;42;1;1
-63;-26;20;0;1
-46;13;36;0;1
-31;39;35;0;1
-56;6;42;0;1
-19;-16;12;1;1
-24;6;9;0;1
-57;-5;22;0;1
-30;-1;19;0;1
-25;-34;31;1;1
-31;7;12;1;1
-30;13;12;0;1
-52;-31;35;0;1
-48;-29;30;0;1
-23;-1;63;1;1
-42;-22;28;0;1
-25;24;27;1;1
-15;13;40;1;1
-28;-4;37;1;1
-50;-16;19;0;1
-57;-15;28;1;1
-44;47;30;1;1
-16;24;51;0;1
-23;4;36;0;1
-49;-3;32;1;1
-41;-6;40;0;1
-42;13;48;0;1
-54;-20;31;0;1
-22;10;34;0;1
-24;0;20;1;1
-21;4;20;0;1
-52;12;30;0;1
-28;-44;31;1;1
-38;-3;26;1;1
-27;13;63;0;1
-55;14;31;1;1
-37;42;27;0;1
-14;-24;22;0;1
-47;23;32;0;1
-23;21;58;1;1
-33;7;45;0;1
-34;-22;22;1;1
-30;-47;26;0;1
-33;40;23;1;1
-27;20;19;0;1
-39;10;18;1;1
-40;5;48;0;1
-26;-42;42;0;1
-23;32;29;1;1
-55;-36;24;1;1
-19;-18;21;0;1
-25;-15;11;1;1
-18;-17;57;0;1
-23;-11;59;0;1
-33;-10;30;1;1
-51;-34;27;0;1
-55;-18;16;0;1
-37;36;24;0;1
-36;14;39;1;1
-24;-23;14;0;1
-30;3;14;0;1
-27;36;15;0;1
-45;34;22;0;1
-21;-34;25;0;1
-19;-6;28;0;1
-35;33;44;0;1
-14;-17;16;1;1
-25;-43;32;1;1
-34;-27;49;0;1
-26;40;42;0;1
-20;0;20;1;1
-23;-10;41;1;1
-24;8;32;0;1
-21;33;34;0;1
-29;-20;55;0;1
-31;16;58;0;1
-27;-43;35;0;1
-36;-10;46;0;1
-52;12;16;1;1
-23;7;36;0;1
-13;-5;22;1;1
-30;-17;13;1;1
-42;-34;33;0;1
-24;-16;49;0;1
-19;3;26;0;1
-51;-30;39;1;1
-46;26;26;0;1
-21;33;13;0;1
-20;17;39;0;1
-31;29;22;0;1
-64;3;23;0;1
-66;-4;24;0;1
-32;-33;40;1;1
-36;13;14;0;1
-46;15;41;1;1
-22;7;34;0;1
-44;38;39;0;1
-24;-41;22;0;1
-29;47;26;0;1
-45;25;15;0;1
-37;-26;40;0;1
-30;33;15;1;1
-45;19;25;1;1
-54;15;16;1;1
-46;-6;33;0;1
-53;11;27;1;1
-14;3;31;1;1
-57;3;32;1;1
-48;29;25;1;1
-16;-16;51;0;1
-35;-36;49;1;1
-28;-38;15;0;1
-41;7;24;0;1
-29;48;21;0;1
-23;-24;56;1;1
-64;15;23;0;1
-36;-21;37;1;1
-34;-48;25;1;1
-15;-25;37;0;1
-24;22;59;0;1
-43;-6;31;0;1
-52;32;26;0;1
-20;-31;59;0;1
-18;-23;29;1;1
-26;20;34;0;1
-20;-5;22;0;1
-43;4;51;1;1
-40;40;16;0;1
-28;-10;50;0;1
-23;19;12;1;1
-40;-8;31;0;1
-17;-20;19;0;1
-23;-14;35;1;1
-19;-14;21;1;1
-37;0;51;0;1
-38;-24;51;0;1
-38;-35;43;0;1
-46;-33;33;0;1
-31;-15;11;1;1
-23;6;56;0;1
-49;-2;27;0;1
-48;-27;23;0;1
-27;2;56;0;1
-16;-13;30;1;1
-50;3;33;0;1
-38;-34;20;0;1
-26;-40;34;0;1
-19;17;38;0;1
-28;-12;55;1;1
-46;-11;24;1;1
-37;-4;14;1;1
-23;-33;46;0;1
-22;-31;12;0;1
-20;6;42;0;1
-14;18;51;0;1
-42;14;13;0;1
-24;-40;15;0;1
-40;-2;35;0;1
-38;-40;39;0;1
-40;34;27;1;1
-21;-29;22;0;1
-29;11;55;0;1
-37;-5;40;0;1
-38;-8;11;0;1
-29;-44;36;1;1
-32;-35;33;0;1
-20;-30;29;0;1
-36;-5;30;1;1
-44;-5;38;0;1
-36;-47;38;0;1
-28;-35;46;1;1
-45;48;25;0;1
-18;13;24;0;1
-49;19;30;1;1
-29;5;59;0;1
-52;-16;36;1;1
-36;2;33;0;1
-17;-11;14;0;1
-24;2;63;0;1
-39;-1;32;0;1
-48;10;47;1;1
-38;-14;36;1;1
-27;24;12;1;1
-35;-3;17;1;1
-37;-6;19;1;1
-32;23;26;1;1
-51;-32;23;0;1
-17;-5;30;1;1
-17;-29;46;0;1
-51;-2;16;0;1
-29;-18;17;0;1
-58;8;32;0;1
-22;31;40;0;1
-45;28;29;0;1
-14;-12;35;0;1
-33;36;25;1;1
-24;-15;35;0;1
-41;20;31;0;1
-40;-6;34;0;1
-30;35;17;1;1
-33;8;51;1;1
-42;-39;29;1;1
-28;1;43;0;1
-44;-17;17;0;1
-31;-33;23;0;1
-48;34;33;0;1
-20;29;33;0;1
-28;6;36;1;1
-44;6;28;0;1
-20;14;34;0;1
-20;-21;58;0;1
-21;-28;27;0;1
-31;-16;40;0;1
-62;13;28;0;1
-48;23;28;1;1
-35;24;41;0;1
-16;8;21;0;1
-15;-20;48;0;1
-13;-1;26;0;1
-55;-6;32;0;1
-36;-37;29;1;1
-16;-18;65;1;1
-33;7;49;0;1
-51;19;39;1;1
-23;17;15;0;1
-30;19;27;0;1
-37;1;45;1;1
-27;3;19;1;1
-47;45;20;1;1
-52;15;22;1;1
-39;-37;20;0;1
-51;6;19;0;1
-30;0;22;1;1
-48;-19;32;0;1
-21;-9;41;1;1
-18;-30;42;0;1
-26;28;57;0;1
-35;5;45;1;1
-18;-25;41;1;1
-45;42;20;0;1
-27;-27;35;1;1
-35;9;43;0;1
-27;1;9;1;1
-57;-8;38;0;1
-43;-1;24;0;1
-23;-16;62;1;1
-34;-5;51;1;1
-22;-12;28;0;1
-56;-3;42;1;1
-33;-23;12;0;1
-30;-47;33;0;1
-22;-13;11;0;1
-40;31;48;0;1
-43;-1;53;0;1
-47;44;27;0;1
-31;41;15;0;1
-24;-12;57;0;1
-32;-16;19;0;1
-36;36;33;0;1
-15;15;56;0;1
-24;17;30;1;1
-46;-37;18;0;1
-35;40;44;0;1
-50;12;24;1;1
-32;-33;49;1;1
-25;7;16;1;1
-44;-4;31;1;1
-37;2;54;0;1
-47;-21;20;1;1
-42;-25;19;0;1
-25;14;63;0;1
-34;9;54;1;1
-57;19;20;0;1
-25;27;45;1;1
-37;-22;49;0;1
-14;-19;23;0;1
-43;-24;16;0;1
-35;45;32;0;1
-20;-6;16;0;1
-62;-14;29;0;1
-51;26;36;1;1
-30;-19;19;1;1
-29;7;10;0;1
-27;23;50;1;1
-32;-43;24;0;1
-32;-27;29;0;1
-23;-22;9;0;1
-40;34;35;1;1
-13;-22;55;0;1
-43;4;55;0;1
-50;15;47;0;1
-47;23;34;1;1
-61;0;27;0;1
-16;21;19;0;1
-35;12;51;1;1
-34;-1;59;1;1
-10;-15;48;1;1
-32;31;42;0;1
-33;33;34;1;1
-33;35;37;0;1
-32;37;32;0;1
-54;1;35;0;1
-29;42;41;1;1
-23;-26;33;0;1
-24;-15;54;0;1
-52;-29;38;1;1
-24;-7;66;0;1
-30;-18;31;0;1
-20;5;44;0;1
-44;-34;37;1;1
-40;-3;11;0;1
-41;-32;47;0;1
-27;-33;31;0;1
-36;-4;29;0;1
-21;-27;54;0;1
-47;4;19;1;1
-31;-1;33;0;1
-24;34;39;1;1
-29;-47;24;0;1
-8;11;37;0;1
-15;22;8;1;1
-18;-11;52;0;1
-36;16;25;1;1
-17;-22;12;0;1
-50;44;24;0;1
-31;-33;54;0;1
-35;45;41;0;1
-52;26;20;1;1
-42;34;16;0;1
-17;-29;62;0;1
-14;21;21;0;1
-26;-9;63;0;1
-15;-21;41;0;1
-39;-28;20;0;1
-35;35;42;1;1
-57;-20;17;0;1
-15;3;37;1;1
-21;10;16;0;1
-17;28;63;1;1
-36;3;27;0;1
-24;6;7;1;1
-46;-21;49;1;1
-34;-33;27;1;1
-25;7;36;0;1
-16;-12;27;1;1
-21;-3;32;1;1
-33;25;56;0;1
-30;-4;14;1;1
-51;-37;29;0;1
-42;-22;20;0;1
-17;-24;14;0;1
-45;-10;23;0;1
-16;0;25;1;1
-33;39;30;1;1
-31;-9;60;0;1
-28;-16;62;0;1
-28;-16;26;0;1
-26;36;45;0;1
-28;-29;31;0;1
-46;16;24;0;1
-29;26;21;1;1
-28;6;26;1;1
-41;-14;40;0;1
-15;0;26;1;1
-43;11;20;1;1
-29;-11;31;0;1
-39;-7;26;1;1
-40;2;38;0;1
-14;-13;37;1;1
-23;-8;52;1;1
-44;-33;23;1;1
-26;39;50;0;1
-21;16;30;1;1
-47;3;49;0;1
-44;-25;39;0;1
-24;-6;15;1;1
-36;13;45;1;1
-27;35;30;0;1
-12;-12;45;1;1
-41;-15;34;0;1
-58;2;25;0;1
-20;27;38;0;1
-8;-12;36;1;1
-62;10;20;1;1
-8;12;27;1;1
-24;-37;40;1;1
-24;12;27;0;1
-36;-1;31;1;1
-23;-33;37;0;1
-22;0;24;0;1
-37;-10;20;1;1
-44;-29;26;1;1
-46;7;41;0;1
-25;-31;47;1;1
-23;12;36;0;1
-51;-22;34;0;1
-18;-30;18;0;1
-33;35;22;0;1
-34;-10;10;1;1
-40;-47;35;1;1
-34;40;19;1;1
-47;42;22;1;1
-29;25;15;0;1
-40;-16;17;0;1
-57;-15;27;1;1
-46;-24;30;1;1
-38;-19;21;0;1
-24;-26;24;0;1
-42;29;19;0;1
-23;28;33;0;1
-45;-10;33;1;1
-15;16;38;1;1
-25;8;35;0;1
-39;-25;50;0;1
-48;2;37;0;1
-24;-13;46;1;1
-28;13;9;1;1
-42;16;20;0;1
-15;9;24;0;1
-33;4;14;0;1
-21;30;16;1;1
-17;2;39;0;1
-32;34;35;0;1
-49;-12;48;0;1
-37;-35;16;0;1
-7;-8;26;0;1
-33;38;25;0;1
-51;15;46;0;1
-38;45;21;0;1
-51;14;42;0;1
-20;13;9;1;1
-18;25;64;1;1
-45;-15;23;0;1
-28;42;48;0;1
-22;-28;25;0;1
-21;24;30;1;1
-44;8;49;1;1
-27;-14;25;1;1
-13;-22;33;0;1
-22;-35;35;0;1
-38;25;42;1;1
-62;2;30;1;1
-50;31;21;0;1
-12;-20;40;1;1
-30;18;11;1;1
-35;-35;21;1;1
-34;37;21;1;1
-20;-19;22;0;1
-31;-13;39;0;1
-58;-19;21;1;1
-35;7;28;1;1
-29;-45;41;1;1
-31;2;45;0;1
-14;19;37;0;1
-35;40;24;0;1
-31;11;51;0;1
-28;-31;51;0;1
-34;19;55;0;1
-16;-24;16;0;1
-57;-9;18;0;1
-27;-21;13;0;1
-43;-42;28;0;1
-38;-23;31;1;1
-48;19;22;1;1
-16;-17;49;0;1
-41;4;33;1;1
-25;8;25;0;1
-54;-18;17;0;1
-32;-2;20;0;1
-40;-47;34;0;1
-33;34;21;0;1
-12;-12;42;1;1
-40;-46;31;1;1
-49;1;33;0;1
-50;-19;25;0;1
-21;-12;48;0;1
-23;-18;16;0;1
-31;9;13;0;1
-32;21;39;0;1
-15;-17;15;0;1
-33;-3;47;0;1
-28;31;14;0;1
-31;-23;24;0;1
-39;2;18;1;1
-28;38;38;0;1
-43;-7;25;0;1
-39;-20;13;1;1
-44;38;25;0;1
-46;5;38;0;1
-44;-3;20;1;1
-46;33;32;0;1
-24;-31;21;1;1
-25;22;22;0;1
-17;11;28;0;1
-50;0;45;1;1
-50;7;43;0;1
-28;-21;16;1;1
-13;-22;22;0;1
-57;-14;36;0;1
-41;-25;28;0;1
-26;-16;14;1;1
-36;-34;32;0;1
-40;-18;48;0;1
-44;32;40;0;1
-33;24;41;1;1
-34;-18;11;0;1
-41;-33;27;0;1
-36;-25;54;0;1
-21;-4;29;0;1
-29;10;38;0;1
-23;-16;45;0;1
-54;-28;35;1;1
-16;22;22;1;1
-12;12;39;0;1
-32;2;12;1;1
-62;-20;25;0;1
-27;31;36;0;1
-61;-5;23;0;1
-33;-15;59;1;1
-27;-12;49;1;1
-14;-19;42;0;1
-34;43;35;0;1
-20;32;16;0;1
-41;-15;31;1;1
-52;30;26;0;1
-24;3;31;0;1
-44;-9;49;1;1
-37;-32;33;0;1
-61;-19;22;0;1
-10;14;36;0;1
-46;-29;28;0;1
-22;-6;31;0;1
-32;-48;19;0;1
-44;41;31;0;1
-44;24;36;1;1
-53;7;43;0;1
-39;-36;16;1;1
-41;34;16;0;1
-21;-21;56;0;1
-47;40;32;0;1
-14;-7;21;1;1
-17;17;23;0;1
-37;23;25;0;1
-31;25;37;1;1
-35;-4;35;0;1
-50;10;14;0;1
-22;-17;42;1;1
-24;-8;14;1;1
-38;42;27;0;1
-51;17;37;0;1
-35;-39;17;1;1
-29;11;45;0;1
-35;45;38;0;1
-38;-24;38;1;1
-40;38;17;0;1
-45;-35;28;0;1
-32;19;11;0;1
-60;-14;32;0;1
-50;31;17;0;1
-24;-41;36;0;1
-44;2;21;0;1
-18;-5;22;1;1
-37;8;30;0;1
-21;14;65;0;1
-36;26;14;1;1
-13;-20;56;1;1
-32;42;34;0;1
-26;-44;49;0;1
-25;5;44;1;1
-35;-22;28;0;1
-27;-31;26;1;1
-38;12;28;0;1
-47;8;26;0;1
-41;48;19;1;1
-26;14;54;1;1
-59;27;23;0;1
-53;-24;39;1;1
-41;-12;22;1;1
-21;18;16;0;1
-13;7;35;1;1
-15;16;35;0;1
-34;-19;43;1;1
-64;-4;28;0;1
-18;-28;11;0;1
-31;-50;31;1;1
-31;-1;17;1;1
-39;-3;30;0;1
-49;45;22;0;1
-18;25;47;0;1
-59;25;23;0;1
-32;37;14;0;1
-40;-30;33;1;1
-47;-32;42;1;1
-54;36;20;0;1
-15;-4;26;1;1
-56;20;33;0;1
-33;54;32;1;1
-31;-13;34;0;1
-49;-42;20;0;1
-34;3;46;1;1
-30;-32;26;1;1
-51;-4;14;0;1
-60;-13;20;0;1
-16;12;35;0;1
-35;-11;58;0;1
-55;-19;26;0;1
-35;-31;22;0;1
-49;16;16;1;1
-28;6;32;1;1
-41;-4;51;0;1
-50;-32;18;1;1
-44;19;38;0;1
-47;-25;46;1;1
-48;-4;38;0;1
-23;15;48;0;1
-24;-1;56;0;1
-18;-22;11;0;1
-33;-4;24;0;1
-41;-37;25;0;1
-20;17;61;1;1
-29;-7;38;0;1
-37;-23;46;0;1
-23;-20;36;0;1
-26;-11;10;0;1
-18;-20;39;1;1
-39;5;52;0;1
-46;21;15;0;1
-52;-14;18;0;1
-38;-46;20;0;1
-28;6;25;0;1
-33;8;16;1;1
-32;-49;36;0;1
-48;-16;23;1;1
-38;-37;17;0;1
-37;-36;23;0;1
-21;-8;33;1;1
-35;-4;49;0;1
-55;-6;23;1;1
-35;-26;50;1;1
-34;27;12;1;1
-51;22;19;0;1
-46;-4;44;0;1
-33;-24;58;0;1
-29;-50;34;1;1
-18;18;49;1;1
-41;5;43;0;1
-49;-21;35;0;1
-62;-18;22;0;1
-42;22;45;1;1
-47;23;37;0;1
-48;-8;46;1;1
-61;-29;21;0;1
-43;36;25;0;1
-42;-43;17;1;1
-20;-11;52;1;1
-46;-43;30;0;1
-40;19;43;1;1
-40;-33;31;1;1
-58;18;36;1;1
-52;-25;39;1;1
-20;-16;13;0;1
-39;-22;41;0;1
-23;-10;38;0;1
-68;0;20;0;1
-23;0;11;0;1
-30;20;23;0;1
-54;33;31;0;1
-22;-18;31;1;1
-24;23;55;1;1
-15;25;55;0;1
-41;33;24;0;1
-21;-28;42;0;1
-55;-31;25;1;1
-22;-35;22;1;1
-25;31;32;1;1
-36;-12;18;1;1
-19;26;35;1;1
-47;-28;21;0;1
-23;14;12;0;1
-30;-3;16;0;1
-45;-43;24;0;1
-46;-25;18;0;1
-22;-11;65;0;1
-47;-17;21;1;1
-34;41;45;1;1
-33;-45;30;0;1
-43;-11;24;0;1
-19;17;47;0;1
-33;-13;31;1;1
-46;2;49;0;1
-33;-5;25;1;1
-50;13;48;0;1
-60;2;19;0;1
-39;-10;43;1;1
-29;19;57;1;1
-24;38;49;0;1
-37;40;22;1;1
-33;-23;14;0;1
-22;4;53;0;1
-41;15;27;0;1
-45;13;32;1;1
-40;21;34;0;1
-44;2;26;1;1
-40;8;52;0;1
-19;-32;47;0;1
-40;13;42;0;1
-15;13;28;1;1
-35;33;47;0;1
-32;-55;21;0;1
-36;44;34;1;1
-41;-19;51;0;1
-48;-33;31;0;1
-33;47;16;1;1
-35;-18;53;0;1
-19;15;51;0;1
-28;44;37;0;1
-32;-18;29;0;1
-29;-42;20;0;1
-33;-2;13;0;1
-41;-31;47;0;1
-39;-17;27;0;1
-46;-24;33;0;1
-41;9;55;1;1
-31;21;36;0;1
-35;-8;43;0;1
-47;-16;46;1;1
-22;-27;47;0;1
-26;16;17;1;1
-47;-27;22;1;1
-13;-19;40;0;1
-62;-17;22;0;1
-37;-32;19;0;1
-39;22;12;0;1
-34;26;32;0;1
-38;-11;51;0;1
-19;-25;34;1;1
-15;16;25;0;1
-34;11;40;1;1
-41;-3;23;0;1
-48;-8;26;0;1
-32;17;11;0;1
-23;5;61;0;1
-38;-30;39;1;1
-55;-4;35;0;1
-18;-8;15;0;1
-39;-2;59;0;1
-29;-32;35;0;1
-31;35;48;1;1
-35;18;12;0;1
-14;5;29;1;1
-44;31;46;0;1
-23;28;25;0;1
-10;8;24;0;1
-32;-53;33;0;1
-14;-10;18;0;1
-59;-19;19;1;1
-60;18;20;0;1
-28;47;26;1;1
-19;-22;62;0;1
-26;-35;26;1;1
-33;54;29;0;1
-44;4;26;0;1
-42;27;37;1;1
-31;-48;42;0;1
-36;2;10;0;1
-18;12;21;1;1
-23;26;52;1;1
-59;17;21;0;1
-54;-10;33;1;1
-62;-11;26;1;1
-26;7;13;1;1
-57;-2;33;0;1
-41;16;53;0;1
-39;-15;21;1;1
-24;-35;53;0;1
-31;-46;24;1;1
-22;30;18;0;1
-44;6;43;1;1
-27;-31;50;1;1
-52;-8;46;0;1
-31;-3;14;1;1
-44;-30;25;1;1
-43;-12;28;0;1
-45;-32;19;1;1
-25;-36;20;0;1
-45;-34;22;0;1
-37;-8;21;0;1
-21;-23;27;0;1
-32;-34;16;0;1
-39;-24;38;1;1
-21;28;52;1;1
-42;29;20;0;1
-30;37;40;1;1
-30;33;23;1;1
-28;-41;14;0;1
-41;-1;27;1;1
-33;-11;45;0;1
-22;-7;29;1;1
-28;-42;20;0;1
-9;-12;41;0;1
-32;43;23;0;1
-31;51;35;0;1
-33;-25;24;0;1
-35;-21;12;0;1
-43;-23;33;1;1
-46;-1;36;1;1
-34;45;33;1;1
-28;-13;48;1;1
-24;17;49;0;1
-37;32;49;1;1
-46;7;48;0;1
-23;-13;59;0;1
-9;-10;36;0;1
-24;38;35;1;1
-50;5;41;0;1
-41;-54;21;0;1
-12;13;42;1;1
-54;-4;30;0;1
-22;33;21;1;1
-45;-8;31;1;1
-33;0;28;0;1
-14;18;11;1;1
-33;-6;44;0;1
-25;-13;65;0;1
-48;-10;17;1;1
-36;-11;57;1;1
-35;-47;30;0;1
-26;-17;33;0;1
-26;-6;13;1;1
-35;-11;10;0;1
-57;2;16;1;1
-62;-8;31;1;1
-30;18;42;0;1
-27;-17;52;1;1
-31;-51;27;0;1
-12;18;26;1;1
-25;-19;56;0;1
-22;-22;33;0;1
-14;-24;19;0;1
-32;-39;36;0;1
-26;26;40;1;1
-25;41;48;1;1
-55;-21;32;1;1
-51;0;28;1;1
-49;-24;20;0;1
-55;-14;21;0;1
-41;-45;26;1;1
-22;38;31;0;1
-34;-26;23;0;1
-39;-9;17;1;1
-40;-25;24;0;1
-36;5;39;0;1
-11;-15;42;0;1
-36;-11;18;1;1
-34;20;54;0;1
-30;-39;51;0;1
-54;-29;29;0;1
-24;11;57;0;1
-42;16;38;0;1
-21;-34;12;0;1
-24;-17;63;1;1
-23;-3;54;1;1
-16;17;18;1;1
-40;-20;31;0;1
-39;48;17;0;1
-47;36;33;0;1
-47;18;24;0;1
-40;-19;29;1;1
-45;28;28;1;1
-49;3;17;0;1
-31;-12;18;1;1
-47;-31;37;0;1
-51;10;36;1;1
-41;-3;17;0;1
-33;-33;46;1;1
-24;-18;62;1;1
-18;-1;38;1;1
-37;-39;31;1;1
-30;-13;18;1;1
-52;-29;31;0;1
-50;-5;43;0;1
-29;-37;39;0;1
-44;-33;40;0;1
-39;30;35;1;1
-50;-6;50;1;1
-29;-11;38;1;1
-60;11;33;0;1
-47;-13;25;1;1
-47;29;34;0;1
-14;24;34;0;1
-18;26;38;0;1
-14;-13;46;1;1
-32;-47;36;0;1
-50;-16;18;0;1
-24;7;32;0;1
-17;22;29;1;1
-22;-21;50;0;1
-25;15;24;1;1
-24;-28;34;1;1
-15;10;43;0;1
-19;-20;33;0;1
-13;-16;37;0;1
-30;28;45;1;1
-40;-7;34;0;1
-23;-14;43;0;1
-49;-11;18;1;1
-41;20;23;1;1
-27;11;24;0;1
-17;11;49;0;1
-25;-22;11;1;1
-27;-5;18;1;1
-27;7;52;0;1
-47;-12;44;0;1
-47;28;43;0;1
-26;-28;49;1;1
-49;-3;43;0;1
-31;-19;58;0;1
-30;-41;32;0;1
-46;-44;18;1;1
-25;16;37;0;1
-48;-2;16;0;1
-63;-16;27;1;1
-50;7;29;1;1
-43;-10;13;0;1
-44;-6;21;1;1
-30;15;58;1;1
-28;-4;23;0;1
-10;-17;18;1;1
-32;-5;53;1;1
-31;17;14;0;1
-15;-15;51;0;1
-48;-11;43;0;1
-29;38;28;0;1
-29;45;44;1;1
-45;1;44;0;1
-48;-21;15;0;1
-63;-14;24;1;1
-18;10;18;0;1
-31;22;59;0;1
-11;-19;13;0;1
-41;26;39;0;1
-39;-34;19;0;1
-43;-19;41;0;1
-35;19;17;0;1
-42;40;38;1;1
-44;-48;23;1;1
-23;-21;16;1;1
-40;37;43;0;1
-36;7;26;1;1
-29;-9;18;1;1
-38;-25;34;1;1
-45;42;19;1;1
-31;-49;31;0;1
-62;-13;29;1;1
-23;-4;42;0;1
-20;23;53;0;1
-21;-9;24;1;1
-39;-8;22;1;1
-53;-10;20;0;1
-47;20;36;1;1
-34;58;21;0;1
-40;-32;33;1;1
-49;7;17;1;1
-39;9;26;1;1
-23;-31;48;0;1
-33;27;55;0;1
-57;5;21;0;1
-32;13;58;0;1
-14;23;43;1;1
-32;10;47;1;1
-50;43;25;1;1
-28;4;57;1;1
-63;1;20;0;1
-46;22;46;1;1
-36;19;21;0;1
-22;16;49;0;1
-24;-32;56;0;1
-27;-19;54;1;1
-14;13;31;0;1
-63;-6;20;0;1
-22;0;16;0;1
-41;47;31;1;1
-31;-10;63;1;1
-17;-23;13;0;1
-46;16;22;1;1
-26;38;34;1;1
-29;-47;30;0;1
-29;1;10;0;1
-21;19;57;0;1
-39;-8;25;0;1
-40;-20;43;0;1
-28;23;21;0;1
-22;5;44;0;1
-38;48;25;0;1
-34;37;28;0;1
-10;-7;31;1;1
-46;-32;37;1;1
-18;-12;22;1;1
-27;-5;29;1;1
-24;25;47;0;1
-47;-4;41;0;1
-44;14;32;1;1
-38;-27;39;1;1
-19;14;21;1;1
-34;0;54;0;1
-26;15;50;0;1
-45;0;18;0;1
-39;-10;20;1;1
-31;49;24;1;1
-14;19;28;0;1
-51;2;40;0;1
-48;1;19;0;1
-38;25;17;0;1
-54;8;31;0;1
-38;-19;29;1;1
-47;-5;39;1;1
-24;-26;43;0;1
-44;-18;46;0;1
-49;9;28;1;1
-56;16;35;0;1
-18;16;25;0;1
-36;-6;44;0;1
-27;43;38;1;1
-29;-6;25;0;1
-45;4;37;0;1
-34;-4;42;1;1
-21;-18;54;1;1
-29;-3;16;1;1
-26;13;53;0;1
-36;57;21;0;1
-29;21;17;0;1
-21;35;40;0;1
-9;-13;31;0;1
-46;-30;28;0;1
-22;34;44;1;1
-31;28;24;0;1
-15;-20;56;0;1
-27;-19;59;0;1
-36;27;30;1;1
-34;28;34;1;1
-33;-18;14;1;1
-43;11;26;0;1
-57;-21;35;0;1
-19;-16;49;0;1
-44;-32;23;0;1
-48;-38;33;0;1
-42;-12;26;0;1
-25;6;10;0;1
-61;-5;29;0;1
-41;29;42;0;1
-44;-3;41;0;1
-14;-23;46;1;1
-24;-39;31;0;1
-29;-10;9;0;1
-20;7;18;1;1
-24;-24;24;0;1
-32;37;23;0;1
-25;27;19;0;1
-27;-36;17;0;1
-66;-2;26;0;1
-19;-19;40;0;1
-30;5;24;0;1
-29;32;23;0;1
-49;-40;27;0;1
-40;42;28;1;1
-43;22;15;0;1
-48;21;25;1;1
-47;44;28;1;1
-43;-30;15;1;1
-23;11;10;0;1
-44;-20;31;0;1
-54;18;28;0;1
-23;23;12;0;1
-28;25;28;1;1
-31;-29;20;0;1
-28;-18;28;1;1
-38;18;41;0;1
-22;-9;63;1;1
-37;-35;21;1;1
-55;-21;24;1;1
-46;9;48;0;1
-52;-39;25;0;1
-30;30;52;1;1
-37;6;59;1;1
-46;11;26;0;1
-27;-26;34;0;1
-52;-9;47;0;1
-38;2;53;0;1
-40;3;11;1;1
-54;-39;19;1;1
-60;20;21;1;1
-46;5;15;0;1
-64;-3;22;1;1
-36;22;39;1;1
-29;-43;41;0;1
-18;11;30;1;1
-29;15;53;1;1
-18;1;35;1;1
-32;19;28;0;1
-14;13;24;1;1
-11;-9;34;1;1
-53;-11;46;0;1
-34;23;34;1;1
-45;17;40;0;1
-54;2;18;0;1
-48;-39;27;0;1
-48;-20;30;0;1
-53;6;44;0;1
-55;-20;26;0;1
-45;4;28;0;1
-38;1;49;1;1
-25;-7;27;0;1
-39;19;12;0;1
-30;36;16;0;1
-23;24;21;1;1
-23;-23;25;1;1
-10;-14;33;0;1
-44;-28;42;0;1
-16;2;32;0;1
-28;43;24;1;1
-48;-1;52;0;1
-23;6;35;0;1
-20;-3;19;1;1
-47;-9;41;1;1
-24;11;38;0;1
-59;12;19;0;1
-54;-11;22;0;1
-38;-33;16;0;1
-57;20;32;0;1
-28;-6;65;0;1
-61;-7;31;1;1
-34;-14;60;1;1
-42;-41;30;0;1
-36;-4;49;0;1
-54;-13;20;0;1
-51;-12;23;1;1
-30;50;26;1;1
-38;23;24;0;1
-40;-7;42;0;1
-57;-8;34;1;1
-33;12;10;0;1
-63;10;31;1;1
-41;36;31;0;1
-52;25;22;1;1
-26;-36;21;0;1
-41;-45;20;1;1
-21;13;8;0;1
-37;-2;31;1;1
-29;33;17;0;1
-22;32;47;0;1
-17;-26;38;0;1
-37;-11;53;0;1
-14;16;54;0;1
-19;-22;18;0;1
-23;31;15;0;1
-46;-19;25;0;1
-45;27;33;0;1
-41;19;45;0;1
-35;4;39;0;1
-57;-9;33;1;1
-54;16;18;1;1
-23;7;64;0;1
-58;14;28;0;1
-37;56;23;0;1
-46;11;27;0;1
-18;-18;48;1;1
-35;36;18;1;1
-16;-25;16;0;1
-32;-20;39;0;1
-27;14;11;0;1
-47;-33;31;0;1
-29;-42;14;0;1
-18;13;54;0;1
-19;24;18;0;1
-49;24;42;0;1
-49;31;24;1;1
-34;0;30;1;1
-24;-26;16;0;1
-34;5;30;0;1
-34;-14;31;1;1
-47;28;38;0;1
-27;-13;45;0;1
-25;-14;63;0;1
-45;18;21;0;1
-25;-4;60;0;1
-29;-9;51;0;1
-33;4;9;0;1
-37;-25;54;0;1
-29;0;63;0;1
-19;-13;12;1;1
-19;16;56;1;1
-41;-11;12;1;1
-17;21;33;1;1
-42;-8;48;1;1
-14;12;17;0;1
-26;30;39;0;1
-14;24;50;1;1
-18;-17;33;0;1
-18;8;21;0;1
-23;19;8;1;1
-22;37;41;0;1
-17;-27;32;1;1
-20;18;59;1;1
-15;-15;47;0;1
-28;4;14;1;1
-41;4;13;1;1
-34;32;43;0;1
-54;-18;38;1;1
-25;-35;20;1;1
-28;-12;16;1;1
-26;15;13;0;1
-34;-37;50;0;1
-22;29;27;0;1
-13;22;59;0;1
-20;-19;58;0;1
-37;14;34;0;1
-55;-33;24;0;1
-22;4;16;0;1
-27;-9;52;0;1
-30;-42;38;0;1
-37;-41;20;1;1
-55;20;27;1;1
-41;14;37;0;1
-28;-7;15;1;1
-23;14;17;1;1
-20;34;22;0;1
-27;7;17;0;1
-29;15;40;0;1
-17;19;48;0;1
-36;25;26;0;1
-47;14;29;0;1
-30;-46;32;1;1
-21;25;59;1;1
-27;11;35;0;1
-28;-14;32;0;1
-42;-28;26;0;1
-22;-29;33;0;1
-23;-21;10;0;1
-31;11;35;0;1
-36;15;47;1;1
-50;-7;34;0;1
-36;29;37;0;1
-27;-39;43;0;1
-13;13;48;0;1
-48;12;21;0;1
-36;-22;12;0;1
-34;-23;49;0;1
-15;-14;32;0;1
-36;-19;49;0;1
-31;-16;59;0;1
-28;14;62;0;1
-49;17;39;0;1
-45;14;29;0;1
-40;-9;27;1;1
-37;27;51;1;1
-24;-16;37;1;1
-30;40;35;0;1
-45;5;29;1;1
-49;23;19;1;1
-23;-35;52;0;1
-29;-6;59;0;1
-20;-8;44;1;1
-49;2;44;1;1
-42;43;26;0;1
-35;33;49;0;1
-50;6;29;0;1
-29;-9;48;0;1
-49;-25;16;1;1
-40;17;54;0;1
-30;-31;45;0;1
-30;9;16;0;1
-42;-9;28;0;1
-43;-52;22;0;1
-44;33;32;0;1
-35;-5;61;0;1
-15;15;39;1;1
-37;5;44;1;1
-40;18;32;0;1
-34;7;20;1;1
-38;5;47;0;1
-37;2;21;1;1
-25;-7;29;1;1
-46;40;34;1;1
-38;-33;26;0;1
-24;38;21;0;1
-59;18;27;1;1
-39;31;39;0;1
-32;-36;16;0;1
-42;-17;39;1;1
-19;14;48;0;1
-27;-46;37;0;1
-30;-23;49;0;1
-29;22;54;0;1
-23;-2;32;0;1
-22;-19;29;0;1
-43;39;31;1;1
-42;24;14;0;1
-38;8;23;0;1
-33;13;20;0;1
-59;23;27;0;1
-23;23;25;0;1
-40;17;53;0;1
-29;-17;14;0;1
-21;-16;45;0;1
-14;-6;32;1;1
-38;13;11;0;1
-18;-5;40;0;1
-13;13;37;1;1
-20;26;24;0;1
-35;3;13;1;1
-39;21;51;0;1
-42;-20;16;1;1
-25;0;40;0;1
-24;34;42;0;1
-38;10;58;0;1
-19;10;37;0;1
-28;5;11;1;1
-23;-25;53;1;1
-33;16;40;0;1
-36;10;48;0;1
-24;27;35;0;1
-53;24;36;1;1
-20;8;59;1;1
-35;-36;41;0;1
-17;-16;34;0;1
-63;24;21;0;1
-28;-13;49;1;1
-35;16;30;0;1
-36;34;27;0;1
-47;9;31;0;1
-27;-43;32;1;1
-60;3;37;1;1
-22;6;40;1;1
-35;-14;42;1;1
-31;38;45;0;1
-55;15;36;0;1
-51;0;25;1;1
-38;-10;31;1;1
-37;9;13;0;1
-37;-8;38;0;1
-50;-6;21;1;1
-38;29;45;0;1
-28;6;17;0;1
-22;16;20;0;1
-32;-16;59;0;1
-37;-33;45;1;1
-21;27;36;0;1
-20;-28;32;1;1
-37;45;28;0;1
-17;6;42;1;1
-29;-26;16;0;1
-33;-12;51;0;1
-20;-1;47;0;1
-54;33;32;0;1
-43;3;48;1;1
-26;-12;63;0;1
-35;47;25;1;1
-47;-31;36;0;1
-17;-16;36;1;1
-15;5;31;1;1
-25;-16;61;1;1
-35;-28;46;1;1
-32;8;11;1;1
-27;23;21;0;1
-23;-11;7;0;1
-40;20;24;1;1
-35;11;43;0;1
-42;28;23;1;1
-46;-4;46;0;1
-41;19;30;0;1
-24;16;55;0;1
-42;3;48;0;1
-38;14;22;1;1
-51;-4;19;1;1
-41;-14;55;0;1
-37;-37;47;0;1
-35;-50;24;0;1
-57;-24;32;1;1
-18;25;15;1;1
-32;-33;31;0;1
-48;-14;19;0;1
-23;5;23;0;1
-57;-7;32;0;1
-33;14;40;0;1
-31;9;48;0;1
-48;-6;20;1;1
-48;-12;22;0;1
-25;-4;40;0;1
-47;35;24;0;1
-20;29;20;1;1
-30;29;16;1;1
-16;20;57;0;1
-35;3;17;1;1
-35;-8;41;0;1
-27;-45;27;0;1
-27;14;37;0;1
-21;10;34;0;1
-14;14;34;0;1
-58;-22;29;0;1
-46;1;50;0;1
-16;-14;18;1;1
-31;-11;16;1;1
-28;12;39;0;1
-52;3;26;1;1
-49;23;45;0;1
-40;23;33;0;1
-50;-30;21;1;1
-25;31;11;0;1
-23;-20;26;0;1
-20;20;22;1;1
-43;20;31;0;1
-36;-14;16;0;1
-43;16;35;0;1
-37;-33;46;1;1
-23;1;46;0;1
-16;7;45;1;1
-37;-5;23;0;1
-60;16;26;0;1
-51;12;31;0;1
-29;3;11;0;1
-48;31;40;0;1
-26;38;52;0;1
-52;-18;22;1;1
-40;-2;32;0;1
-26;-12;43;1;1
-22;33;58;0;1
-22;33;30;1;1
-17;25;19;0;1
-35;-13;33;0;1
-29;-29;58;0;1
-32;30;30;1;1
-34;-19;31;0;1
-63;-7;23;0;1
-26;6;64;0;1
-30;-7;32;0;1
-30;11;58;0;1
-50;21;42;1;1
-16;21;56;0;1
-39;37;37;0;1
-44;-9;48;1;1
-58;-10;33;1;1
-36;-51;26;1;1
-15;3;21;0;1
-40;-26;23;0;1
-30;47;20;0;1
-47;4;29;0;1
-27;-5;44;0;1
-55;-23;23;0;1
-28;21;56;0;1
-25;-24;10;1;1
-42;21;47;0;1
-22;4;12;0;1
-21;16;33;0;1
-37;40;36;0;1
-59;-14;35;0;1
-45;-21;38;0;1
-35;33;20;0;1
-40;14;57;0;1
-37;-6;45;1;1
-40;-5;30;0;1
-33;-10;23;1;1
-46;-9;36;0;1
-41;-17;31;1;1
-48;25;34;1;1
-40;-10;28;0;1
-23;-3;60;0;1
-36;-52;28;1;1
-31;-47;22;0;1
-23;22;57;1;1
-46;-29;42;1;1
-23;33;35;1;1
-35;9;59;0;1
-28;44;39;0;1
-19;-3;18;0;1
-30;-22;37;0;1
-24;-20;37;1;1
-24;14;56;1;1
-23;-31;23;0;1
-26;26;42;0;1
-33;52;32;1;1
-49;6;37;1;1
-24;2;9;0;1
-43;43;24;1;1
-26;37;54;1;1
-40;4;14;1;1
-25;-23;21;0;1
-29;15;12;1;1
-30;7;16;0;1
-27;5;37;0;1
-38;13;29;1;1
-50;20;20;1;1
-22;-32;43;0;1
-32;22;16;0;1
-58;-20;35;1;1
-25;-17;33;0;1
-21;-4;28;0;1
-51;-8;47;1;1
-23;-25;25;0;1
-9;-10;34;0;1
-22;4;55;0;1
-24;12;47;0;1
-50;-25;34;0;1
-43;17;34;0;1
-34;-56;25;0;1
-17;18;7;0;1
-21;-33;43;1;1
-49;21;15;0;1
-14;-7;23;1;1
-22;21;31;1;1
-42;-37;31;1;1
-35;-32;30;0;1
-27;6;29;1;1
-29;-32;17;1;1
-19;-27;50;1;1
-47;-24;38;0;1
-25;9;40;0;1
-17;24;31;0;1
-31;38;26;1;1
-21;5;15;1;1
-30;0;54;0;1
-48;-9;31;0;1
-22;-1;31;1;1
-20;21;16;0;1
-36;-20;12;1;1
-56;1;25;1;1
-9;8;29;0;1
-18;28;53;0;1
-29;20;21;1;1
-49;24;33;0;1
-25;30;48;0;1
-28;-31;45;1;1
-11;-10;29;1;1
-23;-18;11;1;1
-18;-16;7;1;1
-24;-31;13;0;1
-60;-13;32;1;1
-33;-24;30;0;1
-23;33;28;0;1
-23;11;50;0;1
-33;-39;21;0;1
-31;34;20;0;1
-28;44;17;1;1
-24;25;45;0;1
-37;37;32;0;1
-16;-11;31;1;1
-35;0;43;0;1
-46;-27;23;0;1
-27;-42;48;0;1
-20;-13;18;0;1
-11;17;33;1;1
-18;26;59;0;1
-32;2;44;1;1
-16;13;14;1;1
-37;1;60;0;1
-28;11;42;0;1
-15;6;43;0;1
-43;-9;21;1;1
-21;9;59;1;1
-37;34;35;0;1
-17;28;37;0;1
-17;-16;49;1;1
-33;50;19;1;1
-22;-20;27;1;1
-54;-8;43;0;1
-29;18;60;0;1
-35;9;50;0;1
-18;-20;32;0;1
-26;12;22;1;1
-51;29;22;1;1
-49;26;28;0;1
-44;4;12;1;1
-50;-29;41;1;1
-23;-25;61;0;1
-39;-19;55;1;1
-61;2;23;0;1
-33;-44;44;0;1
-57;-29;19;1;1
-35;20;30;0;1
-34;13;26;0;1
-30;26;25;0;1
-23;38;32;0;1
-44;24;48;0;1
-24;16;24;0;1
-48;-6;13;0;1
-21;-16;35;0;1
-52;7;15;1;1
-57;4;16;0;1
-38;28;52;1;1
-44;20;25;1;1
-23;29;58;0;1
-24;4;55;0;1
-28;14;63;0;1
-37;-29;29;0;1
-20;8;36;0;1
-31;45;42;1;1
-56;-14;31;1;1
-20;-25;30;1;1
-26;-37;41;1;1
-23;-29;57;0;1
-34;-6;61;0;1
-31;-35;22;1;1
-34;-3;11;1;1
-32;25;43;0;1
-26;-6;8;0;1
-24;-41;31;0;1
-23;-15;55;0;1
-24;-25;10;1;1
-30;-1;59;0;1
-38;25;23;1;1
-48;-18;24;0;1
-18;20;8;0;1
-23;17;34;1;1
-39;30;32;0;1
-22;-29;32;0;1
-50;-29;28;1;1
-27;-21;35;0;1
-24;-38;51;0;1
-28;-14;29;1;1
-44;8;36;0;1
-32;-39;23;1;1
-37;28;19;0;1
-33;19;34;0;1
-34;-37;21;1;1
-40;-19;51;0;1
-38;48;26;1;1
-30;-42;33;0;1
-25;-9;33;1;1
-17;-20;55;0;1
-24;4;46;1;1
-14;6;23;1;1
-28;-37;13;0;1
-39;-15;52;1;1
-27;-7;55;1;1
-64;2;21;0;1
-57;7;20;0;1
-40;-9;45;0;1
-26;-28;44;1;1
-55;-18;23;0;1
-37;40;41;0;1
-57;19;29;0;1
-39;-6;37;1;1
-35;-1;48;0;1
-66;-11;20;0;1
-53;-41;19;1;1
-19;25;23;0;1
-14;23;61;0;1
-41;-18;24;0;1
-30;-28;27;0;1
-25;7;64;1;1
-18;8;26;1;1
-41;-5;51;0;1
-46;47;23;0;1
-35;10;10;0;1
-43;-13;38;0;1
-55;21;19;0;1
-58;9;32;0;1
-63;9;28;0;1
-45;22;15;1;1
-40;-25;19;0;1
-48;22;32;0;1
-56;-32;25;1;1
-21;-7;20;0;1
-22;36;49;0;1
-36;-27;20;0;1
-33;35;39;1;1
-31;-8;9;1;1
-51;8;47;0;1
-39;10;12;0;1
-24;-17;42;0;1
-23;31;58;0;1
-13;2;25;0;1
-27;23;44;0;1
-44;-9;37;0;1
-46;-45;20;1;1
-47;-19;36;0;1
-15;19;31;1;1
-33;16;47;0;1
-38;42;19;1;1
-36;8;47;1;1
-36;-27;27;1;1
-42;11;25;1;1
-49;3;19;1;1
-47;-19;42;1;1
-20;-11;18;0;1
-28;30;55;0;1
-36;17;21;0;1
-19;18;42;0;1
-36;-12;52;1;1
-16;-10;18;0;1
-63;-7;20;0;1
-41;44;32;0;1
-34;-16;52;0;1
-25;19;55;1;1
-44;14;48;0;1
-8;8;22;0;1
-33;3;48;1;1
-29;3;39;1;1
-30;-38;13;0;1
-31;-5;41;0;1
-40;8;56;0;1
-21;27;44;0;1
-15;-25;31;1;1
-22;31;17;1;1
-16;4;31;1;1
-16;-23;23;1;1
-29;-31;55;1;1
-13;-10;27;1;1
-43;26;32;0;1
-54;5;30;0;1
-51;-9;38;0;1
-32;-37;42;1;1
-29;1;19;1;1
-23;10;43;0;1
-18;-12;42;0;1
-19;4;24;0;1
-18;-1;29;1;1
-28;30;19;1;1
-14;21;52;1;1
-24;-24;33;1;1
-53;-11;35;0;1
-27;-22;25;0;1
-26;-40;49;1;1
-36;-29;35;0;1
-25;40;17;0;1
-34;23;31;0;1
-33;-34;39;0;1
-16;27;22;1;1
-10;11;35;0;1
-46;-32;33;1;1
-27;-45;37;0;1
-40;15;43;1;1
-16;-23;17;1;1
-22;15;46;0;1
-52;-14;29;1;1
-31;7;14;0;1
-39;-49;31;0;1
-40;-19;44;0;1
-44;2;31;1;1
-17;27;24;1;1
-57;9;27;0;1
-35;19;25;0;1
-29;1;27;0;1
-39;-23;22;0;1
-22;11;34;0;1
-34;5;28;0;1
-27;29;15;1;1
-27;0;58;0;1
-21;6;49;1;1
-39;21;53;1;1
-53;24;37;0;1
-21;20;53;0;1
-28;12;11;0;1
-22;29;48;1;1
-34;-13;32;0;1
-28;10;48;1;1
-49;30;19;0;1
-32;-33;52;0;1
-54;-5;27;1;1
-35;-10;14;0;1
-36;20;36;1;1
-27;-36;36;0;1
-12;-19;30;1;1
-54;-23;23;0;1
-37;42;39;0;1
-23;-19;10;1;1
-30;-1;41;0;1
-23;31;21;1;1
-27;46;35;1;1
-40;23;20;0;1
-32;29;53;0;1
-30;-39;20;1;1
-36;-10;18;0;1
-58;3;35;0;1
-26;-4;11;0;1
-29;15;29;1;1
-57;14;16;1;1
-39;6;21;0;1
-30;7;52;0;1
-43;35;15;0;1
-23;18;11;1;1
-22;3;44;1;1
-52;-6;47;1;1
-29;44;42;1;1
-52;-27;26;1;1
-22;8;31;1;1
-27;-18;46;1;1
-52;9;40;1;1
-39;-18;48;0;1
-35;-31;19;0;1
-36;-47;26;0;1
-22;-14;47;0;1
-44;23;40;1;1
-23;-7;47;0;1
-33;-44;19;0;1
-38;14;58;0;1
-34;-2;45;0;1
-32;44;42;1;1
-16;-21;20;0;1
-58;-15;32;0;1
-19;12;51;0;1
-19;15;16;1;1
-11;-17;28;1;1
-33;3;47;1;1
-22;-18;41;0;1
-33;9;33;1;1
-36;-6;27;0;1
-29;-18;14;1;1
-51;10;46;1;1
-21;21;42;0;1
-30;38;37;0;1
-23;31;16;1;1
-17;28;49;0;1
-22;-22;22;1;1
-28;1;51;0;1
-29;-25;29;0;1
-31;4;35;1;1
-39;-32;42;0;1
-13;15;47;1;1
-30;-7;47;1;1
-52;39;26;0;1
-34;30;31;0;1
-35;9;34;0;1
-43;-36;43;0;1
-17;-14;44;0;1
-25;-7;24;1;1
-40;48;33;0;1
-29;34;43;0;1
-32;18;22;0;1
-40;3;54;0;1
-49;3;29;0;1
-33;-31;54;1;1
-36;-21;41;1;1
-31;-15;62;1;1
-38;15;57;0;1
-18;18;47;0;1
-21;-29;46;1;1
-30;-9;39;0;1
-22;29;24;0;1
-30;-27;31;0;1
-37;-20;39;0;1
-56;4;36;1;1
-12;20;61;0;1
-33;-39;48;0;1
-21;-11;19;0;1
-29;-34;34;1;1
-19;-8;19;1;1
-36;29;29;0;1
-50;19;37;1;1
-19;-13;36;1;1
-22;-13;51;0;1
-50;32;24;0;1
-31;24;35;0;1
-39;-44;24;0;1
-17;20;18;1;1
-37;-9;31;0;1
-36;18;33;1;1
-25;-4;33;0;1
-30;-11;45;0;1
-54;-10;36;0;1
-47;-37;18;0;1
-23;-3;18;0;1
-54;-20;17;0;1
-23;1;55;0;1
-26;-27;37;0;1
-52;21;19;0;1
-38;21;33;1;1
-38;-25;53;0;1
-36;7;53;0;1
-25;19;29;1;1
-23;-21;41;0;1
-13;13;17;1;1
-33;20;59;0;1
-37;-38;15;1;1
-46;-7;45;0;1
-56;-29;20;1;1
-33;-14;46;1;1
-14;-22;60;1;1
-37;50;26;0;1
-41;9;17;0;1
-21;33;54;1;1
-18;-5;30;1;1
-33;-34;30;0;1
-28;29;42;1;1
-33;20;40;1;1
-63;13;18;1;1
-17;17;42;1;1
-54;14;40;1;1
-29;34;37;0;1
-12;-1;29;1;1
-34;-14;52;1;1
-53;37;29;1;1
-67;7;21;0;1
-25;41;13;1;1
-37;45;21;0;1
-30;30;50;1;1
-12;9;31;0;1
-46;-23;43;0;1
-23;18;59;1;1
-25;-18;11;0;1
-44;-30;18;1;1
-33;16;46;0;1
-64;8;23;0;1
-37;-31;51;0;1
-52;-30;24;0;1
-21;-13;9;0;1
-29;-2;19;1;1
-47;9;13;0;1
-49;-27;17;0;1
-19;-32;14;1;1
-19;30;33;0;1
-34;-23;40;1;1
-40;-14;43;1;1
-42;15;32;1;1
-45;22;26;0;1
-42;-45;32;0;1
-42;46;20;1;1
-37;46;27;0;1
-42;-18;47;0;1
-27;26;41;0;1
-47;0;14;0;1
-41;-9;56;0;1
-25;-9;40;0;1
-35;-21;55;1;1
-43;32;38;0;1
-27;21;13;1;1
-13;9;27;0;1
-24;1;65;0;1
-13;21;46;1;1
-30;-5;27;0;1
-55;14;33;0;1
-41;24;47;0;1
-48;-13;38;1;1
-27;5;46;1;1
-54;-15;21;1;1
-40;45;31;0;1
-18;-25;30;1;1
-52;18;24;1;1
-31;-4;49;0;1
-27;-6;39;0;1
-38;49;29;0;1
-25;14;50;0;1
-16;8;48;0;1
-24;-12;20;0;1
-53;-8;25;1;1
-65;-3;22;0;1
-24;25;17;0;1
-26;19;21;1;1
-32;-35;32;1;1
-49;-28;29;0;1
-41;38;24;0;1
-31;14;14;0;1
-17;-17;32;1;1
-52;27;35;1;1
-32;40;40;1;1
-17;29;60;1;1
-23;-31;41;0;1
-31;-21;26;0;1
-50;-39;22;0;1
-37;31;31;1;1
-20;-7;37;0;1
-20;-20;50;1;1
-46;25;21;1;1
-32;38;45;1;1
-22;-35;42;1;1
-30;-36;26;1;1
-41;33;43;1;1
-28;-39;42;0;1
-45;-38;18;0;1
-19;7;38;0;1
-38;-5;48;1;1
-47;14;48;1;1
-21;21;8;0;1
-30;8;29;0;1
-41;-5;33;1;1
-36;47;38;1;1
-39;46;35;0;1
-13;-2;28;1;1
-39;28;49;0;1
-43;19;27;0;1
-17;-26;60;1;1
-43;0;37;0;1
-44;1;19;0;1
-21;-15;50;1;1
-42;-4;19;0;1
-33;-32;16;1;1
-37;-27;26;0;1
-56;-23;21;0;1
-50;8;14;1;1
-49;-11;44;1;1
-31;-26;11;0;1
-40;43;29;1;1
-12;0;24;0;1
-49;38;25;0;1
-22;0;28;0;1
-32;-23;48;1;1
-32;-1;41;0;1
-37;-39;22;1;1
-15;18;10;0;1
-33;-12;34;0;1
-27;29;58;0;1
-50;6;25;0;1
-33;-10;52;0;1
-28;-39;51;0;1
-24;9;8;1;1
-50;-15;15;0;1
-26;44;22;1;1
-40;-24;24;0;1
-22;-31;20;0;1
-51;-38;27;0;1
-31;5;28;0;1
-22;-30;53;0;1
-46;3;46;0;1
-20;-13;38;0;1
-33;-53;29;0;1
-30;23;30;0;1
-29;-13;41;1;1
-38;-21;13;1;1
-43;41;18;1;1
-41;9;19;1;1
-46;-42;17;0;1
-43;0;50;1;1
-33;-6;31;0;1
-55;-11;25;0;1
-40;7;39;0;1
-58;-14;34;1;1
-46;13;49;0;1
-27;38;16;1;1
-23;-29;43;1;1
-24;22;55;0;1
-18;-9;37;0;1
-13;-13;37;0;1
-61;5;28;1;1
-20;-31;48;0;1
-31;25;32;1;1
-23;-27;28;0;1
-24;-32;57;0;1
-30;10;49;1;1
-55;10;20;0;1
-49;17;20;1;1
-24;35;32;0;1
-54;-32;18;0;1
-44;35;37;0;1
-60;-8;33;0;1
-31;38;34;1;1
-25;42;36;0;1
-50;25;29;0;1
-51;25;27;1;1
-28;24;13;0;1
-45;-17;42;0;1
-18;24;22;1;1
-48;15;50;0;1
-51;20;38;1;1
-28;-10;63;1;1
-41;45;18;0;1
-36;14;38;1;1
-29;8;32;1;1
-35;-47;29;0;1
-41;29;25;0;1
-25;-16;19;0;1
-17;16;58;1;1
-59;-5;18;0;1
-32;5;52;0;1
-59;21;22;0;1
-46;41;33;0;1
-30;2;22;0;1
-23;-9;36;0;1
-39;-14;36;1;1
-42;19;29;1;1
-26;12;29;0;1
-21;23;35;0;1
-61;21;24;0;1
-41;-11;54;1;1
-51;2;34;0;1
-32;-22;11;0;1
-51;3;38;0;1
-62;-4;17;1;1
-34;9;19;0;1
-34;21;17;0;1
-31;40;29;0;1
-18;-17;25;1;1
-54;16;36;0;1
-59;11;26;0;1
-31;2;52;0;1
-20;-8;54;1;1
-25;-8;54;0;1
-21;30;50;0;1
-38;-18;32;0;1
-32;8;24;1;1
-49;-21;15;0;1
-49;40;25;0;1
-41;37;17;0;1
-42;23;37;0;1
-40;43;35;1;1
-45;31;37;1;1
-25;26;41;1;1
-32;-10;62;0;1
-45;-22;47;1;1
-22;-5;28;1;1
-12;2;28;1;1
-14;-5;32;0;1
-23;-1;22;0;1
-21;-16;58;0;1
-15;-20;65;0;1
-38;-36;36;1;1
-19;19;34;1;1
-20;13;60;0;1
-65;7;25;0;1
-51;9;44;1;1
-46;-12;52;1;1
-36;-27;52;0;1
-49;-22;30;0;1
-15;13;31;1;1
-25;-10;24;0;1
-21;-28;44;1;1
-21;12;34;1;1
-8;-12;20;1;1
-13;-13;32;0;1
-48;40;22;0;1
-34;-21;11;0;1
-25;20;33;0;1
-36;-29;19;0;1
-22;-29;17;0;1
-49;-19;21;0;1
-31;-25;51;0;1
-32;-4;10;0;1
-25;-10;39;0;1
-14;-5;26;1;1
-19;23;21;0;1
-23;-22;63;1;1
-30;-34;18;0;1
-23;23;57;0;1
-27;-38;22;0;1
-33;-12;49;0;1
-29;-26;44;0;1
-52;31;19;0;1
-44;25;46;0;1
-53;-23;30;0;1
-46;6;33;0;1
-13;-16;44;0;1
-20;12;39;1;1
-21;19;42;0;1
-43;-33;18;0;1
-39;-26;14;1;1
-25;-38;18;0;1
-62;-5;28;1;1
-39;31;23;1;1
-31;-41;26;1;1
-33;-10;54;0;1
-38;20;35;1;1
-25;34;35;1;1
-31;-13;43;0;1
-58;17;24;0;1
-39;-35;17;1;1
-44;-2;31;1;1
-32;25;39;0;1
-12;16;16;1;1
-27;38;21;0;1
-37;-46;29;1;1
-21;-34;19;1;1
-48;-37;36;0;1
-18;2;34;0;1
-51;-23;33;0;1
-40;33;32;0;1
-29;-33;16;0;1
-29;-13;42;0;1
-34;-21;57;0;1
-35;-15;18;0;1
-51;6;41;0;1
-25;-43;30;1;1
-30;14;43;1;1
-18;28;25;0;1
-24;19;15;1;1
-46;4;31;0;1
-30;40;45;0;1
-18;-24;34;0;1
-48;12;37;0;1
-35;35;29;1;1
-36;-25;22;0;1
-32;26;32;1;1
-47;-21;30;1;1
-47;-6;33;1;1
-35;13;26;0;1
-33;4;47;0;1
-58;-30;26;0;1
-60;-17;24;1;1
-24;-18;64;1;1
-40;2;50;1;1
-43;31;26;1;1
-55;16;37;0;1
-50;-38;24;1;1
-31;-50;26;0;1
-26;-38;39;1;1
-38;-14;53;1;1
-22;-6;32;0;1
-14;-8;28;0;1
-25;-6;56;1;1
-17;-23;11;0;1
-25;-19;62;1;1
-52;12;17;0;1
-32;3;53;0;1
-18;24;10;0;1
-36;29;35;0;1
-23;-24;19;1;1
-23;-28;59;0;1
-21;-14;60;1;1
-23;-2;62;0;1
-21;-1;20;0;1
-25;-8;15;0;1
-39;-37;18;0;1
-38;9;54;0;1
-33;39;47;0;1
-42;-28;46;0;1
-21;8;54;0;1
-28;4;13;0;1
-13;18;30;1;1
-35;-21;36;0;1
-30;21;44;1;1
-41;-9;16;0;1
-30;-12;14;1;1
-20;-11;55;0;1
-49;-3;19;0;1
-47;0;51;1;1
-57;9;19;0;1
-30;10;61;0;1
-57;3;29;0;1
-45;-12;27;1;1
-37;-2;12;0;1
-38;38;33;1;1
-28;-23;56;0;1
-48;-9;51;1;1
-43;-29;14;0;1
-25;-11;19;0;1
-41;40;16;0;1
-63;-23;20;0;1
-43;24;28;1;1
-25;20;60;0;1
-27;-17;38;1;1
-25;-23;11;0;1
-46;-6;43;0;1
-44;-28;28;1;1
-17;-17;53;0;1
-30;-4;11;1;1
-17;19;29;0;1
-27;33;39;1;1
-30;28;40;1;1
-42;-11;52;0;1
-20;-33;18;0;1
-26;25;35;0;1
-21;-10;24;1;1
-33;21;17;1;1
-50;6;36;1;1
-29;-28;58;1;1
-49;-42;23;0;1
-44;24;47;0;1
-37;-33;34;0;1
-25;-22;21;0;1
-38;44;25;0;1
-47;11;32;1;1
-25;-9;21;1;1
-29;-6;38;1;1
-37;-36;40;1;1
-35;5;13;0;1
-53;-2;30;0;1
-47;-10;23;0;1
-50;-25;35;1;1
-23;-10;50;0;1
-14;-17;19;0;1
-21;-15;56;0;1
-37;-56;21;0;1
-44;-24;34;1;1
-24;21;59;1;1
-20;31;18;0;1
-52;0;22;0;1
-39;30;50;1;1
-16;22;55;0;1
-31;-42;42;1;1
-43;-15;23;1;1
-39;22;37;1;1
-10;15;43;0;1
-24;14;34;1;1
-39;46;36;1;1
-27;4;62;0;1
-32;35;15;0;1
-50;-12;16;0;1
-59;-14;24;0;1
-29;46;21;1;1
-30;-5;53;0;1
-55;11;37;0;1
-29;-23;16;1;1
-32;-2;23;0;1
-39;25;37;1;1
-34;35;26;0;1
-9;-15;30;1;1
-31;34;53;1;1
-21;-1;32;1;1
-35;32;26;0;1
-33;-16;52;1;1
-25;30;49;0;1
-31;-3;62;1;1
-22;0;11;1;1
-40;-33;24;0;1
-61;-12;30;0;1
-40;10;33;1;1
-30;34;25;0;1
-25;17;56;0;1
-43;2;34;0;1
-33;8;40;1;1
-23;-30;11;0;1
-41;-7;44;0;1
-21;-10;10;0;1
-34;-21;30;0;1
-59;-9;38;0;1
-47;39;32;0;1
-14;5;25;0;1
-43;-1;34;1;1
-26;-2;48;0;1
-18;14;29;0;1
-14;-17;38;0;1
-49;10;15;1;1
-34;28;38;0;1
-46;-21;28;0;1
-19;23;8;0;1
-45;8;32;0;1
-21;31;56;0;1
-19;-32;22;0;1
-42;0;42;0;1
-19;-21;32;0;1
-32;-37;47;1;1
-33;31;50;0;1
-34;-2;28;1;1
-57;16;32;1;1
-33;-4;18;0;1
-23;3;17;1;1
-47;-14;18;0;1
-35;-6;40;0;1
-39;-18;44;1;1
-39;7;43;0;1
-16;20;33;1;1
-38;37;34;1;1
-24;12;63;0;1
-50;-31;29;0;1
-22;-11;8;0;1
-24;7;65;1;1
-24;41;25;0;1
-55;-26;17;0;1
-40;5;56;1;1
-41;-7;23;0;1
-59;0;39;0;1
-40;-34;32;1;1
-50;2;48;0;1
-31;-33;31;0;1
-32;19;39;0;1
-30;8;48;0;1
-54;-12;35;1;1
-29;-3;34;0;1
-36;0;14;1;1
-23;14;35;0;1
-34;-8;34;1;1
-25;-17;56;1;1
-35;30;47;1;1
-38;21;54;0;1
-11;-19;21;0;1
-43;9;44;1;1
-22;14;18;0;1
-23;-8;8;0;1
-14;17;43;0;1
-44;-4;55;0;1
-62;-14;24;1;1
-33;11;27;0;1
-17;-29;59;0;1
-39;17;35;0;1
-14;10;45;1;1
-31;28;45;0;1
-38;18;55;1;1
-38;-47;30;0;1
-38;21;25;1;1
-51;42;26;0;1
-35;-37;28;1;1
-23;-6;27;0;1
-32;28;45;1;1
-12;-17;48;0;1
-21;19;53;1;1
-46;44;26;0;1
-38;42;30;0;1
-17;14;18;0;1
-33;-7;26;1;1
-18;21;17;0;1
-26;21;24;0;1
-31;-34;52;1;1
-60;8;37;0;1
-32;41;30;1;1
-19;-32;16;0;1
-45;-32;21;1;1
-17;7;43;0;1
-38;48;35;0;1
-49;-39;24;0;1
-32;50;22;0;1
-15;-22;22;0;1
-11;15;19;0;1
-53;35;28;1;1
-53;5;31;0;1
-42;35;17;1;1
-33;31;15;1;1
-37;12;13;0;1
-24;36;31;1;1
-30;-13;57;1;1
-14;22;18;0;1
-45;-6;14;0;1
-26;8;21;1;1
-44;9;26;1;1
-41;-4;19;1;1
-39;9;57;1;1
-27;25;40;0;1
-47;15;38;1;1
-34;6;42;1;1
-32;-8;18;1;1
-24;38;16;1;1
-19;-29;37;1;1
-18;-25;44;1;1
-42;2;24;1;1
-56;3;33;1;1
-33;43;28;0;1
-35;8;56;0;1
-34;20;56;1;1
-38;-43;21;0;1
-34;1;46;0;1
-24;-31;43;0;1
-28;-1;31;0;1
-10;10;24;1;1
-45;20;41;0;1
-21;-32;39;1;1
-47;-14;50;0;1
-35;-2;55;0;1
-27;39;48;0;1
-35;5;61;0;1
-27;26;56;0;1
-40;7;47;0;1
-22;-37;15;0;1
-29;-46;31;1;1
-40;26;30;0;1
-32;3;26;0;1
-27;37;46;0;1
-64;-19;20;0;1
-41;48;22;0;1
-26;45;17;0;1
-46;-14;19;0;1
-47;15;42;0;1
-60;13;34;0;1
-35;-52;26;0;1
-20;-34;20;0;1
-39;54;23;0;1
-27;-16;40;1;1
-57;12;33;0;1
-26;-2;23;1;1
-58;1;18;0;1
-31;11;53;0;1
-21;-22;16;0;1
-59;2;39;0;1
-58;8;24;0;1
-41;-30;24;0;1
-21;-14;31;1;1
-40;-40;17;0;1
-45;19;30;0;1
-34;24;49;1;1
-37;34;29;0;1
-50;-45;21;1;1
-18;-14;37;0;1
-9;-4;25;1;1
-25;-21;62;1;1
-23;6;12;1;1
-46;25;24;1;1
-13;-10;31;0;1
-43;24;43;0;1
-31;-9;13;0;1
-25;17;42;1;1
-38;-43;39;1;1
-33;25;36;0;1
-49;-30;38;0;1
-24;-1;37;1;1
-48;18;39;0;1
-41;-27;29;0;1
-25;-26;60;0;1
-45;-29;29;1;1
-49;-34;20;1;1
-20;-11;58;1;1
-49;40;24;1;1
-50;-13;36;0;1
-25;21;37;0;1
-28;6;60;0;1
-19;5;22;1;1
-20;-25;62;0;1
-41;-20;19;0;1
-24;0;15;1;1
-41;45;27;0;1
-33;-39;40;1;1
-45;12;40;1;1
-34;-40;36;0;1
-33;23;15;1;1
-18;3;41;1;1
-30;11;40;1;1
-41;-30;32;1;1
-47;35;36;0;1
-41;-27;24;1;1
-28;-14;21;1;1
-28;-14;62;1;1
-37;-38;25;1;1
-37;31;29;0;1
-34;18;19;0;1
-14;9;39;1;1
-27;-19;47;1;1
-56;-23;20;0;1
-27;36;22;0;1
-43;29;29;0;1
-20;25;24;0;1
-7;7;23;0;1
-52;28;30;0;1
-52;9;31;1;1
-54;29;18;0;1
-29;12;49;1;1
-43;-17;48;1;1
-9;-14;35;0;1
-49;45;23;0;1
-39;-34;35;1;1
-21;11;27;1;1
-16;-2;42;0;1
-18;15;61;0;1
-46;42;21;0;1
-15;0;40;1;1
-55;-8;18;0;1
-33;46;30;0;1
-18;-30;36;0;1
-67;11;20;0;1
-44;-6;39;1;1
-48;6;24;1;1
-20;30;20;1;1
-52;20;31;0;1
-36;17;42;0;1
-31;-4;11;0;1
-34;46;32;1;1
-34;-35;33;0;1
-25;25;24;0;1
-28;-29;22;0;1
-23;-33;56;1;1
-12;-14;34;0;1
-21;-26;57;0;1
-48;-2;32;0;1
-59;0;36;1;1
-19;28;20;0;1
-40;-52;22;1;1
-37;-45;27;1;1
-51;-1;37;0;1
-38;44;20;0;1
-19;14;56;0;1
-28;-7;23;1;1
-30;26;44;0;1
-49;-44;19;0;1
-21;20;25;1;1
-35;-6;56;0;1
-26;3;26;1;1
-25;7;21;1;1
-47;3;15;1;1
-35;15;16;1;1
-36;-17;27;0;1
-35;-36;44;0;1
-23;-35;33;1;1
-56;-30;20;1;1
-35;6;49;1;1
-52;-7;23;1;1
-8;11;24;1;1
-19;25;33;1;1
-27;-13;48;0;1
-32;10;33;1;1
-30;-16;37;0;1
-48;-34;31;0;1
-33;0;38;0;1
-39;7;45;0;1
-38;1;54;0;1
-39;39;43;0;1
-62;-14;18;0;1
-24;25;41;0;1
-19;-25;49;0;1
-40;-51;19;0;1
-29;42;21;1;1
-27;-13;39;0;1
-37;14;32;0;1
-33;-1;35;0;1
-51;-24;41;0;1
-30;-23;33;0;1
-31;-12;60;1;1
-25;-11;61;1;1
-43;1;17;1;1
-12;-14;30;0;1
-20;-30;52;1;1
-24;-33;57;0;1
-42;28;38;1;1
-42;26;38;1;1
-45;11;31;0;1
-40;39;23;0;1
-46;6;19;0;1
-23;-31;51;0;1
-26;-2;22;0;1
-17;28;52;0;1
-18;-31;18;0;1
-36;-11;19;0;1
-26;10;23;1;1
-31;34;19;0;1
-23;17;19;0;1
-25;-16;36;0;1
-49;-33;32;0;1
-43;-35;36;1;1
-24;-2;23;0;1
-34;17;46;0;1
-35;-52;17;0;1
-16;-3;25;0;1
-20;-3;44;1;1
-20;12;42;0;1
-22;14;47;1;1
-25;21;45;0;1
-58;-2;34;0;1
-42;-44;19;1;1
-16;14;35;0;1
-20;16;33;0;1
-32;6;61;0;1
-43;21;41;1;1
-29;28;22;1;1
-26;-40;21;1;1
-27;15;63;1;1
-21;-16;32;1;1
-20;17;24;1;1
-45;9;20;1;1
-50;-2;25;1;1
-58;3;32;1;1
-48;-17;25;0;1
-44;-30;38;0;1
-55;-9;15;1;1
-15;-18;18;0;1
-36;-19;15;0;1
-45;-21;45;0;1
-14;0;24;0;1
-22;35;29;0;1
-26;6;41;0;1
-38;18;34;0;1
-35;-24;37;1;1
-41;28;46;0;1
-13;-22;34;0;1
-24;25;15;0;1
-32;9;16;0;1
-17;-17;7;0;1
-19;21;11;1;1
-36;-16;44;1;1
-35;52;19;0;1
-34;-13;25;0;1
-41;-18;42;0;1
-16;-26;25;1;1
-21;-2;20;1;1
-21;-4;34;1;1
-37;-39;36;0;1
-29;18;35;0;1
-23;-2;12;1;1
-61;-14;29;0;1
-19;19;44;0;1
-14;-15;39;0;1
-20;-3;15;1;1
-17;-8;16;0;1
-51;10;39;0;1
-25;-37;17;1;1
-40;-2;30;0;1
-45;-47;28;1;1
-20;25;61;0;1
-17;-23;28;0;1
-35;-23;19;0;1
-30;46;20;1;1
-23;-29;58;0;1
-45;-39;32;0;1
-31;-21;46;0;1
-31;-21;48;0;1
-36;-14;27;0;1
-45;45;18;1;1
-41;-29;16;1;1
-20;-15;44;1;1
-48;-44;19;0;1
-24;11;55;0;1
-15;-24;21;0;1
-35;-21;51;1;1
-24;-29;15;0;1
-28;7;8;1;1
-25;9;33;0;1
-44;-37;37;1;1
-37;-36;33;1;1
-45;27;27;1;1
-31;-27;15;0;1
-23;-1;53;0;1
-36;-11;37;0;1
-15;-19;19;0;1
-16;5;26;0;1
-25;39;36;0;1
-33;29;36;1;1
-32;-36;15;0;1
-46;-34;36;0;1
-44;25;19;0;1
-35;-21;53;0;1
-40;15;22;1;1
-57;-9;22;0;1
-13;11;34;0;1
-13;10;37;0;1
-20;-18;26;0;1
-26;-43;22;0;1
-53;-7;24;0;1
-38;-15;53;0;1
-42;0;21;0;1
-36;-30;24;0;1
-48;-8;29;1;1
-40;26;18;0;1
-16;-25;64;1;1
-20;-11;17;1;1
-51;21;31;1;1
-61;-21;27;0;1
-36;-40;31;1;1
-48;5;52;0;1
-35;41;15;0;1
-12;16;31;0;1
-52;-42;21;1;1
-22;5;24;1;1
-28;-17;56;0;1
-39;26;24;0;1
-28;8;59;1;1
-47;15;18;1;1
-21;-21;9;0;1
-42;-37;24;0;1
-22;-22;14;0;1
-58;18;30;1;1
-18;-27;21;0;1
-58;-17;18;0;1
-57;24;33;0;1
-37;44;32;0;1
-22;24;34;0;1
-26;44;48;0;1
-13;-21;39;1;1
-34;-29;30;1;1
-18;-26;19;1;1
-14;-21;56;0;1
-28;-1;38;0;1
-20;-16;8;0;1
-52;39;27;0;1
-22;-28;60;1;1
-37;-19;33;0;1
-35;12;10;0;1
-34;40;40;0;1
-53;-17;15;0;1
-22;-1;42;0;1
-25;-8;34;0;1
-52;-3;46;0;1
-39;36;45;0;1
-25;-29;51;0;1
-43;4;46;0;1
-39;1;27;1;1
-33;11;41;1;1
-37;-5;41;1;1
-29;-19;37;1;1
-40;-25;40;1;1
-27;-23;49;0;1
-20;-9;24;1;1
-22;-1;52;0;1
-31;-12;16;0;1
-44;5;21;0;1
-33;46;42;0;1
-50;-27;31;0;1
-42;7;34;1;1
-33;32;28;0;1
-58;-22;28;0;1
-37;-8;53;1;1
-57;-7;29;0;1
-16;24;47;0;1
-43;43;25;0;1
-33;-11;58;1;1
-40;19;26;1;1
-44;-4;40;0;1
-26;-2;65;0;1
-21;-7;43;0;1
-14;-4;28;0;1
-46;-5;42;0;1
-27;37;54;0;1
-25;30;38;1;1
-35;5;53;1;1
-54;-18;30;0;1
-16;9;40;0;1
-32;-6;40;1;1
-41;18;22;1;1
-23;-3;38;0;1
-56;38;19;0;1
-41;34;15;0;1
-40;-10;48;1;1
-39;7;38;1;1
-49;20;18;1;1
-45;17;36;1;1
-52;-26;17;1;1
-21;-18;52;0;1
-41;-24;34;0;1
-20;20;62;0;1
-42;17;18;1;1
-43;40;16;0;1
-47;-35;23;0;1
-13;-5;21;0;1
-57;26;28;0;1
-36;-28;28;0;1
-27;21;40;1;1
-48;-25;40;0;1
-53;8;21;0;1
-45;13;22;1;1
-17;25;44;0;1
-51;-17;15;0;1
-23;39;21;1;1
-31;-18;34;0;1
-28;4;58;1;1
-51;21;33;0;1
-12;-14;50;1;1
-51;-17;39;0;1
-39;41;21;1;1
-34;20;44;1;1
-41;-10;52;0;1
-11;-15;21;0;1
-22;2;60;1;1
-34;44;26;1;1
-35;13;20;1;1
-26;44;32;0;1
-54;-20;39;0;1
-27;39;42;0;1
-23;1;38;0;1
-57;-6;25;0;1
-37;23;19;0;1
-33;-42;26;0;1
-16;15;57;1;1
-21;-8;28;0;1
-31;-42;37;0;1
-27;44;25;0;1
-60;1;21;0;1
-26;31;21;0;1
-26;-38;29;1;1
-58;-10;36;1;1
-38;43;37;0;1
-23;-32;36;1;1
-35;-33;40;1;1
-53;-16;38;1;1
-20;-8;50;1;1
-15;-17;61;0;1
-33;-1;39;0;1
-24;-3;53;1;1
-26;-31;57;1;1
-59;-1;25;1;1
-44;16;31;0;1
-12;17;44;0;1
-34;-22;52;0;1
-22;-20;11;0;1
-31;10;13;1;1
-41;-16;30;1;1
-35;-8;52;1;1
-27;1;10;1;1
-33;22;48;0;1
-40;4;43;1;1
-39;-25;32;1;1
-10;17;31;0;1
-38;-29;22;0;1
-57;-12;18;0;1
-22;-7;16;1;1
-36;16;51;0;1
-47;-45;20;0;1
-14;11;43;0;1
-64;12;24;0;1
-14;-20;44;1;1
-52;-33;35;0;1
-43;5;44;0;1
-36;-34;24;1;1
-40;-8;46;0;1
-52;-12;35;0;1
-33;40;32;0;1
-32;17;48;0;1
-25;-18;31;1;1
-29;23;19;0;1
-33;1;62;1;1
-45;-16;17;0;1
-41;26;30;0;1
-10;16;19;1;1
-24;-10;19;0;1
-23;37;37;0;1
-36;-11;13;1;1
-60;-12;28;0;1
-50;-4;17;0;1
-43;46;24;0;1
-43;-18;34;0;1
-44;18;42;1;1
-39;-27;50;1;1
-46;15;52;0;1
-38;-23;44;0;1
-27;40;19;0;1
-37;-31;16;0;1
-37;51;26;0;1
-37;-7;37;0;1
-42;-35;38;0;1
-36;10;40;0;1
-24;30;58;1;1
-32;19;52;0;1
-24;-21;33;0;1
-25;5;53;0;1
-16;-17;11;0;1
-12;-3;33;1;1
-31;5;43;0;1
-49;8;21;0;1
-26;0;39;0;1
-57;8;30;1;1
-24;-24;49;0;1
-26;34;33;1;1
-57;18;19;1;1
-64;14;19;1;1
-51;-16;20;1;1
-59;13;33;0;1
-67;-1;18;1;1
-30;37;17;0;1
-44;12;39;0;1
-37;-32;28;0;1
-37;29;53;1;1
-58;24;33;0;1
-26;-42;16;1;1
-24;-38;22;0;1
-26;20;60;1;1
-24;-32;51;1;1
-56;5;38;0;1
-57;5;38;0;1
-29;22;47;1;1
-26;-1;41;0;1
-52;23;20;0;1
-49;-15;22;0;1
-35;17;17;0;1
-46;7;20;0;1
-25;-8;38;1;1
-27;-29;17;0;1
-31;-41;27;0;1
-43;-15;43;0;1
-22;31;56;1;1
-22;14;58;1;1
-20;-27;46;0;1
-20;31;10;1;1
-36;-15;11;1;1
-45;9;41;0;1
-33;-35;19;1;1
-33;55;24;1;1
-41;-41;25;0;1
-46;-11;37;0;1
-43;-15;22;1;1
-28;24;55;0;1
-37;-33;24;0;1
-22;-29;39;0;1
-48;-35;16;1;1
-19;-14;61;0;1
-61;22;23;1;1
-25;-11;15;0;1
-21;20;52;0;1
-64;-7;25;0;1
-60;-10;22;0;1
-47;-7;49;1;1
-17;13;26;1;1
-33;36;17;0;1
-33;32;15;0;1
-67;-1;19;0;1
-16;17;37;0;1
-29;-36;40;0;1
-43;9;51;0;1
-21;23;32;1;1
-42;-34;31;1;1
-35;-38;16;1;1
-34;-5;23;0;1
-25;22;30;0;1
-23;-37;48;0;1
-36;-21;38;0;1
-32;-3;55;0;1
-32;-4;54;1;1
-29;-9;43;0;1
-34;-19;18;1;1
-43;-20;15;1;1
-46;-25;44;1;1
-35;24;36;0;1
-20;-11;43;0;1
-23;5;42;1;1
-13;-20;50;0;1
-40;-35;39;0;1
-41;-10;33;0;1
-11;-12;43;0;1
-31;39;26;0;1
-47;-3;29;0;1
-66;-6;20;1;1
-22;19;49;0;1
-32;38;24;0;1
-44;-24;22;1;1
-28;-13;24;1;1
-18;-23;21;0;1
-40;33;45;1;1
-39;13;48;1;1
-36;-17;50;0;1
-42;-4;38;0;1
-19;7;20;0;1
-43;5;51;0;1
-35;-30;46;0;1
-17;13;17;0;1
-22;-12;36;0;1
-47;0;32;0;1
-28;-18;49;1;1
-59;-22;19;1;1
-25;-1;21;1;1
-39;-22;45;0;1
-34;12;55;1;1
-51;-20;17;1;1
-38;-7;21;1;1
-24;-41;30;0;1
-21;-36;23;1;1
-26;29;54;0;1
-55;-17;35;0;1
-25;-31;56;1;1
-32;37;25;0;1
-27;5;64;0;1
-28;-38;29;0;1
-29;4;23;1;1
-27;9;47;0;1
-27;-41;22;0;1
-42;-40;28;1;1
-29;-13;44;0;1
-16;-25;14;0;1
-33;12;26;0;1
-50;-2;20;1;1
-33;54;30;0;1
-46;4;30;0;1
-47;-1;47;0;1
-46;-2;50;0;1
-46;-20;34;0;1
-38;-27;43;1;1
-16;-20;47;0;1
-61;-19;23;0;1
-16;-7;47;1;1
-12;-14;32;0;1
-23;-7;53;1;1
-27;-29;42;1;1
-42;-33;38;0;1
-43;-36;17;0;1
-44;-20;23;0;1
-26;-41;22;0;1
-19;14;27;0;1
-35;-10;22;1;1
-23;17;20;0;1
-37;7;55;0;1
-17;25;49;0;1
-21;-23;19;0;1
-30;51;29;0;1
-22;-31;53;1;1
-25;3;27;1;1
-28;-42;39;0;1
-43;7;25;0;1
-31;34;47;1;1
-24;36;13;1;1
-28;2;24;1;1
-46;-24;15;1;1
-43;-34;23;0;1
-50;8;19;0;1
-18;-25;42;0;1
-45;-18;27;0;1
-49;-17;35;1;1
-41;-1;58;0;1
-17;-29;52;0;1
-47;-12;32;0;1
-38;29;26;0;1
-18;-25;53;0;1
-26;-18;60;0;1
-50;-20;34;0;1
-25;26;26;0;1
-24;-14;12;1;1
-62;-14;19;1;1
-38;-27;41;1;1
-38;-3;22;0;1
-35;-8;28;1;1
-13;-13;23;0;1
-38;26;29;1;1
-48;20;18;0;1
-50;8;25;1;1
-52;42;24;0;1
-46;12;39;1;1
-27;24;57;0;1
-30;-10;62;0;1
-38;-1;22;0;1
-35;25;17;1;1
-31;-35;20;0;1
-52;17;16;0;1
-39;18;36;1;1
-44;4;30;0;1
-42;8;27;1;1
-23;-12;23;1;1
-32;2;58;0;1
-32;2;24;0;1
-38;2;32;0;1
-58;-14;29;1;1
-53;-3;45;0;1
-37;-28;32;0;1
-13;8;26;1;1
-42;-37;29;1;1
-36;-55;24;0;1
-33;-8;32;0;1
-45;29;25;0;1
-26;-9;25;0;1
-20;-4;56;0;1
-57;-2;37;0;1
-25;-30;33;0;1
-42;-36;15;0;1
-19;9;55;0;1
-50;-31;30;0;1
-22;-37;22;0;1
-42;-51;24;0;1
-60;5;21;1;1
-51;1;40;0;1
-60;-4;23;1;1
-27;42;44;1;1
-32;-43;40;1;1
-31;-49;38;1;1
-17;25;24;1;1
-35;-2;37;0;1
-29;0;24;0;1
-42;-14;23;1;1
-32;11;52;1;1
-35;35;45;0;1
-21;11;28;0;1
-14;-19;12;0;1
-45;11;28;1;1
-34;-22;41;0;1
-10;-15;44;1;1
-40;47;17;0;1
-39;42;16;0;1
-31;49;27;0;1
-37;26;26;0;1
-18;-24;32;0;1
-26;33;13;0;1
-30;27;24;0;1
-13;19;14;0;1
-12;12;25;1;1
-25;-23;18;0;1
-40;4;54;0;1
-25;-9;50;0;1
-42;8;12;0;1
-45;3;34;1;1
-44;-34;38;0;1
-36;28;44;0;1
-62;0;25;0;1
-24;-7;7;1;1
-36;-19;47;0;1
-33;16;43;0;1
-27;3;25;0;1
-33;8;52;0;1
-32;0;33;0;1
-35;38;19;1;1
-33;48;40;1;1
-28;-11;24;1;1
-50;21;18;0;1
-14;12;37;1;1
-24;-7;40;1;1
-20;-7;19;1;1
-18;-5;38;1;1
-22;25;60;0;1
-43;-24;39;1;1
-42;-3;34;1;1
-32;40;21;1;1
-24;-2;58;0;1
-45;25;23;1;1
-20;-7;58;0;1
-50;-19;43;0;1
-37;-11;32;1;1
-36;-21;24;1;1
-26;22;58;0;1
-32;13;56;0;1
-22;19;24;1;1
-30;16;45;1;1
-26;29;13;0;1
-39;-40;35;1;1
-56;7;29;1;1
-41;24;37;0;1
-59;-18;22;0;1
-21;-30;25;1;1
-46;-7;27;0;1
-23;28;12;1;1
-14;-20;63;0;1
-41;22;26;0;1
-22;28;44;1;1
-22;22;33;1;1
-51;-6;19;1;1
-19;7;27;1;1
-44;50;23;0;1
-30;-35;42;0;1
-28;-48;37;0;1
-45;-14;22;0;1
-51;22;22;0;1
-22;27;38;0;1
-33;-20;49;1;1
-34;1;15;1;1
-65;-4;26;1;1
-27;-31;29;0;1
-35;52;26;0;1
-45;-37;35;1;1
-49;15;41;0;1
-29;32;49;1;1
-60;-7;29;1;1
-53;22;33;1;1
-14;10;36;1;1
-13;-20;26;0;1
-26;13;38;0;1
-20;1;17;0;1
-23;36;30;0;1
-41;16;12;0;1
-54;4;20;0;1
-28;7;54;0;1
-25;-10;50;0;1
-59;-1;18;0;1
-26;-12;52;0;1
-60;4;26;0;1
-41;-40;16;1;1
-13;-19;12;0;1
-26;42;46;0;1
-16;12;38;0;1
-52;34;19;1;1
-13;14;16;1;1
-19;-18;24;1;1
-22;-9;19;1;1
-23;-27;34;0;1
-33;-22;40;0;1
-36;-22;54;1;1
-9;15;30;0;1
-52;-27;22;0;1
-44;-3;55;0;1
-40;42;38;0;1
-38;46;31;0;1
-21;10;40;1;1
-22;4;38;1;1
-27;-3;44;0;1
-31;-6;19;0;1
-24;39;36;0;1
-20;8;20;0;1
-39;-21;51;1;1
-20;-24;20;0;1
-51;-36;27;1;1
-43;-28;20;0;1
-54;30;29;1;1
-16;16;26;1;1
-33;-12;46;0;1
-12;12;27;0;1
-34;1;60;1;1
-53;5;47;1;1
-51;18;28;1;1
-34;-9;26;0;1
-47;27;30;1;1
-59;11;38;1;1
-15;-16;13;0;1
-32;-34;37;1;1
-52;-8;15;1;1
-47;-26;19;0;1
-24;-28;50;0;1
-45;-42;35;0;1
-41;34;30;1;1
-35;33;38;1;1
-32;47;23;1;1
-26;21;55;1;1
-24;3;43;1;1
-31;-1;31;1;1
-13;-19;33;0;1
-27;32;46;0;1
-22;-17;56;1;1
-17;-23;50;1;1
-39;0;50;1;1
-49;-30;39;0;1
-44;37;20;0;1
-36;4;34;0;1
-29;6;38;1;1
-20;11;32;1;1
-22;38;32;1;1
-20;-21;23;0;1
-19;27;32;0;1
-16;6;42;0;1
-41;18;28;1;1
-23;20;34;0;1
-61;21;28;1;1
-40;7;46;0;1
-19;-26;16;0;1
-29;-10;19;0;1
-57;19;24;1;1
-41;5;14;1;1
-36;48;20;0;1
-40;-35;17;1;1
-26;22;32;0;1
-33;-13;11;0;1
-22;-23;9;0;1
-31;6;34;0;1
-31;-44;21;0;1
-19;-11;56;1;1
-41;8;20;1;1
-37;-23;27;0;1
-34;17;37;0;1
-33;28;12;1;1
-13;-20;9;1;1
-22;-10;34;0;1
-48;41;25;0;1
-31;0;13;0;1
-25;8;56;0;1
-12;-17;17;0;1
-44;-32;21;1;1
-24;-13;15;1;1
-37;21;17;0;1
-54;20;29;1;1
-26;-36;52;0;1
-44;21;47;0;1
-42;5;53;1;1
-22;-1;29;1;1
-18;-13;52;0;1
-33;16;23;0;1
-35;-39;31;0;1
-45;10;44;0;1
-21;-3;45;1;1
-49;-8;20;0;1
-33;20;35;1;1
-28;42;47;0;1
-43;-26;42;0;1
-34;48;33;0;1
-46;-4;53;0;1
-21;16;10;1;1
-40;21;39;0;1
-27;-5;35;0;1
-19;-31;26;1;1
-25;18;50;0;1
-31;-16;16;0;1
-36;29;51;0;1
-38;-15;40;0;1
-38;0;20;0;1
-14;22;15;0;1
-33;-50;19;1;1
-29;7;42;0;1
-35;4;56;0;1
-30;-19;41;0;1
-18;-24;25;0;1
-37;-44;33;0;1
-42;36;43;1;1
-18;-21;60;0;1
-39;23;46;0;1
-29;-11;56;0;1
-34;-26;49;0;1
-45;12;50;0;1
-10;-12;38;0;1
-27;-46;28;0;1
-58;3;18;1;1
-36;50;25;1;1
-53;-31;18;0;1
-31;-42;48;1;1
-39;-39;17;1;1
-65;-18;19;0;1
-41;2;55;1;1
-31;-15;15;1;1
-27;-7;65;0;1
-38;-30;31;1;1
-19;32;13;1;1
-28;-16;29;0;1
-32;55;21;0;1
-19;3;22;1;1
-28;32;23;0;1
-33;42;23;1;1
-43;10;16;0;1
-20;30;52;1;1
-18;14;40;1;1
-21;21;59;0;1
-37;17;15;1;1
-19;13;29;0;1
-11;-10;36;0;1
-29;28;43;0;1
-16;23;31;0;1
-24;-23;29;0;1
-45;26;35;0;1
-24;8;20;0;1
-18;-30;40;1;1
-20;32;43;0;1
-25;-34;55;0;1
-29;2;11;0;1
-39;-40;41;1;1
-62;-9;32;0;1
-21;-17;62;0;1
-41;3;39;1;1
-34;-15;45;0;1
-19;-10;24;1;1
-59;-2;29;1;1
-38;-7;20;0;1
-28;35;40;0;1
-16;-15;51;0;1
-15;-18;11;1;1
-53;-10;28;1;1
-27;42;50;0;1
-43;-39;35;0;1
-21;-11;38;0;1
-37;15;21;0;1
-44;-13;47;1;1
-21;-14;15;0;1
-39;24;43;0;1
-30;13;54;0;1
-41;47;25;1;1
-49;-16;26;1;1
-43;7;22;0;1
-49;14;30;0;1
-35;-6;52;0;1
-35;-6;16;0;1
-29;-44;37;1;1
-30;-34;35;0;1
-24;37;27;1;1
-32;-1;17;0;1
-28;43;20;1;1
-22;-36;39;0;1
-28;-36;52;1;1
-43;51;18;0;1
-41;9;35;0;1
-32;6;53;0;1
-57;13;29;0;1
-39;26;26;1;1
-57;-15;21;1;1
-38;16;26;1;1
-21;6;15;1;1
-32;-10;58;0;1
-47;11;41;0;1
-34;-32;41;0;1
-16;15;60;0;1
-18;-17;58;0;1
-16;8;18;0;1
-27;38;28;0;1
-17;-14;48;1;1
-22;10;8;0;1
-32;-15;37;0;1
-56;12;26;0;1
-33;22;19;1;1
-50;-27;21;1;1
-41;21;20;0;1
-46;-13;28;0;1
-25;41;45;1;1
-27;11;17;1;1
-21;36;29;0;1
-60;2;35;0;1
-42;-39;30;0;1
-35;-23;47;1;1
-30;4;11;1;1
-50;-22;20;1;1
-43;38;39;1;1
-49;-24;23;1;1
-35;-22;44;0;1
-36;-8;60;0;1
-16;25;22;1;1
-41;-18;35;0;1
-39;17;41;1;1
-19;-24;20;0;1
-23;2;15;1;1
-13;20;35;0;1
-24;-22;37;0;1
-23;-31;46;1;1
-14;-19;28;0;1
-23;-4;55;1;1
-45;-37;31;1;1
-31;-49;30;0;1
-33;12;38;1;1
-17;-18;18;0;1
-28;40;41;1;1
-15;23;34;0;1
-64;-16;22;0;1
-30;41;18;0;1
-42;30;27;1;1
-33;18;42;1;1
-14;-17;23;0;1
-51;-44;19;0;1
-23;-8;26;0;1
-38;-43;36;0;1
-33;-11;47;0;1
-61;17;24;1;1
-52;29;29;0;1
-37;-15;23;0;1
-16;3;31;0;1
-56;4;22;0;1
-46;11;46;0;1
-23;19;29;1;1
-35;-3;58;0;1
-33;17;27;1;1
-25;35;33;1;1
-29;-10;46;0;1
-35;38;15;0;1
-28;8;28;0;1
-43;27;43;0;1
-32;4;11;0;1
-38;-21;20;0;1
-32;-26;51;1;1
-44;-8;42;0;1
-14;-16;26;0;1
-34;-20;29;0;1
-41;-11;27;0;1
-33;8;20;1;1
-39;12;50;1;1
-23;-28;18;1;1
-28;-44;23;1;1
-51;28;16;1;1
-28;26;58;1;1
-20;-32;20;1;1
-16;-22;48;1;1
-35;36;23;0;1
-21;-22;22;1;1
-33;3;59;0;1
-10;-16;29;0;1
-38;-13;47;1;1
-24;19;57;1;1
-20;17;59;1;1
-39;37;29;0;1
-21;6;22;0;1
-18;-6;31;0;1
-30;-22;23;0;1
-37;44;27;0;1
-52;-18;41;0;1
-8;11;33;1;1
-48;15;37;1;1
-57;-14;38;1;1
-34;44;16;0;1
-39;-5;40;0;1
-39;-39;24;0;1
-25;40;27;0;1
-49;-9;26;0;1
-36;15;26;0;1
-20;31;33;0;1
-22;32;23;1;1
-19;18;59;0;1
-46;21;49;0;1
-33;-1;37;1;1
-24;-31;31;0;1
-29;-27;32;0;1
-41;-17;13;1;1
-16;-14;24;1;1
-32;12;51;0;1
-16;27;29;0;1
-33;41;21;0;1
-57;24;21;1;1
-17;-24;60;1;1
-51;-42;26;0;1
-34;-26;30;1;1
-42;9;36;1;1
-33;-52;22;0;1
-27;-35;26;0;1
-63;-6;24;0;1
-27;15;26;0;1
-40;25;33;1;1
-38;-7;37;0;1
-55;-29;30;0;1
-46;4;50;0;1
-33;13;13;0;1
-47;21;29;1;1
-25;-3;45;0;1
-49;-7;41;1;1
-24;24;58;0;1
-40;-21;39;0;1
-52;0;27;0;1
-23;-14;51;1;1
-59;10;19;0;1
-14;-17;33;0;1
-27;4;45;0;1
-52;-8;27;1;1
-48;10;42;0;1
-43;12;44;0;1
-51;-11;29;0;1
-25;25;12;0;1
-32;21;45;0;1
-14;21;46;1;1
-57;-5;19;1;1
-34;-49;24;0;1
-31;44;25;1;1
-15;-17;32;1;1
-43;-26;27;0;1
-16;-13;44;0;1
-61;16;18;1;1
-55;-7;18;1;1
-21;14;24;1;1
-54;17;22;0;1
-50;25;36;0;1
-25;22;37;0;1
-32;7;52;1;1
-35;2;42;0;1
-22;33;32;0;1
-65;13;18;1;1
-9;-11;20;0;1
-31;5;49;0;1
-19;-20;11;1;1
-49;22;17;1;1
-48;-13;35;0;1
-45;6;23;0;1
-21;2;14;0;1
-25;-8;45;0;1
-61;2;21;0;1
-15;17;23;0;1
-36;3;16;0;1
-38;-13;29;1;1
-51;0;21;1;1
-44;-26;49;0;1
-31;-36;20;1;1
-43;10;41;1;1
-49;-26;44;1;1
-38;-36;21;0;1
-40;1;39;1;1
-30;-1;9;1;1
-29;-4;31;0;1
-31;-2;63;0;1
-16;-17;60;1;1
-23;29;36;1;1
-50;-28;26;1;1
-26;-4;23;1;1
-34;-17;28;0;1
-60;-18;23;0;1
-28;-10;54;0;1
-42;22;23;0;1
-36;-18;32;0;1
-45;49;19;0;1
-42;-30;40;0;1
-48;-6;19;0;1
-43;31;35;0;1
-32;32;36;1;1
-20;14;46;0;1
-37;-33;35;0;1
-22;-29;38;0;1
-22;26;62;0;1
-29;7;53;1;1
-21;11;19;0;1
-17;27;55;0;1
-41;-21;50;0;1
-33;-5;58;1;1
-28;-11;58;0;1
-15;-15;35;0;1
-29;-32;40;1;1
-32;-36;36;1;1
-19;-31;47;0;1
-30;25;19;0;1
-47;-37;35;1;1
-50;-22;32;0;1
-44;-20;44;0;1
-38;22;26;0;1
-36;11;43;1;1
-29;31;40;0;1
-54;-5;25;0;1
-60;19;22;0;1
-35;-1;55;1;1
-25;21;31;0;1
-22;8;54;0;1
-53;-24;19;0;1
-25;-16;10;0;1
-32;-10;35;1;1
-46;-2;31;1;1
-52;-27;37;0;1
-15;15;53;0;1
-14;9;22;0;1
-63;-13;22;1;1
-37;-20;16;0;1
-25;41;16;0;1
-31;-22;16;0;1
-33;-25;34;1;1
-14;21;62;0;1
-24;40;15;0;1
-29;39;39;0;1
-29;40;22;0;1
-41;-37;23;0;1
-34;-11;41;0;1
-24;-15;45;0;1
-20;-6;29;0;1
-33;-48;32;1;1
-24;27;11;1;1
-27;8;33;0;1
-44;35;40;0;1
-52;-9;42;0;1
-58;9;18;1;1
-23;-30;18;1;1
-21;-13;42;0;1
-18;31;52;1;1
-23;-2;47;1;1
-38;-40;42;1;1
-39;10;25;0;1
-54;17;19;0;1
-22;-30;14;0;1
-24;-16;14;0;1
-46;-8;51;0;1
-24;-2;12;0;1
-41;16;35;1;1
-32;49;20;0;1
-10;13;37;0;1
-28;-11;28;0;1
-33;31;28;0;1
-34;-2;42;0;1
-21;35;14;1;1
-29;-25;13;1;1
-29;7;20;1;1
-43;21;39;1;1
-30;28;26;0;1
-23;8;62;0;1
-8;-11;26;0;1
-23;-24;54;0;1
-32;40;29;0;1
-27;41;45;0;1
-19;-7;32;0;1
-40;-10;41;0;1
-41;28;36;1;1
-57;3;22;1;1
-42;21;23;1;1
-52;-27;24;0;1
-56;9;42;1;1
-47;-38;17;0;1
-50;-19;26;1;1
-53;24;24;0;1
-30;27;35;1;1
-38;37;43;0;1
-46;22;41;0;1
-36;-21;19;1;1
-48;-10;14;1;1
-61;5;27;1;1
-36;42;18;1;1
-20;27;31;0;1
-11;-18;17;1;1
-17;19;59;0;1
-24;2;12;1;1
-45;-21;44;0;1
-13;19;34;1;1
-41;-39;18;0;1
-21;-30;50;0;1
-29;25;30;0;1
-34;-18;46;0;1
-24;28;60;0;1
-47;-21;42;1;1
-57;-34;22;0;1
-17;-23;39;1;1
-63;-12;25;0;1
-22;-3;27;0;1
-28;21;29;0;1
-46;-6;35;0;1
-34;5;50;1;1
-35;-19;14;0;1
-49;10;46;0;1
-34;-12;58;0;1
-45;-37;21;0;1
-34;42;24;0;1
-22;11;19;0;1
-33;41;41;1;1
-36;-8;24;1;1
-19;-26;30;0;1
-35;54;25;1;1
-37;33;38;0;1
-46;26;43;0;1
-52;3;19;0;1
-30;-29;34;1;1
-39;18;34;1;1
-50;-32;32;0;1
-23;16;36;0;1
-29;-4;60;1;1
-17;25;41;1;1
-27;-36;26;1;1
-39;-14;57;0;1
-61;-4;20;0;1
-45;-10;44;1;1
-28;7;18;1;1
-29;-3;59;0;1
-42;8;40;0;1
-9;13;33;1;1
-53;-29;35;0;1
-47;-10;21;0;1
-30;3;49;0;1
-31;12;16;0;1
-32;26;24;1;1
-45;12;45;1;1
-27;-5;9;0;1
-31;16;54;0;1
-42;26;31;1;1
-37;-19;23;0;1
-24;31;48;0;1
-36;24;31;1;1
-15;-25;27;1;1
-27;36;50;0;1
-31;-44;41;1;1
-36;-33;24;0;1
-38;-41;26;1;1
-45;12;17;1;1
-43;43;28;1;1
-27;-29;11;1;1
-30;-11;63;0;1
-27;16;59;0;1
-23;-4;49;1;1
-45;-35;35;0;1
-46;-25;30;1;1
-25;-18;56;0;1
-32;-26;54;0;1
-50;19;15;0;1
-36;10;17;0;1
-16;-16;24;0;1
-22;16;15;1;1
-30;-22;50;0;1
-45;-48;24;0;1
-22;19;34;1;1
-36;32;16;0;1
-44;26;22;0;1
-42;-2;18;1;1
-18;-24;19;1;1
-20;5;19;1;1
-12;15;48;1;1
-36;-7;44;0;1
-62;7;33;0;1
-55;7;22;0;1
-25;-19;29;0;1
-60;-22;25;0;1
-47;29;33;0;1
-12;14;33;0;1
-13;16;54;0;1
-23;6;63;0;1
-30;16;55;1;1
-21;31;49;0;1
-36;20;46;0;1
-39;9;17;1;1
-29;-36;47;0;1
-37;16;55;0;1
-37;-9;35;0;1
-37;-47;28;1;1
-38;35;42;1;1
-38;2;35;0;1
-22;-8;34;0;1
-27;37;40;1;1
-32;18;53;1;1
-49;-30;28;0;1
-39;11;27;1;1
-31;21;25;0;1
-47;28;15;0;1
-45;26;20;1;1
-51;21;27;1;1
-43;-9;16;0;1
-41;15;51;0;1
-50;22;33;1;1
-34;-48;21;0;1
-39;21;35;1;1
-42;16;13;0;1
-44;33;34;0;1
-31;37;26;1;1
-29;-15;57;1;1
-56;18;28;0;1
-47;35;25;1;1
-64;-2;20;0;1
-25;29;15;0;1
-31;-47;28;0;1
-39;-31;48;0;1
-22;38;37;0;1
-54;26;34;0;1
-37;-45;26;0;1
-44;-16;13;0;1
-30;5;61;1;1
-36;-31;50;0;1
-58;-4;27;0;1
-20;-24;24;0;1
-18;-30;58;0;1
-33;41;39;1;1
-57;22;23;0;1
-42;42;24;0;1
-19;-12;48;0;1
-20;28;54;0;1
-26;13;57;0;1
-48;-30;37;0;1
-21;-23;36;1;1
-14;-5;38;1;1
-20;-6;55;0;1
-26;31;43;0;1
-34;14;59;1;1
-35;36;48;1;1
-38;29;13;0;1
-54;-9;15;0;1
-55;6;26;1;1
-38;-37;45;0;1
-22;35;26;0;1
-23;-34;12;1;1
-40;9;34;0;1
-46;-14;29;0;1
-38;-16;43;0;1
-55;0;23;0;1
-49;-37;34;0;1
-46;4;26;0;1
-41;32;34;1;1
-42;-39;17;0;1
-47;8;35;1;1
-15;13;17;0;1
-29;14;16;1;1
-26;-16;60;0;1
-45;0;38;0;1
-35;-5;23;1;1
-44;11;31;0;1
-15;-19;8;0;1
-41;10;29;0;1
-10;14;40;0;1
-38;-38;37;1;1
-26;-13;29;1;1
-18;3;23;0;1
-18;-11;53;0;1
-39;16;34;1;1
-58;28;23;0;1
-19;3;33;0;1
-21;-26;55;0;1
-20;-22;38;1;1
-38;-38;44;0;1
-26;-30;11;0;1
-41;36;27;0;1
-48;8;48;1;1
-44;-30;41;0;1
-30;-17;62;0;1
-43;-4;23;0;1
-32;-34;34;1;1
-26;-30;44;1;1
-49;10;32;0;1
-12;13;41;1;1
-49;12;42;1;1
-27;-1;37;0;1
-31;-17;42;1;1
-35;-38;31;1;1
-13;4;29;1;1
-19;-16;40;0;1
-40;30;31;0;1
-48;-27;44;0;1
-33;-26;42;0;1
-59;20;30;0;1
-45;14;52;0;1
-36;35;16;0;1
-24;14;14;1;1
-54;-25;19;0;1
-67;-3;19;0;1
-51;36;28;1;1
-19;-30;23;0;1
-36;4;53;0;1
-21;-2;51;1;1
-40;5;47;0;1
-47;1;17;0;1
-41;14;31;1;1
-39;-24;18;0;1
-15;-20;32;0;1
-31;21;26;0;1
-20;22;43;1;1
-23;-11;60;0;1
-37;-13;58;0;1
-51;-12;18;0;1
-14;-17;35;0;1
-17;15;54;1;1
-32;16;53;1;1
-23;15;61;0;1
-40;-13;32;0;1
-21;8;58;1;1
-27;10;47;1;1
-49;-15;32;0;1
-35;28;25;0;1
-17;21;13;0;1
-34;-17;60;1;1
-26;-6;53;0;1
-25;-31;49;1;1
-40;18;40;0;1
-22;19;9;0;1
-49;-22;39;0;1
-43;10;33;1;1
-32;19;54;0;1
-53;13;17;0;1
-44;-31;23;1;1
-35;46;29;0;1
-38;27;29;1;1
-52;-23;38;0;1
-20;-18;60;0;1
-22;14;40;0;1
-23;30;45;0;1
-21;7;13;1;1
-40;39;20;1;1
-29;-31;44;0;1
-20;21;12;1;1
-52;4;25;0;1
-53;13;32;1;1
-16;5;21;1;1
-57;-22;33;1;1
-32;10;19;1;1
-52;27;26;1;1
-27;-3;45;1;1
-28;-41;31;0;1
-35;-22;29;0;1
-44;-35;19;0;1
-40;-46;23;1;1
-12;-18;49;1;1
-37;54;19;0;1
-33;-26;38;0;1
-38;-39;32;0;1
-29;-7;42;1;1
-35;5;25;0;1
-13;13;40;1;1
-33;39;44;0;1
-23;38;38;1;1
-41;24;28;0;1
-40;1;57;1;1
-27;46;32;1;1
-48;7;23;0;1
-28;-10;40;1;1
-31;37;41;1;1
-22;28;54;0;1
-27;8;50;0;1
-13;10;27;0;1
-33;43;32;0;1
-67;5;23;1;1
-39;-10;46;0;1
-32;-19;14;0;1
-30;-9;43;1;1
-22;19;10;0;1
-38;26;20;1;1
-24;12;43;1;1
-27;5;39;0;1
-23;1;23;0;1
-26;16;37;0;1
-35;32;46;0;1
-29;-3;29;0;1
-52;-38;26;0;1
-20;-5;39;1;1
-17;-24;62;1;1
-34;17;39;0;1
-13;-21;29;0;1
-30;8;54;0;1
-34;47;22;0;1
-46;3;49;0;1
-39;-13;34;0;1
-20;13;50;1;1
-22;-2;39;0;1
-22;-21;36;0;1
-31;-19;23;0;1
-24;35;30;0;1
-37;-10;22;1;1
-24;21;34;1;1
-37;-19;42;0;1
-14;-6;29;0;1
-42;2;38;1;1
-9;-5;24;1;1
-28;38;30;1;1
-17;16;54;0;1
-44;-39;22;0;1
-14;20;50;0;1
-35;-16;35;0;1
-22;13;60;0;1
-27;-10;18;0;1
-12;1;29;1;1
-21;33;33;0;1
-24;21;18;1;1
-47;10;52;0;1
-22;-34;24;0;1
-39;-38;45;0;1
-27;20;24;0;1
-44;-33;16;1;1
-21;-26;16;0;1
-43;-37;39;1;1
-48;-7;37;0;1
-30;42;21;1;1
-44;-48;25;0;1
-46;-47;24;0;1
-24;28;25;1;1
-47;-34;17;1;1
-50;6;31;0;1
-32;-18;57;1;1
-26;36;23;1;1
-59;9;21;1;1
-57;-3;26;1;1
-12;20;29;0;1
-9;12;36;1;1
-42;25;26;0;1
-22;36;13;0;1
-36;20;50;1;1
-34;-57;21;0;1
-15;25;41;0;1
-48;30;40;1;1
-29;28;19;0;1
-15;-18;19;0;1
-58;-6;38;0;1
-49;2;35;0;1
-17;-7;28;0;1
-33;7;16;1;1
-39;-7;47;0;1
-31;27;46;1;1
-27;6;35;0;1
-62;-25;22;1;1
-34;-43;26;0;1
-20;25;56;1;1
-32;28;39;0;1
-31;-2;34;1;1
-33;46;16;0;1
-44;-24;18;1;1
-39;16;25;1;1
-56;-21;37;0;1
-22;-34;18;0;1
-19;19;18;0;1
-25;43;22;0;1
-52;-43;22;0;1
-36;33;38;0;1
-25;-29;59;1;1
-23;-6;46;1;1
-29;21;44;0;1
-9;12;31;1;1
-20;-28;46;1;1
-34;11;31;0;1
-39;16;17;0;1
-38;-10;24;0;1
-20;33;33;1;1
-25;-21;49;0;1
-56;18;38;0;1
-46;0;40;1;1
-41;-2;24;1;1
-50;-37;19;0;1
-35;18;49;1;1
-41;16;22;0;1
-27;-5;37;0;1
-36;-2;16;1;1
-30;13;45;1;1
-35;-12;55;1;1
-33;39;43;1;1
-43;-27;15;1;1
-48;-17;41;1;1
-33;-27;54;0;1
-36;-21;18;0;1
-34;-17;11;0;1
-56;-7;34;1;1
-34;-25;56;0;1
-38;15;21;0;1
-28;27;17;0;1
-55;4;36;0;1
-36;-23;52;1;1
-32;-3;60;1;1
-33;6;45;0;1
-41;23;24;0;1
-39;28;47;0;1
-42;33;29;0;1
-33;17;18;1;1
-34;48;35;1;1
-53;1;31;1;1
-40;3;30;1;1
-28;-47;43;1;1
-30;0;20;0;1
-49;-29;19;0;1
-34;18;29;0;1
-38;-38;29;0;1
-45;-1;21;0;1
-52;22;27;1;1
-18;-26;39;0;1
-25;21;35;0;1
-50;-28;25;1;1
-35;38;38;0;1
-49;17;42;0;1
-28;-18;59;0;1
-17;-22;28;0;1
-34;-18;45;0;1
-29;16;35;1;1
-50;-8;22;0;1
-31;35;39;1;1
-38;14;40;0;1
-36;7;58;1;1
-19;-9;49;0;1
-10;-10;21;1;1
-45;-26;36;0;1
-28;30;27;0;1
-28;-41;35;1;1
-28;34;16;0;1
-23;2;39;0;1
-22;-7;41;1;1
-52;-15;41;1;1
-61;2;34;0;1
-48;3;18;0;1
-16;-21;19;0;1
-33;1;51;0;1
-51;25;36;0;1
-19;-10;50;0;1
-28;15;25;0;1
-61;5;30;1;1
-62;9;22;0;1
-56;-10;34;0;1
-43;-10;52;1;1
-15;-17;23;0;1
-31;35;40;0;1
-29;35;52;0;1
-32;-6;58;1;1
-30;26;35;1;1
-43;34;44;1;1
-19;19;16;0;1
-30;1;45;0;1
-21;-19;41;1;1
-25;-21;50;0;1
-48;-20;15;0;1
-16;1;36;1;1
-51;-15;19;1;1
-28;25;58;0;1
-35;-27;22;1;1
-28;-18;18;1;1
-38;23;34;1;1
-34;-5;28;1;1
-21;17;45;0;1
-26;-21;25;0;1
-36;-1;61;1;1
-41;-46;22;1;1
-23;13;52;0;1
-25;-32;50;0;1
-14;-15;36;1;1
-32;-16;57;0;1
-28;-31;50;0;1
-32;-48;38;1;1
-59;22;32;1;1
-22;2;45;1;1
-29;-45;42;0;1
-51;-6;49;0;1
-33;48;20;1;1
-51;30;33;0;1
-34;1;62;0;1
-41;6;32;1;1
-39;23;26;0;1
-27;-11;36;0;1
-56;14;27;1;1
-38;-12;23;0;1
-24;24;53;1;1
-46;-12;43;1;1
-12;-16;27;1;1
-38;-18;46;0;1
-20;-16;32;1;1
-45;38;28;0;1
-22;4;51;0;1
-21;22;20;0;1
-27;-12;38;0;1
-44;-10;25;0;1
-42;-23;47;0;1
-32;7;60;0;1
-48;13;37;0;1
-39;7;41;1;1
-21;-34;38;0;1
-28;7;43;0;1
-23;-31;37;0;1
-18;17;57;1;1
-31;26;18;0;1
-55;28;21;1;1
-29;6;44;0;1
-38;-35;41;0;1
-31;-14;57;1;1
-61;-7;32;0;1
-51;13;15;0;1
-57;-24;27;1;1
-36;-41;45;0;1
-11;19;15;0;1
-47;-7;14;0;1
-49;-43;22;0;1
-42;29;16;0;1
-26;-12;32;0;1
-36;-20;30;1;1
-34;-18;20;0;1
-17;25;9;0;1
-44;-38;27;0;1
-41;36;17;0;1
-36;-2;35;0;1
-20;14;22;1;1
-25;-10;51;1;1
-26;12;44;1;1
-23;8;11;0;1
-21;18;65;0;1
-23;18;60;0;1
-32;16;29;0;1
-55;21;16;1;1
-15;-15;31;1;1
-48;20;43;1;1
-41;-46;35;1;1
-22;28;30;1;1
-32;-42;21;1;1
-35;-15;43;0;1
-52;0;30;0;1
-11;-10;21;1;1
-25;24;43;1;1
-37;22;36;1;1
-29;37;38;0;1
-14;-10;32;1;1
-43;-39;36;0;1
-22;-6;62;1;1
-22;-15;34;0;1
-22;31;47;1;1
-27;-39;41;0;1
-32;-1;46;0;1
-15;-19;36;0;1
-31;13;49;0;1
-51;9;20;0;1
-27;35;41;1;1
-36;-7;39;0;1
-30;16;33;0;1
-39;-33;48;1;1
-39;13;23;0;1
-58;15;30;0;1
-21;-3;48;0;1
-39;24;13;1;1
-21;-29;57;0;1
-33;32;50;0;1
-24;-4;25;0;1
-34;-18;37;1;1
-57;14;28;1;1
-53;29;26;0;1
-44;32;44;0;1
-26;-34;47;1;1
-39;8;48;0;1
-29;-26;31;0;1
-21;-5;29;1;1
-30;21;33;0;1
-36;20;21;0;1
-25;-24;51;0;1
-33;43;20;0;1
-30;-2;56;0;1
-39;0;25;0;1
-47;-26;41;0;1
-56;-29;24;0;1
-17;1;32;0;1
-19;8;25;0;1
-50;-34;27;1;1
-41;23;14;1;1
-21;29;45;1;1
-13;-14;37;0;1
-15;-1;35;0;1
-43;-13;54;1;1
-25;20;10;0;1
-27;35;37;1;1
-34;11;14;0;1
-48;26;30;0;1
-37;25;15;0;1
-43;11;51;0;1
-29;18;53;1;1
-17;-27;40;1;1
-19;14;45;1;1
-20;26;49;0;1
-34;20;27;0;1
-46;4;39;1;1
-26;32;29;0;1
-31;-2;42;1;1
-50;-11;19;0;1
-40;-51;23;1;1
-17;1;24;0;1
-52;22;29;1;1
-14;21;55;0;1
-27;15;27;1;1
-14;-2;22;0;1
-18;-3;36;0;1
-64;5;24;0;1
-10;-17;54;0;1
-47;-11;44;0;1
-11;6;34;0;1
-17;-15;15;0;1
-34;-32;30;1;1
-26;-8;12;0;1
-46;45;20;1;1
-18;29;60;1;1
-33;-18;29;1;1
-52;-27;32;1;1
-21;-7;53;0;1
-33;-22;29;0;1
-64;0;20;0;1
-20;17;62;0;1
-35;-30;32;0;1
-36;15;35;0;1
-39;-49;24;0;1
-23;35;30;1;1
-22;-7;33;1;1
-29;27;53;1;1
-26;41;34;1;1
-20;0;28;0;1
-13;8;30;1;1
-40;19;30;0;1
-39;20;49;0;1
-24;-22;13;1;1
-22;-20;21;0;1
-37;-55;20;0;1
-25;15;57;1;1
-65;8;20;0;1
-43;21;14;0;1
-41;-49;30;1;1
-21;0;51;0;1
-27;15;55;1;1
-34;44;35;0;1
-10;-17;53;1;1
-36;-25;55;0;1
-39;-23;48;1;1
-48;-27;32;0;1
-46;36;35;0;1
-27;-4;42;0;1
-14;-21;26;1;1
-12;15;34;1;1
-52;-1;15;0;1
-19;-14;48;0;1
-55;-21;25;0;1
-51;36;30;0;1
-35;-24;31;0;1
-34;-11;16;0;1
-27;-15;33;1;1
-29;16;16;0;1
-19;-7;53;0;1
-49;3;48;0;1
-42;-47;30;1;1
-42;8;30;1;1
-50;-19;21;1;1
-46;17;50;0;1
-28;11;29;0;1
-31;-14;41;0;1
-26;14;21;1;1
-18;-26;41;0;1
-22;11;33;0;1
-48;22;44;1;1
-33;-31;15;0;1
-21;-25;15;0;1
-32;30;53;0;1
-28;24;51;0;1
-40;-28;25;0;1
-38;1;39;0;1
-35;-1;58;0;1
-62;-8;22;1;1
-10;17;20;1;1
-28;-23;52;0;1
-30;39;46;0;1
-15;9;40;0;1
-24;-5;43;1;1
-19;-17;39;0;1
-20;27;15;1;1
-35;-7;35;0;1
-41;-40;36;0;1
-29;29;34;1;1
-38;-50;23;1;1
-18;24;31;0;1
-55;1;37;1;1
-38;-2;12;1;1
-38;23;14;0;1
-49;-17;39;0;1
-31;14;29;0;1
-37;7;21;1;1
-38;-38;18;0;1
-23;-12;66;0;1
-24;-6;57;0;1
-23;-23;9;0;1
-35;-33;46;1;1
-41;28;17;0;1
-20;-16;37;1;1
-23;-5;25;0;1
-34;11;38;1;1
-43;46;29;0;1
-40;25;45;1;1
-37;5;26;0;1
-22;-38;39;1;1
-55;20;30;1;1
-60;-3;27;0;1
-28;34;37;1;1
-29;32;35;0;1
-44;-2;34;1;1
-32;13;61;1;1
-40;-35;26;0;1
-33;38;20;0;1
-44;41;27;0;1
-40;18;15;0;1
-46;21;22;0;1
-43;32;18;1;1
-54;17;23;0;1
-32;-14;59;0;1
-18;21;36;1;1
-52;-4;39;0;1
-50;-41;29;1;1
-35;-10;59;0;1
-37;6;37;1;1
-53;1;30;1;1
-17;-21;33;0;1
-63;20;21;0;1
-28;45;23;0;1
-43;-46;17;0;1
-45;-30;38;0;1
-46;4;14;1;1
-41;-30;25;1;1
-53;20;38;0;1
-13;-4;28;1;1
-37;-19;37;0;1
-30;22;22;0;1
-51;1;41;1;1
-19;22;57;0;1
-22;35;51;1;1
-41;-43;34;0;1
-19;10;38;1;1
-37;9;43;0;1
-25;8;66;0;1
-49;-16;20;0;1
-30;22;41;0;1
-43;-25;26;0;1
-19;-7;14;0;1
-51;0;34;0;1
-35;5;49;0;1
-31;-24;25;0;1
-33;20;42;0;1
-39;51;19;1;1
-23;-39;51;0;1
-15;-12;32;0;1
-27;18;49;0;1
-39;32;39;0;1
-22;7;15;0;1
-16;-24;57;0;1
-41;31;20;0;1
-19;14;13;0;1
-56;21;22;0;1
-39;23;37;1;1
-36;-48;26;0;1
-36;-14;59;0;1
-58;-8;33;1;1
-44;29;38;0;1
-45;19;41;0;1
-32;31;13;0;1
-20;-34;12;1;1
-25;-22;54;1;1
-53;-14;34;0;1
-38;2;59;0;1
-43;-27;28;0;1
-44;3;43;0;1
-60;-12;34;1;1
-26;-31;29;0;1
-38;30;33;1;1
-41;10;21;1;1
-23;25;32;1;1
-21;-12;24;0;1
-59;20;28;0;1
-19;29;20;1;1
-45;-34;36;0;1
-27;30;49;0;1
-26;-40;19;1;1
-21;-11;33;1;1
-33;25;55;1;1
-49;-13;18;0;1
-42;18;46;0;1
-58;-24;26;0;1
-23;-23;12;0;1
-47;19;22;1;1
-31;47;30;0;1
-16;15;19;1;1
-44;-21;41;1;1
-32;-24;44;0;1
-11;11;22;0;1
-40;-32;19;0;1
-52;17;34;1;1
-39;19;16;0;1
-59;-12;34;1;1
-40;34;38;0;1
-43;17;35;0;1
-25;-35;22;1;1
-34;-34;38;0;1
-50;38;28;1;1
-51;-37;22;1;1
-32;6;30;0;1
-17;19;21;0;1
-11;6;27;0;1
-13;14;32;0;1
-33;11;13;0;1
-50;-4;36;0;1
-34;-19;13;0;1
-20;-29;47;0;1
-48;10;20;0;1
-49;-5;26;0;1
-26;44;44;0;1
-25;-33;37;0;1
-46;-1;44;1;1
-25;-24;48;1;1
-54;5;19;1;1
-43;3;31;0;1
-22;2;59;0;1
-15;-21;49;0;1
-18;-12;46;1;1
-23;15;38;0;1
-41;31;39;1;1
-64;8;20;0;1
-34;46;23;0;1
-26;1;7;0;1
-55;-6;24;0;1
-46;1;18;0;1
-35;-33;45;1;1
-22;-26;49;0;1
-26;-36;54;0;1
-29;16;42;1;1
-34;15;10;0;1
-45;6;18;1;1
-31;-28;56;1;1
-25;-29;33;0;1
-13;21;19;0;1
-45;-3;51;0;1
-41;-22;42;0;1
-56;17;30;1;1
-42;-47;31;0;1
-56;-8;25;1;1
-52;8;17;0;1
-53;-23;22;0;1
-55;-1;23;1;1
-38;25;51;0;1
-43;24;37;1;1
-30;-8;14;1;1
-18;14;12;0;1
-29;11;17;1;1
-15;-7;18;0;1
-54;-13;28;1;1
-35;-23;33;1;1
-23;-38;41;0;1
-31;11;48;0;1
-39;-31;23;0;1
-23;19;50;0;1
-32;-13;39;0;1
-36;21;23;1;1
-42;-8;41;0;1
-18;22;23;0;1
-41;34;17;0;1
-27;17;51;0;1
-28;46;32;1;1
-48;-35;32;0;1
-32;1;20;0;1
-28;25;56;0;1
-33;-19;32;1;1
-48;21;23;0;1
-34;-28;31;0;1
-25;42;49;0;1
-20;-11;38;0;1
-14;-7;36;0;1
-24;-18;28;1;1
-27;-15;53;0;1
-21;15;55;1;1
-27;34;36;0;1
-45;32;36;1;1
-16;11;37;1;1
-51;-38;31;1;1
-35;-34;25;1;1
-34;-22;21;0;1
-41;-46;33;1;1
-22;-1;21;1;1
-20;-19;26;0;1
-29;-5;39;1;1
-47;4;36;1;1
-26;-8;45;0;1
-28;-5;47;1;1
-45;-16;39;0;1
-17;26;59;1;1
-35;-29;38;0;1
-23;-18;47;0;1
-61;2;18;0;1
-49;6;38;1;1
-14;-24;25;0;1
-38;-26;37;0;1
-36;42;24;0;1
-17;25;26;0;1
-32;-24;13;0;1
-26;38;30;0;1
-24;-5;27;1;1
-36;-12;26;0;1
-36;27;15;0;1
-19;-27;11;1;1
-53;-3;40;0;1
-51;-21;27;0;1
-27;20;42;0;1
-52;-1;24;0;1
-25;-43;22;0;1
-28;-7;35;1;1
-31;18;51;1;1
-30;-5;59;0;1
-40;-14;39;1;1
-21;-18;56;0;1
-36;32;49;1;1
-61;12;25;0;1
-20;22;21;1;1
-22;-25;58;0;1
-32;-6;35;0;1
-39;13;53;0;1
-15;16;19;0;1
-21;33;44;1;1
-15;15;41;1;1
-32;19;40;1;1
-41;8;44;0;1
-54;-13;35;0;1
-16;26;35;1;1
-30;51;32;0;1
-26;25;37;0;1
-34;-9;48;0;1
-43;-20;13;1;1
-41;-21;40;0;1
-37;33;42;0;1
-37;-49;31;1;1
-27;-2;40;0;1
-57;26;17;1;1
-20;-19;40;0;1
-16;15;45;1;1
-24;9;46;1;1
-33;0;53;0;1
-34;56;25;1;1
-30;27;23;1;1
-17;21;28;0;1
-31;-3;11;1;1
-39;21;33;1;1
-21;31;57;0;1
-35;29;29;0;1
-47;6;18;0;1
-26;10;22;0;1
-16;6;26;0;1
-33;-38;17;1;1
-29;18;20;1;1
-37;-25;13;1;1
-47;-34;34;1;1
-24;6;38;0;1
-18;25;24;1;1
-34;-45;36;0;1
-19;23;35;0;1
-31;12;28;1;1
-62;6;25;1;1
-48;17;35;1;1
-54;5;15;0;1
-38;33;43;0;1
-44;27;20;0;1
-37;-16;55;0;1
-42;-28;40;1;1
-47;6;51;1;1
-16;-16;46;1;1
-49;36;22;0;1
-38;35;48;0;1
-48;-11;24;0;1
-17;29;36;0;1
-58;10;29;1;1
-60;15;24;0;1
-20;-12;25;1;1
-39;0;21;1;1
-17;14;15;1;1
-37;-42;28;0;1
-47;19;40;1;1
-35;3;60;0;1
-29;-31;22;0;1
-24;-10;57;0;1
-18;-27;42;0;1
-23;-35;27;1;1
-12;-13;30;0;1
-29;2;23;0;1
-18;3;29;0;1
-44;-11;49;1;1
-29;-6;20;0;1
-24;12;39;0;1
-30;-41;48;1;1
-14;16;33;0;1
-38;-16;34;0;1
-24;-31;54;1;1
-39;-39;33;0;1
-36;-41;39;0;1
-45;0;29;1;1
-27;2;29;1;1
-48;18;31;0;1
-54;29;32;0;1
-27;-40;17;0;1
-32;-29;39;1;1
-59;-23;23;0;1
-40;3;14;1;1
-24;35;31;0;1
-31;5;63;0;1
-30;-16;12;1;1
-38;-29;15;1;1
-41;41;33;1;1
-36;-36;32;1;1
-11;-16;24;0;1
-54;4;26;1;1
-26;-11;18;0;1
-51;-9;24;1;1
-37;-1;18;0;1
-37;21;25;0;1
-47;5;32;0;1
-30;32;39;0;1
-43;20;21;0;1
-24;19;51;1;1
-38;-20;16;0;1
-15;-19;61;1;1
-41;34;32;0;1
-38;38;22;0;1
-23;34;19;0;1
-46;-18;25;0;1
-31;-21;23;0;1
-42;16;48;1;1
-27;12;44;0;1
-35;-30;48;0;1
-50;-1;39;1;1
-44;16;25;0;1
-45;9;13;0;1
-52;1;16;1;1
-23;-14;22;1;1
-53;-25;33;0;1
-25;-11;38;0;1
-31;7;57;0;1
-65;-5;22;1;1
-37;47;18;0;1
-58;-27;20;0;1
-32;0;45;1;1
-17;-1;45;1;1
-46;21;36;0;1
-23;-24;33;1;1
-33;-16;10;1;1
-43;5;27;0;1
-43;-15;51;0;1
-39;11;38;0;1
-16;-17;35;1;1
-44;-23;26;1;1
-29;-31;48;1;1
-36;-35;48;1;1
-37;-13;41;0;1
-26;11;41;1;1
-26;35;51;0;1
-45;-14;41;0;1
-28;-31;15;0;1
-32;-43;32;0;1
-30;-45;28;0;1
-63;-3;22;1;1
-41;0;13;0;1
-27;2;40;0;1
-20;18;57;0;1
-42;13;25;1;1
-25;16;56;0;1
-20;-20;45;1;1
-30;22;16;1;1
-40;6;54;0;1
-41;48;29;0;1
-27;-22;10;0;1
-29;-28;26;1;1
-30;23;14;1;1
-21;34;51;0;1
-25;-2;47;0;1
-21;-27;17;1;1
-60;11;25;1;1
-52;23;35;0;1
-30;24;32;0;1
-41;-16;50;0;1
-16;-15;24;1;1
-41;-1;38;0;1
-16;-23;33;0;1
-24;-41;37;0;1
-45;-29;38;0;1
-33;29;49;0;1
-22;27;16;0;1
-22;21;40;1;1
-37;-42;43;1;1
-55;-9;31;1;1
-20;21;40;1;1
-53;6;43;0;1
-57;-25;25;0;1
-36;-17;53;1;1
-37;11;23;1;1
-25;-17;19;1;1
-20;-27;59;1;1
-56;-27;25;1;1
-17;-9;52;0;1
-58;5;30;1;1
-28;-19;17;1;1
-28;18;34;0;1
-17;19;41;1;1
-58;5;18;0;1
-43;2;45;1;1
-29;-15;16;0;1
-62;-20;20;1;1
-31;-4;27;0;1
-28;22;29;0;1
-19;-12;22;0;1
-26;-44;36;0;1
-52;22;17;0;1
-58;4;32;0;1
-45;27;42;0;1
-28;-15;26;0;1
-26;-12;14;0;1
-38;-11;45;0;1
-16;-27;46;0;1
-28;14;17;0;1
-24;5;22;0;1
-17;-18;50;0;1
-59;19;26;0;1
-45;-26;23;0;1
-43;15;13;1;1
-35;-30;38;1;1
-30;-42;30;1;1
-31;15;28;1;1
-47;-2;22;0;1
-35;-17;48;1;1
-64;-1;22;0;1
-13;18;14;0;1
-13;-8;30;0;1
-47;26;40;0;1
-31;-7;15;0;1
-28;3;16;1;1
-42;-22;33;0;1
-38;5;25;0;1
-19;25;39;0;1
-34;36;39;1;1
-30;-4;26;0;1
-33;-6;30;0;1
-43;7;37;0;1
-48;-1;36;1;1
-33;-2;61;0;1
-38;-19;28;0;1
-24;-6;18;1;1
-56;-31;28;0;1
-22;4;13;0;1
-24;27;19;1;1
-26;-30;13;0;1
-39;29;14;0;1
-17;15;35;0;1
-37;-18;12;0;1
-49;26;19;1;1
-51;23;39;0;1
-29;-35;22;1;1
-35;-24;38;0;1
-28;32;40;0;1
-30;-1;34;1;1
-27;-8;22;0;1
-57;2;41;1;1
-21;-35;52;0;1
-51;-5;46;0;1
-28;5;58;1;1
-18;2;48;0;1
-26;40;51;1;1
-17;-10;34;0;1
-34;-16;36;1;1
-31;18;56;1;1
-38;-13;53;0;1
-40;4;33;1;1
-34;-3;28;1;1
-36;46;31;1;1
-55;-17;30;1;1
-43;0;44;1;1
-28;9;45;1;1
-20;18;58;0;1
-26;-15;21;1;1
-19;30;29;0;1
-27;2;62;0;1
-32;-22;26;1;1
-24;-37;42;1;1
-37;20;52;1;1
-25;35;49;0;1
-28;-17;14;0;1
-57;34;22;1;1
-31;39;44;1;1
-59;28;25;0;1
-35;-44;23;1;1
-58;16;36;1;1
-22;38;13;0;1
-26;12;49;0;1
-41;-22;35;0;1
-22;-11;23;1;1
-32;28;16;0;1
-27;-12;17;0;1
-49;-10;29;0;1
-33;2;30;0;1
-30;28;14;1;1
-28;-14;27;1;1
-21;6;40;1;1
-31;33;37;0;1
-44;30;21;0;1
-37;6;17;1;1
-38;-16;39;1;1
-19;-18;18;0;1
-34;17;23;1;1
-40;15;51;0;1
-19;30;25;0;1
-35;49;24;0;1
-25;15;54;0;1
-25;13;36;0;1
-24;12;64;0;1
-18;29;50;1;1
-49;1;47;0;1
-41;-33;15;1;1
-36;-11;39;1;1
-38;-32;29;0;1
-63;-10;31;0;1
-21;36;37;0;1
-49;-15;36;1;1
-19;4;45;0;1
-59;28;19;1;1
-32;-19;18;1;1
-32;16;47;1;1
-29;-29;47;0;1
-47;3;23;0;1
-29;6;36;1;1
-33;28;56;0;1
-30;-38;25;0;1
-33;4;39;1;1
-39;31;18;1;1
-52;-16;24;1;1
-44;30;31;0;1
-21;-7;35;1;1
-15;12;50;0;1
-33;-8;60;0;1
-64;-21;20;0;1
-38;10;40;0;1
-24;7;18;1;1
-31;-2;60;0;1
-44;32;17;1;1
-49;-36;29;1;1
-13;11;39;0;1
-41;-21;53;0;1
-53;-16;30;0;1
-16;27;15;0;1
-38;34;22;1;1
-28;39;40;0;1
-43;-35;19;0;1
-43;-22;33;0;1
-23;-38;39;0;1
-33;-23;22;1;1
-25;42;43;1;1
-33;-18;17;0;1
-15;24;39;0;1
-32;15;56;1;1
-26;17;14;1;1
-20;-13;51;0;1
-24;-24;51;0;1
-26;-38;15;1;1
-20;-12;53;0;1
-22;-10;9;0;1
-41;25;23;1;1
-15;20;17;0;1
-38;27;50;1;1
-28;-31;48;1;1
-32;-55;24;0;1
-54;-28;31;0;1
-46;-21;18;0;1
-23;-8;21;0;1
-36;-26;36;0;1
-11;-4;30;1;1
-44;7;21;0;1
-42;23;41;1;1
-18;-21;18;0;1
-25;20;59;0;1
-56;14;30;0;1
-44;-23;31;0;1
-35;6;52;0;1
-27;-34;16;0;1
-23;16;65;0;1
-14;-16;28;0;1
-43;28;35;1;1
-40;7;56;0;1
-25;-16;23;1;1
-20;-19;35;1;1
-39;-7;13;0;1
-25;15;44;1;1
-19;-11;52;0;1
-37;39;28;0;1
-23;0;16;1;1
-49;-16;27;0;1
-29;-4;17;1;1
-55;21;33;0;1
-26;-13;39;0;1
-36;20;27;0;1
-21;-35;15;1;1
-61;11;26;0;1
-17;-26;31;1;1
-35;-31;30;0;1
-36;-17;42;0;1
-41;28;28;1;1
-34;-36;34;1;1
-35;30;25;1;1
-21;-20;43;1;1
-23;-2;31;0;1
-43;5;21;0;1
-35;35;32;0;1
-30;32;16;0;1
-45;-27;46;0;1
-34;7;46;1;1
-34;4;44;1;1
-37;12;51;1;1
-53;-17;39;0;1
-18;-17;35;1;1
-18;-16;16;1;1
-32;30;15;0;1
-12;-5;24;1;1
-45;21;33;0;1
-32;-39;16;1;1
-41;-40;18;0;1
-23;-33;24;1;1
-46;-36;18;1;1
-23;-23;30;0;1
-9;14;43;1;1
-42;-25;20;0;1
-38;-36;22;0;1
-48;24;39;0;1
-30;-40;46;1;1
-35;41;20;0;1
-17;-24;16;0;1
-58;5;24;0;1
-40;-31;15;0;1
-62;-21;23;0;1
-44;42;36;1;1
-34;16;12;1;1
-34;32;36;0;1
-22;-38;45;1;1
-34;55;20;0;1
-16;16;54;0;1
-30;5;50;0;1
-19;2;50;0;1
-50;28;30;0;1
-27;-37;51;1;1
-17;24;12;1;1
-41;18;25;0;1
-25;6;15;1;1
-32;-5;9;0;1
-48;31;34;0;1
-22;-35;21;0;1
-19;8;54;1;1
-21;21;57;0;1
-23;11;27;1;1
-37;-47;19;1;1
-49;12;41;1;1
-28;-35;47;1;1
-51;11;34;1;1
-27;18;15;0;1
-35;43;21;1;1
-31;-18;14;0;1
-36;-6;47;0;1
-53;5;33;0;1
-19;-13;50;0;1
-49;-38;17;0;1
-41;-23;34;1;1
-35;-33;16;0;1
-48;-2;21;0;1
-37;-25;25;1;1
-21;-10;63;0;1
-37;53;28;1;1
-37;29;27;1;1
-25;12;23;1;1
-34;20;20;1;1
-42;7;28;1;1
-17;25;56;0;1
-37;27;24;0;1
-28;-32;44;1;1
-33;52;19;1;1
-20;-28;36;0;1
-27;21;17;1;1
-32;-6;13;0;1
-21;-33;16;1;1
-7;-12;21;1;1
-24;37;50;0;1
-31;41;23;0;1
-55;-1;31;0;1
-44;20;16;1;1
-17;28;42;0;1
-20;-12;32;1;1
-30;39;40;0;1
-38;-35;32;1;1
-23;35;20;1;1
-39;-50;19;0;1
-16;-14;14;0;1
-33;21;58;0;1
-33;-10;50;0;1
-65;12;19;0;1
-8;-13;35;1;1
-38;-13;55;1;1
-34;10;41;0;1
-49;-12;19;0;1
-39;-17;51;0;1
-26;-38;49;0;1
-24;-20;19;0;1
-37;-16;30;0;1
-49;-14;30;0;1
-39;37;40;1;1
-33;9;24;0;1
-35;22;38;0;1
-25;12;50;0;1
-7;6;25;1;1
-30;6;23;1;1
-21;-27;19;1;1
-24;36;39;1;1
-60;6;21;1;1
-30;-2;44;1;1
-53;11;40;1;1
-52;3;22;0;1
-31;-11;21;0;1
-44;-35;40;0;1
-46;0;27;0;1
-44;-17;36;0;1
-32;-13;59;0;1
-44;-30;28;0;1
-57;1;20;0;1
-30;35;34;0;1
-37;5;60;0;1
-31;-46;15;0;1
-24;7;8;1;1
-36;-13;49;0;1
-37;13;15;0;1
-28;-23;30;0;1
-49;12;39;0;1
-38;-17;50;1;1
-32;19;24;0;1
-47;32;42;0;1
-50;6;49;0;1
-44;8;32;0;1
-38;19;44;0;1
-36;21;47;0;1
-26;-11;59;0;1
-25;-15;30;1;1
-34;-41;16;1;1
-51;4;36;1;1
-30;43;40;0;1
-24;11;54;0;1
-13;-18;42;1;1
-31;-11;35;1;1
-18;20;51;1;1
-17;-2;46;0;1
-37;52;27;1;1
-18;-14;17;1;1
-36;28;33;0;1
-49;-32;16;0;1
-42;11;22;0;1
-18;23;57;1;1
-22;-11;10;1;1
-35;45;24;1;1
-26;3;9;1;1
-23;-4;25;1;1
-25;12;48;1;1
-22;-25;53;0;1
-25;19;63;1;1
-58;-7;32;0;1
-40;40;32;0;1
-39;12;20;0;1
-35;-24;30;1;1
-35;26;44;1;1
-44;-19;23;0;1
-21;-16;25;0;1
-35;25;12;1;1
-21;31;26;0;1
-26;40;36;0;1
-50;-15;34;0;1
-32;-42;15;0;1
-34;-48;17;0;1
-24;1;31;0;1
-36;-46;34;0;1
-29;0;34;0;1
-42;-12;46;0;1
-29;35;53;0;1
-21;-3;49;0;1
-28;-28;31;0;1
-21;15;21;0;1
-63;4;18;0;1
-33;-14;19;0;1
-45;-49;24;1;1
-63;6;26;1;1
-53;-19;22;0;1
-29;27;26;1;1
-38;0;51;1;1
-27;-43;30;1;1
-32;-20;28;1;1
-30;-11;50;1;1
-27;31;29;0;1
-18;-23;8;1;1
-11;-10;20;0;1
-36;15;20;0;1
-23;-31;53;0;1
-43;-25;42;1;1
-40;-15;15;0;1
-33;1;31;0;1
-40;4;45;0;1
-54;-28;30;0;1
-35;23;14;0;1
-31;-12;59;1;1
-47;-16;45;1;1
-41;9;26;0;1
-29;-22;33;0;1
-22;-2;50;0;1
-49;-11;36;1;1
-37;-9;27;1;1
-21;3;24;1;1
-36;16;39;1;1
-49;35;17;0;1
-18;-10;49;0;1
-48;4;31;0;1
-18;-19;58;1;1
-59;-20;24;0;1
-21;-25;42;0;1
-49;-12;43;0;1
-36;34;47;1;1
-38;-1;17;0;1
-30;19;10;0;1
-35;21;56;1;1
-23;5;52;0;1
-40;-23;53;1;1
-50;-5;37;0;1
-36;37;34;0;1
-29;12;46;1;1
-34;-2;60;1;1
-40;23;39;1;1
-29;32;32;1;1
-38;-17;19;0;1
-15;20;9;0;1
-50;-32;17;0;1
-33;9;20;1;1
-31;11;31;1;1
-38;35;25;0;1
-35;-21;45;0;1
-40;-3;57;1;1
-18;-6;47;0;1
-37;-26;32;0;1
-43;45;19;0;1
-34;20;36;0;1
-13;20;45;1;1
-22;26;34;0;1
-52;-24;35;1;1
-36;33;16;0;1
-23;-5;27;1;1
-25;-16;43;1;1
-53;-7;18;1;1
-37;8;50;0;1
-15;-17;27;1;1
-52;24;16;1;1
-19;5;53;0;1
-50;10;15;0;1
-25;-30;40;0;1
-29;-32;45;1;1
-27;-45;23;0;1
-44;9;37;1;1
-57;-2;42;0;1
-20;19;11;0;1
-11;4;29;1;1
-40;33;21;1;1
-22;-15;27;0;1
-24;-2;21;1;1
-34;-32;43;0;1
-34;-15;60;1;1
-59;-11;30;0;1
-37;-42;20;1;1
-30;3;11;0;1
-33;13;55;0;1
-30;-48;33;0;1
-33;-7;34;0;1
-44;13;44;0;1
-57;-26;27;0;1
-52;11;24;0;1
-51;-14;15;0;1
-34;5;34;0;1
-14;19;36;1;1
-45;12;32;0;1
-27;44;31;0;1
-28;-13;13;0;1
-18;-27;41;1;1
-37;-32;18;0;1
-16;-27;45;1;1
-27;15;49;0;1
-43;10;45;0;1
-55;16;38;1;1
-10;-15;20;0;1
-23;-18;29;1;1
-15;21;20;0;1
-26;25;61;0;1
-46;25;18;0;1
-42;-8;53;0;1
-59;19;17;1;1
-37;13;35;0;1
-16;-17;56;0;1
-27;-17;51;0;1
-45;-23;45;1;1
-39;11;51;0;1
-29;-4;56;0;1
-37;21;19;1;1
-37;-4;53;0;1
-50;17;43;0;1
-31;29;51;1;1
-22;16;28;1;1
-35;-48;25;1;1
-20;7;46;1;1
-21;4;43;1;1
-59;-16;18;1;1
-29;-33;23;1;1
-50;-6;47;1;1
-26;-27;24;1;1
-61;8;29;0;1
-39;4;54;0;1
-45;10;25;0;1
-53;11;45;0;1
-16;26;20;1;1
-19;-11;33;1;1
-54;-2;42;1;1
-46;42;32;1;1
-37;18;39;0;1
-58;-5;30;0;1
-30;31;35;0;1
-28;-42;36;0;1
-23;11;19;0;1
-38;-2;38;1;1
-45;36;32;1;1
-46;45;29;0;1
-28;-46;20;1;1
-48;34;32;0;1
-36;45;23;1;1
-43;40;24;0;1
-29;-34;55;1;1
-30;14;10;0;1
-42;23;26;0;1
-44;39;22;1;1
-24;-13;39;0;1
-22;-2;52;0;1
-52;22;41;0;1
-44;26;18;1;1
-37;-12;17;0;1
-45;38;33;1;1
-14;-6;30;0;1
-48;36;23;0;1
-22;25;13;1;1
-61;-1;33;0;1
-47;21;26;0;1
-17;20;43;1;1
-22;-15;37;1;1
-41;32;24;0;1
-11;14;20;0;1
-23;7;22;0;1
-50;16;41;0;1
-49;-9;30;0;1
-45;-12;45;1;1
-38;-22;32;1;1
-23;10;12;1;1
-33;-45;36;0;1
-23;-33;27;1;1
-35;-20;32;0;1
-45;-21;22;1;1
-28;11;38;0;1
-46;15;23;0;1
-20;-22;51;0;1
-47;-36;30;0;1
-20;-8;46;0;1
-53;-15;17;0;1
-36;-24;33;0;1
-55;-11;32;0;1
-13;-2;26;1;1
-40;18;44;1;1
-50;-20;38;0;1
-24;26;13;1;1
-21;-27;49;1;1
-22;-16;57;1;1
-47;-12;28;0;1
-54;-18;22;1;1
-36;20;23;1;1
-22;-8;7;1;1
-24;36;42;0;1
-47;30;31;0;1
-41;-12;20;1;1
-37;-12;23;0;1
-40;-3;42;1;1
-47;1;41;1;1
-28;-22;54;0;1
-50;7;19;1;1
-34;-54;19;0;1
-38;28;43;1;1
-17;-15;22;0;1
-35;-2;54;0;1
-43;15;53;1;1
-58;-14;25;0;1
-28;23;43;0;1
-59;5;32;1;1
-25;9;21;0;1
-60;-2;26;0;1
-52;13;33;0;1
-8;-10;29;1;1
-14;1;28;1;1
-16;-24;34;0;1
-24;6;26;1;1
-20;-6;30;1;1
-21;-10;22;0;1
-12;-14;20;0;1
-20;-7;48;1;1
-61;14;18;0;1
-41;-3;57;1;1
-40;25;51;0;1
-58;-8;17;0;1
-41;-36;16;0;1
-39;41;20;0;1
-27;2;63;0;1
-65;-3;28;1;1
-43;-3;30;0;1
-17;-29;18;1;1
-43;-2;42;0;1
-19;-23;24;0;1
-27;-18;41;0;1
-32;-25;34;0;1
-25;-27;58;0;1
-29;-11;59;0;1
-58;-20;31;0;1
-49;-5;31;0;1
-33;41;34;0;1
-55;7;44;0;1
-53;6;29;0;1
-51;-18;39;0;1
-23;26;61;0;1
-55;23;17;1;1
-49;34;22;0;1
-14;23;57;1;1
-36;28;42;0;1
-21;28;44;0;1
-21;15;26;1;1
-36;-17;33;1;1
-36;42;42;0;1
-31;-21;21;0;1
-39;-17;28;0;1
-40;-24;19;0;1
-29;4;60;0;1
-21;-34;33;1;1
-50;4;45;0;1
-39;-15;25;1;1
-29;0;60;0;1
-53;6;18;0;1
-30;-43;38;0;1
-59;18;32;1;1
-37;2;55;1;1
-51;5;15;1;1
-34;2;45;1;1
-49;-5;21;1;1
-36;13;34;0;1
-34;-43;25;0;1
-44;-12;35;0;1
-41;26;48;1;1
-25;-17;51;0;1
-26;17;30;0;1
-40;-37;28;0;1
-18;27;43;0;1
-24;16;31;0;1
-18;11;44;0;1
-33;-20;24;1;1
-43;13;42;1;1
-19;-8;37;0;1
-40;-5;22;0;1
-17;19;32;0;1
-21;-30;60;0;1
-48;-35;26;0;1
-21;-12;51;0;1
-34;-18;32;0;1
-26;-27;58;0;1
-32;-18;56;1;1
-39;13;15;1;1
-18;0;38;0;1
-18;-21;37;1;1
-34;20;35;0;1
-27;24;20;0;1
-33;56;27;0;1
-36;9;14;0;1
-34;18;25;0;1
-56;8;19;1;1
-26;7;29;1;1
-27;4;32;0;1
-30;-17;49;0;1
-63;-8;23;1;1
-32;3;13;0;1
-14;17;22;0;1
-29;-26;14;1;1
-32;-7;24;1;1
-27;26;31;0;1
-26;43;33;1;1
-44;11;42;1;1
-36;24;32;1;1
-32;43;29;0;1
-26;28;25;1;1
-40;2;42;1;1
-20;19;63;1;1
-35;37;22;0;1
-41;-20;49;0;1
-48;1;30;1;1
-25;39;15;1;1
-19;-27;54;1;1
-31;-6;59;0;1
-28;-27;17;0;1
-23;-29;60;0;1
-29;-25;31;1;1
-54;-10;38;1;1
-31;-3;33;0;1
-40;41;39;0;1
-22;21;24;0;1
-58;28;19;1;1
-46;-32;18;1;1
-19;12;46;1;1
-36;-4;38;0;1
-26;9;38;0;1
-46;-22;25;0;1
-22;9;41;0;1
-27;-21;44;0;1
-20;34;51;0;1
-23;-11;51;0;1
-14;-19;53;0;1
-45;-9;35;0;1
-29;-3;10;0;1
-49;-1;38;0;1
-24;-39;24;1;1
-35;15;55;0;1
-52;-34;19;0;1
-22;-35;18;1;1
-47;14;33;1;1
-31;13;32;0;1
-29;-18;12;1;1
-45;25;41;0;1
-45;23;15;0;1
-43;19;34;0;1
-25;-4;45;1;1
-47;-1;37;1;1
-49;1;14;0;1
-58;4;36;0;1
-22;-27;55;0;1
-37;-28;50;0;1
-35;27;48;1;1
-37;3;39;0;1
-42;-15;24;1;1
-26;3;44;0;1
-28;-14;47;1;1
-32;-20;23;0;1
-39;10;42;1;1
-63;-2;26;0;1
-21;-14;48;1;1
-32;-46;42;0;1
-33;-3;15;1;1
-46;-17;31;0;1
-30;-16;56;0;1
-33;6;15;1;1
-46;20;15;1;1
-32;-10;27;1;1
-43;-21;22;1;1
-36;-37;21;1;1
-19;22;37;1;1
-40;-13;19;1;1
-33;30;25;0;1
-42;-45;35;0;1
-38;13;30;0;1
-24;7;20;0;1
-46;29;40;1;1
-22;1;11;1;1
-14;21;12;0;1
-29;-2;30;0;1
-27;24;49;0;1
-32;-18;28;1;1
-57;-5;38;0;1
-23;-31;42;1;1
-20;10;24;1;1
-34;2;15;0;1
-40;-5;50;1;1
-31;-24;31;0;1
-16;11;43;0;1
-18;27;52;0;1
-33;-29;45;0;1
-45;10;20;0;1
-52;5;32;0;1
-53;-9;26;0;1
-14;22;40;1;1
-28;25;13;1;1
-55;-27;22;0;1
-36;-15;12;0;1
-29;37;53;0;1
-26;12;16;0;1
-56;23;34;1;1
-46;9;49;0;1
-17;22;61;0;1
-25;-16;35;0;1
-49;1;24;0;1
-34;12;43;1;1
-19;-31;28;1;1
-46;-44;19;0;1
-60;-16;23;1;1
-33;3;13;1;1
-33;-16;42;0;1
-21;-33;28;1;1
-31;-10;48;0;1
-25;-17;17;0;1
-40;-28;44;0;1
-41;6;12;0;1
-34;-9;21;0;1
-25;-30;39;0;1
-40;8;32;0;1
-52;26;29;1;1
-47;14;27;1;1
-28;-17;40;0;1
-30;-2;37;1;1
-39;-33;19;0;1
-17;-21;35;0;1
-27;-35;51;0;1
-45;-1;50;0;1
-36;9;51;1;1
-41;-5;27;0;1
-26;28;29;1;1
-26;-12;18;0;1
-23;-18;44;0;1
-47;-1;48;1;1
-43;-20;31;1;1
-31;-10;59;1;1
-34;20;16;1;1
-30;26;27;0;1
-41;46;22;0;1
-29;28;14;0;1
-38;19;48;1;1
-30;38;44;0;1
-50;13;23;0;1
-32;-4;56;1;1
-36;8;60;1;1
-37;24;44;1;1
-27;-34;15;0;1
-28;19;19;0;1
-38;-9;51;1;1
-24;11;34;0;1
-28;32;15;0;1
-47;5;35;0;1
-40;30;34;1;1
-53;11;36;0;1
-32;-32;42;0;1
-32;-27;35;0;1
-37;55;23;0;1
-30;45;31;1;1
-30;-28;48;0;1
-22;-5;53;1;1
-34;-8;45;1;1
-43;23;22;0;1
-35;-29;27;0;1
-19;14;31;1;1
-41;-2;39;1;1
-22;-37;44;1;1
-26;29;11;1;1
-28;-10;25;1;1
-41;15;41;1;1
-48;17;45;0;1
-21;-26;17;1;1
-26;-20;15;1;1
-48;-5;13;0;1
-53;22;35;0;1
-15;-16;35;1;1
-33;-23;27;0;1
-57;20;21;0;1
-51;-36;23;1;1
-48;1;34;1;1
-16;-16;49;0;1
-44;31;34;0;1
-63;22;23;0;1
-21;15;51;0;1
-28;25;45;0;1
-28;-41;16;0;1
-32;-4;42;1;1
-38;-20;19;0;1
-27;36;14;1;1
-28;6;11;1;1
-25;-34;13;0;1
-49;5;20;1;1
-19;-19;63;0;1
-61;-4;28;1;1
-33;-32;44;0;1
-49;30;38;0;1
-51;-8;48;1;1
-48;-11;26;0;1
-44;32;18;0;1
-44;-25;26;1;1
-29;4;15;0;1
-27;24;19;1;1
-61;25;23;0;1
-39;-1;24;0;1
-46;18;41;1;1
-16;-5;21;1;1
-14;-16;22;0;1
-61;13;27;1;1
-44;8;26;0;1
-49;-16;42;1;1
-60;10;32;0;1
-34;-8;23;1;1
-41;-3;24;0;1
-35;-36;50;1;1
-28;-2;32;1;1
-31;9;53;0;1
-34;-50;37;1;1
-36;-22;13;1;1
-23;-21;52;0;1
-44;45;24;0;1
-24;8;12;0;1
-36;27;35;0;1
-60;18;24;1;1
-10;14;44;0;1
-30;-39;39;1;1
-61;11;24;1;1
-15;12;47;1;1
-27;9;43;0;1
-28;35;33;1;1
-16;14;47;0;1
-21;-26;12;0;1
-39;-45;34;0;1
-23;37;47;0;1
-19;-21;42;0;1
-32;9;18;1;1
-44;23;50;0;1
-45;28;20;0;1
-28;22;51;1;1
-28;-33;12;1;1
-25;-38;14;1;1
-27;-6;49;0;1
-33;22;43;0;1
-50;-14;14;1;1
-32;37;24;1;1
-29;16;37;1;1
-44;37;23;1;1
-21;15;60;1;1
-36;30;23;0;1
-38;-35;21;1;1
-16;-26;35;0;1
-27;16;50;0;1
-26;-42;24;0;1
-38;7;44;0;1
-8;-6;24;1;1
-35;41;27;1;1
-47;39;22;0;1
-28;31;49;0;1
-60;20;31;0;1
-24;8;58;0;1
-47;13;20;1;1
-12;9;37;1;1
-42;-18;22;0;1
-39;17;15;0;1
-41;-11;40;0;1
-41;29;47;0;1
-27;13;54;0;1
-27;-19;41;0;1
-36;-6;51;0;1
-18;-2;27;0;1
-37;20;20;0;1
-39;-28;37;0;1
-22;-27;14;0;1
-24;41;50;0;1
-56;17;20;0;1
-31;11;55;0;1
-43;-32;37;0;1
-41;7;49;0;1
-34;-8;20;0;1
-38;-39;15;0;1
-40;29;43;0;1
-47;-41;34;1;1
-33;29;26;0;1
-40;-33;25;0;1
-25;-11;60;0;1
-43;-23;26;1;1
-50;21;37;1;1
-14;-11;28;0;1
-22;-33;25;0;1
-37;51;22;1;1
-39;-3;34;0;1
-30;-41;21;0;1
-46;-4;50;0;1
-19;25;52;0;1
-35;10;36;0;1
-25;12;22;1;1
-37;5;47;1;1
-48;-19;27;1;1
-22;33;50;1;1
-44;-10;51;0;1
-16;23;49;0;1
-31;22;31;1;1
-36;-18;31;0;1
-32;-15;47;0;1
-14;-20;10;1;1
-30;-23;13;0;1
-19;-18;35;0;1
-17;-17;12;0;1
-40;-31;21;0;1
-36;5;33;1;1
-45;-24;49;0;1
-19;-3;42;1;1
-47;11;48;0;1
-28;26;46;0;1
-36;19;23;0;1
-62;-19;24;1;1
-35;42;27;0;1
-14;-23;15;0;1
-29;-3;40;1;1
-57;1;33;1;1
-47;-29;16;0;1
-25;-42;39;1;1
-20;17;52;0;1
-62;-15;28;1;1
-31;-42;28;0;1
-22;22;53;1;1
-49;-16;21;1;1
-17;-23;24;0;1
-40;-19;26;0;1
-40;-36;20;0;1
-48;11;34;0;1
-53;7;39;0;1
-34;-8;22;1;1
-44;12;15;0;1
-36;-15;35;0;1
-24;-7;18;0;1
-24;-37;30;0;1
-11;-19;46;0;1
-39;27;33;0;1
-49;-7;48;0;1
-38;-4;21;0;1
-45;1;21;0;1
-28;-27;53;0;1
-38;6;19;1;1
-46;0;54;1;1
-35;51;26;0;1
-37;-11;47;1;1
-32;2;32;1;1
-35;19;52;0;1
-35;-27;43;0;1
-42;-17;40;1;1
-35;-32;52;1;1
-32;1;45;1;1
-23;-31;32;0;1
-56;32;20;0;1
-45;2;33;0;1
-26;-14;8;0;1
-37;30;38;1;1
-12;-19;29;1;1
-50;12;22;1;1
-35;-38;38;0;1
-14;2;20;0;1
-30;3;25;1;1
-66;-7;23;0;1
-43;6;17;0;1
-51;20;45;0;1
-37;16;19;1;1
-16;21;49;1;1
-44;2;27;1;1
-27;-31;15;0;1
-43;-4;56;1;1
-34;-5;55;1;1
-30;13;21;0;1
-34;-15;55;1;1
-27;-23;14;0;1
-15;20;40;0;1
-54;12;15;0;1
-34;37;46;1;1
-22;-16;55;1;1
-53;-16;36;0;1
-36;1;16;0;1
-30;38;35;1;1
-35;8;18;1;1
-19;-27;31;1;1
-58;14;26;0;1
-26;43;30;0;1
-31;-38;15;0;1
-26;-35;50;1;1
-47;-4;48;0;1
-46;9;42;0;1
-56;9;22;1;1
-39;-29;28;0;1
-64;16;18;0;1
-45;20;49;0;1
-26;-16;49;0;1
-37;35;24;0;1
-29;0;18;0;1
-28;-30;20;0;1
-51;-6;48;0;1
-54;2;23;0;1
-56;29;25;0;1
-35;5;42;1;1
-41;-20;53;1;1
-23;-7;50;0;1
-47;21;46;0;1
-23;17;50;0;1
-21;13;17;1;1
-55;-40;20;1;1
-52;21;22;1;1
-52;9;43;1;1
-50;39;17;0;1
-45;-26;40;0;1
-30;9;37;0;1
-19;24;51;0;1
-26;-4;43;0;1
-21;-15;30;0;1
-33;-3;40;0;1
-26;31;57;1;1
-14;-17;11;0;1
-32;4;57;0;1
-31;5;41;1;1
-26;-4;52;1;1
-24;-9;60;0;1
-58;-10;27;0;1
-29;-35;51;0;1
-17;-22;35;0;1
-34;-27;50;1;1
-38;-1;34;0;1
-24;22;28;0;1
-43;10;48;1;1
-40;19;45;1;1
-36;40;43;0;1
-38;-1;50;1;1
-25;-12;56;0;1
-60;16;24;1;1
-13;-15;54;1;1
-41;15;16;0;1
-27;-46;34;1;1
-27;25;31;0;1
-44;17;32;1;1
-19;-21;16;0;1
-34;43;30;0;1
-30;-14;29;1;1
-54;-13;24;0;1
-55;-23;32;0;1
-21;14;36;0;1
-25;21;48;0;1
-51;-11;31;1;1
-33;24;11;0;1
-20;14;28;1;1
-18;-5;18;0;1
-18;0;17;0;1
-27;3;34;1;1
-31;38;47;0;1
-33;6;32;0;1
-39;6;46;0;1
-27;40;28;0;1
-43;6;41;1;1
-47;-23;44;0;1
-42;-44;20;1;1
-40;-7;24;0;1
-34;-39;33;0;1
-42;29;29;0;1
-21;13;39;0;1
-24;22;63;0;1
-26;-22;28;0;1
-21;-12;29;1;1
-20;6;44;0;1
-20;8;51;0;1
-25;-3;13;1;1
-32;-29;54;0;1
-21;0;23;1;1
-59;-3;25;0;1
-26;22;61;1;1
-28;24;18;1;1
-54;-18;25;0;1
-51;2;27;0;1
-27;14;59;0;1
-13;1;30;1;1
-24;6;31;1;1
-48;29;20;0;1
-39;23;20;0;1
-20;-15;11;1;1
-18;6;38;0;1
-39;31;36;0;1
-36;6;38;0;1
-24;-25;15;0;1
-23;18;54;1;1
-45;12;34;1;1
-27;-23;36;0;1
-42;-12;48;0;1
-57;-3;33;0;1
-34;33;30;1;1
-36;-28;20;0;1
-17;-14;13;0;1
-37;26;28;1;1
-46;15;38;0;1
-25;22;28;1;1
-41;-4;55;0;1
-39;39;27;1;1
-63;-9;30;0;1
-19;-16;44;0;1
-43;-48;24;0;1
-23;-32;30;1;1
-39;-49;20;0;1
-55;-33;23;0;1
-20;31;52;0;1
-14;11;22;0;1
-17;-18;19;1;1
-36;32;17;0;1
-44;-14;52;1;1
-63;-17;23;0;1
-42;22;41;0;1
-37;30;15;0;1
-52;-16;43;0;1
-14;19;31;0;1
-29;-43;43;0;1
-38;29;33;0;1
-34;14;32;0;1
-39;-25;28;1;1
-15;-23;31;0;1
-58;5;34;0;1
-28;-28;22;0;1
-46;-33;21;0;1
-35;14;23;0;1
-34;1;59;0;1
-39;-2;43;0;1
-29;-37;46;0;1
-23;21;10;0;1
-43;-30;41;1;1
-20;24;47;0;1
-38;-10;35;0;1
-38;25;37;1;1
-29;-34;14;1;1
-24;-16;11;0;1
-42;39;24;0;1
-52;26;37;1;1
-54;4;15;1;1
-31;0;17;0;1
-41;-21;27;0;1
-31;-33;17;0;1
-23;-1;17;1;1
-19;-13;38;1;1
-23;-14;12;0;1
-36;41;33;0;1
-42;-46;30;1;1
-24;-15;36;1;1
-54;16;37;0;1
-40;-33;44;0;1
-15;-1;25;1;1
-23;19;19;0;1
-22;9;37;0;1
-43;1;18;0;1
-14;-21;22;1;1
-36;-39;17;0;1
-14;23;38;0;1
-44;-7;17;0;1
-56;2;20;1;1
-40;-16;50;0;1
-20;-18;25;0;1
-26;6;15;0;1
-43;6;39;0;1
-48;8;36;1;1
-28;40;15;0;1
-31;-3;59;0;1
-20;-3;31;0;1
-29;3;12;0;1
-27;-18;49;0;1
-28;-6;64;0;1
-22;-23;62;1;1
-20;-16;33;0;1
-32;-16;11;0;1
-22;4;60;0;1
-47;23;41;0;1
-23;-8;48;1;1
-49;33;27;1;1
-48;-27;37;1;1
-20;-22;49;1;1
-24;-31;50;0;1
-47;22;29;0;1
-26;39;23;1;1
-43;41;32;0;1
-41;-41;26;0;1
-21;20;23;1;1
-35;2;22;0;1
-57;31;20;1;1
-51;-22;15;1;1
-36;-9;54;1;1
-46;-13;25;0;1
-23;-3;20;0;1
-56;-15;32;0;1
-57;33;18;0;1
-24;-24;16;0;1
-26;-5;32;1;1
-30;-25;38;0;1
-41;-39;23;0;1
-29;2;63;0;1
-45;-12;20;1;1
-45;8;46;0;1
-31;30;34;0;1
-28;-18;61;1;1
-53;-33;28;0;1
-36;12;37;0;1
-33;1;24;0;1
-53;11;20;0;1
-43;25;33;0;1
-66;3;22;1;1
-54;-35;20;1;1
-48;27;18;0;1
-43;5;38;1;1
-22;-19;26;1;1
-38;15;12;0;1
-41;-5;35;1;1
-50;16;28;0;1
-50;19;43;0;1
-35;-41;40;0;1
-14;20;60;1;1
-40;-30;49;0;1
-45;-35;20;0;1
-33;14;48;0;1
-25;38;28;0;1
-46;2;42;1;1
-34;-8;54;0;1
-20;-12;51;1;1
-24;-28;44;1;1
-22;-28;48;0;1
-24;31;25;1;1
-51;-34;21;0;1
-30;17;18;0;1
-33;-55;19;0;1
-32;-21;54;0;1
-16;22;20;0;1
-29;38;49;1;1
-47;-11;16;0;1
-32;11;38;0;1
-29;46;22;0;1
-21;-8;39;0;1
-23;-19;40;0;1
-24;-27;13;0;1
-47;26;34;1;1
-57;16;39;0;1
-58;8;26;1;1
-43;-23;34;1;1
-16;-9;18;0;1
-12;-15;45;1;1
-27;-20;23;1;1
-25;34;21;1;1
-29;-8;9;1;1
-31;16;51;0;1
-49;-15;21;1;1
-40;-3;44;1;1
-41;6;14;0;1
-64;-10;27;1;1
-26;-4;20;0;1
-22;25;32;0;1
-35;-25;19;0;1
-30;36;49;0;1
-31;14;27;1;1
-24;-31;18;0;1
-42;13;31;1;1
-34;35;20;1;1
-19;21;41;1;1
-34;-28;22;1;1
-27;-15;45;0;1
-25;-18;28;1;1
-20;14;40;0;1
-25;19;41;0;1
-51;33;35;1;1
-30;0;64;0;1
-33;-33;40;1;1
-30;26;22;0;1
-47;6;45;0;1
-31;-6;22;1;1
-60;-9;29;0;1
-35;35;41;0;1
-26;2;59;1;1
-15;-19;40;0;1
-32;18;28;1;1
-19;-15;54;0;1
-54;16;17;1;1
-56;11;22;1;1
-49;33;32;1;1
-32;8;31;0;1
-35;8;57;1;1
-48;16;47;1;1
-45;23;46;1;1
-16;3;39;0;1
-17;23;52;0;1
-39;9;11;1;1
-53;24;32;1;1
-59;2;21;0;1
-43;35;36;0;1
-59;-3;26;1;1
-34;-36;37;0;1
-26;-38;52;0;1
-48;-24;42;1;1
-31;6;17;0;1
-31;38;50;1;1
-46;19;48;0;1
-51;-22;16;0;1
-17;29;51;0;1
-29;5;53;1;1
-60;10;29;0;1
-55;36;20;1;1
-32;12;56;1;1
-49;-23;33;0;1
-25;12;37;1;1
-12;-1;23;1;1
-44;20;40;0;1
-51;-9;20;0;1
-33;-34;50;1;1
-55;-19;30;1;1
-27;27;39;0;1
-27;-23;20;1;1
-45;32;44;0;1
-40;34;37;0;1
-39;1;21;1;1
-61;-21;21;1;1
-33;-4;35;0;1
-33;-8;19;0;1
-17;29;39;0;1
-22;-2;60;0;1
-24;15;22;0;1
-33;-27;21;0;1
-34;-48;36;0;1
-40;30;21;1;1
-49;23;20;0;1
-53;17;39;0;1
-40;-3;56;0;1
-41;2;24;0;1
-49;-25;19;0;1
-38;-21;44;0;1
-40;45;32;0;1
-24;8;31;0;1
-49;15;20;0;1
-36;20;33;1;1
-50;-13;46;0;1
-34;-51;25;0;1
-17;-24;59;1;1
-60;10;26;0;1
-34;7;24;0;1
-15;20;52;0;1
-27;8;47;0;1
-44;-1;16;0;1
-30;3;53;0;1
-14;20;35;1;1
-31;41;45;1;1
-39;21;50;1;1
-44;19;26;1;1
-39;36;24;1;1
-22;-26;59;0;1
-31;-51;31;0;1
-55;17;41;0;1
-26;-31;23;0;1
-47;5;38;1;1
-51;-18;17;0;1
-20;-26;19;0;1
-32;-40;23;0;1
-30;29;52;1;1
-46;25;30;0;1
-11;16;16;1;1
-28;-11;30;1;1
-28;9;28;0;1
-16;12;34;1;1
-13;-9;21;1;1
-50;-13;39;0;1
-25;-35;26;0;1
-17;4;40;1;1
-33;48;37;0;1
-23;7;7;0;1
-46;31;18;0;1
-19;-2;21;0;1
-52;-12;37;1;1
-34;4;20;1;1
-60;-8;27;0;1
-13;-1;21;0;1
-50;2;41;1;1
-32;-16;18;0;1
-18;4;18;0;1
-33;-28;40;1;1
-24;-22;49;0;1
-23;12;54;0;1
-21;26;60;1;1
-14;13;32;0;1
-33;-43;36;0;1
-30;-13;61;1;1
-41;-16;54;0;1
-28;-42;31;0;1
-30;-31;54;1;1
-58;-4;17;0;1
-31;39;39;0;1
-30;28;37;0;1
-20;-2;53;0;1
-26;0;56;1;1
-58;-21;23;1;1
-21;-20;33;0;1
-41;-12;14;0;1
-25;19;51;1;1
-43;22;45;0;1
-35;56;20;1;1
-44;13;25;0;1
-28;9;27;0;1
-21;-18;53;1;1
-35;-11;35;0;1
-49;28;24;1;1
-17;12;52;0;1
-35;-9;58;0;1
-30;-20;36;0;1
-27;-16;17;1;1
-46;49;23;0;1
-12;-10;33;0;1
-40;-11;17;0;1
-29;-8;36;1;1
-52;5;16;0;1
-35;-15;12;0;1
-46;-23;41;0;1
-23;21;12;1;1
-27;27;37;1;1
-35;-37;26;1;1
-38;22;32;1;1
-21;-35;28;1;1
-53;-23;34;1;1
-40;42;39;1;1
-34;10;47;1;1
-45;-12;21;1;1
-30;24;36;1;1
-61;22;24;0;1
-37;-34;45;0;1
-35;-23;24;0;1
-47;31;39;0;1
-27;-22;27;1;1
-37;-56;22;0;1
-43;24;38;1;1
-36;39;28;0;1
-43;-6;39;1;1
-52;-8;17;1;1
-14;-17;30;0;1
-37;-4;23;0;1
-22;-15;39;0;1
-31;20;31;1;1
-50;42;23;0;1
-26;6;21;0;1
-14;5;39;1;1
-38;0;32;0;1
-56;2;31;1;1
-43;-20;16;0;1
-12;13;22;0;1
-24;-17;64;1;1
-43;3;49;0;1
-21;1;48;1;1
-58;-18;29;1;1
-29;-44;47;0;1
-41;-9;45;1;1
-19;-3;31;0;1
-29;45;18;0;1
-48;-42;29;0;1
-40;-34;24;0;1
-39;1;34;1;1
-44;-17;46;0;1
-32;52;34;1;1
-18;-1;28;0;1
-56;18;36;0;1
-49;-30;35;1;1
-34;19;27;1;1
-32;-4;45;0;1
-30;-6;31;0;1
-56;6;33;0;1
-47;6;24;0;1
-21;16;42;0;1
-39;-12;23;0;1
-44;-19;37;1;1
-37;-6;30;1;1
-19;-20;60;0;1
-20;23;42;0;1
-44;14;13;1;1
-51;5;24;1;1
-51;21;23;1;1
-14;-10;29;0;1
-36;1;50;1;1
-14;-12;23;0;1
-29;-12;52;0;1
-43;8;43;0;1
-50;-5;16;0;1
-30;32;42;1;1
-49;22;32;0;1
-55;-21;31;0;1
-53;-17;32;1;1
-38;24;28;0;1
-23;26;57;0;1
-52;-8;42;1;1
-23;-22;59;1;1
-29;-49;26;0;1
-48;3;43;1;1
-43;4;16;1;1
-27;-38;35;0;1
-54;11;26;0;1
-31;12;25;0;1
-34;-10;36;0;1
-21;-4;46;0;1
-35;38;36;0;1
-46;-13;13;0;1
-23;25;58;0;1
-18;30;38;0;1
-17;-29;28;0;1
-30;42;39;1;1
-29;44;33;0;1
-25;-15;18;0;1
-36;12;43;0;1
-28;-35;35;0;1
-33;32;45;0;1
-58;-29;21;0;1
-39;16;38;1;1
-17;12;14;0;1
-42;-33;18;1;1
-16;-22;9;1;1
-28;-33;54;0;1
-17;26;37;1;1
-32;-2;59;0;1
-40;25;16;0;1
-34;-27;52;0;1
-33;-9;55;0;1
-27;-17;39;1;1
-38;24;22;1;1
-25;20;47;0;1
-31;-6;36;0;1
-29;3;56;0;1
-44;-19;32;0;1
-29;-17;60;1;1
-46;8;38;1;1
-48;-9;47;0;1
-32;39;49;1;1
-28;-24;21;1;1
-51;25;22;0;1
-14;-5;27;0;1
-24;2;14;0;1
-22;8;11;1;1
-39;-6;49;0;1
-45;-6;50;0;1
-8;-10;21;1;1
-33;22;27;0;1
-40;16;18;1;1
-28;10;58;0;1
-25;11;36;0;1
-42;2;28;1;1
-55;-2;43;1;1
-36;3;49;0;1
-27;12;54;0;1
-19;27;9;1;1
-40;7;35;0;1
-60;26;18;0;1
-49;15;49;1;1
-59;16;23;1;1
-49;-19;41;0;1
-38;-29;20;1;1
-14;-24;63;0;1
-33;45;25;1;1
-36;-31;34;1;1
-48;15;40;1;1
-39;-4;20;0;1
-12;9;29;1;1
-37;7;50;0;1
-51;-16;30;1;1
-44;-48;20;1;1
-34;-6;22;0;1
-13;-20;12;1;1
-37;-36;17;0;1
-44;-21;45;1;1
-14;-15;37;1;1
-33;-4;30;0;1
-51;-24;22;0;1
-41;-51;25;0;1
-26;5;54;0;1
-32;6;14;0;1
-22;4;27;1;1
-49;-34;33;1;1
-21;27;40;1;1
-16;-17;47;0;1
-52;-13;31;0;1
-27;-8;10;1;1
-50;18;18;0;1
-16;12;22;0;1
-39;-36;37;0;1
-42;28;42;1;1
-47;-30;22;1;1
-62;-25;18;1;1
-33;21;44;0;1
-33;-27;24;1;1
-24;-28;46;0;1
-64;-13;22;0;1
-44;20;34;1;1
-37;2;46;1;1
-47;-2;18;1;1
-20;15;61;0;1
-62;18;24;1;1
-51;-22;43;1;1
-45;-5;25;0;1
-36;2;38;0;1
-43;11;48;0;1
-41;30;37;1;1
-27;-14;31;0;1
-46;-22;28;0;1
-25;-40;48;1;1
-38;34;43;0;1
-45;-8;27;0;1
-25;-7;17;0;1
-35;-52;22;1;1
-34;57;22;1;1
-40;-4;25;0;1
-45;31;38;1;1
-52;26;21;0;1
-30;-21;37;0;1
-40;-38;35;0;1
-34;32;40;0;1
-45;-21;19;0;1
-57;-28;29;0;1
-55;-34;22;0;1
-22;24;60;0;1
-56;-17;16;0;1
-34;-47;34;1;1
-35;3;33;0;1
-19;20;49;1;1
-34;-7;34;1;1
-15;21;51;0;1
-43;14;37;1;1
-26;5;14;1;1
-51;-30;28;0;1
-21;8;21;1;1
-32;-47;17;0;1
-26;-11;32;0;1
-17;9;32;0;1
-36;-13;35;0;1
-27;-30;54;0;1
-23;-7;23;0;1
-66;10;22;0;1
-16;19;9;0;1
-45;-14;42;1;1
-15;21;39;0;1
-55;32;26;0;1
-35;-50;26;0;1
-31;15;44;0;1
-60;-28;23;0;1
-47;-32;21;0;1
-32;-25;11;1;1
-18;-25;24;1;1
-28;11;52;0;1
-53;-34;23;0;1
-27;30;54;0;1
-28;6;19;0;1
-13;-15;49;0;1
-57;28;19;0;1
-37;-29;32;0;1
-38;-6;25;1;1
-23;10;32;1;1
-20;-20;57;0;1
-23;-16;58;1;1
-26;19;60;0;1
-24;8;51;0;1
-51;21;42;0;1
-33;-9;58;1;1
-29;-1;33;0;1
-30;6;51;0;1
-13;-19;53;0;1
-29;-9;57;0;1
-41;-4;52;0;1
-27;14;29;0;1
-17;-19;18;0;1
-32;-27;50;0;1
-34;25;32;1;1
-42;-36;20;0;1
-22;34;11;1;1
-52;10;45;0;1
-24;-34;34;1;1
-29;-32;46;1;1
-18;-23;62;0;1
-36;20;44;0;1
-26;19;32;0;1
-15;-9;22;0;1
-56;21;28;0;1
-30;41;28;0;1
-29;9;27;0;1
-36;-20;20;0;1
-47;32;27;0;1
-31;-48;21;0;1
-28;5;31;1;1
-32;-18;27;0;1
-57;10;39;0;1
-19;-26;11;0;1
-16;-24;46;0;1
-45;-10;35;0;1
-45;28;26;0;1
-35;-19;48;1;1
-21;-20;59;0;1
-31;1;31;1;1
-22;2;40;0;1
-13;-3;25;0;1
-57;23;30;0;1
-31;-38;36;0;1
-45;29;39;0;1
-45;-36;33;0;1
-25;6;42;1;1
-31;-31;35;0;1
-46;11;35;1;1
-38;23;37;0;1
-49;-18;19;0;1
-15;-23;41;1;1
-28;-43;32;0;1
-24;-12;64;0;1
-18;-22;39;0;1
-36;-7;36;1;1
-55;16;21;1;1
-24;4;35;1;1
-26;-4;54;0;1
-33;18;16;0;1
-19;-17;43;1;1
-46;11;31;0;1
-37;26;20;0;1
-36;-28;32;1;1
-14;16;44;1;1
-24;20;44;1;1
-29;43;36;0;1
-58;12;34;1;1
-30;7;19;0;1
-42;-37;32;0;1
-57;-5;34;1;1
-38;16;19;0;1
-42;-45;28;0;1
-47;24;25;0;1
-23;13;8;1;1
-17;10;47;0;1
-38;23;45;0;1
-48;-12;34;0;1
-25;-41;40;1;1
-21;25;21;0;1
-20;14;58;0;1
-55;21;18;1;1
-45;-5;51;1;1
-22;-31;54;1;1
-37;26;19;0;1
-26;-2;43;1;1
-19;24;48;1;1
-42;27;45;1;1
-12;-19;17;0;1
-33;-6;14;0;1
-49;-6;43;0;1
-35;19;53;1;1
-25;7;9;1;1
-40;-24;21;0;1
-27;16;58;0;1
-29;-26;22;0;1
-31;-2;59;1;1
-29;27;14;1;1
-30;-21;50;1;1
-35;2;30;1;1
-31;26;22;0;1
-26;-29;27;1;1
-14;-22;15;0;1
-16;-25;38;0;1
-40;33;29;0;1
-24;-4;51;1;1
-27;-17;9;1;1
-35;-5;42;0;1
-14;9;43;1;1
-13;-1;25;1;1
-58;25;21;0;1
-18;17;30;0;1
-58;29;22;0;1
-20;-16;11;0;1
-28;-15;24;0;1
-22;-23;32;1;1
-12;19;50;0;1
-30;21;26;0;1
-63;12;21;1;1
-43;-6;24;1;1
-19;-15;8;1;1
-39;-9;33;0;1
-55;-33;27;1;1
-53;3;30;1;1
-50;-34;21;1;1
-30;-23;21;0;1
-28;-37;23;1;1
-15;-5;41;0;1
-33;-26;20;1;1
-47;-3;23;0;1
-39;27;18;0;1
-25;39;13;0;1
-31;25;22;0;1
-43;46;27;1;1
-42;-23;25;0;1
-48;17;41;0;1
-51;-26;22;0;1
-42;21;40;1;1
-34;-35;39;0;1
-28;-21;10;1;1
-59;19;33;1;1
-36;53;30;1;1
-40;-11;36;0;1
-64;-9;22;1;1
-35;40;37;1;1
-44;-1;18;0;1
-36;-34;17;1;1
-19;-12;30;0;1
-27;-23;37;0;1
-19;-22;30;0;1
-29;19;42;0;1
-14;-3;23;0;1
-29;-4;47;0;1
-40;10;42;1;1
-31;26;34;1;1
-45;28;42;0;1
-29;46;27;0;1
-20;15;47;0;1
-22;-34;21;0;1
-25;34;19;1;1
-51;29;26;0;1
-25;-39;24;1;1
-15;0;32;1;1
-23;-21;47;1;1
-29;-25;22;1;1
-42;46;29;0;1
-40;27;23;1;1
-24;23;17;1;1
-30;-35;23;0;1
-34;-7;22;1;1
-26;-37;36;0;1
-26;-34;55;1;1
-50;-2;19;0;1
-38;-40;36;0;1
-45;22;16;1;1
-35;-54;27;0;1
-60;2;30;1;1
-56;1;38;0;1
-29;7;64;1;1
-19;11;31;0;1
-48;25;27;0;1
-24;-14;8;0;1
-42;-14;34;0;1
-29;-2;61;0;1
-32;53;18;1;1
-37;-18;42;1;1
-50;-18;17;0;1
-44;19;39;0;1
-26;-42;27;1;1
-57;14;30;0;1
-32;-18;53;0;1
-44;20;38;1;1
-34;3;30;1;1
-26;38;53;0;1
-33;49;32;0;1
-41;19;36;0;1
-34;25;44;0;1
-32;9;47;1;1
-37;-41;26;0;1
-48;44;20;1;1
-18;0;46;1;1
-28;-23;18;0;1
-41;-22;16;0;1
-46;-21;31;0;1
-47;-4;28;0;1
-16;-21;13;1;1
-21;-28;15;0;1
-43;-9;32;0;1
-52;12;23;1;1
-50;8;46;1;1
-46;5;28;0;1
-30;-50;27;1;1
-44;12;24;0;1
-17;-15;38;0;1
-31;44;40;1;1
-38;-53;18;0;1
-35;-22;36;0;1
-40;5;20;0;1
-44;-24;44;0;1
-45;2;45;0;1
-48;-3;51;1;1
-53;3;34;0;1
-54;-5;23;1;1
-32;-9;56;0;1
-15;-19;66;0;1
-35;-1;12;1;1
-45;-11;48;0;1
-37;32;21;0;1
-21;8;15;1;1
-17;-24;24;0;1
-15;3;41;1;1
-34;12;51;1;1
-27;-46;39;0;1
-35;0;14;0;1
-12;12;37;0;1
-32;-37;30;0;1
-35;28;43;0;1
-54;28;19;0;1
-35;-40;27;1;1
-29;-13;55;0;1
-31;-6;43;0;1
-20;24;30;0;1
-50;29;19;0;1
-31;-12;26;0;1
-21;22;49;0;1
-15;-4;27;0;1
-66;16;20;0;1
-31;-7;39;0;1
-49;-23;30;1;1
-48;-26;33;0;1
-20;-3;22;1;1
-48;-19;30;1;1
-41;11;56;0;1
-48;26;23;1;1
-63;-2;32;1;1
-22;-11;53;0;1
-31;4;57;1;1
-24;-4;66;0;1
-44;37;38;0;1
-25;-27;37;0;1
-26;19;25;1;1
-36;-15;17;0;1
-36;-54;25;0;1
-46;-45;21;1;1
-47;1;39;1;1
-26;21;56;1;1
-17;-28;15;1;1
-23;-8;64;1;1
-16;-12;50;1;1
-56;-22;19;1;1
-18;-10;26;0;1
-38;-48;25;1;1
-19;7;53;0;1
-29;-30;28;1;1
-28;10;39;0;1
-41;-46;17;1;1
-15;8;44;1;1
-33;20;38;1;1
-27;14;50;0;1
-9;9;25;0;1
-35;-9;51;0;1
-28;1;52;1;1
-43;29;17;0;1
-27;10;46;1;1
-56;-28;32;0;1
-23;2;32;0;1
-47;-18;42;0;1
-33;-42;29;0;1
-35;-31;52;0;1
-48;25;29;0;1
-14;-23;60;1;1
-26;-31;15;0;1
-21;-17;18;0;1
-26;15;48;1;1
-18;-2;28;1;1
-49;-28;17;0;1
-35;12;31;1;1
-15;-18;15;1;1
-38;14;15;1;1
-50;-1;19;0;1
-58;-9;23;1;1
-45;-22;45;1;1
-29;15;28;0;1
-53;-2;45;0;1
-43;-8;17;1;1
-33;-34;47;0;1
-42;-28;28;0;1
-27;41;21;0;1
-33;17;44;1;1
-26;20;16;0;1
-20;-11;26;1;1
-56;-32;19;1;1
-54;-2;27;0;1
-43;-35;31;0;1
-42;-16;33;0;1
-55;-23;37;0;1
-49;34;33;0;1
-25;-22;35;0;1
-50;30;33;1;1
-37;-39;17;0;1
-32;7;18;1;1
-36;-35;46;0;1
-39;-24;25;1;1
-24;1;14;0;1
-53;23;27;0;1
-46;13;31;0;1
-32;-26;13;1;1
-48;34;24;0;1
-26;3;37;0;1
-33;16;27;1;1
-21;-17;63;0;1
-64;-4;21;0;1
-50;15;43;1;1
-31;-38;25;1;1
-14;-20;25;1;1
-44;-5;39;0;1
-60;0;30;1;1
-47;-19;27;0;1
-36;2;36;1;1
-31;-40;47;1;1
-33;30;24;0;1
-34;10;29;0;1
-12;4;34;0;1
-25;-24;14;0;1
-41;21;13;1;1
-18;12;39;0;1
-29;-8;59;0;1
-30;-31;31;1;1
-36;39;47;0;1
-21;-2;52;1;1
-11;-12;20;0;1
-25;-27;56;1;1
-22;-22;15;0;1
-11;14;27;1;1
-30;-6;22;1;1
-29;-9;16;0;1
-20;20;12;0;1
-20;1;23;1;1
-9;-13;39;1;1
-56;-15;30;0;1
-13;-20;46;0;1
-52;-4;21;0;1
-12;13;18;1;1
-67;1;19;0;1
-19;-15;60;0;1
-20;-27;25;1;1
-17;-20;38;0;1
-32;-49;17;1;1
-42;44;18;1;1
-58;6;22;0;1
-58;0;35;0;1
-13;21;35;0;1
-41;-6;17;0;1
-30;-31;24;0;1
-20;28;22;0;1
-56;-8;41;0;1
-36;26;20;1;1
-29;-24;41;1;1
-35;6;12;0;1
-47;28;18;1;1
-30;-40;28;0;1
-16;25;41;0;1
-25;-9;32;1;1
-20;20;60;1;1
-32;-32;15;0;1
-52;23;29;0;1
-46;-14;37;1;1
-49;-8;22;0;1
-14;-14;45;1;1
-39;-50;23;0;1
-38;-27;26;0;1
-48;-16;43;0;1
-47;0;24;0;1
-38;-7;22;0;1
-30;-35;46;1;1
-36;-41;40;0;1
-33;-26;19;1;1
-12;-1;25;0;1
-21;22;17;1;1
-35;3;49;1;1
-11;16;24;0;1
-52;-34;24;0;1
-41;-44;21;0;1
-37;-9;42;1;1
-23;30;49;0;1
-63;3;25;1;1
-36;-3;54;1;1
-45;23;36;0;1
-51;0;43;0;1
-32;1;58;1;1
-47;16;38;0;1
-43;-20;27;0;1
-37;25;53;1;1
-22;-28;61;0;1
-34;-30;51;1;1
-60;15;34;1;1
-38;-25;48;1;1
-51;-18;35;0;1
-34;-23;46;1;1
-24;22;41;1;1
-28;19;33;0;1
-24;17;14;0;1
-31;-11;52;1;1
-15;6;34;0;1
-27;-27;15;1;1
-19;-21;9;0;1
-23;13;55;1;1
-17;26;11;1;1
-66;-10;23;0;1
-35;10;23;0;1
-31;-36;17;0;1
-35;-2;24;1;1
-24;7;35;0;1
-66;-18;19;1;1
-46;-7;18;1;1
-34;14;37;0;1
-28;-4;61;0;1
-40;32;21;0;1
-55;6;23;0;1
-33;28;54;0;1
-27;3;45;0;1
-13;-14;21;0;1
-59;-17;29;1;1
-36;-9;49;0;1
-49;27;19;0;1
-51;-16;27;1;1
-24;-37;32;0;1
-38;-4;19;1;1
-18;-10;32;1;1
-31;-26;39;0;1
-57;0;28;0;1
-38;46;16;0;1
-33;-1;15;0;1
-54;-12;15;0;1
-23;12;59;0;1
-45;2;26;0;1
-32;-6;44;0;1
-39;-39;27;0;1
-25;-31;58;0;1
-17;10;53;0;1
-45;-23;35;1;1
-33;-40;41;0;1
-45;19;29;0;1
-28;25;42;0;1
-12;10;34;0;1
-25;-12;32;0;1
-34;19;40;0;1
-37;23;16;1;1
-29;-47;18;0;1
-11;-15;38;1;1
-38;-1;27;0;1
-59;14;17;0;1
-57;-11;33;0;1
-15;20;23;0;1
-53;2;31;1;1
-27;18;39;0;1
-25;13;18;0;1
-50;30;31;0;1
-23;21;32;0;1
-31;-25;54;0;1
-50;-33;20;0;1
-36;-16;52;1;1
-60;27;24;0;1
-35;-34;21;1;1
-37;29;43;0;1
-48;13;30;1;1
-16;27;10;0;1
-27;33;31;0;1
-46;22;19;0;1
-12;-20;39;0;1
-15;-8;40;0;1
-41;23;25;0;1
-29;-50;24;1;1
-49;-16;28;0;1
-41;2;21;0;1
-47;13;35;1;1
-25;31;57;1;1
-38;-27;20;1;1
-35;-47;35;1;1
-36;-19;38;0;1
-29;11;42;1;1
-39;-22;53;0;1
-24;0;54;0;1
-17;-24;10;0;1
-47;2;32;1;1
-62;11;21;1;1
-39;-34;15;0;1
-31;-46;33;1;1
-12;20;45;1;1
-52;28;36;0;1
-34;-10;15;0;1
-37;-14;57;0;1
-32;16;35;1;1
-48;19;27;0;1
-23;20;37;0;1
-23;1;15;0;1
-34;-36;23;0;1
-23;-32;16;1;1
-43;-32;46;1;1
-22;-4;16;0;1
-23;-8;11;1;1
-23;11;22;1;1
-46;11;44;1;1
-29;22;56;0;1
-58;-14;26;0;1
-55;-10;28;1;1
-36;-9;42;0;1
-18;-11;26;1;1
-28;-2;19;0;1
-18;9;16;1;1
-16;9;42;0;1
-38;-5;51;0;1
-26;-36;40;1;1
-38;7;54;1;1
-16;-25;20;0;1
-23;-30;28;0;1
-28;13;55;0;1
-51;-25;20;0;1
-43;7;20;1;1
-37;-20;48;0;1
-22;26;52;1;1
-37;-31;34;0;1
-26;-8;33;1;1
-53;40;18;1;1
-33;-24;32;1;1
-31;-41;23;0;1
-24;10;20;1;1
-35;-53;21;1;1
-39;-18;46;1;1
-33;13;34;0;1
-26;16;31;0;1
-14;21;45;0;1
-51;-4;36;1;1
-29;6;56;0;1
-29;28;36;1;1
-21;-27;13;1;1
-49;-27;32;0;1
-50;9;27;0;1
-19;-20;63;0;1
-51;0;20;0;1
-30;-13;56;0;1
-35;-52;25;1;1
-18;-12;35;1;1
-54;8;35;0;1
-48;23;40;0;1
-52;0;41;0;1
-26;-28;58;0;1
-48;-1;22;0;1
-44;-2;36;1;1
-61;-6;29;1;1
-50;11;37;1;1
-39;24;50;1;1
-33;33;29;1;1
-20;-23;34;0;1
-11;14;34;1;1
-37;-15;21;0;1
-53;-7;31;1;1
-52;15;34;0;1
-50;-10;26;0;1
-34;7;59;0;1
-41;-26;48;0;1
-12;14;38;1;1
-31;-32;14;0;1
-50;32;21;0;1
-46;-41;17;1;1
-13;-18;46;0;1
-43;-6;49;1;1
-55;29;23;0;1
-25;22;57;0;1
-52;-24;38;1;1
-28;-45;20;0;1
-32;-53;25;0;1
-44;-20;50;1;1
-49;-16;30;0;1
-22;-38;55;1;1
-38;36;30;0;1
-34;36;25;0;1
-29;10;23;0;1
-17;19;42;1;1
-37;-10;44;0;1
-20;-31;25;1;1
-30;29;21;0;1
-46;9;46;0;1
-40;4;42;1;1
-38;10;21;0;1
-39;20;18;1;1
-35;-13;23;0;1
-43;1;33;0;1
-29;40;46;1;1
-44;-8;22;1;1
-25;17;12;1;1
-58;-19;22;0;1
-65;19;19;0;1
-37;-17;15;0;1
-22;11;51;1;1
-30;40;41;0;1
-19;3;23;0;1
-24;-6;39;0;1
-19;15;61;1;1
-46;-4;49;0;1
-21;14;31;0;1
-29;14;27;1;1
-36;-26;34;1;1
-50;40;25;1;1
-38;11;43;0;1
-29;-38;33;0;1
-50;-44;22;0;1
-38;-3;23;0;1
-56;-31;25;1;1
-30;29;26;0;1
-18;7;36;0;1
-35;29;31;0;1
-47;-7;13;0;1
-25;-15;45;0;1
-29;18;13;1;1
-27;37;16;0;1
-23;-28;43;0;1
-45;37;36;0;1
-24;-13;28;0;1
-21;-21;18;1;1
-33;47;20;0;1
-8;4;23;0;1
-36;30;29;1;1
-33;0;51;1;1
-39;15;18;0;1
-30;24;53;1;1
-33;33;40;0;1
-21;-10;33;1;1
-40;-11;19;1;1
-46;-9;27;0;1
-33;-26;15;0;1
-25;-25;35;1;1
-25;2;34;1;1
-25;-27;43;1;1
-31;-45;18;0;1
-45;29;44;1;1
-47;15;34;0;1
-55;-24;22;0;1
-15;-12;43;0;1
-24;6;58;0;1
-44;-25;25;0;1
-54;-19;19;0;1
-46;36;30;0;1
-59;6;27;1;1
-40;15;16;1;1
-42;0;51;0;1
-20;-24;14;0;1
-42;-34;29;0;1
-24;4;56;0;1
-50;-19;40;0;1
-22;25;56;0;1
-28;16;26;1;1
-65;-6;18;1;1
-56;-11;28;0;1
-27;-10;24;0;1
-21;20;8;0;1
-46;-32;35;1;1
-18;22;33;0;1
-23;-20;53;0;1
-24;34;16;1;1
-53;13;23;0;1
-42;20;16;1;1
-57;26;31;1;1
-20;-28;13;0;1
-52;2;47;0;1
-47;-20;38;1;1
-25;-40;31;0;1
-35;-5;44;0;1
-47;-9;14;0;1
-37;9;21;0;1
-33;-4;20;0;1
-26;28;54;1;1
-42;-12;42;0;1
-10;-4;27;0;1
-30;21;20;0;1
-35;-21;22;1;1
-23;-3;63;1;1
-37;10;30;0;1
-47;-16;28;0;1
-54;-24;32;0;1
-25;27;48;1;1
-44;32;30;0;1
-55;30;21;0;1
-46;-16;41;1;1
-38;-12;53;0;1
-21;6;56;0;1
-25;-34;35;0;1
-27;7;41;0;1
-57;21;36;0;1
-26;-11;31;0;1
-59;18;23;0;1
-42;-22;18;0;1
-42;-9;23;0;1
-47;-43;21;0;1
-27;-18;9;1;1
-15;-23;50;0;1
-60;-4;28;0;1
-39;7;54;0;1
-17;24;8;1;1
-49;31;23;1;1
-31;-26;38;0;1
-37;11;36;1;1
-53;16;30;0;1
-39;49;29;0;1
-29;-8;51;1;1
-52;17;44;0;1
-38;14;33;0;1
-63;10;25;1;1
-35;-2;45;0;1
-44;-34;31;0;1
-56;3;29;0;1
-23;-7;22;0;1
-25;-13;18;0;1
-26;3;10;1;1
-59;-11;27;1;1
-21;16;56;0;1
-45;-15;27;0;1
-20;-26;10;0;1
-34;6;57;1;1
-43;5;52;0;1
-35;-7;28;1;1
-58;13;30;1;1
-37;2;44;0;1
-34;-21;38;1;1
-38;-19;54;0;1
-44;-26;40;0;1
-35;-54;21;1;1
-52;8;33;0;1
-40;-31;19;0;1
-28;11;23;1;1
-36;-11;45;0;1
-36;38;20;0;1
-34;-15;22;0;1
-60;-6;30;1;1
-33;26;29;1;1
-39;-30;44;0;1
-49;25;22;0;1
-26;-1;54;1;1
-31;30;19;1;1
-43;22;18;1;1
-35;34;18;0;1
-26;19;38;0;1
-44;-33;36;1;1
-22;10;61;0;1
-28;-11;40;0;1
-44;25;16;0;1
-32;19;59;0;1
-31;9;21;0;1
-49;-18;48;1;1
-22;35;18;0;1
-25;-17;32;0;1
-48;18;26;1;1
-20;23;11;1;1
-27;-44;30;0;1
-26;-17;27;0;1
-33;26;33;1;1
-65;-7;24;1;1
-29;-12;35;0;1
-10;-2;25;1;1
-37;-49;19;1;1
-27;-46;24;0;1
-42;-23;15;0;1
-27;33;38;0;1
-23;16;20;0;1
-22;-27;10;0;1
-29;-10;21;1;1
-41;35;45;1;1
-26;-1;58;1;1
-46;-26;26;1;1
-27;17;29;0;1
-27;39;26;1;1
-33;-8;36;0;1
-42;-3;26;0;1
-45;-5;32;1;1
-23;19;26;0;1
-25;-4;20;0;1
-22;-19;25;0;1
-30;-45;36;0;1
-22;26;60;1;1
-50;-35;21;0;1
-27;24;58;0;1
-20;26;27;0;1
-14;-15;25;1;1
-34;32;39;0;1
-17;15;41;1;1
-43;-18;46;1;1
-31;3;43;0;1
-22;-24;36;0;1
-40;-23;47;0;1
-5;7;23;0;1
-39;-43;30;0;1
-32;-9;51;1;1
-26;20;13;0;1
-47;21;25;1;1
-30;10;50;0;1
-47;29;36;0;1
-60;-1;25;1;1
-36;23;34;0;1
-62;-2;21;0;1
-59;-18;20;0;1
-16;-22;47;1;1
-21;-21;34;1;1
-38;-1;24;1;1
-35;13;13;0;1
-50;14;38;1;1
-45;25;47;1;1
-19;14;59;0;1
-28;2;36;0;1
-20;19;57;0;1
-14;20;12;0;1
-26;-7;57;0;1
-36;-17;56;1;1
-23;7;17;1;1
-20;14;64;0;1
-26;-28;41;1;1
-23;11;58;0;1
-41;41;20;1;1
-46;7;19;0;1
-20;26;48;1;1
-31;-45;37;0;1
-56;-21;19;0;1
-33;-13;43;1;1
-37;-52;22;1;1
-46;-26;32;1;1
-39;-14;12;1;1
-48;-23;29;1;1
-23;-3;27;1;1
-53;19;33;0;1
-29;-13;52;1;1
-29;-46;36;0;1
-26;6;46;1;1
-38;2;27;1;1
-31;8;47;0;1
-23;17;55;1;1
-46;-26;42;1;1
-20;-27;29;0;1
-33;-43;28;0;1
-33;-15;25;0;1
-39;13;57;0;1
-26;-25;10;0;1
-38;-34;43;1;1
-17;-28;49;0;1
-16;10;34;1;1
-39;7;24;0;1
-41;-42;22;1;1
-17;-14;46;0;1
-25;9;28;0;1
-21;23;15;0;1
-34;21;20;0;1
-23;36;26;1;1
-19;-32;24;0;1
-22;17;37;0;1
-31;-10;12;0;1
-35;22;52;0;1
-13;12;36;1;1
-36;2;21;0;1
-35;-25;24;1;1
-47;0;30;0;1
-51;-36;20;0;1
-13;15;41;1;1
-36;27;18;0;1
-23;9;59;1;1
-59;23;24;1;1
-43;1;14;1;1
-43;-12;44;0;1
-40;13;31;0;1
-20;-34;55;0;1
-9;2;23;0;1
-27;-20;48;0;1
-21;12;17;1;1
-41;-17;27;0;1
-22;-19;43;0;1
-21;17;44;1;1
-48;34;21;1;1
-47;20;43;1;1
-50;38;30;1;1
-31;0;12;0;1
-58;-23;21;0;1
-18;-14;27;1;1
-36;4;51;0;1
-36;-27;29;1;1
-16;19;27;0;1
-30;39;48;0;1
-22;-3;42;0;1
-25;-5;55;1;1
-19;16;18;1;1
-22;-9;52;0;1
-52;26;25;1;1
-22;15;42;0;1
-24;4;28;0;1
-37;29;32;0;1
-41;46;29;1;1
-37;-26;31;0;1
-38;11;35;0;1
-43;22;28;1;1
-31;19;15;0;1
-19;-16;56;1;1
-27;-4;21;1;1
-52;-37;31;1;1
-14;-8;41;0;1
-55;-7;29;1;1
-25;20;13;0;1
-47;-35;35;0;1
-28;-29;21;1;1
-33;-14;60;0;1
-55;-15;36;0;1
-13;16;20;1;1
-37;-37;28;1;1
-42;-28;23;0;1
-21;-15;11;0;1
-20;-6;22;0;1
-37;35;20;0;1
-42;1;40;1;1
-27;5;9;0;1
-31;-26;43;0;1
-34;46;39;1;1
-47;27;23;1;1
-45;-3;22;0;1
-32;-45;37;0;1
-38;-29;18;1;1
-33;26;22;0;1
-25;21;18;0;1
-47;-35;22;1;1
-18;16;50;0;1
-36;29;14;0;1
-12;17;15;0;1
-36;-35;50;0;1
-34;-49;31;0;1
-18;11;45;0;1
-29;-27;37;0;1
-43;0;19;0;1
-19;8;14;0;1
-16;7;25;0;1
-16;2;38;0;1
-39;45;28;1;1
-27;-19;16;0;1
-24;8;10;0;1
-14;6;25;1;1
-41;28;49;0;1
-27;-29;54;0;1
-18;30;17;1;1
-36;-11;49;1;1
-21;-20;31;0;1
-11;-18;51;0;1
-18;3;38;0;1
-7;-12;24;0;1
-59;16;29;0;1
-26;4;22;0;1
-22;14;25;0;1
-24;21;42;1;1
-38;30;15;1;1
-28;28;49;0;1
-49;36;32;1;1
-25;-22;57;0;1
-35;-25;25;0;1
-40;-21;25;0;1
-31;14;11;1;1
-43;26;39;0;1
-46;33;31;0;1
-33;39;21;0;1
-28;-15;60;0;1
-33;-1;60;0;1
-34;12;15;0;1
-28;20;17;1;1
-31;35;30;0;1
-13;14;26;0;1
-34;-28;25;1;1
-39;-25;14;0;1
-40;-24;17;0;1
-19;-5;26;1;1
-25;-34;21;0;1
-45;18;42;1;1
-18;12;27;1;1
-20;-34;26;0;1
-35;4;37;1;1
-53;17;32;0;1
-18;22;57;0;1
-47;29;40;1;1
-65;4;23;1;1
-36;34;23;1;1
-15;-3;38;0;1
-26;-8;14;1;1
-28;-18;12;0;1
-50;9;36;0;1
-44;-33;18;0;1
-30;7;61;0;1
-25;-17;10;0;1
-46;46;22;0;1
-34;39;44;1;1
-58;20;30;0;1
-52;4;42;0;1
-33;-24;34;0;1
-24;-22;43;1;1
-23;1;11;0;1
-60;-1;29;0;1
-37;10;55;0;1
-16;9;30;1;1
-47;-28;26;1;1
-37;29;44;1;1
-17;26;13;0;1
-32;-33;29;0;1
-27;25;20;1;1
-37;-38;19;1;1
-16;7;28;0;1
-57;-4;23;0;1
-48;-17;34;1;1
-24;-27;58;1;1
-41;-6;49;0;1
-42;-24;16;0;1
-39;4;55;0;1
-37;36;21;0;1
-38;21;38;0;1
-43;12;28;0;1
-24;17;37;1;1
-31;10;52;1;1
-16;17;21;1;1
-20;-3;20;0;1
-39;-2;36;0;1
-36;6;21;1;1
-12;-19;61;1;1
-44;24;22;1;1
-43;13;53;0;1
-21;34;22;1;1
-42;-10;48;1;1
-23;-37;38;0;1
-45;23;19;0;1
-35;54;22;1;1
-51;-11;42;0;1
-22;36;48;0;1
-57;23;34;0;1
-49;33;19;1;1
-25;-7;66;0;1
-23;-37;34;0;1
-54;-18;29;0;1
-18;22;13;0;1
-43;8;24;1;1
-40;-46;20;0;1
-26;-5;51;0;1
-53;-13;23;0;1
-55;18;17;0;1
-21;4;44;1;1
-36;6;46;0;1
-16;-15;13;0;1
-50;40;23;1;1
-29;22;24;0;1
-26;41;20;0;1
-44;-1;46;1;1
-11;-16;22;1;1
-45;14;18;0;1
-54;32;21;1;1
-32;14;50;1;1
-30;-19;54;0;1
-25;27;40;0;1
-36;11;48;0;1
-27;8;46;0;1
-43;15;18;0;1
-21;-12;38;1;1
-51;-27;33;0;1
-48;-21;18;0;1
-22;15;53;0;1
-27;42;39;1;1
-28;-38;43;1;1
-34;-23;57;0;1
-45;21;29;1;1
-46;-9;53;0;1
-27;-15;62;0;1
-30;25;11;0;1
-47;27;40;0;1
-20;-10;38;0;1
-41;13;12;0;1
-29;5;15;0;1
-49;35;29;0;1
-43;12;37;1;1
-39;26;34;0;1
-50;22;28;0;1
-22;-3;59;0;1
-40;7;38;1;1
-26;9;39;1;1
-28;-12;17;1;1
-56;1;21;0;1
-11;-17;31;0;1
-34;-1;10;0;1
-19;27;44;0;1
-25;23;40;0;1
-33;2;14;0;1
-31;1;58;0;1
-11;-2;24;1;1
-39;-8;34;0;1
-37;-36;47;0;1
-28;-17;47;0;1
-36;-7;26;1;1
-46;17;29;0;1
-32;37;21;0;1
-43;22;47;0;1
-38;1;53;0;1
-46;7;42;1;1
-15;18;40;0;1
-26;2;50;1;1
-16;19;42;0;1
-15;17;34;0;1
-51;9;17;1;1
-57;21;25;1;1
-50;-34;18;1;1
-17;-25;37;0;1
-35;16;39;1;1
-38;41;36;0;1
-40;-4;17;1;1
-37;-53;24;0;1
-41;-41;31;1;1
-20;15;32;0;1
-16;-15;57;1;1
-50;-41;27;0;1
-35;37;46;1;1
-52;-2;29;1;1
-21;-16;57;0;1
-45;-20;31;0;1
-25;30;43;1;1
-25;-26;34;1;1
-26;16;29;0;1
-29;24;40;0;1
-27;20;41;0;1
-43;-19;45;0;1
-23;16;26;1;1
-45;-17;15;0;1
-19;-5;28;0;1
-36;-18;34;0;1
-30;40;33;0;1
-9;15;43;0;1
-12;5;33;0;1
-16;-11;23;0;1
-20;-10;42;0;1
-29;-13;24;1;1
-24;17;27;0;1
-27;38;35;1;1
-16;1;24;0;1
-16;-10;51;0;1
-39;13;12;0;1
-13;21;52;0;1
-42;22;38;1;1
-51;28;18;1;1
-44;7;17;0;1
-30;14;9;0;1
-56;-8;28;0;1
-32;-52;22;1;1
-26;8;15;0;1
-41;-15;48;0;1
-25;7;41;1;1
-35;-28;50;0;1
-36;8;48;1;1
-48;-9;37;0;1
-35;2;20;0;1
-45;36;33;0;1
-9;-14;28;1;1
-41;23;33;0;1
-43;29;22;0;1
-20;5;54;0;1
-43;-22;29;1;1
-18;25;27;0;1
-59;5;31;1;1
-58;-9;25;0;1
-23;-35;42;0;1
-40;4;58;0;1
-37;17;26;0;1
-39;25;53;0;1
-64;20;19;1;1
-40;-52;27;0;1
-39;10;52;1;1
-24;18;17;1;1
-48;4;26;0;1
-18;-14;44;1;1
-20;-15;7;0;1
-24;14;54;0;1
-35;-47;25;0;1
-30;-8;20;0;1
-37;-35;18;0;1
-53;-10;31;0;1
-46;-2;27;1;1
-42;-28;27;0;1
-33;-20;34;1;1
-30;-35;33;0;1
-27;0;48;1;1
-48;-11;27;0;1
-31;6;61;0;1
-22;10;41;0;1
-34;2;16;0;1
-29;32;15;0;1
-29;1;29;1;1
-35;23;40;1;1
-36;-2;60;1;1
-54;-37;18;1;1
-27;3;26;1;1
-35;-33;17;0;1
-15;-22;57;0;1
-43;-40;21;1;1
-39;-28;52;1;1
-18;28;44;1;1
-46;-25;47;1;1
-26;-38;37;0;1
-33;24;15;1;1
-37;-14;54;0;1
-15;-23;9;0;1
-14;24;23;0;1
-42;-5;38;1;1
-32;-24;12;1;1
-41;-2;31;0;1
-27;9;17;1;1
-23;-14;30;1;1
-37;8;18;1;1
-17;-11;25;1;1
-47;-12;15;0;1
-28;42;39;1;1
-12;-16;40;0;1
-37;27;45;0;1
-35;-17;43;1;1
-39;17;32;1;1
-29;-17;18;0;1
-24;-12;43;0;1
-30;-27;25;1;1
-19;-24;60;0;1
-38;-8;25;0;1
-27;32;35;1;1
-19;30;58;0;1
-39;-22;31;1;1
-53;13;33;0;1
-45;-2;26;0;1
-36;-43;43;0;1
-22;20;17;1;1
-46;-43;23;1;1
-44;47;22;1;1
-34;-6;53;1;1
-19;32;42;0;1
-33;-19;18;1;1
-24;-20;38;0;1
-52;11;26;0;1
-29;50;20;0;1
-26;8;20;1;1
-19;-9;23;0;1
-58;2;32;0;1
-33;26;50;0;1
-23;16;48;0;1
-21;20;49;1;1
-45;6;41;0;1
-32;13;22;1;1
-44;37;34;1;1
-37;21;12;0;1
-26;-20;63;0;1
-58;-28;20;0;1
-33;-36;37;0;1
-19;31;42;0;1
-25;-34;33;0;1
-49;17;19;1;1
-30;45;42;0;1
-22;9;9;0;1
-49;-23;44;0;1
-26;-12;57;1;1
-56;-35;18;1;1
-29;2;35;1;1
-47;23;16;0;1
-41;24;22;1;1
-19;13;38;1;1
-20;-11;25;1;1
-30;1;52;0;1
-49;32;21;0;1
-35;-50;21;0;1
-42;11;54;0;1
-48;-6;43;0;1
-45;13;23;0;1
-41;-2;11;0;1
-22;-19;34;1;1
-28;-25;53;0;1
-25;-4;21;0;1
-26;37;49;0;1
-55;10;36;0;1
-54;10;35;0;1
-32;-38;38;1;1
-34;-32;17;0;1
-39;6;19;1;1
-52;-33;25;0;1
-27;14;21;0;1
-33;23;51;1;1
-38;16;28;1;1
-40;-5;49;1;1
-41;-25;35;0;1
-32;-53;22;1;1
-40;0;49;0;1
-42;19;22;0;1
-27;5;52;1;1
-29;-27;28;0;1
-37;-1;12;0;1
-30;-26;41;0;1
-53;-12;29;1;1
-26;-45;30;0;1
-25;-25;37;1;1
-29;17;13;1;1
-16;-5;44;0;1
-43;-28;42;1;1
-55;-5;19;1;1
-52;-15;45;0;1
-14;-4;22;0;1
-44;20;31;0;1
-34;-2;62;0;1
-25;-15;42;0;1
-27;20;31;0;1
-43;-41;37;0;1
-11;16;35;0;1
-36;11;49;0;1
-32;7;46;1;1
-25;6;46;0;1
-29;-18;42;0;1
-44;-17;30;1;1
-26;-29;14;1;1
-32;-32;36;0;1
-33;-24;42;0;1
-23;9;41;0;1
-33;-4;54;0;1
-32;-6;27;0;1
-41;-19;30;0;1
-29;25;17;1;1
-51;-19;39;0;1
-8;-3;23;1;1
-34;-2;58;1;1
-30;42;40;1;1
-18;-5;20;1;1
-45;20;46;0;1
-31;-30;26;1;1
-58;13;31;0;1
-10;2;28;0;1
-36;55;21;1;1
-49;-20;23;0;1
-42;-31;32;1;1
-37;14;13;0;1
-43;-28;36;1;1
-50;10;27;0;1
-35;-42;40;0;1
-58;-18;17;1;1
-28;-10;26;0;1
-29;49;17;1;1
-57;-3;38;1;1
-32;-12;39;1;1
-18;-24;14;1;1
-25;28;57;1;1
-16;23;44;1;1
-9;14;27;1;1
-48;7;25;1;1
-19;11;30;1;1
-31;-15;49;0;1
-46;-25;32;0;1
-16;-16;29;0;1
-51;20;21;0;1
-37;3;25;1;1
-15;14;27;1;1
-36;25;23;0;1
-11;-13;35;0;1
-14;11;21;1;1
-24;-3;40;0;1
-20;29;50;0;1
-22;37;47;0;1
-35;37;15;1;1
-27;42;15;1;1
-15;-11;21;1;1
-36;37;45;0;1
-52;-21;34;0;1
-30;3;61;1;1
-39;-24;48;1;1
-22;38;41;0;1
-35;-22;48;0;1
-37;-29;28;0;1
-56;17;21;0;1
-24;-17;20;1;1
-20;-16;30;0;1
-18;-24;63;0;1
-43;-32;36;0;1
-52;-24;31;0;1
-45;-9;46;0;1
-43;-35;23;0;1
-32;0;27;1;1
-29;-43;31;1;1
-25;-2;56;1;1
-40;37;39;1;1
-9;-14;19;0;1
-21;18;46;0;1
-56;15;31;1;1
-40;-32;28;1;1
-25;12;31;0;1
-40;-28;22;0;1
-13;-19;48;1;1
-43;22;14;0;1
-48;20;47;0;1
-27;-8;38;1;1
-48;-5;14;1;1
-22;8;64;0;1
-47;-38;26;1;1
-39;7;15;0;1
-30;-35;30;0;1
-35;20;45;0;1
-28;-13;59;1;1
-39;-13;46;1;1
-28;1;41;0;1
-40;37;41;0;1
-35;-51;17;0;1
-48;16;31;1;1
-50;10;47;1;1
-47;-28;18;0;1
-43;11;52;0;1
-33;-12;13;0;1
-26;-19;33;0;1
-40;32;14;0;1
-24;16;21;0;1
-26;14;26;0;1
-45;34;37;1;1
-43;10;53;1;1
-53;11;16;0;1
-50;-25;38;0;1
-26;-31;42;0;1
-52;-4;27;0;1
-38;8;44;0;1
-23;-29;20;0;1
-20;-29;21;0;1
-60;6;27;1;1
-20;-17;64;0;1
-47;-2;48;0;1
-45;17;42;1;1
-38;19;15;1;1
-30;2;10;0;1
-58;4;22;0;1
-26;45;39;0;1
-18;-19;34;1;1
-33;20;41;1;1
-24;-21;25;0;1
-30;25;18;0;1
-47;38;26;0;1
-15;24;59;0;1
-37;-4;47;1;1
-18;-25;20;1;1
-22;30;12;0;1
-26;9;27;0;1
-19;-2;19;0;1
-56;-5;28;1;1
-44;-6;24;0;1
-29;-20;39;1;1
-29;36;30;1;1
-33;-51;29;0;1
-35;6;13;1;1
-35;-7;44;1;1
-18;-13;43;1;1
-25;-29;44;0;1
-57;-2;25;0;1
-28;5;60;0;1
-34;1;52;0;1
-54;17;39;0;1
-20;12;49;0;1
-34;45;20;0;1
-29;13;9;0;1
-34;-8;51;0;1
-43;-2;16;0;1
-15;-25;61;0;1
-24;-34;45;1;1
-31;51;38;1;1
-45;18;25;0;1
-23;-28;58;0;1
-23;39;15;1;1
-22;11;39;0;1
-62;0;21;1;1
-51;-33;28;1;1
-58;-10;31;0;1
-41;3;45;1;1
-27;37;17;1;1
-44;-35;35;1;1
-20;26;63;0;1
-37;-41;30;0;1
-33;-57;23;1;1
-25;-35;19;0;1
-29;-19;60;1;1
-37;25;36;0;1
-45;19;36;0;1
-27;16;20;1;1
-24;10;7;1;1
-17;29;38;0;1
-27;45;20;0;1
-41;30;47;0;1
-27;-14;26;0;1
-44;21;22;1;1
-59;24;23;0;1
-27;-15;30;1;1
-25;-3;55;0;1
-26;-38;47;1;1
-40;9;56;0;1
-17;-1;20;0;1
-29;47;27;1;1
-19;-10;39;0;1
-14;-21;38;0;1
-41;-1;54;0;1
-21;-27;40;0;1
-35;7;29;0;1
-22;-11;11;1;1
-22;-7;11;1;1
-34;4;16;0;1
-39;-25;42;0;1
-36;-50;31;0;1
-30;3;24;1;1
-59;29;25;1;1
-22;-1;36;1;1
-23;-24;15;0;1
-53;4;41;0;1
-30;-24;43;0;1
-49;-31;23;1;1
-19;-29;55;1;1
-45;1;53;0;1
-43;-19;52;0;1
-31;21;24;0;1
-47;-21;34;0;1
-22;19;60;1;1
-19;5;23;0;1
-18;26;36;0;1
-52;10;27;0;1
-31;-19;56;0;1
-23;-13;13;1;1
-40;40;19;1;1
-38;-3;43;0;1
-39;-42;19;1;1
-13;10;23;0;1
-24;19;16;0;1
-30;-6;40;1;1
-11;16;36;1;1
-36;12;57;0;1
-46;-47;21;0;1
-19;28;50;0;1
-48;-12;35;1;1
-30;1;44;1;1
-37;29;26;1;1
-46;19;33;1;1
-36;-8;33;1;1
-33;21;35;0;1
-52;-25;38;1;1
-42;-13;14;0;1
-20;-14;43;0;1
-35;27;36;1;1
-16;22;48;0;1
-53;-7;33;0;1
-30;-1;45;0;1
-22;13;42;0;1
-51;-41;18;1;1
-27;-46;17;0;1
-55;-11;40;1;1
-26;-13;56;0;1
-50;16;16;0;1
-36;-29;40;0;1
-17;-5;44;0;1
-39;-3;50;1;1
-43;-24;29;1;1
-59;-23;30;1;1
-49;-15;31;1;1
-14;24;49;0;1
-54;-24;18;0;1
-29;-8;62;0;1
-43;14;15;0;1
-45;19;20;1;1
-23;4;9;0;1
-28;23;32;0;1
-37;-15;12;0;1
-44;44;33;0;1
-26;12;64;0;1
-29;2;14;0;1
-21;14;13;0;1
-38;-27;31;0;1
-24;-36;39;0;1
-41;14;44;0;1
-23;-12;12;1;1
-29;31;51;0;1
-44;28;39;0;1
-52;-27;23;0;1
-21;8;47;0;1
-44;44;22;0;1
-23;-32;27;0;1
-33;34;23;1;1
-20;5;34;1;1
-52;4;44;0;1
-32;-28;19;0;1
-42;15;16;0;1
-41;-32;15;0;1
-24;22;26;0;1
-13;-12;20;1;1
-22;-15;29;1;1
-39;-32;19;1;1
-38;18;51;0;1
-56;22;20;1;1
-35;5;34;1;1
-35;-44;42;0;1
-34;-9;33;0;1
-62;10;25;0;1
-29;39;48;1;1
-27;-37;43;0;1
-42;5;36;1;1
-27;36;42;1;1
-39;-16;16;0;1
-52;20;43;0;1
-34;18;20;0;1
-22;14;60;0;1
-26;-37;33;0;1
-15;5;38;0;1
-22;32;56;0;1
-29;24;45;0;1
-42;21;50;0;1
-52;5;33;0;1
-49;33;36;0;1
-47;12;34;1;1
-18;-26;22;1;1
-47;33;28;1;1
-31;-34;14;0;1
-24;-24;18;0;1
-48;-25;27;0;1
-26;-42;26;0;1
-33;-4;17;1;1
-38;-40;17;1;1
-29;1;33;1;1
-42;-18;21;0;1
-18;-8;44;0;1
-42;2;54;0;1
-35;38;41;1;1
-41;14;38;1;1
-41;-22;53;1;1
-20;11;49;0;1
-41;18;32;0;1
-29;-12;33;1;1
-29;-46;34;1;1
-36;7;49;0;1
-31;-16;56;0;1
-31;-32;48;1;1
-36;23;44;0;1
-37;39;21;0;1
-38;9;47;0;1
-42;4;55;0;1
-21;-31;32;0;1
-40;21;47;0;1
-34;-49;21;0;1
-49;-37;35;1;1
-27;12;34;0;1
-26;-5;10;0;1
-47;24;31;1;1
-46;-14;47;0;1
-48;-3;35;0;1
-43;24;49;0;1
-19;9;14;0;1
-26;38;45;0;1
-20;-26;28;0;1
-16;15;13;0;1
-48;-12;40;0;1
-17;-17;45;0;1
-55;9;32;0;1
-55;16;28;0;1
-46;23;35;0;1
-46;18;26;0;1
-39;23;28;0;1
-37;-46;17;0;1
-28;5;62;1;1
-14;-15;46;0;1
-40;-15;39;0;1
-27;-43;19;1;1
-33;-56;28;0;1
-25;-34;46;0;1
-29;1;47;1;1
-39;-41;17;1;1
-24;-28;47;0;1
-49;-19;19;0;1
-38;7;21;1;1
-19;-26;57;0;1
-20;6;15;1;1
-47;-36;25;0;1
-18;-22;58;0;1
-34;8;29;0;1
-30;-12;63;1;1
-46;-20;24;0;1
-53;22;39;1;1
-43;33;19;0;1
-49;-18;44;0;1
-59;5;26;0;1
-12;-14;22;0;1
-30;-22;12;0;1
-24;-2;38;0;1
-27;-34;20;0;1
-43;31;32;1;1
-28;-27;25;1;1
-34;21;30;1;1
-38;-48;33;0;1
-46;26;31;1;1
-47;-36;16;1;1
-17;15;10;1;1
-35;-42;35;0;1
-27;-7;52;0;1
-33;-7;33;0;1
-22;4;47;0;1
-61;-7;35;1;1
-45;-25;19;1;1
-35;28;13;0;1
-31;21;15;0;1
-22;20;10;0;1
-33;7;28;1;1
-25;15;25;0;1
-39;-25;30;0;1
-12;-19;48;0;1
-54;-16;36;0;1
-11;-8;22;0;1
-61;13;25;0;1
-30;-28;49;0;1
-34;-5;16;1;1
-63;18;19;1;1
-52;36;20;0;1
-53;-2;26;0;1
-44;25;24;1;1
-29;-3;64;0;1
-12;-9;27;0;1
-25;-5;26;1;1
-18;-1;23;1;1
-22;23;40;0;1
-35;16;55;0;1
-12;-11;42;0;1
-20;-32;16;0;1
-37;-36;36;0;1
-16;2;40;0;1
-46;14;49;1;1
-15;1;33;0;1
-36;-12;51;1;1
-33;-47;31;0;1
-37;-34;18;0;1
-28;39;51;0;1
-31;24;18;0;1
-12;1;33;1;1
-29;29;26;0;1
-26;-44;23;0;1
-40;-23;31;0;1
-33;42;42;0;1
-44;-5;33;0;1
-44;18;14;1;1
-23;-17;44;0;1
-30;-2;40;1;1
-42;-5;28;1;1
-29;-1;36;1;1
-18;-11;42;0;1
-19;3;50;0;1
-46;-18;46;0;1
-55;-13;17;0;1
-21;-19;52;0;1
-46;-12;20;0;1
-56;-4;43;0;1
-32;-39;50;0;1
-54;27;22;0;1
-51;-16;43;1;1
-38;53;20;1;1
-65;1;18;1;1
-30;-9;9;0;1
-13;-20;35;0;1
-51;12;40;0;1
-22;-35;12;1;1
-49;-40;26;0;1
-59;-34;19;1;1
-28;0;14;0;1
-34;40;45;0;1
-29;15;60;1;1
-17;-5;25;0;1
-18;8;50;0;1
-59;-19;18;1;1
-34;-12;22;1;1
-37;-21;56;1;1
-17;13;44;0;1
-52;-7;34;0;1
-25;17;63;1;1
-34;40;31;1;1
-51;5;21;0;1
-44;-35;38;0;1
-47;-13;15;1;1
-39;23;29;1;1
-15;4;40;0;1
-33;-9;47;0;1
-25;13;53;0;1
-50;34;24;0;1
-51;-3;15;0;1
-45;31;43;0;1
-36;52;21;1;1
-20;9;54;0;1
-30;-42;43;0;1
-35;20;29;0;1
-30;-3;63;1;1
-29;19;17;0;1
-52;1;32;0;1
-39;-2;47;1;1
-37;0;11;0;1
-36;18;18;1;1
-52;-2;36;0;1
-24;-20;62;0;1
-16;20;19;0;1
-23;-9;13;0;1
-10;16;22;1;1
-12;-12;37;0;1
-12;-17;49;1;1
-48;11;21;1;1
-30;-21;27;1;1
-35;-53;27;0;1
-42;-35;28;0;1
-15;15;21;1;1
-23;-27;25;0;1
-30;-12;52;0;1
-9;-11;27;0;1
-48;-34;32;0;1
-22;23;17;1;1
-44;-18;39;1;1
-61;-3;36;1;1
-29;-29;51;0;1
-55;-24;17;0;1
-66;3;18;0;1
-18;24;44;0;1
-36;-2;41;0;1
-56;-29;28;0;1
-24;-6;50;0;1
-40;48;31;1;1
-35;-24;39;0;1
-36;25;12;0;1
-21;19;14;0;1
-42;41;39;0;1
-31;26;41;0;1
-26;-23;42;0;1
-41;27;34;0;1
-37;-48;30;1;1
-39;36;16;0;1
-42;27;48;0;1
-37;-37;36;0;1
-39;51;25;0;1
-13;-16;33;0;1
-32;-34;22;0;1
-31;29;44;1;1
-32;54;21;1;1
-27;-13;11;0;1
-15;14;32;0;1
-34;15;44;1;1
-53;-37;19;0;1
-10;-17;38;1;1
-35;37;19;1;1
-36;34;37;0;1
-22;-36;48;0;1
-20;19;58;0;1
-40;18;49;0;1
-23;-13;24;0;1
-38;-21;25;1;1
-52;-9;18;1;1
-21;18;41;0;1
-33;23;31;0;1
-25;-5;43;1;1
-44;-28;37;0;1
-28;-31;28;0;1
-32;-10;22;0;1
-25;-12;30;1;1
-25;9;48;0;1
-49;4;42;1;1
-26;-33;38;0;1
-43;-25;37;0;1
-34;-35;42;1;1
-46;8;43;0;1
-29;35;50;1;1
-20;18;53;1;1
-36;23;31;0;1
-20;24;18;0;1
-57;-4;27;0;1
-53;-12;34;0;1
-34;23;47;0;1
-35;-10;26;0;1
-44;-16;34;0;1
-34;-28;41;1;1
-31;3;61;0;1
-27;-7;30;0;1
-39;-12;33;1;1
-12;5;24;0;1
-8;-11;37;0;1
-58;24;31;1;1
-36;-16;36;1;1
-44;12;18;0;1
-17;-25;23;0;1
-16;19;23;0;1
-42;23;51;0;1
-33;16;24;1;1
-24;22;44;1;1
-28;8;46;0;1
-50;-4;31;0;1
-40;8;16;1;1
-10;-3;23;0;1
-21;5;30;0;1
-22;-18;23;0;1
-32;-30;20;1;1
-43;-13;23;0;1
-44;-25;28;0;1
-29;-30;48;0;1
-23;-6;23;0;1
-22;37;37;0;1
-31;5;30;1;1
-38;-15;12;0;1
-8;12;31;0;1
-42;16;25;0;1
-26;-31;13;1;1
-19;-10;44;0;1
-28;-3;16;0;1
-29;-35;33;1;1
-57;-23;19;0;1
-48;16;37;0;1
-31;-42;36;0;1
-41;-35;23;1;1
-32;53;19;0;1
-25;-6;35;0;1
-26;-31;33;0;1
-25;-28;16;0;1
-35;9;35;0;1
-40;45;34;0;1
-32;-26;48;1;1
-17;-26;54;0;1
-51;17;22;0;1
-53;41;21;0;1
-23;-38;28;1;1
-25;6;54;0;1
-26;24;22;0;1
-53;26;18;0;1
-28;-20;17;0;1
-28;-40;15;0;1
-26;-6;46;0;1
-45;-11;36;1;1
-40;26;52;1;1
-55;-13;27;0;1
-31;-23;28;0;1
-49;24;36;0;1
-36;11;21;0;1
-27;-30;42;0;1
-36;-11;21;0;1
-15;21;34;1;1
-45;-11;30;0;1
-56;21;17;0;1
-29;41;39;1;1
-18;-11;55;0;1
-25;-24;22;0;1
-34;20;41;0;1
-31;40;40;0;1
-58;-32;18;0;1
-35;-42;21;1;1
-52;19;42;1;1
-51;-27;24;1;1
-23;25;21;0;1
-23;24;18;0;1
-19;32;20;0;1
-53;-28;25;1;1
-19;-31;12;1;1
-26;-3;16;0;1
-34;-33;39;0;1
-30;-7;16;1;1
-43;-3;47;1;1
-31;7;38;1;1
-30;26;15;0;1
-44;-8;14;1;1
-62;-18;26;1;1
-18;7;41;0;1
-22;32;41;0;1
-21;-22;40;0;1
-34;27;24;0;1
-25;-2;10;0;1
-37;-11;35;0;1
-41;3;20;0;1
-59;-30;19;1;1
-41;1;11;0;1
-33;-29;46;1;1
-51;23;18;0;1
-34;-43;40;0;1
-42;-11;17;0;1
-45;2;19;0;1
-38;-27;32;0;1
-42;45;31;1;1
-48;-12;17;0;1
-27;4;63;0;1
-28;3;18;1;1
-32;3;48;1;1
-32;-28;23;0;1
-18;14;44;0;1
-36;-36;26;0;1
-35;-52;20;0;1
-12;-18;45;1;1
-27;8;21;0;1
-35;-27;40;1;1
-14;-21;63;0;1
-54;2;28;1;1
-48;-1;13;1;1
-38;53;26;0;1
-29;-33;12;1;1
-22;19;51;1;1
-29;4;58;0;1
-9;3;23;0;1
-18;-12;31;0;1
-28;2;8;1;1
-53;-6;42;0;1
-41;-19;31;1;1
-57;-21;23;0;1
-23;33;50;0;1
-53;-36;23;1;1
-33;-45;17;1;1
-41;-15;53;0;1
-24;21;50;0;1
-29;-21;42;1;1
-30;4;42;1;1
-34;26;28;0;1
-52;-2;25;0;1
-41;-11;22;0;1
-52;-35;24;0;1
-19;5;43;0;1
-15;-8;31;1;1
-26;-31;25;0;1
-34;9;23;0;1
-8;7;24;1;1
-37;36;46;0;1
-37;-25;38;0;1
-33;2;50;0;1
-56;-27;17;0;1
-15;6;21;0;1
-39;-20;50;0;1
-15;-13;24;1;1
-50;43;24;1;1
-51;-28;31;0;1
-33;2;16;0;1
-28;-21;51;1;1
-28;2;61;1;1
-45;17;29;0;1
-34;-54;24;1;1
-28;-45;36;1;1
-55;38;19;0;1
-38;30;27;0;1
-29;-50;28;0;1
-25;-5;38;0;1
-35;-34;20;0;1
-37;38;19;0;1
-51;-2;38;1;1
-27;-41;45;0;1
-39;46;32;0;1
-53;-15;37;0;1
-15;23;17;0;1
-20;-23;28;1;1
-24;41;15;0;1
-55;-1;42;1;1
-33;-19;25;0;1
-28;32;12;0;1
-50;-40;28;1;1
-49;-31;22;1;1
-8;5;25;0;1
-34;32;22;1;1
-43;-1;27;0;1
-31;50;18;0;1
-44;29;15;1;1
-53;8;27;0;1
-35;12;47;1;1
-50;15;21;0;1
-39;17;22;0;1
-47;27;17;0;1
-43;12;45;0;1
-13;-16;27;1;1
-16;22;64;1;1
-43;21;24;0;1
-29;40;14;0;1
-28;28;52;1;1
-60;3;28;0;1
-33;-23;32;0;1
-39;-39;41;0;1
-14;-3;20;0;1
-58;8;29;0;1
-30;-24;35;0;1
-41;-38;24;0;1
-25;-35;47;0;1
-49;-5;27;1;1
-14;11;36;0;1
-9;-14;42;1;1
-34;28;17;0;1
-48;29;29;0;1
-54;-36;26;1;1
-29;-49;16;0;1
-21;17;32;0;1
-33;40;28;0;1
-33;9;39;0;1
-45;26;36;1;1
-13;18;53;0;1
-38;12;54;0;1
-34;44;33;0;1
-50;29;34;0;1
-33;28;34;1;1
-42;-12;51;0;1
-41;14;47;1;1
-56;-8;23;0;1
-17;27;16;1;1
-37;14;58;0;1
-37;-34;25;0;1
-49;-16;19;0;1
-27;34;13;1;1
-45;6;24;0;1
-51;-5;21;0;1
-58;25;32;1;1
-66;-4;18;0;1
-40;-18;30;0;1
-48;-12;32;1;1
-52;-9;37;1;1
-37;38;28;1;1
-46;-15;25;1;1
-32;-9;55;0;1
-36;20;24;1;1
-42;-1;14;0;1
-53;39;25;1;1
-14;21;61;0;1
-14;7;38;0;1
-42;7;36;1;1
-31;44;27;1;1
-36;-37;34;0;1
-35;-8;51;0;1
-36;14;58;0;1
-58;7;33;0;1
-28;19;49;0;1
-42;4;31;0;1
-32;-14;29;0;1
-39;50;32;1;1
-22;20;15;1;1
-27;12;35;0;1
-25;-14;34;0;1
-32;-15;16;0;1
-38;-41;15;1;1
-40;-24;28;0;1
-24;-26;27;0;1
-22;12;41;0;1
-41;-1;21;1;1
-43;37;24;1;1
-56;-11;36;1;1
-59;-3;38;0;1
-30;46;26;0;1
-32;-41;31;0;1
-39;26;52;0;1
-37;33;30;0;1
-22;-8;11;1;1
-23;-29;30;1;1
-21;15;11;1;1
-56;19;18;0;1
-20;-20;42;0;1
-36;-19;28;1;1
-41;21;49;1;1
-39;-27;25;1;1
-24;21;36;0;1
-39;-2;54;0;1
-11;9;20;0;1
-16;14;51;1;1
-26;10;46;0;1
-28;-1;42;1;1
-31;-12;11;0;1
-21;-22;25;0;1
-33;5;18;1;1
-28;-48;26;0;1
-33;-35;39;0;1
-34;-13;57;1;1
-38;-21;33;1;1
-19;-17;53;0;1
-21;-31;60;1;1
-45;-22;50;1;1
-27;-9;9;1;1
-35;22;13;1;1
-23;5;48;1;1
-26;-26;16;0;1
-18;21;40;0;1
-43;-27;35;0;1
-13;-19;35;1;1
-19;23;64;0;1
-53;11;17;0;1
-60;-30;19;0;1
-45;28;46;0;1
-19;-21;13;1;1
-36;35;23;0;1
-34;-27;55;1;1
-33;-9;15;0;1
-37;6;24;1;1
-38;-2;47;0;1
-37;-52;29;0;1
-24;-14;44;0;1
-62;11;32;0;1
-40;15;28;0;1
-22;-5;14;0;1
-52;24;27;1;1
-28;-2;27;0;1
-26;-7;56;1;1
-45;8;14;0;1
-33;42;18;0;1
-13;-21;58;1;1
-60;17;34;1;1
-19;-9;25;0;1
-58;12;31;1;1
-16;-14;23;1;1
-15;-9;32;0;1
-29;26;22;0;1
-38;21;56;1;1
-37;-11;40;1;1
-29;13;35;1;1
-29;-44;18;0;1
-36;22;43;0;1
-33;36;40;0;1
-38;14;21;0;1
-52;-35;28;0;1
-21;21;22;0;1
-27;32;54;0;1
-36;-1;12;0;1
-27;8;29;0;1
-37;-13;46;0;1
-58;-6;22;0;1
-50;2;20;1;1
-53;29;21;0;1
-52;-9;27;0;1
-12;-9;25;1;1
-51;12;26;1;1
-22;-1;25;1;1
-19;-8;38;1;1
-20;-4;31;0;1
-39;3;11;0;1
-49;-31;25;0;1
-10;3;26;0;1
-27;23;23;1;1
-25;-14;52;1;1
-67;3;22;0;1
-20;6;48;0;1
-45;-38;28;1;1
-12;-12;43;0;1
-42;41;31;1;1
-17;23;28;0;1
-22;-36;17;0;1
-53;0;30;1;1
-52;23;30;0;1
-24;30;20;0;1
-24;1;44;1;1
-15;17;18;1;1
-44;5;52;1;1
-29;35;24;1;1
-44;-18;37;0;1
-14;19;35;1;1
-36;-36;20;1;1
-45;26;38;1;1
-60;-11;24;0;1
-22;21;18;0;1
-34;7;22;0;1
-21;-11;13;1;1
-16;-24;11;0;1
-23;-31;39;0;1
-56;18;19;0;1
-22;-7;23;0;1
-50;6;24;0;1
-25;37;23;0;1
-33;37;31;0;1
-57;-9;23;0;1
-34;18;47;0;1
-29;-20;52;0;1
-25;22;29;1;1
-23;-11;54;0;1
-38;12;24;1;1
-44;-26;21;1;1
-29;46;35;1;1
-26;4;60;0;1
-50;13;24;0;1
-24;-26;57;1;1
-30;-8;55;1;1
-15;-19;55;1;1
-60;1;33;0;1
-40;-23;28;0;1
-40;34;45;0;1
-60;15;20;1;1
-19;-16;9;0;1
-47;0;33;0;1
-28;-11;27;1;1
-18;-30;53;0;1
-16;-11;25;0;1
-17;-21;29;1;1
-13;-20;7;1;1
-20;5;25;0;1
-43;-46;29;0;1
-48;-6;39;1;1
-16;-16;13;1;1
-36;10;22;0;1
-17;-3;19;1;1
-34;-13;53;0;1
-23;9;48;0;1
-56;-8;32;0;1
-31;15;51;0;1
-55;-31;31;1;1
-42;28;32;1;1
-49;1;43;0;1
-45;-43;28;0;1
-35;-1;15;0;1
-43;-15;17;0;1
-66;11;19;0;1
-40;10;41;1;1
-26;-10;45;0;1
-53;0;27;1;1
-43;31;27;0;1
-44;-28;18;1;1
-32;-4;30;1;1
-22;-12;51;1;1
-29;-42;28;0;1
-35;-31;31;0;1
-59;16;22;0;1
-16;-13;51;1;1
-15;1;24;0;1
-52;-10;30;0;1
-29;3;44;0;1
-51;-37;24;0;1
-31;13;54;1;1
-28;-15;19;1;1
-19;-15;44;0;1
-32;4;10;0;1
-45;-11;46;0;1
-41;-20;41;0;1
-46;33;26;1;1
-23;-5;52;0;1
-28;17;57;0;1
-14;-15;29;0;1
-32;1;17;0;1
-38;3;36;0;1
-14;-9;42;0;1
-59;6;26;1;1
-47;28;32;0;1
-22;-1;11;0;1
-36;0;38;0;1
-17;19;12;0;1
-28;-17;34;0;1
-31;-2;33;0;1
-44;-41;27;0;1
-22;26;59;0;1
-26;-18;30;1;1
-29;29;43;0;1
-26;13;62;1;1
-39;-3;45;0;1
-40;-12;21;0;1
-11;-19;55;0;1
-19;13;35;1;1
-32;15;50;1;1
-21;7;17;0;1
-15;13;53;0;1
-15;-22;35;1;1
-15;0;27;1;1
-26;28;17;1;1
-33;-23;18;0;1
-40;8;39;0;1
-17;-25;50;0;1
-58;2;34;0;1
-26;-16;59;0;1
-51;27;33;0;1
-17;-22;64;0;1
-36;16;43;0;1
-41;8;24;0;1
-27;45;24;1;1
-48;-26;36;1;1
-21;28;36;0;1
-31;43;44;1;1
-43;-12;20;1;1
-45;-8;14;1;1
-33;-2;60;0;1
-60;5;35;0;1
-35;5;20;0;1
-56;18;31;0;1
-19;-13;61;0;1
-25;19;47;0;1
-16;25;48;1;1
-44;36;19;1;1
-22;20;64;0;1
-20;10;15;1;1
-13;8;21;0;1
-45;10;42;0;1
-18;-10;38;0;1
-51;-3;41;0;1
-51;4;18;1;1
-30;-37;36;1;1
-36;11;55;1;1
-62;-23;23;1;1
-41;37;38;0;1
-27;17;28;0;1
-34;21;16;0;1
-33;9;53;0;1
-19;12;13;0;1
-16;21;39;0;1
-35;-40;37;0;1
-41;37;34;0;1
-37;-24;52;1;1
-37;-14;14;1;1
-16;6;29;0;1
-31;-34;36;0;1
-33;-29;34;1;1
-25;21;30;0;1
-25;-21;14;0;1
-27;-30;49;0;1
-59;18;20;0;1
-22;3;42;0;1
-33;-32;38;1;1
-19;9;20;1;1
-55;19;34;0;1
-13;3;33;1;1
-31;-27;41;0;1
-54;23;26;0;1
-53;4;21;0;1
-48;45;23;0;1
-25;-23;16;1;1
-18;-12;18;0;1
-62;10;30;0;1
-41;54;21;0;1
-47;27;41;1;1
-51;-29;18;0;1
-25;-25;18;1;1
-21;-6;22;1;1
-43;21;37;0;1
-31;10;61;1;1
-25;-21;52;1;1
-9;7;26;0;1
-50;26;17;1;1
-33;11;25;0;1
-29;-19;51;1;1
-31;5;60;0;1
-39;-2;23;0;1
-32;35;36;0;1
-41;17;39;0;1
-43;39;33;1;1
-38;-34;15;0;1
-44;-37;16;0;1
-34;41;29;1;1
-44;-34;25;1;1
-54;29;34;1;1
-41;-13;48;0;1
-53;-41;20;0;1
-32;22;37;0;1
-16;15;52;0;1
-39;-52;23;1;1
-50;-11;37;0;1
-37;12;56;1;1
-36;-19;14;0;1
-26;15;52;1;1
-45;-21;15;0;1
-32;14;23;1;1
-41;-17;38;1;1
-54;2;33;1;1
-46;40;32;1;1
-22;30;30;0;1
-22;29;60;0;1
-28;24;33;0;1
-34;-4;53;0;1
-48;-18;31;0;1
-16;17;58;0;1
-58;-10;21;0;1
-27;-2;43;0;1
-11;-14;29;1;1
-43;43;23;0;1
-33;-18;27;0;1
-29;1;43;0;1
-63;5;27;0;1
-24;25;51;1;1
-22;15;56;1;1
-22;-30;10;1;1
-33;-32;29;0;1
-37;28;25;0;1
-23;-21;38;0;1
-44;-27;45;0;1
-19;13;10;0;1
-60;31;20;0;1
-47;11;49;0;1
-18;-19;46;0;1
-17;17;53;0;1
-36;52;24;1;1
-40;-6;24;0;1
-31;31;39;0;1
-36;-12;34;0;1
-41;-19;52;0;1
-54;-11;32;1;1
-43;38;38;1;1
-42;-38;18;1;1
-39;-53;21;1;1
-34;4;12;1;1
-35;-41;22;1;1
-26;-10;56;0;1
-25;40;31;0;1
-40;17;17;0;1
-42;31;30;0;1
-57;-7;22;0;1
-29;-11;62;0;1
-52;-34;33;0;1
-42;-25;22;0;1
-36;40;40;1;1
-26;17;55;1;1
-51;13;37;0;1
-29;23;21;0;1
-30;10;59;1;1
-18;16;41;1;1
-26;16;34;0;1
-50;1;20;1;1
-33;20;55;0;1
-21;17;27;0;1
-40;-22;29;0;1
-23;23;54;0;1
-28;-30;40;1;1
-24;-8;33;0;1
-31;-41;44;0;1
-26;35;33;0;1
-29;-23;59;0;1
-35;27;23;1;1
-43;-8;42;1;1
-27;21;42;0;1
-46;-29;36;1;1
-44;-18;52;0;1
-39;4;42;1;1
-27;-32;42;0;1
-42;45;33;1;1
-38;15;46;0;1
-52;-13;37;0;1
-25;33;31;0;1
-54;-5;22;0;1
-33;-55;27;0;1
-47;17;38;0;1
-43;34;21;0;1
-16;-27;12;0;1
-18;21;62;1;1
-35;25;31;1;1
-45;-36;28;0;1
-40;-27;25;0;1
-27;43;23;0;1
-13;19;17;0;1
-33;20;29;1;1
-30;-34;34;1;1
-16;24;58;0;1
-24;-33;29;0;1
-36;-5;37;0;1
-61;0;17;0;1
-27;3;53;0;1
-23;23;55;0;1
-16;25;25;1;1
-46;-12;42;1;1
-29;-40;40;0;1
-27;-23;35;0;1
-30;-31;41;0;1
-39;46;19;0;1
-37;28;42;1;1
-54;17;33;0;1
-46;15;30;0;1
-39;49;21;1;1
-35;-12;32;1;1
-39;-50;25;0;1
-45;-3;26;0;1
-22;-28;20;0;1
-14;16;15;1;1
-56;-9;33;0;1
-61;20;22;1;1
-28;24;54;0;1
-56;-25;32;0;1
-20;19;53;0;1
-25;-13;46;0;1
-41;-10;39;0;1
-39;-30;17;1;1
-37;1;33;0;1
-17;0;37;1;1
-34;12;24;0;1
-25;14;26;1;1
-52;6;28;1;1
-43;-46;26;1;1
-34;0;45;0;1
-17;20;59;0;1
-28;-1;46;0;1
-29;-48;41;0;1
-30;-49;39;0;1
-48;-39;30;1;1
-31;-52;32;1;1
-35;50;28;0;1
-22;13;21;0;1
-30;18;58;1;1
-18;7;35;1;1
-33;44;40;0;1
-22;36;15;0;1
-43;-8;14;1;1
-21;21;28;1;1
-20;20;55;0;1
-39;13;22;1;1
-24;-16;9;0;1
-26;-4;44;0;1
-29;-18;50;1;1
-19;15;56;0;1
-25;-12;44;0;1
-24;-1;44;0;1
-14;13;34;0;1
-22;-12;7;0;1
-55;0;34;1;1
-28;-28;43;0;1
-20;-30;36;0;1
-45;-42;23;1;1
-24;-41;28;1;1
-52;-15;23;0;1
-29;-10;55;0;1
-41;2;37;0;1
-21;-28;57;1;1
-26;44;30;1;1
-36;31;13;0;1
-23;18;9;1;1
-25;-21;40;0;1
-29;47;33;1;1
-28;-5;9;0;1
-36;-47;22;1;1
-30;-18;60;1;1
-46;-2;25;0;1
-56;17;22;1;1
-49;-2;33;0;1
-39;-9;57;1;1
-18;0;32;1;1
-57;-24;31;0;1
-33;-52;26;0;1
-32;-17;52;0;1
-31;4;19;0;1
-25;-35;54;1;1
-59;30;20;0;1
-34;20;48;1;1
-39;35;18;0;1
-25;31;29;0;1
-48;-7;18;1;1
-27;16;29;0;1
-23;16;10;0;1
-33;15;34;0;1
-33;16;25;1;1
-26;-36;48;1;1
-43;-12;13;0;1
-55;15;42;1;1
-33;-25;43;0;1
-42;14;27;0;1
-45;-11;52;0;1
-9;8;33;0;1
-32;-8;48;1;1
-37;42;22;0;1
-55;34;22;0;1
-29;5;16;0;1
-51;19;18;0;1
-56;4;38;1;1
-46;11;52;0;1
-41;-15;55;0;1
-32;-10;16;0;1
-26;-12;46;1;1
-22;4;26;1;1
-35;38;43;0;1
-48;-5;24;0;1
-30;12;26;1;1
-39;29;47;0;1
-27;-7;47;0;1
-47;10;39;1;1
-38;-3;28;1;1
-30;-27;11;0;1
-22;3;22;0;1
-34;-31;49;1;1
-13;10;21;0;1
-42;-31;14;0;1
-51;-32;24;0;1
-16;-20;64;0;1
-51;37;19;0;1
-50;20;40;1;1
-26;24;32;0;1
-40;21;21;0;1
-50;-11;20;1;1
-31;-23;57;0;1
-20;-4;14;0;1
-50;0;36;0;1
-18;15;12;0;1
-33;3;33;0;1
-54;26;19;0;1
-35;19;16;1;1
-16;19;62;0;1
-30;29;14;0;1
-13;19;32;0;1
-42;10;26;1;1
-56;29;24;0;1
-45;-17;17;0;1
-35;14;27;0;1
-20;16;47;0;1
-40;20;36;0;1
-39;-2;44;0;1
-17;-25;10;0;1
-40;43;32;0;1
-31;38;48;0;1
-19;5;38;1;1
-50;-29;23;0;1
-26;-28;23;0;1
-37;-8;59;1;1
-32;-39;25;1;1
-31;-20;13;1;1
-50;35;25;0;1
-14;-15;27;0;1
-27;35;15;0;1
-9;15;39;0;1
-17;-5;31;0;1
-34;15;56;0;1
-14;17;53;0;1
-37;9;50;0;1
-49;-6;48;0;1
-15;19;56;1;1
-40;17;42;1;1
-43;-14;53;0;1
-53;-4;26;0;1
-42;-17;46;0;1
-45;1;43;0;1
-44;13;22;1;1
-24;16;56;0;1
-30;48;22;1;1
-32;-9;20;1;1
-37;34;43;0;1
-24;-11;16;1;1
-22;-5;44;0;1
-44;15;16;0;1
-30;15;40;0;1
-24;25;56;1;1
-45;11;32;1;1
-38;12;38;1;1
-24;-27;56;0;1
-44;20;17;1;1
-36;17;54;0;1
-48;-6;21;1;1
-25;-10;38;0;1
-38;22;48;1;1
-15;-6;22;0;1
-16;24;42;0;1
-33;-36;40;0;1
-43;-42;17;0;1
-30;39;47;1;1
-56;-2;26;0;1
-23;20;47;0;1
-53;20;25;0;1
-22;-18;63;0;1
-41;26;25;0;1
-18;29;61;0;1
-66;-17;20;0;1
-53;22;38;0;1
-22;24;48;0;1
-56;33;24;0;1
-39;24;52;0;1
-28;-26;27;1;1
-39;15;54;0;1
-53;3;23;0;1
-20;6;19;0;1
-51;-12;15;0;1
-23;21;17;0;1
-40;-12;39;1;1
-26;27;56;0;1
-53;9;25;1;1
-45;19;45;0;1
-26;-29;11;1;1
-52;14;29;0;1
-45;-32;25;1;1
-48;-20;19;0;1
-26;14;50;0;1
-23;4;51;0;1
-30;10;48;1;1
-20;32;33;0;1
-50;36;21;0;1
-40;21;28;0;1
-26;38;18;0;1
-10;-10;24;0;1
-48;-4;45;1;1
-31;-47;21;0;1
-25;-5;16;0;1
-40;-42;28;0;1
-15;-10;22;1;1
-33;-13;32;1;1
-40;10;32;0;1
-30;13;16;0;1
-27;-6;52;0;1
-37;-14;41;0;1
-40;-33;26;0;1
-37;-12;40;0;1
-30;16;54;1;1
-54;-8;41;1;1
-55;33;18;0;1
-20;16;55;0;1
-43;32;46;0;1
-49;17;40;0;1
-29;-10;63;1;1
-23;-34;23;0;1
-48;-32;35;1;1
-38;26;22;0;1
-39;21;55;1;1
-27;35;31;0;1
-19;-7;30;0;1
-28;-4;57;0;1
-30;5;44;0;1
-51;12;27;0;1
-37;4;38;1;1
-45;7;47;1;1
-27;15;17;1;1
-25;-25;29;0;1
-29;43;16;1;1
-28;-4;60;1;1
-46;-35;25;0;1
-32;5;54;1;1
-50;-10;17;0;1
-23;19;61;1;1
-21;24;37;0;1
-22;7;43;0;1
-37;-53;26;1;1
-34;44;15;0;1
-32;25;51;0;1
-41;-6;47;0;1
-23;-9;37;0;1
-22;-8;9;1;1
-31;-20;38;0;1
-29;47;43;0;1
-26;35;32;1;1
-25;-20;47;0;1
-30;35;16;1;1
-11;-11;24;0;1
-26;10;14;1;1
-16;19;26;0;1
-21;-20;57;0;1
-23;-31;24;0;1
-46;-20;36;1;1
-57;-37;19;0;1
-36;22;51;0;1
-41;-18;25;0;1
-18;15;48;0;1
-45;-41;32;1;1
-46;-11;48;0;1
-35;15;32;1;1
-26;4;24;0;1
-30;-15;27;0;1
-24;-11;47;0;1
-15;-11;40;0;1
-19;1;41;0;1
-32;-10;51;0;1
-25;4;27;1;1
-34;-39;35;0;1
-41;-4;39;0;1
-23;28;38;0;1
-37;-35;29;0;1
-28;40;47;0;1
-21;-9;27;0;1
-56;-10;22;1;1
-18;2;35;0;1
-55;7;41;0;1
-53;7;29;0;1
-14;-21;43;0;1
-37;-6;55;1;1
-27;-27;56;0;1
-29;-26;47;0;1
-26;-30;25;0;1
-61;-31;19;1;1
-27;45;41;0;1
-22;-2;44;1;1
-37;40;21;1;1
-39;-27;21;0;1
-53;-18;41;1;1
-38;-45;27;0;1
-32;47;40;0;1
-18;26;47;0;1
-47;-15;45;1;1
-41;-32;29;0;1
-53;-18;34;1;1
-30;-10;60;1;1
-46;-7;26;0;1
-56;-20;22;0;1
-29;-47;33;0;1
-24;-35;34;0;1
-47;22;41;1;1
-10;-16;33;1;1
-50;20;27;1;1
-27;9;55;0;1
-18;27;10;1;1
-32;50;25;0;1
-48;22;16;0;1
-16;20;24;0;1
-49;-43;19;0;1
-50;32;28;0;1
-38;-40;43;1;1
-46;31;21;0;1
-15;-15;16;0;1
-22;-17;16;1;1
-32;-39;21;0;1
-21;7;15;0;1
-62;-13;21;1;1
-31;26;48;0;1
-55;-6;21;0;1
-50;5;17;0;1
-34;-24;14;1;1
-47;41;32;0;1
-28;-2;60;0;1
-52;8;46;1;1
-24;-36;24;0;1
-19;17;57;1;1
-45;-25;27;0;1
-38;-20;35;1;1
-24;-40;13;0;1
-35;34;36;0;1
-26;-9;46;0;1
-62;17;29;1;1
-34;4;30;1;1
-46;27;45;1;1
-45;-28;21;0;1
-27;-1;39;0;1
-34;-7;50;0;1
-62;10;21;0;1
-52;3;40;0;1
-49;-17;37;0;1
-28;-15;10;1;1
-34;-39;39;0;1
-46;14;36;1;1
-15;-16;52;0;1
-7;-6;23;1;1
-39;-28;34;0;1
-14;-4;38;1;1
-38;-29;26;0;1
-24;15;54;0;1
-44;20;23;0;1
-31;50;36;1;1
-29;1;40;0;1
-11;-9;31;0;1
-34;-13;31;0;1
-42;-5;34;1;1
-9;12;33;0;1
-39;-47;21;1;1
-59;2;36;0;1
-16;-22;17;0;1
-60;-19;27;0;1
-40;42;36;0;1
-23;24;24;1;1
-46;-46;22;0;1
-27;-12;19;0;1
-36;18;32;1;1
-39;-2;12;0;1
-25;-36;25;0;1
-25;13;25;1;1
-30;10;63;0;1
-21;11;59;0;1
-38;-46;34;1;1
-9;15;41;1;1
-34;-35;17;0;1
-17;0;28;1;1
-34;18;34;0;1
-65;5;27;0;1
-11;-15;44;0;1
-26;-16;27;0;1
-52;13;15;1;1
-37;29;36;1;1
-17;18;39;1;1
-21;14;37;0;1
-30;13;39;1;1
-33;-3;14;0;1
-19;-5;53;0;1
-54;22;22;0;1
-59;-31;23;0;1
-64;-3;25;1;1
-17;19;8;1;1
-45;-14;14;0;1
-39;-37;17;1;1
-35;-20;39;1;1
-54;24;38;0;1
-54;20;20;0;1
-22;-31;19;0;1
-21;19;36;1;1
-42;-10;56;0;1
-32;-33;41;0;1
-33;22;52;1;1
-28;-9;11;1;1
-29;-16;54;0;1
-45;9;16;0;1
-24;11;50;0;1
-17;16;64;0;1
-19;-17;38;1;1
-30;-40;43;0;1
-49;26;36;0;1
-55;-8;38;1;1
-11;17;17;1;1
-42;-18;15;0;1
-63;13;28;0;1
-29;40;25;1;1
-17;16;30;1;1
-33;55;25;1;1
-53;32;28;0;1
-34;42;32;0;1
-46;0;48;1;1
-27;6;40;1;1
-23;6;37;1;1
-39;-2;25;0;1
-40;-15;34;1;1
-26;31;49;0;1
-22;-5;52;1;1
-38;27;28;0;1
-33;-17;47;1;1
-17;-18;10;1;1
-17;-25;14;0;1
-37;-52;26;1;1
-51;-7;20;1;1
-28;-44;37;1;1
-25;-37;40;0;1
-35;22;31;0;1
-47;26;28;0;1
-35;11;53;1;1
-23;-1;46;0;1
-26;-12;47;0;1
-54;-8;35;0;1
-27;-21;25;0;1
-29;13;36;1;1
-41;-11;45;0;1
-17;25;13;1;1
-14;-12;33;1;1
-62;19;29;0;1
-28;-6;43;1;1
-46;21;35;0;1
-26;-12;56;0;1
-33;48;23;0;1
-31;-18;46;0;1
-11;-18;47;1;1
-41;40;22;1;1
-28;-15;55;0;1
-30;1;60;1;1
-25;-11;48;0;1
-48;4;41;1;1
-40;-3;38;0;1
-18;-19;33;0;1
-37;16;42;0;1
-38;35;21;0;1
-36;-14;46;0;1
-14;-9;33;1;1
-27;-43;41;1;1
-24;1;48;0;1
-15;-9;43;0;1
-39;1;18;0;1
-32;54;31;1;1
-32;47;21;0;1
-35;-17;41;1;1
-34;-44;43;0;1
-25;-16;55;0;1
-37;-38;37;1;1
-36;-41;23;0;1
-32;-35;36;0;1
-56;-8;36;1;1
-34;43;36;0;1
-36;-16;26;0;1
-39;35;43;1;1
-26;-14;53;0;1
-48;3;22;0;1
-47;-14;24;0;1
-23;19;45;0;1
-37;-18;23;0;1
-39;12;41;1;1
-37;5;30;1;1
-23;30;39;0;1
-10;-14;42;1;1
-50;-12;28;0;1
-25;-30;45;0;1
-60;-17;20;0;1
-50;-6;16;1;1
-19;26;24;0;1
-41;-16;31;0;1
-27;31;33;0;1
-43;-32;16;0;1
-28;42;17;0;1
-29;29;31;1;1
-48;-4;14;1;1
-62;-12;20;0;1
-28;36;22;1;1
-52;-23;36;1;1
-28;7;24;0;1
-43;-9;22;0;1
-56;-23;28;0;1
-22;36;27;0;1
-30;1;33;1;1
-18;-20;27;0;1
-51;18;16;0;1
-32;10;56;1;1
-44;7;23;1;1
-25;18;45;0;1
-14;12;48;1;1
-46;-23;19;1;1
-44;7;16;1;1
-46;31;15;0;1
-29;2;46;1;1
-31;3;56;1;1
-41;35;27;0;1
-39;46;30;0;1
-49;2;24;1;1
-39;29;30;0;1
-36;-15;15;0;1
-22;19;33;0;1
-36;-2;17;1;1
-40;42;41;0;1
-21;-7;58;1;1
-53;5;29;1;1
-25;-39;35;0;1
-42;-25;35;0;1
-37;-42;24;0;1
-20;-14;30;1;1
-43;-5;44;1;1
-39;-7;37;0;1
-58;11;31;0;1
-55;-5;40;0;1
-32;-48;25;1;1
-32;14;17;0;1
-39;-32;32;1;1
-32;-35;47;1;1
-22;-28;18;1;1
-18;-2;18;1;1
-20;23;47;0;1
-30;-17;47;1;1
-34;18;13;1;1
-42;-10;19;0;1
-48;3;48;1;1
-26;-33;54;0;1
-56;12;39;1;1
-34;12;20;1;1
-29;10;59;0;1
-52;-26;30;0;1
-40;-25;15;1;1
-23;27;47;0;1
-20;0;49;0;1
-41;2;49;0;1
-27;-11;21;0;1
-21;-29;31;0;1
-21;-31;47;0;1
-26;17;52;0;1
-11;13;27;1;1
-33;-14;17;1;1
-47;-38;22;1;1
-21;16;57;0;1
-49;10;40;0;1
-38;18;36;0;1
-34;15;43;1;1
-29;-21;21;1;1
-49;27;15;0;1
-47;-35;37;0;1
-27;6;65;0;1
-54;29;17;0;1
-45;23;45;0;1
-23;-12;45;1;1
-31;-32;13;1;1
-44;24;24;1;1
-34;26;29;1;1
-21;-26;53;0;1
-40;38;40;0;1
-49;-2;25;0;1
-48;41;30;1;1
-49;-35;25;1;1
-59;10;17;0;1
-44;4;51;0;1
-28;-13;32;1;1
-42;42;34;0;1
-32;9;20;1;1
-35;13;58;0;1
-34;15;31;1;1
-25;-3;16;0;1
-37;-46;18;0;1
-27;34;43;0;1
-26;3;34;1;1
-29;11;26;1;1
-32;-1;57;1;1
-41;-3;44;0;1
-25;-21;26;0;1
-60;0;33;1;1
-36;47;23;1;1
-52;9;32;0;1
-23;5;43;1;1
-32;40;34;1;1
-32;24;47;0;1
-19;0;45;0;1
-23;28;37;1;1
-32;22;55;0;1
-20;33;28;1;1
-32;-11;19;0;1
-44;26;27;0;1
-29;-14;22;0;1
-22;-2;32;1;1
-21;12;15;1;1
-34;57;20;0;1
-27;7;39;1;1
-32;18;41;0;1
-21;23;53;1;1
-34;-30;21;0;1
-16;-16;30;0;1
-46;-5;43;1;1
-20;-16;49;1;1
-21;2;25;1;1
-59;-24;23;1;1
-50;-5;40;1;1
-36;-31;48;1;1
-23;-17;65;1;1
-10;-17;52;1;1
-38;-9;30;0;1
-30;7;20;0;1
-43;-40;39;0;1
-43;-28;39;0;1
-33;21;22;0;1
-35;37;29;0;1
-37;-25;48;1;1
-44;-27;30;1;1
-39;11;41;1;1
-29;1;21;0;1
-30;4;36;0;1
-49;1;17;0;1
-36;46;33;0;1
-52;2;27;0;1
-36;-32;34;0;1
-64;11;27;1;1
-45;-28;27;0;1
-20;12;21;0;1
-17;-11;44;0;1
-32;25;17;1;1
-46;-9;48;1;1
-60;19;18;0;1
-53;-34;26;0;1
-27;21;18;0;1
-21;-29;56;1;1
-23;12;19;0;1
-22;26;51;0;1
-31;51;36;0;1
-43;15;43;0;1
-24;1;37;0;1
-36;-32;51;0;1
-50;-27;41;0;1
-52;-22;35;0;1
-22;-21;60;0;1
-48;30;19;0;1
-42;-18;39;1;1
-42;6;13;1;1
-10;-3;26;0;1
-52;0;44;1;1
-39;4;43;1;1
-35;-9;53;0;1
-43;10;32;0;1
-40;7;22;0;1
-17;-13;14;0;1
-43;-28;28;0;1
-40;-12;22;1;1
-33;-49;19;1;1
-53;25;40;0;1
-35;-44;21;0;1
-21;-18;8;1;1
-22;-4;53;1;1
-43;18;31;0;1
-33;-34;21;0;1
-44;7;28;0;1
-23;6;54;0;1
-39;-16;20;1;1
-33;13;33;0;1
-31;-11;59;0;1
-36;-19;17;1;1
-26;32;53;1;1
-28;-48;40;0;1
-22;-10;55;0;1
-14;22;24;1;1
-30;-16;13;0;1
-46;26;44;0;1
-34;-38;49;0;1
-57;9;30;0;1
-29;17;45;0;1
-16;-20;34;0;1
-49;-33;27;0;1
-25;-41;23;0;1
-45;1;30;0;1
-24;-4;45;0;1
-31;4;52;0;1
-53;18;19;0;1
-16;-10;28;0;1
-26;-35;34;0;1
-48;5;50;0;1
-36;31;17;0;1
-33;-2;62;0;1
-41;-12;25;0;1
-25;-18;49;0;1
-50;32;34;1;1
-36;6;37;1;1
-15;-12;44;1;1
-49;24;29;0;1
-29;14;45;0;1
-20;-17;35;0;1
-61;-18;21;0;1
-22;23;45;0;1
-24;-3;19;1;1
-26;35;43;0;1
-31;20;16;1;1
-38;27;34;1;1
-26;14;29;1;1
-29;46;19;1;1
-41;-39;40;0;1
-25;7;52;0;1
-26;9;65;0;1
-23;-24;13;0;1
-42;-26;47;0;1
-20;9;58;1;1
-48;-9;50;1;1
-41;-13;27;0;1
-51;-31;24;0;1
-30;4;46;0;1
-33;-24;27;1;1
-16;-24;27;1;1
-49;-5;50;0;1
-20;-18;10;0;1
-28;-10;48;0;1
-39;-13;16;1;1
-50;-28;28;0;1
-18;29;52;1;1
-36;-24;21;0;1
-18;15;34;0;1
-27;-18;53;1;1
-32;9;11;1;1
-28;-39;29;0;1
-56;-25;21;0;1
-21;2;44;0;1
-47;44;26;0;1
-29;-33;22;0;1
-52;23;16;1;1
-38;6;55;0;1
-65;-3;23;1;1
-28;-14;14;0;1
-38;14;17;0;1
-20;-33;31;0;1
-35;10;27;0;1
-28;-33;21;0;1
-15;25;25;1;1
-35;-1;40;0;1
-28;3;23;0;1
-44;-20;42;1;1
-36;25;31;1;1
-31;7;56;0;1
-21;-8;30;0;1
-40;-37;36;0;1
-39;6;38;0;1
-28;0;12;0;1
-26;-37;46;1;1
-26;7;23;0;1
-48;-29;33;0;1
-47;-25;32;0;1
-36;-37;35;0;1
-30;-2;30;0;1
-28;21;33;0;1
-14;4;20;0;1
-22;-30;34;1;1
-14;-10;40;1;1
-24;-29;17;1;1
-52;-19;41;0;1
-28;22;11;0;1
-16;17;12;0;1
-54;40;19;0;1
-43;-24;15;0;1
-56;-13;36;1;1
-17;3;39;0;1
-52;25;40;1;1
-15;-12;29;0;1
-51;18;34;0;1
-54;-1;16;1;1
-27;28;15;1;1
-45;-9;13;1;1
-27;30;45;0;1
-19;31;23;1;1
-34;-24;23;0;1
-27;-6;50;1;1
-12;19;57;1;1
-39;-52;18;1;1
-21;-14;19;0;1
-45;13;13;0;1
-42;22;18;0;1
-37;-1;48;0;1
-49;-15;40;1;1
-34;-6;20;0;1
-35;3;59;0;1
-16;-22;26;0;1
-14;-15;52;0;1
-37;26;53;1;1
-11;-8;27;1;1
-36;-40;21;1;1
-57;-6;40;0;1
-34;56;26;1;1
-19;11;12;0;1
-20;-19;47;0;1
-23;6;36;1;1
-26;8;65;0;1
-49;7;19;1;1
-47;-2;29;1;1
-33;15;46;0;1
-17;-22;62;1;1
-46;48;18;1;1
-37;9;39;0;1
-32;-18;43;1;1
-29;-13;10;1;1
-60;-31;21;0;1
-16;19;15;1;1
-34;13;53;1;1
-33;55;30;0;1
-51;18;30;0;1
-12;-12;23;0;1
-12;-19;39;0;1
-34;-51;27;0;1
-50;-31;18;1;1
-32;-14;53;0;1
-22;-13;66;0;1
-43;-2;27;0;1
-23;14;45;0;1
-30;32;48;0;1
-23;20;51;0;1
-51;27;35;1;1
-14;-15;50;0;1
-26;-27;16;0;1
-14;-13;16;0;1
-26;-11;43;1;1
-59;3;25;1;1
-46;-15;19;0;1
-40;8;18;0;1
-21;-24;32;1;1
-52;-15;37;1;1
-24;-11;65;0;1
-32;-23;56;0;1
-23;37;55;0;1
-22;26;10;0;1
-17;-8;51;1;1
-62;-2;18;1;1
-19;-4;30;0;1
-20;20;46;0;1
-32;-38;41;1;1
-35;13;32;0;1
-33;12;55;1;1
-35;-21;13;0;1
-36;44;31;0;1
-42;23;28;1;1
-64;23;20;0;1
-36;35;39;0;1
-31;46;16;0;1
-38;-26;49;1;1
-39;12;40;0;1
-57;-13;19;1;1
-32;-7;14;0;1
-17;-22;30;0;1
-32;23;29;1;1
-38;24;45;1;1
-37;-37;41;1;1
-15;17;31;0;1
-33;2;58;1;1
-35;-41;46;0;1
-22;26;17;1;1
-30;-22;30;0;1
-22;25;12;0;1
-29;-36;42;1;1
-28;-2;52;0;1
-36;-15;31;0;1
-39;33;43;0;1
-35;-8;23;1;1
-47;-29;19;0;1
-28;-32;31;0;1
-46;23;43;1;1
-33;35;52;0;1
-17;27;33;0;1
-37;-46;36;0;1
-42;-44;30;1;1
-49;0;29;0;1
-42;16;35;0;1
-27;-15;40;1;1
-33;56;20;1;1
-37;42;34;0;1
-15;16;18;0;1
-43;37;27;0;1
-35;-4;59;0;1
-22;33;11;0;1
-13;8;20;0;1
-23;-9;19;0;1
-31;1;42;0;1
-21;13;32;0;1
-12;20;53;0;1
-36;-19;12;1;1
-36;25;48;0;1
-14;13;27;1;1
-33;-16;19;0;1
-35;-46;39;1;1
-57;-22;35;0;1
-16;3;37;0;1
-29;26;49;0;1
-18;-14;38;1;1
-23;10;66;1;1
-61;-16;32;0;1
-17;20;42;0;1
-31;-31;43;1;1
-43;7;35;0;1
-16;-1;26;0;1
-48;-7;41;0;1
-21;-17;13;0;1
-51;-6;37;1;1
-49;-13;31;1;1
-28;-22;56;1;1
-37;-16;28;1;1
-52;-36;17;1;1
-26;17;22;1;1
-36;17;22;0;1
-52;-35;27;1;1
-34;23;32;0;1
-31;-27;36;0;1
-50;13;41;0;1
-8;-12;33;1;1
-29;47;37;0;1
-20;1;46;1;1
-20;-25;40;1;1
-33;21;32;0;1
-35;47;18;1;1
-24;-30;34;1;1
-46;32;25;1;1
-44;5;12;0;1
-61;-23;22;1;1
-34;24;25;0;1
-39;-21;40;1;1
-40;20;42;0;1
-33;22;37;1;1
-38;33;49;0;1
-19;-13;10;0;1
-33;-8;22;1;1
-34;14;26;1;1
-37;-9;51;1;1
-64;17;24;0;1
-33;20;33;0;1
-28;39;28;1;1
-50;38;20;0;1
-27;-27;29;1;1
-36;-18;16;1;1
-46;0;31;1;1
-30;-17;36;1;1
-40;-12;42;0;1
-26;31;58;1;1
-32;-11;55;0;1
-37;17;30;0;1
-15;12;38;1;1
-34;21;26;0;1
-23;34;37;0;1
-29;34;45;1;1
-43;12;27;1;1
-16;-24;52;0;1
-48;-17;37;1;1
-37;39;36;0;1
-53;-1;32;0;1
-33;-4;16;1;1
-25;-20;54;1;1
-17;5;32;0;1
-22;8;33;1;1
-29;14;12;0;1
-23;24;23;1;1
-41;29;44;1;1
-19;-14;15;0;1
-26;8;8;0;1
-21;-21;46;0;1
-17;18;25;1;1
-29;-36;25;0;1
-53;-6;21;1;1
-32;47;36;1;1
-29;-10;16;1;1
-40;20;22;0;1
-33;-36;50;0;1
-46;-37;31;0;1
-36;26;13;0;1
-41;52;19;0;1
-19;-26;45;1;1
-36;12;11;0;1
-34;23;13;0;1
-26;-7;53;0;1
-29;-47;41;0;1
-32;-7;29;0;1
-20;-18;34;1;1
-32;-21;47;0;1
-19;-12;28;0;1
-51;23;43;1;1
-15;-11;17;1;1
-39;-21;45;0;1
-54;-30;21;0;1
-41;14;39;1;1
-33;-30;36;1;1
-23;-17;17;0;1
-25;13;24;0;1
-40;-26;15;0;1
-57;-24;20;1;1
-29;-6;44;0;1
-19;13;53;1;1
-26;-1;22;1;1
-29;-38;47;1;1
-19;4;40;0;1
-30;39;42;0;1
-23;7;58;0;1
-20;3;48;0;1
-16;-4;34;0;1
-47;4;28;1;1
-41;-8;21;1;1
-24;0;32;0;1
-25;6;48;1;1
-25;-33;42;0;1
-53;35;20;1;1
-45;-21;16;0;1
-54;-9;33;0;1
-44;13;35;1;1
-45;-12;35;0;1
-45;-45;22;1;1
-53;17;25;0;1
-16;18;41;0;1
-23;-27;54;0;1
-7;9;26;1;1
-30;-16;51;0;1
-19;2;36;0;1
-30;-48;25;0;1
-32;6;18;0;1
-23;-30;60;0;1
-57;20;20;0;1
-21;-19;48;0;1
-30;-12;27;1;1
-47;-15;28;0;1
-49;0;40;1;1
-22;-11;45;0;1
-36;1;47;0;1
-48;13;48;0;1
-22;6;43;0;1
-30;22;12;0;1
-52;-19;39;0;1
-22;-4;56;1;1
-27;-33;22;0;1
-17;-3;33;0;1
-39;-14;56;1;1
-31;47;41;0;1
-39;21;41;1;1
-45;-43;31;0;1
-29;-12;15;0;1
-13;19;52;0;1
-53;21;27;1;1
-36;-13;59;0;1
-32;18;45;1;1
-32;-36;29;0;1
-51;-43;21;0;1
-15;-8;35;1;1
-27;-3;29;1;1
-52;13;36;0;1
-26;1;16;0;1
-60;-19;17;0;1
-67;2;22;1;1
-60;13;26;0;1
-43;-16;26;0;1
-54;29;21;1;1
-19;8;32;0;1
-39;-11;30;1;1
-26;4;45;0;1
-30;-25;21;0;1
-30;-10;22;0;1
-18;29;62;0;1
-27;-38;39;0;1
-57;-9;36;1;1
-43;-7;44;1;1
-28;-39;35;0;1
-51;-5;34;0;1
-37;-25;40;0;1
-36;-10;27;0;1
-61;15;19;1;1
-36;26;16;1;1
-36;-24;52;0;1
-44;-26;30;0;1
-27;-18;55;0;1
-14;-13;22;1;1
-31;-13;19;0;1
-27;16;54;1;1
-29;12;22;0;1
-42;49;19;0;1
-55;-11;21;0;1
-55;4;27;1;1
-46;-8;15;0;1
-50;5;36;1;1
-40;-21;53;1;1
-35;16;35;0;1
-23;15;42;0;1
-30;20;33;0;1
-54;-28;21;0;1
-31;-16;39;1;1
-30;-25;57;1;1
-58;-29;27;1;1
-7;9;29;0;1
-20;17;30;1;1
-24;18;14;0;1
-29;-15;18;0;1
-26;-7;29;0;1
-41;15;38;0;1
-57;6;24;1;1
-48;3;45;0;1
-18;-7;43;1;1
-37;30;32;0;1
-26;21;59;1;1
-32;-34;48;1;1
-28;21;53;0;1
-27;-29;40;0;1
-42;31;46;0;1
-23;-4;8;0;1
-40;-6;39;0;1
-55;-14;32;0;1
-27;41;41;0;1
-37;-15;43;1;1
-43;-3;16;0;1
-56;-6;30;0;1
-28;-19;34;1;1
-33;32;53;1;1
-37;-26;52;0;1
-23;-35;22;0;1
-39;-12;22;0;1
-30;-22;45;0;1
-35;25;23;1;1
-58;-2;17;1;1
-58;28;26;1;1
-21;-24;29;1;1
-21;-13;37;1;1
-12;20;25;1;1
-36;28;53;0;1
-32;54;19;1;1
-35;26;35;1;1
-56;-1;34;1;1
-43;-18;43;1;1
-43;-25;31;0;1
-28;-48;43;0;1
-35;30;14;1;1
-37;-43;17;0;1
-28;8;60;1;1
-39;1;39;1;1
-27;-29;52;0;1
-34;-23;44;1;1
-28;-7;55;0;1
-48;18;40;0;1
-64;19;23;0;1
-42;-19;35;1;1
-63;1;28;0;1
-20;12;48;0;1
-47;41;26;0;1
-24;34;24;0;1
-16;24;37;0;1
-45;15;39;0;1
-43;-29;38;0;1
-45;24;27;0;1
-17;21;21;0;1
-14;-16;24;1;1
-35;24;35;0;1
-26;-14;39;1;1
-20;3;29;1;1
-38;-31;26;0;1
-19;-4;17;0;1
-27;26;14;1;1
-27;-19;38;0;1
-44;-11;51;0;1
-25;3;64;0;1
-40;4;23;0;1
-43;40;20;1;1
-22;-21;39;1;1
-35;-49;21;0;1
-24;-18;52;0;1
-23;14;55;0;1
-28;43;44;0;1
-11;17;48;1;1
-48;11;38;0;1
-26;41;43;0;1
-41;6;35;1;1
-26;-35;49;1;1
-36;-27;25;1;1
-35;1;50;1;1
-24;-7;19;1;1
-59;16;26;0;1
-14;16;38;0;1
-28;-16;34;1;1
-46;44;24;1;1
-34;39;16;0;1
-40;3;51;0;1
-46;45;27;0;1
-21;-28;33;1;1
-40;1;40;1;1
-42;48;26;1;1
-47;-18;25;0;1
-24;-19;52;1;1
-32;-37;15;1;1
-42;25;45;1;1
-34;-46;22;1;1
-12;-3;26;1;1
-23;22;27;1;1
-36;-56;24;1;1
-36;11;12;0;1
-27;-7;36;1;1
-63;-20;23;0;1
-46;-2;30;0;1
-36;-2;19;1;1
-36;15;37;0;1
-12;-16;24;0;1
-42;-13;23;0;1
-44;-26;46;0;1
-53;-30;25;1;1
-33;-19;16;0;1
-29;-6;39;0;1
-43;13;26;0;1
-58;21;31;0;1
-43;-40;36;0;1
-52;-6;38;0;1
-40;24;17;1;1
-17;-19;48;1;1
-58;35;21;0;1
-35;46;19;1;1
-25;20;17;1;1
-37;32;20;0;1
-51;9;24;0;1
-36;37;18;0;1
-34;4;35;1;1
-49;2;46;1;1
-30;-48;22;0;1
-58;-1;26;1;1
-49;-41;21;0;1
-26;-19;34;0;1
-26;-29;31;0;1
-25;9;52;1;1
-33;-6;51;0;1
-42;8;29;1;1
-11;6;23;0;1
-24;31;50;1;1
-24;-28;12;1;1
-21;-22;39;0;1
-32;11;22;1;1
-45;-16;31;1;1
-44;-43;23;0;1
-45;-21;43;0;1
-53;32;33;0;1
-51;37;21;0;1
-40;7;17;1;1
-26;-8;9;1;1
-59;-15;35;1;1
-50;16;17;0;1
-33;-3;33;1;1
-36;-11;59;1;1
-15;15;35;0;1
-32;54;20;0;1
-16;8;40;1;1
-40;22;48;0;1
-27;-34;38;1;1
-61;15;22;0;1
-31;-20;23;1;1
-31;13;62;0;1
-26;25;21;1;1
-42;-14;39;0;1
-21;30;43;1;1
-16;17;42;0;1
-50;25;31;0;1
-32;-21;45;1;1
-38;37;40;1;1
-24;-7;22;0;1
-51;-12;17;0;1
-12;-17;42;0;1
-56;-21;17;1;1
-34;-18;14;1;1
-39;-13;48;0;1
-33;-28;19;0;1
-38;3;34;0;1
-22;34;22;0;1
-44;-9;15;1;1
-32;-20;50;1;1
-41;41;17;0;1
-9;-13;19;0;1
-52;23;25;1;1
-24;33;20;0;1
-51;9;40;0;1
-35;-28;49;0;1
-32;-18;44;1;1
-26;23;18;0;1
-25;32;28;0;1
-49;0;42;0;1
-23;30;40;0;1
-47;-45;27;1;1
-29;-30;34;1;1
-14;22;32;0;1
-45;-11;33;1;1
-47;11;47;0;1
-51;-4;27;1;1
-43;11;25;0;1
-38;-49;33;1;1
-42;26;19;0;1
-54;-11;43;1;1
-31;1;15;1;1
-25;2;57;1;1
-31;4;55;1;1
-30;-10;37;0;1
-57;13;19;1;1
-54;22;38;1;1
-59;11;36;0;1
-54;-12;33;0;1
-35;3;10;1;1
-47;-35;28;1;1
-51;-34;23;1;1
-52;-35;29;1;1
-50;39;32;0;1
-26;-9;51;0;1
-31;-6;63;0;1
-35;30;36;0;1
-16;18;44;0;1
-48;-29;18;0;1
-37;16;15;1;1
-37;32;50;0;1
-36;-20;42;1;1
-23;-26;25;0;1
-44;-2;14;1;1
-14;-18;53;1;1
-16;18;24;1;1
-38;-37;22;0;1
-53;-31;25;0;1
-43;-4;50;1;1
-48;-7;40;0;1
-38;27;43;0;1
-51;-15;44;0;1
-35;37;35;0;1
-15;-16;23;0;1
-35;2;19;1;1
-25;33;15;1;1
-43;-8;51;1;1
-32;12;53;1;1
-47;11;29;0;1
-55;15;39;0;1
-39;48;18;1;1
-33;-35;28;0;1
-28;-36;27;0;1
-41;-40;33;0;1
-13;-3;30;1;1
-27;29;53;0;1
-54;-13;36;1;1
-34;-20;38;0;1
-43;10;26;1;1
-28;0;63;0;1
-26;42;32;0;1
-47;-32;35;0;1
-52;6;18;1;1
-14;-23;20;0;1
-19;-22;64;0;1
-28;9;52;1;1
-23;-20;25;0;1
-33;-29;54;0;1
-30;39;43;0;1
-28;-6;30;0;1
-27;8;22;0;1
-8;-13;20;1;1
-24;27;58;0;1
-18;31;51;0;1
-55;20;17;0;1
-56;22;24;0;1
-28;-15;39;1;1
-49;5;49;1;1
-27;13;42;0;1
-15;25;38;0;1
-41;8;55;0;1
-17;-1;19;1;1
-24;-21;48;1;1
-53;-11;27;1;1
-58;32;24;1;1
-18;28;9;0;1
-23;-33;58;0;1
-34;25;25;0;1
-43;18;33;0;1
-43;45;30;1;1
-20;8;26;1;1
-19;23;32;0;1
-22;17;29;0;1
-30;36;37;1;1
-35;-51;32;1;1
-46;43;24;0;1
-63;7;27;0;1
-33;-10;59;0;1
-55;17;20;0;1
-23;20;54;1;1
-14;6;29;1;1
-24;-20;41;1;1
-16;-17;19;1;1
-32;-7;31;0;1
-38;39;24;0;1
-38;-39;27;0;1
-25;-39;15;0;1
-25;-27;12;1;1
-45;16;52;1;1
-17;-29;27;0;1
-57;-24;22;0;1
-17;19;54;1;1
-23;-7;35;0;1
-41;1;52;0;1
-39;-18;37;0;1
-23;27;30;0;1
-36;-32;25;1;1
-61;-19;20;0;1
-17;-23;35;0;1
-14;15;14;0;1
-19;-29;41;1;1
-41;-30;30;0;1
-44;-12;23;0;1
-40;39;25;0;1
-23;-18;18;0;1
-23;3;21;1;1
-47;-32;25;0;1
-48;14;44;0;1
-34;-25;18;0;1
-20;-7;50;0;1
-57;19;23;0;1
-49;-31;24;1;1
-54;3;46;0;1
-19;11;16;1;1
-10;9;26;1;1
-32;41;32;0;1
-11;-6;28;0;1
-45;15;43;0;1
-26;-21;53;1;1
-27;-10;13;1;1
-47;27;38;0;1
-56;-28;33;0;1
-43;20;45;0;1
-39;0;24;0;1
-45;29;22;1;1
-16;7;31;1;1
-52;-3;34;0;1
-33;31;39;0;1
-43;2;46;1;1
-28;-40;29;0;1
-23;0;20;1;1
-10;9;36;1;1
-30;-15;49;1;1
-52;5;28;1;1
-17;5;44;0;1
-27;-39;21;0;1
-33;51;21;0;1
-30;4;55;0;1
-25;38;18;1;1
-30;-3;50;0;1
-46;-47;19;0;1
-31;-30;29;0;1
-43;-18;25;1;1
-39;38;27;1;1
-20;-1;18;0;1
-18;-8;49;1;1
-21;21;35;0;1
-18;-10;40;0;1
-41;25;45;0;1
-23;16;35;0;1
-22;-12;38;1;1
-46;-21;40;0;1
-41;42;29;0;1
-44;-2;32;1;1
-24;40;29;0;1
-22;17;61;0;1
-59;-2;35;0;1
-19;1;26;0;1
-51;-29;28;1;1
-21;15;62;0;1
-27;25;45;1;1
-28;12;41;0;1
-18;15;42;0;1
-21;-25;50;1;1
-55;20;25;1;1
-56;1;19;1;1
-31;-52;17;1;1
-13;7;36;1;1
-14;4;34;0;1
-40;-7;17;0;1
-60;21;31;1;1
-37;-34;17;0;1
-34;-24;21;0;1
-52;23;26;1;1
-34;19;45;1;1
-29;25;49;0;1
-23;19;16;0;1
-18;-2;40;0;1
-34;23;50;0;1
-40;-13;40;0;1
-53;3;16;1;1
-46;4;17;1;1
-46;32;17;1;1
-35;34;23;0;1
-22;30;60;0;1
-30;4;39;0;1
-27;-5;34;0;1
-39;2;58;1;1
-40;-2;15;0;1
-52;-17;37;0;1
-29;48;28;0;1
-29;47;16;1;1
-34;13;38;0;1
-18;-1;32;0;1
-18;3;36;0;1
-32;-8;34;0;1
-28;-11;56;1;1
-36;-16;19;1;1
-42;37;42;1;1
-22;-31;29;1;1
-39;0;15;1;1
-20;30;55;0;1
-16;1;29;1;1
-11;-18;57;0;1
-24;15;34;1;1
-36;-18;52;0;1
-26;39;26;1;1
-46;28;17;1;1
-24;-40;21;0;1
-49;-8;16;0;1
-60;4;19;0;1
-50;-23;31;1;1
-37;-14;29;1;1
-23;-9;50;0;1
-24;-27;22;0;1
-34;26;54;0;1
-35;-13;27;1;1
-35;-31;43;0;1
-64;2;23;1;1
-34;-20;20;0;1
-38;6;29;1;1
-46;-1;26;0;1
-28;-11;19;1;1
-20;2;52;0;1
-27;18;42;0;1
-37;-46;39;1;1
-18;12;12;0;1
-31;11;15;1;1
-46;13;50;0;1
-15;8;19;0;1
-12;13;23;0;1
-38;1;40;0;1
-29;-33;24;0;1
-27;1;41;1;1
-13;-11;20;0;1
-45;-5;38;1;1
-43;14;16;1;1
-45;8;34;1;1
-27;38;46;0;1
-37;15;56;1;1
-19;-31;18;0;1
-34;-26;52;0;1
-30;15;61;0;1
-47;-5;14;0;1
-54;-18;26;0;1
-33;6;9;0;1
-44;7;38;0;1
-26;-38;24;0;1
-49;3;50;0;1
-36;-41;35;0;1
-53;-34;28;0;1
-46;16;51;0;1
-36;-41;44;0;1
-22;-1;14;1;1
-36;6;14;0;1
-49;15;17;1;1
-45;24;39;1;1
-54;-30;29;0;1
-41;-18;32;0;1
-38;16;41;0;1
-33;19;45;0;1
-49;20;23;0;1
-65;-1;22;1;1
-23;21;55;0;1
-48;-8;31;0;1
-28;-10;37;0;1
-33;17;47;0;1
-26;18;19;1;1
-22;-4;49;0;1
-32;2;23;1;1
-45;27;28;1;1
-45;47;22;0;1
-24;-41;32;1;1
-30;15;42;0;1
-30;13;34;0;1
-18;5;26;1;1
-30;12;44;0;1
-34;-48;38;1;1
-23;-7;56;1;1
-47;-22;45;0;1
-49;4;17;0;1
-45;-43;32;0;1
-36;-20;23;1;1
-23;-10;8;1;1
-20;15;43;1;1
-23;-35;12;1;1
-14;-18;47;1;1
-23;14;52;0;1
-43;-26;45;0;1
-22;13;31;0;1
-10;-1;25;0;1
-47;38;17;1;1
-17;2;32;0;1
-41;32;23;0;1
-19;21;30;0;1
-26;42;16;1;1
-34;-38;26;0;1
-23;29;52;1;1
-61;-4;27;0;1
-36;-1;27;0;1
-9;4;26;1;1
-32;-38;40;0;1
-19;-13;48;0;1
-29;-39;23;0;1
-47;46;20;1;1
-20;-24;54;1;1
-35;-3;61;1;1
-22;-4;44;0;1
-45;-8;32;1;1
-32;-47;35;0;1
-31;-49;16;0;1
-24;-22;48;0;1
-42;12;23;0;1
-51;23;28;0;1
-44;-27;28;1;1
-41;4;20;1;1
-25;-15;37;0;1
-45;-13;29;0;1
-16;-25;31;1;1
-38;25;35;0;1
-27;21;55;0;1
-26;25;57;0;1
-35;30;49;0;1
-10;15;44;1;1
-32;24;35;0;1
-58;-23;31;1;1
-41;7;27;0;1
-36;45;37;1;1
-26;1;12;1;1
-19;-24;59;1;1
-36;28;17;0;1
-23;18;53;1;1
-35;-12;30;0;1
-39;45;18;0;1
-47;-6;48;0;1
-29;-1;38;0;1
-40;5;42;1;1
-22;-22;45;1;1
-30;5;59;0;1
-62;-15;25;1;1
-40;-2;33;1;1
-49;-15;46;1;1
-31;48;40;0;1
-25;-23;50;1;1
-43;43;21;1;1
-44;-10;21;1;1
-18;6;41;1;1
-23;25;62;1;1
-54;11;35;1;1
-30;-28;41;0;1
-11;18;36;0;1
-43;-21;47;0;1
-20;22;64;0;1
-29;35;33;0;1
-25;2;55;0;1
-42;-10;16;0;1
-55;-24;30;0;1
-19;8;51;0;1
-55;-2;40;0;1
-49;34;23;1;1
-32;48;25;0;1
-62;5;31;1;1
-52;15;18;0;1
-39;-48;31;0;1
-53;-9;32;0;1
-24;-31;28;0;1
-41;11;38;0;1
-17;0;45;0;1
-16;18;46;0;1
-30;48;36;1;1
-13;16;24;0;1
-17;2;33;1;1
-29;-14;9;0;1
-17;-12;28;1;1
-56;-1;32;0;1
-32;22;20;0;1
-50;28;38;0;1
-25;-10;35;0;1
-25;-35;14;0;1
-41;16;28;0;1
-50;-8;38;1;1
-33;-9;31;0;1
-39;25;45;1;1
-51;34;24;0;1
-19;9;17;0;1
-47;-3;46;0;1
-17;21;23;0;1
-22;-6;23;0;1
-29;3;18;0;1
-18;-9;23;0;1
-31;-17;34;0;1
-35;-40;42;0;1
-25;14;45;0;1
-35;-41;24;1;1
-35;26;36;0;1
-41;33;28;0;1
-58;-3;24;1;1
-44;5;20;1;1
-28;-38;32;0;1
-33;20;53;0;1
-17;25;53;1;1
-12;11;39;0;1
-20;-17;53;1;1
-34;-29;12;1;1
-29;-49;28;0;1
-55;6;38;0;1
-29;37;34;1;1
-15;-1;26;1;1
-31;41;37;0;1
-46;-23;25;0;1
-49;-41;31;0;1
-40;8;46;0;1
-48;-14;22;0;1
-24;-17;8;0;1
-60;0;29;1;1
-57;-19;37;0;1
-28;9;25;0;1
-12;7;36;0;1
-35;-1;18;1;1
-18;14;58;0;1
-22;29;61;0;1
-34;41;36;1;1
-41;-23;27;0;1
-58;5;35;1;1
-57;6;29;0;1
-32;-9;57;1;1
-47;-8;49;1;1
-47;-22;28;1;1
-35;14;57;0;1
-25;18;62;1;1
-33;-10;44;0;1
-18;-21;63;1;1
-53;14;15;0;1
-45;-41;25;0;1
-38;13;19;0;1
-49;-3;25;1;1
-28;-15;40;1;1
-19;9;25;0;1
-33;17;34;0;1
-22;4;52;0;1
-32;29;34;1;1
-13;15;16;0;1
-44;-7;26;0;1
-36;10;38;0;1
-24;-8;7;0;1
-44;-34;40;1;1
-42;-1;51;1;1
-12;15;44;1;1
-36;-33;37;1;1
-36;-36;24;1;1
-28;14;29;1;1
-56;-6;20;0;1
-23;-12;18;0;1
-25;-11;11;0;1
-27;22;17;0;1
-36;33;46;0;1
-27;13;44;1;1
-22;7;32;0;1
-36;-11;28;0;1
-54;-15;17;1;1
-19;14;64;0;1
-35;17;40;0;1
-34;48;24;1;1
-21;-20;8;0;1
-27;23;15;0;1
-44;13;18;0;1
-44;-8;38;0;1
-15;-1;20;0;1
-38;9;50;0;1
-19;-23;10;1;1
-37;-12;37;0;1
-24;12;10;1;1
-34;-44;24;0;1
-29;35;43;0;1
-39;38;43;1;1
-21;30;11;1;1
-43;-15;25;0;1
-20;13;57;0;1
-42;-12;14;0;1
-22;3;37;0;1
-43;-26;38;0;1
-46;-16;34;0;1
-24;-16;59;0;1
-58;15;32;1;1
-53;-18;15;1;1
-35;-12;44;0;1
-51;-31;25;0;1
-39;32;30;0;1
-33;47;29;0;1
-16;22;63;1;1
-35;27;28;0;1
-22;34;21;0;1
-35;34;31;1;1
-36;44;37;0;1
-17;28;62;0;1
-53;-16;24;0;1
-34;6;27;0;1
-37;4;46;0;1
-25;11;43;1;1
-33;36;44;0;1
-10;13;30;0;1
-40;9;28;0;1
-30;32;17;1;1
-32;11;31;0;1
-61;7;19;0;1
-19;14;26;1;1
-30;-23;12;1;1
-49;18;33;0;1
-38;-15;49;0;1
-21;-11;54;0;1
-47;-3;34;0;1
-22;5;17;1;1
-32;14;10;1;1
-30;33;26;0;1
-22;17;24;1;1
-27;35;55;1;1
-26;-28;40;0;1
-35;-4;17;0;1
-25;30;16;0;1
-44;0;53;0;1
-50;-6;34;1;1
-19;-26;31;0;1
-36;9;10;0;1
-36;29;40;0;1
-36;-42;28;0;1
-31;11;50;1;1
-41;5;52;0;1
-59;-9;23;0;1
-26;-12;59;0;1
-42;-26;14;0;1
-38;-27;36;0;1
-20;-34;23;1;1
-50;-31;32;1;1
-24;-17;16;1;1
-22;20;40;1;1
-17;6;28;1;1
-30;-13;50;0;1
-45;-1;38;0;1
-60;-22;22;0;1
-46;-6;30;0;1
-20;-3;46;1;1
-14;-21;39;0;1
-11;7;26;0;1
-27;7;64;0;1
-24;-8;62;1;1
-28;-27;34;1;1
-42;20;48;1;1
-20;-20;61;0;1
-29;-23;37;1;1
-44;-6;42;1;1
-38;47;19;0;1
-59;-5;35;1;1
-28;7;41;1;1
-33;-19;17;0;1
-37;-54;23;1;1
-51;1;32;0;1
-18;-15;11;0;1
-48;22;31;1;1
-51;42;25;0;1
-35;-12;25;0;1
-30;-39;24;0;1
-31;-26;36;0;1
-35;-22;39;1;1
-52;-37;23;0;1
-34;-38;17;0;1
-40;3;42;0;1
-27;35;38;0;1
-23;-25;55;0;1
-23;-27;22;0;1
-18;-16;9;0;1
-52;-7;19;0;1
-34;0;25;1;1
-36;11;20;1;1
-32;41;46;0;1
-38;0;52;1;1
-48;33;31;0;1
-19;13;16;0;1
-25;25;22;0;1
-27;-22;18;0;1
-24;22;42;0;1
-42;4;56;1;1
-35;-18;22;0;1
-37;52;22;0;1
-34;-47;39;1;1
-19;9;38;1;1
-40;41;26;1;1
-46;-8;28;0;1
-29;-1;61;0;1
-38;-21;56;0;1
-26;-9;52;0;1
-60;-12;17;1;1
-36;-19;30;0;1
-53;21;32;0;1
-31;19;43;0;1
-29;-23;20;0;1
-41;5;23;1;1
-33;11;56;0;1
-19;23;58;0;1
-45;-19;34;0;1
-36;22;29;0;1
-15;-4;32;1;1
-33;-14;57;0;1
-54;-13;31;0;1
-26;21;16;1;1
-50;14;45;1;1
-18;13;37;0;1
-30;14;50;0;1
-52;12;38;0;1
-50;-27;18;1;1
-45;-8;42;1;1
-44;-39;24;1;1
-49;29;29;0;1
-33;-44;18;1;1
-39;3;14;0;1
-48;11;40;0;1
-50;12;18;0;1
-49;-19;20;0;1
-12;-19;11;1;1
-45;-39;38;0;1
-50;-2;44;1;1
-50;-9;37;1;1
-55;9;36;1;1
-37;44;38;0;1
-54;-15;22;0;1
-19;-25;33;0;1
-27;-1;31;1;1
-38;38;46;1;1
-20;-18;54;1;1
-16;-19;56;0;1
-55;19;37;1;1
-28;20;24;0;1
-9;-1;24;0;1
-32;-15;13;0;1
-44;4;28;1;1
-22;14;44;1;1
-24;41;51;1;1
-38;-13;27;0;1
-26;-36;55;1;1
-40;19;31;0;1
-12;-16;28;1;1
-25;2;8;0;1
-53;9;20;0;1
-33;-40;26;0;1
-49;22;43;1;1
-34;-13;15;0;1
-20;17;41;0;1
-17;14;48;1;1
-25;14;53;0;1
-37;12;45;0;1
-34;1;38;0;1
-48;-12;45;0;1
-32;-9;18;1;1
-27;0;50;0;1
-54;23;21;1;1
-41;-1;15;0;1
-19;-10;43;0;1
-53;6;23;1;1
-67;0;20;1;1
-21;-5;44;0;1
-35;4;27;0;1
-33;42;44;0;1
-25;12;28;0;1
-48;42;27;0;1
-56;-5;24;0;1
-31;-24;15;0;1
-44;-20;41;0;1
-29;-3;43;0;1
-43;-11;21;1;1
-32;-20;47;0;1
-37;-50;20;1;1
-24;-5;30;1;1
-35;-24;29;0;1
-28;-17;13;0;1
-44;-33;15;1;1
-37;-24;46;1;1
-58;-4;16;0;1
-31;19;45;0;1
-43;1;12;1;1
-30;12;24;0;1
-63;-11;23;0;1
-24;-26;59;0;1
-28;-25;34;0;1
-35;0;44;1;1
-35;-4;10;0;1
-18;18;59;1;1
-50;-34;28;1;1
-41;47;28;0;1
-35;-14;36;1;1
-16;-8;48;0;1
-16;12;42;0;1
-27;17;19;0;1
-38;-15;54;0;1
-20;-19;21;0;1
-19;-22;32;0;1
-35;18;57;1;1
-9;-4;24;0;1
-17;-11;15;1;1
-35;-46;22;0;1
-30;0;63;0;1
-44;16;14;1;1
-44;30;42;0;1
-27;-39;51;1;1
-45;-28;22;0;1
-61;-23;26;1;1
-26;26;60;1;1
-26;18;55;0;1
-19;11;48;0;1
-35;-10;47;0;1
-27;22;11;0;1
-43;23;19;0;1
-41;21;28;1;1
-21;-28;38;0;1
-37;0;57;1;1
-21;-29;47;0;1
-26;-29;20;0;1
-19;-25;47;1;1
-42;25;51;0;1
-26;35;23;1;1
-49;-4;24;1;1
-36;17;11;0;1
-17;-14;18;0;1
-47;-44;23;1;1
-40;-25;39;1;1
-30;-13;13;1;1
-26;-20;32;0;1
-37;-34;16;0;1
-30;-19;11;1;1
-24;10;64;0;1
-24;19;60;1;1
-37;-11;45;1;1
-51;5;48;0;1
-50;-6;19;1;1
-28;38;34;0;1
-39;17;42;1;1
-24;-8;26;0;1
-53;-18;42;1;1
-36;14;45;0;1
-36;38;45;1;1
-25;-8;32;0;1
-46;-29;43;0;1
-44;-2;48;1;1
-20;3;52;1;1
-24;-11;59;0;1
-27;-32;50;0;1
-29;19;27;0;1
-20;-28;45;0;1
-13;-20;38;1;1
-60;14;29;0;1
-47;-13;44;0;1
-30;-41;20;0;1
-26;-3;32;0;1
-46;-4;19;0;1
-41;-38;36;1;1
-48;-7;50;1;1
-40;-10;40;1;1
-54;-36;18;0;1
-39;-9;27;0;1
-29;-5;30;0;1
-41;39;28;1;1
-40;-2;37;0;1
-50;-24;41;0;1
-51;6;40;1;1
-27;-6;46;0;1
-42;36;32;0;1
-49;-4;17;0;1
-47;-11;43;1;1
-48;11;46;0;1
-57;-16;39;1;1
-55;14;34;0;1
-29;-36;19;0;1
-35;-27;17;1;1
-21;29;29;0;1
-11;-15;17;0;1
-15;13;15;1;1
-46;-24;18;1;1
-56;-16;38;0;1
-37;43;39;1;1
-28;-8;55;0;1
-14;-17;51;1;1
-21;19;29;0;1
-36;-18;36;0;1
-31;-11;60;1;1
-30;-16;61;0;1
-47;34;40;1;1
-27;26;50;1;1
-17;-10;31;0;1
-21;-14;46;0;1
-33;-22;38;0;1
-59;6;30;0;1
-27;23;22;0;1
-25;4;11;0;1
-22;-20;8;0;1
-51;33;32;0;1
-37;21;38;0;1
-55;-6;38;0;1
-51;9;33;1;1
-47;15;19;1;1
-34;-35;32;1;1
-32;-47;29;0;1
-35;-9;21;1;1
-27;19;62;1;1
-17;15;33;0;1
-15;21;52;0;1
-31;3;17;1;1
-50;22;34;1;1
-20;-20;21;0;1
-45;-27;15;0;1
-39;-41;27;1;1
-14;23;65;0;1
-43;52;20;0;1
-28;24;16;0;1
-26;-30;43;0;1
-28;26;23;0;1
-34;-58;22;0;1
-18;7;23;1;1
-31;-2;39;0;1
-32;-24;53;1;1
-34;31;22;1;1
-30;17;10;0;1
-45;36;36;0;1
-39;-32;47;0;1
-28;42;29;1;1
-62;-3;25;1;1
-38;17;34;0;1
-20;32;32;0;1
-29;38;19;0;1
-25;-29;14;1;1
-31;46;15;1;1
-19;12;22;0;1
-54;-22;27;0;1
-20;17;66;1;1
-16;20;46;0;1
-50;-31;19;0;1
-33;4;50;1;1
-48;-23;43;1;1
-33;-44;25;0;1
-30;34;23;0;1
-60;-11;18;0;1
-56;-31;22;1;1
-21;-26;18;1;1
-26;-5;50;1;1
-33;-45;33;0;1
-32;-12;31;0;1
-24;-7;17;0;1
-59;-21;33;0;1
-58;5;31;0;1
-49;4;28;0;1
-28;13;49;0;1
-33;-21;55;0;1
-33;-24;45;0;1
-30;-14;44;0;1
-26;-42;28;1;1
-20;20;39;0;1
-41;-27;32;0;1
-52;24;31;0;1
-60;-18;17;0;1
-18;28;50;0;1
-31;30;35;0;1
-27;38;50;0;1
-33;-23;48;0;1
-50;-7;43;0;1
-29;29;56;0;1
-35;-1;27;1;1
-19;32;37;1;1
-37;0;38;0;1
-26;27;29;1;1
-31;22;55;1;1
-49;14;19;1;1
-41;11;54;1;1
-37;28;17;0;1
-14;-21;46;0;1
-33;-8;44;0;1
-36;37;32;0;1
-24;10;30;0;1
-33;37;48;1;1
-21;17;51;1;1
-50;3;24;0;1
-43;-35;22;0;1
-39;5;28;0;1
-21;-22;58;1;1
-34;19;53;0;1
-55;15;18;0;1
-54;-7;44;0;1
-38;38;40;1;1
-34;11;34;1;1
-47;-45;18;0;1
-55;37;22;0;1
-21;-36;16;1;1
-37;3;10;1;1
-50;23;43;1;1
-30;-34;26;1;1
-59;-5;29;1;1
-40;9;55;0;1
-32;53;20;0;1
-26;-21;24;0;1
-54;-24;20;0;1
-58;32;20;0;1
-28;-47;38;0;1
-39;35;31;0;1
-41;22;38;0;1
-35;55;27;0;1
-8;-11;32;0;1
-39;-5;28;1;1
-53;13;25;0;1
-32;16;55;0;1
-53;-38;18;1;1
-43;-4;19;0;1
-52;-9;15;0;1
-24;36;53;0;1
-43;7;38;0;1
-19;17;64;1;1
-28;27;32;0;1
-45;15;33;0;1
-20;-15;23;0;1
-62;13;25;0;1
-56;27;18;0;1
-31;-30;48;0;1
-55;-2;24;0;1
-37;32;19;0;1
-45;43;34;1;1
-28;-20;60;1;1
-25;18;48;1;1
-25;36;16;1;1
-48;25;39;0;1
-22;25;42;0;1
-17;26;51;0;1
-47;-25;44;0;1
-19;8;44;0;1
-55;-3;16;1;1
-35;-27;54;0;1
-23;38;37;0;1
-33;-56;18;1;1
-19;19;53;1;1
-58;26;31;0;1
-38;-30;22;0;1
-34;28;39;0;1
-26;34;40;1;1
-12;16;32;0;1
-21;11;62;1;1
-37;-4;37;0;1
-17;-25;20;1;1
-13;-17;40;1;1
-56;-30;26;0;1
-49;-38;18;1;1
-44;39;30;0;1
-17;3;34;1;1
-22;-27;38;0;1
-34;-33;44;1;1
-32;-2;47;0;1
-28;-35;15;1;1
-33;31;24;1;1
-13;15;24;0;1
-45;46;30;0;1
-50;3;39;0;1
-28;38;52;0;1
-26;45;18;1;1
-44;46;28;1;1
-47;-9;32;0;1
-43;32;36;0;1
-29;-33;48;0;1
-18;17;34;0;1
-38;-13;50;0;1
-58;-32;23;0;1
-40;15;17;1;1
-35;14;35;0;1
-37;-20;30;0;1
-24;19;31;0;1
-47;-6;46;1;1
-34;39;48;0;1
-32;-36;47;1;1
-39;-42;30;1;1
-31;20;17;0;1
-45;14;26;0;1
-63;12;26;1;1
-41;36;23;1;1
-27;-19;28;1;1
-27;31;34;0;1
-30;49;26;1;1
-17;3;30;0;1
-18;-5;35;0;1
-51;18;41;1;1
-26;-11;25;0;1
-39;-3;41;0;1
-36;-4;48;0;1
-17;21;62;0;1
-22;33;29;0;1
-43;25;43;1;1
-24;-21;61;1;1
-38;6;39;0;1
-28;-23;37;0;1
-44;6;47;1;1
-32;13;33;0;1
-26;22;26;0;1
-44;-29;15;0;1
-34;39;28;1;1
-32;19;51;0;1
-16;-7;44;1;1
-26;37;30;0;1
-27;5;22;1;1
-21;36;15;0;1
-49;15;14;1;1
-29;11;52;1;1
-12;-18;16;0;1
-63;14;24;1;1
-41;-12;30;0;1
-15;-22;18;0;1
-24;-32;19;1;1
-45;-4;48;0;1
-22;8;53;1;1
-11;16;47;0;1
-59;4;20;0;1
-28;-40;34;0;1
-43;-9;53;0;1
-38;-45;34;0;1
-34;39;40;0;1
-46;13;13;0;1
-60;-24;24;1;1
-29;-50;32;0;1
-37;9;38;1;1
-29;19;53;0;1
-50;-14;28;0;1
-62;6;17;0;1
-23;33;46;1;1
-21;19;59;1;1
-42;15;35;1;1
-23;24;22;1;1
-20;-26;33;0;1
-11;19;37;1;1
-33;33;32;0;1
-24;16;60;0;1
-25;3;20;0;1
-13;-20;23;1;1
-17;17;46;1;1
-55;14;37;0;1
-24;-39;26;1;1
-34;53;18;0;1
-25;-32;26;0;1
-39;-46;33;1;1
-50;-37;20;0;1
-12;-6;30;1;1
-54;-25;29;0;1
-57;4;21;1;1
-16;2;35;0;1
-38;46;28;0;1
-29;-34;51;0;1
-30;16;46;1;1
-42;9;31;1;1
-39;3;26;0;1
-25;7;33;0;1
-42;27;44;0;1
-33;45;22;0;1
-40;-1;52;0;1
-40;-38;16;0;1
-56;-26;19;1;1
-25;-41;18;0;1
-50;24;25;0;1
-22;23;33;1;1
-50;-1;29;0;1
-25;-36;32;1;1
-33;-25;38;0;1
-53;0;41;1;1
-24;-6;65;0;1
-26;-28;35;0;1
-57;10;21;0;1
-43;-29;24;0;1
-56;37;22;1;1
-26;13;61;0;1
-47;24;17;0;1
-29;-33;26;0;1
-8;-10;27;0;1
-34;-11;20;0;1
-27;2;24;0;1
-34;10;56;0;1
-36;-14;17;0;1
-31;-31;39;0;1
-54;14;30;1;1
-54;-11;34;0;1
-36;-46;20;1;1
-44;-16;42;0;1
-27;11;27;1;1
-33;23;38;1;1
-33;-16;49;0;1
-43;-33;27;0;1
-44;-37;38;1;1
-43;-45;29;1;1
-37;36;37;0;1
-28;2;22;1;1
-20;31;26;0;1
-39;-17;25;0;1
-29;-28;53;1;1
-27;-36;25;0;1
-30;-2;11;0;1
-29;-26;41;0;1
-29;2;57;0;1
-19;22;29;0;1
-41;27;38;0;1
-39;-9;45;0;1
-19;16;7;1;1
-50;15;36;0;1
-31;-53;21;1;1
-19;9;27;0;1
-53;40;25;0;1
-25;5;63;1;1
-25;13;42;1;1
-22;-16;56;0;1
-21;-6;46;0;1
-21;7;34;0;1
-18;-30;10;0;1
-33;-40;15;0;1
-28;-29;27;0;1
-56;29;31;0;1
-37;30;35;0;1
-18;-23;61;0;1
-58;8;27;0;1
-12;19;42;0;1
-30;-24;28;1;1
-33;8;50;0;1
-34;-39;20;1;1
-23;24;17;0;1
-21;0;45;0;1
-37;25;48;1;1
-21;-1;53;1;1
-21;0;52;0;1
-8;11;21;0;1
-40;4;51;0;1
-19;-6;19;1;1
-55;-2;27;1;1
-20;-13;8;0;1
-32;-17;60;1;1
-44;22;35;0;1
-25;-13;55;0;1
-47;25;20;1;1
-42;-6;21;1;1
-27;6;33;1;1
-23;20;19;0;1
-36;-26;46;1;1
-24;-1;55;0;1
-33;2;37;0;1
-36;-29;52;1;1
-37;32;15;0;1
-31;7;36;0;1
-24;-18;15;1;1
-38;1;31;0;1
-26;-16;48;0;1
-31;-41;41;1;1
-43;-1;47;1;1
-26;-38;31;0;1
-31;28;53;0;1
-28;-43;43;0;1
-41;0;40;1;1
-23;25;19;0;1
-19;-18;45;1;1
-53;-7;43;1;1
-41;-36;26;1;1
-49;-25;39;0;1
-57;-10;24;1;1
-43;-14;14;1;1
-25;10;25;1;1
-37;49;25;0;1
-17;25;30;0;1
-24;22;51;0;1
-12;11;42;0;1
-39;53;25;0;1
-43;-27;20;1;1
-18;22;48;0;1
-20;32;35;0;1
-50;-8;19;0;1
-45;-19;31;0;1
-44;11;40;0;1
-31;0;32;0;1
-22;16;58;0;1
-66;18;19;0;1
-57;21;31;0;1
-37;-46;23;1;1
-42;-32;16;1;1
-28;-5;53;0;1
-35;40;21;0;1
-50;24;38;1;1
-35;-29;41;1;1
-55;11;22;0;1
-47;18;34;0;1
-34;40;35;1;1
-45;5;43;1;1
-45;37;17;1;1
-35;-31;38;0;1
-20;-33;32;1;1
-52;-26;19;0;1
-12;19;34;0;1
-32;12;47;1;1
-24;-36;17;0;1
-48;-3;30;1;1
-60;-6;23;0;1
-53;33;31;0;1
-34;32;32;0;1
-29;48;37;1;1
-30;-30;20;1;1
-37;-22;24;0;1
-51;35;23;0;1
-23;6;39;1;1
-27;-3;16;0;1
-50;-14;43;0;1
-34;6;14;1;1
-40;21;46;0;1
-54;-29;28;0;1
-34;3;19;0;1
-23;18;63;0;1
-22;36;17;1;1
-26;-27;32;1;1
-60;-24;19;0;1
-34;41;20;1;1
-30;-45;20;0;1
-51;4;15;0;1
-41;-30;27;0;1
-39;-25;40;0;1
-25;14;62;0;1
-42;-3;57;0;1
-24;-5;22;0;1
-50;19;40;1;1
-22;-25;14;0;1
-56;2;16;0;1
-24;31;16;1;1
-49;-11;49;0;1
-27;-22;37;1;1
-34;29;23;1;1
-37;3;16;0;1
-23;21;57;0;1
-18;11;13;0;1
-31;-15;21;1;1
-24;-39;21;0;1
-27;20;37;0;1
-43;-12;18;0;1
-39;-41;31;1;1
-39;-26;35;1;1
-24;2;10;1;1
-16;14;28;0;1
-26;-16;44;0;1
-48;-26;40;1;1
-49;-5;47;0;1
-25;24;45;0;1
-28;-17;60;0;1
-60;2;21;0;1
-37;-8;30;0;1
-14;-3;26;0;1
-57;7;28;1;1
-48;30;39;0;1
-57;-12;32;0;1
-25;-26;31;1;1
-24;-39;40;1;1
-25;30;58;0;1
-39;21;13;0;1
-22;15;63;0;1
-43;-5;51;0;1
-40;-49;29;1;1
-25;-2;52;0;1
-18;4;47;0;1
-12;14;45;1;1
-22;-23;39;0;1
-21;10;39;0;1
-27;-28;34;0;1
-27;4;64;0;1
-19;24;42;0;1
-43;33;38;1;1
-15;-16;14;0;1
-40;24;15;1;1
-44;-10;27;0;1
-44;7;54;1;1
-24;28;27;0;1
-32;-18;10;1;1
-37;10;28;1;1
-58;0;26;1;1
-51;21;40;1;1
-29;-23;44;1;1
-37;-39;42;1;1
-48;-12;14;0;1
-59;7;37;1;1
-38;2;26;0;1
-47;2;19;0;1
-29;4;52;0;1
-40;-34;35;0;1
-39;18;26;0;1
-55;22;20;0;1
-49;31;39;1;1
-22;-11;26;1;1
-37;-22;14;0;1
-20;9;29;1;1
-8;-10;30;0;1
-60;3;34;0;1
-30;42;26;0;1
-20;-11;30;1;1
-15;21;32;1;1
-18;-31;31;0;1
-41;46;26;1;1
-34;-18;55;1;1
-55;-25;18;0;1
-24;-28;23;1;1
-24;-22;62;1;1
-35;-9;24;1;1
-29;18;11;0;1
-22;-12;14;1;1
-16;-26;28;1;1
-42;-41;32;0;1
-46;-11;49;0;1
-39;-12;41;0;1
-26;-1;50;0;1
-44;-12;25;1;1
-46;26;45;0;1
-20;14;48;0;1
-49;30;24;1;1
-26;-14;13;0;1
-32;-27;46;0;1
-23;30;27;0;1
-47;9;47;0;1
-32;-36;35;1;1
-41;51;27;0;1
-29;-37;15;0;1
-25;1;12;1;1
-35;4;32;0;1
-31;-40;25;1;1
-34;-46;19;0;1
-44;-2;42;1;1
-45;-12;16;0;1
-48;10;31;1;1
-27;-33;43;1;1
-35;-18;26;0;1
-49;-16;24;1;1
-22;-29;46;0;1
-49;-34;17;0;1
-40;2;40;0;1
-37;19;21;0;1
-42;-23;50;0;1
-17;17;21;1;1
-31;-44;26;0;1
-22;-13;16;1;1
-38;47;32;0;1
-53;-29;26;0;1
-20;33;15;0;1
-22;-30;55;1;1
-52;4;36;1;1
-48;-24;24;1;1
-28;21;38;1;1
-50;-9;48;0;1
-20;23;45;1;1
-18;-3;50;0;1
-40;18;29;0;1
-49;33;39;1;1
-26;4;32;1;1
-23;-6;13;0;1
-48;-20;27;0;1
-35;-8;16;1;1
-61;-9;25;0;1
-41;-6;28;1;1
-18;-23;36;0;1
-48;-13;34;1;1
-31;27;45;1;1
-26;15;62;0;1
-52;6;29;0;1
-32;-31;39;0;1
-18;-16;53;1;1
-31;-3;41;1;1
-36;5;32;0;1
-55;-10;15;1;1
-32;9;51;0;1
-25;30;17;0;1
-36;6;41;1;1
-30;22;52;0;1
-44;51;20;0;1
-38;-14;55;1;1
-50;28;34;0;1
-44;-37;39;0;1
-25;3;11;1;1
-16;-25;8;1;1
-39;-1;13;1;1
-37;-22;27;0;1
-22;-25;57;0;1
-52;23;34;1;1
-39;-21;21;0;1
-43;15;17;1;1
-40;43;18;0;1
-41;-45;30;0;1
-36;21;56;0;1
-61;-5;20;0;1
-12;-9;30;1;1
-19;-24;24;0;1
-37;-47;37;0;1
-13;-8;29;0;1
-59;-19;23;0;1
-37;-35;32;0;1
-44;-3;23;0;1
-27;-24;51;0;1
-12;-12;32;1;1
-39;-15;34;1;1
-18;13;56;0;1
-32;9;31;0;1
-25;-18;18;0;1
-30;-2;59;0;1
-30;-13;36;0;1
-51;30;39;1;1
-34;-19;20;1;1
-25;-20;23;0;1
-18;10;16;0;1
-40;50;22;0;1
-28;-4;64;0;1
-17;29;27;0;1
-26;10;55;1;1
-53;-18;27;0;1
-15;2;31;0;1
-33;-18;22;0;1
-39;7;12;0;1
-35;55;22;0;1
-38;-22;38;0;1
-21;1;29;0;1
-47;33;39;0;1
-30;38;48;1;1
-50;-5;32;0;1
-37;34;38;0;1
-54;38;25;1;1
-28;32;17;0;1
-39;24;45;1;1
-35;8;33;0;1
-31;25;51;1;1
-20;-20;36;0;1
-50;8;39;0;1
-35;42;42;0;1
-43;-45;22;1;1
-37;-35;39;0;1
-60;-6;20;0;1
-22;-17;62;1;1
-28;36;25;0;1
-45;-20;25;1;1
-33;28;52;0;1
-45;11;41;0;1
-23;-7;51;0;1
-30;45;39;0;1
-38;44;30;0;1
-53;23;22;0;1
-38;-32;22;1;1
-57;28;27;0;1
-48;-2;44;0;1
-41;-5;14;0;1
-61;31;19;1;1
-32;-35;24;0;1
-58;-3;16;0;1
-24;19;38;1;1
-41;-1;32;0;1
-50;41;23;0;1
-48;-32;36;1;1
-41;-13;28;1;1
-37;25;43;0;1
-40;-26;41;1;1
-33;6;11;1;1
-17;23;19;0;1
-24;2;27;0;1
-61;1;21;0;1
-49;46;21;0;1
-57;5;37;0;1
-46;21;41;0;1
-47;18;49;0;1
-27;-2;31;0;1
-40;-20;54;1;1
-55;-23;30;1;1
-49;-36;19;0;1
-21;-7;18;0;1
-50;37;22;0;1
-15;-12;38;1;1
-49;-1;43;0;1
-56;-33;22;1;1
-30;-47;25;0;1
-45;2;40;0;1
-58;-16;29;0;1
-57;-26;33;0;1
-59;11;19;1;1
-33;-32;27;1;1
-56;-6;40;1;1
-36;25;45;1;1
-57;3;41;1;1
-22;8;36;0;1
-39;47;20;1;1
-48;-13;16;1;1
-52;38;26;0;1
-44;-19;50;0;1
-25;-41;13;1;1
-37;5;43;1;1
-39;-25;48;1;1
-26;-16;50;1;1
-30;-16;46;1;1
-35;11;31;1;1
-24;16;44;0;1
-35;-4;43;0;1
-40;51;21;1;1
-19;18;49;0;1
-47;-4;51;0;1
-38;-15;22;0;1
-21;6;26;1;1
-44;3;20;0;1
-19;-13;34;1;1
-27;18;38;1;1
-18;-18;60;0;1
-22;15;57;1;1
-48;-46;18;0;1
-53;-15;34;1;1
-31;36;20;1;1
-54;13;17;0;1
-38;-12;47;0;1
-42;-18;27;0;1
-34;-9;42;1;1
-36;7;41;0;1
-26;1;52;1;1
-30;-33;51;0;1
-52;24;28;0;1
-44;-43;18;1;1
-21;5;46;0;1
-60;3;36;0;1
-31;15;38;0;1
-53;-13;40;0;1
-39;-47;32;1;1
-25;3;13;0;1
-33;-52;32;0;1
-36;30;45;1;1
-39;31;29;1;1
-27;30;44;1;1
-42;3;21;0;1
-50;-15;30;1;1
-19;-13;15;0;1
-49;-4;18;1;1
-20;-1;15;1;1
-28;28;21;1;1
-28;11;58;1;1
-22;-1;20;1;1
-31;-39;41;0;1
-39;36;22;0;1
-17;-8;50;0;1
-32;13;31;1;1
-64;-7;20;0;1
-60;-16;18;0;1
-28;13;60;1;1
-28;-28;38;0;1
-59;-4;31;0;1
-55;4;30;0;1
-45;30;35;0;1
-48;-17;36;1;1
-25;29;46;1;1
-47;19;23;0;1
-39;-24;22;0;1
-52;38;27;1;1
-57;0;17;1;1
-49;44;26;0;1
-23;27;44;0;1
-24;-28;32;1;1
-18;-16;37;0;1
-49;-23;34;0;1
-46;-31;38;1;1
-35;36;32;0;1
-35;31;31;1;1
-35;44;39;0;1
-22;-34;56;0;1
-35;-17;29;1;1
-46;1;36;1;1
-45;28;21;0;1
-37;50;20;1;1
-22;-2;25;0;1
-24;24;30;1;1
-19;29;30;0;1
-59;-4;27;0;1
-25;29;42;1;1
-41;18;20;1;1
-41;-8;48;0;1
-61;10;22;0;1
-32;38;31;0;1
-36;13;31;1;1
-26;-37;21;0;1
-26;-4;28;0;1
-36;0;33;0;1
-45;-42;27;0;1
-46;-2;45;0;1
-16;25;34;1;1
-53;32;34;0;1
-23;-18;43;0;1
-24;18;43;1;1
-52;-20;19;1;1
-26;-5;26;0;1
-20;-9;16;1;1
-18;-10;43;0;1
-17;-19;27;0;1
-37;37;15;0;1
-48;17;24;1;1
-35;11;57;1;1
-54;1;19;0;1
-32;11;62;0;1
-45;-7;36;0;1
-46;47;26;0;1
-35;-36;17;0;1
-22;-35;49;1;1
-28;7;37;0;1
-37;31;41;0;1
-38;47;35;0;1
-20;-30;34;1;1
-49;41;30;1;1
-30;6;36;1;1
-23;28;48;1;1
-25;25;26;0;1
-50;18;43;1;1
-43;-25;17;1;1
-40;-11;39;0;1
-46;12;35;0;1
-36;29;26;0;1
-24;4;26;0;1
-43;-20;14;0;1
-43;14;19;1;1
-33;47;35;0;1
-26;2;14;0;1
-28;34;22;1;1
-36;7;55;1;1
-50;-30;33;0;1
-26;-9;42;0;1
-15;18;50;1;1
-20;25;40;0;1
-13;17;15;0;1
-29;-11;18;0;1
-31;46;18;0;1
-21;35;12;1;1
-45;18;27;1;1
-34;-3;34;0;1
-40;14;24;1;1
-45;12;53;0;1
-43;-20;51;1;1
-18;-7;53;0;1
-24;21;39;0;1
-23;25;23;1;1
-22;-14;8;1;1
-53;-3;27;0;1
-16;15;18;0;1
-47;26;39;0;1
-13;-21;51;1;1
-39;9;37;0;1
-31;17;29;0;1
-30;47;31;0;1
-31;40;24;1;1
-26;14;8;1;1
-13;13;46;1;1
-37;4;49;0;1
-46;13;16;1;1
-22;-4;14;1;1
-61;3;33;0;1
-33;-3;43;0;1
-32;29;33;0;1
-62;3;22;0;1
-27;-5;16;0;1
-15;-13;26;1;1
-35;4;60;0;1
-33;25;44;1;1
-19;-22;27;0;1
-32;-1;9;0;1
-61;-4;23;1;1
-15;-13;28;1;1
-32;-55;28;0;1
-28;12;45;0;1
-17;-1;41;1;1
-52;-6;17;1;1
-15;-13;33;0;1
-32;-11;28;0;1
-10;13;26;0;1
-35;2;21;0;1
-35;-7;39;1;1
-36;14;57;0;1
-24;14;13;1;1
-34;-15;35;0;1
-35;20;34;0;1
-24;22;62;1;1
-50;12;43;0;1
-39;-15;53;0;1
-41;-41;34;0;1
-43;12;21;1;1
-28;-25;47;1;1
-47;-21;27;0;1
-28;-9;59;1;1
-37;23;45;0;1
-35;25;16;1;1
-22;20;45;0;1
-27;-14;61;0;1
-44;6;51;0;1
-45;18;28;0;1
-22;19;11;0;1
-39;-20;14;0;1
-41;-31;34;0;1
-45;-28;38;0;1
-37;11;11;0;1
-48;23;26;0;1
-61;23;22;1;1
-21;-29;12;0;1
-17;-25;12;0;1
-27;17;24;0;1
-34;-14;20;0;1
-24;1;63;0;1
-35;-36;20;0;1
-37;25;21;0;1
-25;36;28;1;1
-38;-47;28;1;1
-30;-22;59;0;1
-25;2;65;0;1
-55;15;35;0;1
-31;-36;47;0;1
-18;13;35;1;1
-22;-9;61;0;1
-52;23;39;1;1
-45;15;45;0;1
-29;-25;27;1;1
-19;26;38;1;1
-21;2;46;1;1
-41;-15;51;0;1
-51;-13;32;0;1
-46;-15;20;1;1
-52;-28;17;0;1
-36;-3;14;0;1
-26;-1;18;1;1
-41;20;24;0;1
-48;30;31;0;1
-52;28;29;1;1
-49;43;20;0;1
-45;1;51;0;1
-38;-39;23;1;1
-41;8;15;0;1
-36;43;26;0;1
-16;18;13;0;1
-45;5;45;1;1
-28;23;19;0;1
-22;3;50;1;1
-33;-36;14;0;1
-46;4;48;1;1
-24;11;12;0;1
-18;-15;40;1;1
-57;-25;24;1;1
-20;31;35;0;1
-53;-26;22;0;1
-30;37;43;1;1
-27;14;42;0;1
-40;-41;31;0;1
-63;0;17;0;1
-44;-4;21;1;1
-54;-37;20;1;1
-30;6;61;1;1
-33;11;16;0;1
-40;4;19;0;1
-26;38;40;0;1
-26;22;50;0;1
-26;29;36;0;1
-30;-18;33;1;1
-57;18;28;0;1
-56;-1;20;0;1
-50;6;34;1;1
-44;-4;27;0;1
-28;-37;39;1;1
-46;40;28;1;1
-38;-26;42;0;1
-38;-9;14;1;1
-24;-2;52;1;1
-51;-5;39;0;1
-14;14;17;0;1
-30;-3;19;0;1
-35;-17;22;0;1
-37;14;15;0;1
-51;1;22;0;1
-27;32;13;1;1
-54;-34;28;0;1
-37;-4;32;1;1
-55;21;22;1;1
-40;-15;53;1;1
-62;-8;25;1;1
-22;8;40;1;1
-60;-14;19;1;1
-10;-2;27;0;1
-48;-10;32;1;1
-20;25;44;0;1
-54;27;34;0;1
-29;-3;13;0;1
-20;-32;41;1;1
-13;21;38;1;1
-26;23;31;1;1
-45;24;34;0;1
-33;-21;20;1;1
-55;25;36;0;1
-24;8;34;0;1
-35;-45;33;0;1
-55;2;21;0;1
-32;-17;57;0;1
-43;1;13;0;1
-21;-16;11;0;1
-33;-10;17;0;1
-26;11;13;1;1
-21;6;37;1;1
-31;12;62;1;1
-39;1;14;0;1
-36;-42;24;1;1
-23;-5;43;0;1
-27;-42;19;0;1
-34;-3;56;0;1
-22;12;24;0;1
-43;-15;28;0;1
-40;-18;12;1;1
-28;-19;59;1;1
-37;-17;57;1;1
-31;34;31;1;1
-44;-30;23;0;1
-59;19;34;0;1
-49;-37;28;0;1
-54;-15;31;0;1
-24;13;57;0;1
-50;-35;26;0;1
-25;26;21;0;1
-33;37;37;1;1
-23;-14;27;0;1
-37;-5;32;0;1
-25;11;22;0;1
-53;9;40;1;1
-38;3;22;0;1
-29;48;33;1;1
-27;-13;22;0;1
-29;1;44;0;1
-32;18;16;0;1
-49;-39;20;1;1
-44;-12;49;0;1
-22;4;28;0;1
-41;-15;47;1;1
-13;18;12;1;1
-35;-1;61;1;1
-28;-31;18;0;1
-25;27;30;1;1
-54;20;26;1;1
-36;-43;22;0;1
-49;-24;22;0;1
-59;12;21;0;1
-26;45;14;1;1
-37;-19;19;0;1
-31;44;46;0;1
-52;12;18;0;1
-33;-48;38;0;1
-32;-1;61;1;1
-37;22;18;1;1
-17;21;25;1;1
-35;8;16;0;1
-34;34;24;1;1
-26;3;35;0;1
-24;-15;23;0;1
-46;-26;37;0;1
-56;-1;24;1;1
-48;27;23;0;1
-29;-44;38;0;1
-40;-13;52;1;1
-37;48;29;0;1
-59;-6;21;0;1
-23;37;24;1;1
-46;-12;49;0;1
-26;11;49;0;1
-47;-1;42;0;1
-37;35;25;0;1
-31;42;32;0;1
-42;-16;35;0;1
-43;-18;29;0;1
-30;-48;42;1;1
-33;-32;28;1;1
-40;7;27;0;1
-27;19;26;0;1
-26;3;52;0;1
-30;27;13;1;1
-34;20;30;1;1
-55;-22;29;1;1
-65;17;23;1;1
-48;-8;40;0;1
-11;-15;16;0;1
-19;-11;55;0;1
-52;-10;42;1;1
-43;43;31;1;1
-26;-38;54;1;1
-53;-19;29;1;1
-28;-6;36;0;1
-32;-37;36;0;1
-56;13;27;0;1
-52;14;35;1;1
-17;-7;40;0;1
-42;6;37;1;1
-59;5;34;1;1
-36;-11;42;1;1
-27;-37;48;0;1
-38;33;50;0;1
-39;-50;17;0;1
-21;-15;65;0;1
-63;6;21;0;1
-45;-20;27;0;1
-48;16;46;0;1
-32;-28;42;0;1
-45;-1;26;1;1
-42;3;54;0;1
-22;30;49;0;1
-36;6;20;0;1
-50;-27;37;0;1
-23;35;42;0;1
-5;-8;25;0;1
-49;39;33;0;1
-26;-6;59;1;1
-10;5;29;1;1
-48;8;26;0;1
-35;-18;59;1;1
-40;37;33;1;1
-32;-15;50;1;1
-17;27;15;0;1
-32;-6;24;0;1
-33;-26;12;1;1
-29;9;49;0;1
-32;-15;38;1;1
-19;5;21;1;1
-33;37;14;0;1
-48;28;41;0;1
-40;25;47;0;1
-41;-21;48;1;1
-34;-53;25;0;1
-18;11;18;1;1
-61;-1;17;1;1
-40;-7;52;0;1
-43;19;22;0;1
-28;-4;16;0;1
-56;-20;36;1;1
-23;-2;59;1;1
-10;14;25;0;1
-35;19;43;1;1
-28;33;22;1;1
-22;9;8;0;1
-35;-38;19;0;1
-43;38;25;0;1
-14;-18;36;0;1
-21;20;21;1;1
-32;-37;50;0;1
-18;-1;43;0;1
-37;-6;38;1;1
-17;21;16;1;1
-51;-2;20;0;1
-30;-32;33;0;1
-53;-21;29;0;1
-50;25;42;1;1
-35;10;32;1;1
-22;-35;41;0;1
-40;33;28;0;1
-38;26;27;1;1
-27;4;15;1;1
-42;6;55;1;1
-63;-8;30;1;1
-57;3;37;1;1
-15;-16;20;1;1
-32;-24;58;0;1
-14;-12;34;1;1
-45;6;46;0;1
-23;-18;34;0;1
-27;-17;18;0;1
-19;22;63;0;1
-56;-1;26;0;1
-16;13;28;0;1
-38;-1;54;0;1
-35;1;41;0;1
-19;-21;29;1;1
-20;17;58;1;1
-52;36;29;0;1
-53;9;17;0;1
-44;-26;16;0;1
-28;46;40;0;1
-27;10;16;0;1
-39;32;48;0;1
-29;-23;28;0;1
-24;20;31;1;1
-37;21;20;1;1
-47;-1;14;0;1
-19;-7;46;0;1
-22;10;18;0;1
-19;-12;27;0;1
-20;18;28;0;1
-35;21;14;0;1
-41;45;26;1;1
-27;-32;33;1;1
-52;26;40;0;1
-26;6;63;0;1
-35;-9;44;0;1
-29;-25;25;0;1
-20;25;62;0;1
-17;-28;34;1;1
-41;9;47;0;1
-25;7;63;0;1
-55;-27;32;0;1
-21;29;39;0;1
-62;-8;27;0;1
-39;-30;16;0;1
-11;-11;38;0;1
-25;11;59;0;1
-50;-6;23;1;1
-46;41;22;0;1
-43;42;23;0;1
-39;-14;15;0;1
-26;11;52;0;1
-52;5;14;0;1
-26;23;54;0;1
-8;-8;23;0;1
-17;7;19;1;1
-37;-28;20;0;1
-42;-16;30;0;1
-32;14;45;0;1
-39;-11;15;1;1
-54;5;32;0;1
-37;-1;59;0;1
-18;-1;40;1;1
-22;-31;38;0;1
-36;16;42;0;1
-25;13;59;0;1
-43;47;21;1;1
-43;32;16;0;1
-25;14;52;0;1
-36;2;44;0;1
-43;-21;45;0;1
-44;-1;48;0;1
-47;-13;23;0;1
-17;16;33;0;1
-17;19;64;0;1
-29;-5;61;0;1
-33;4;42;1;1
-30;25;54;0;1
-36;6;56;0;1
-36;-23;37;0;1
-35;-54;23;0;1
-24;-38;43;0;1
-29;-38;19;1;1
-29;-35;24;0;1
-33;54;26;0;1
-25;27;17;1;1
-45;-37;27;0;1
-15;12;35;1;1
-51;-38;20;0;1
-23;-8;58;1;1
-56;7;16;0;1
-40;46;35;0;1
-40;12;37;0;1
-31;2;23;1;1
-45;39;28;0;1
-39;-55;21;1;1
-48;-23;25;0;1
-57;-21;22;0;1
-30;-47;17;0;1
-30;18;15;0;1
-26;27;22;0;1
-34;-20;54;1;1
-37;-53;21;0;1
-23;-28;19;0;1
-62;17;27;0;1
-52;28;24;0;1
-32;-5;47;1;1
-47;-11;39;0;1
-23;-2;23;0;1
-38;1;57;0;1
-37;52;20;0;1
-23;-4;19;0;1
-21;22;31;1;1
-51;18;39;0;1
-18;16;26;1;1
-40;1;24;0;1
-23;-5;45;1;1
-42;43;37;1;1
-42;11;38;1;1
-27;13;46;1;1
-32;-15;51;0;1
-40;-44;22;0;1
-48;-37;24;1;1
-15;14;25;0;1
-38;-21;36;0;1
-17;-23;43;0;1
-18;16;37;0;1
-29;-35;54;1;1
-26;-33;46;0;1
-30;-21;34;0;1
-35;33;43;1;1
-35;48;20;0;1
-60;-16;21;1;1
-22;35;23;0;1
-26;-21;57;0;1
-14;15;30;0;1
-38;-52;20;1;1
-21;-32;22;0;1
-30;6;49;1;1
-37;55;24;0;1
-45;-30;19;0;1
-59;3;29;0;1
-48;-5;45;0;1
-25;-7;41;0;1
-38;-2;36;1;1
-43;37;39;0;1
-34;35;41;0;1
-45;-46;25;1;1
-28;18;41;0;1
-18;-15;53;1;1
-32;47;16;1;1
-20;15;22;0;1
-24;-12;55;0;1
-18;-29;47;1;1
-55;11;39;0;1
-37;3;47;1;1
-40;-37;26;0;1
-36;27;14;1;1
-37;40;34;0;1
-52;-18;37;1;1
-46;4;34;1;1
-17;4;34;1;1
-34;2;12;0;1
-46;12;18;0;1
-17;-29;58;0;1
-15;-16;26;0;1
-24;7;53;1;1
-61;11;31;0;1
-36;-24;26;0;1
-16;19;39;0;1
-14;3;21;0;1
-14;-21;35;0;1
-27;44;42;1;1
-20;23;28;1;1
-34;-20;31;0;1
-33;-27;37;1;1
-49;23;43;0;1
-36;-13;26;0;1
-31;45;22;1;1
-52;-10;36;0;1
-36;-5;18;1;1
-26;-32;57;1;1
-15;14;26;0;1
-23;19;49;0;1
-58;-5;18;0;1
-30;1;40;1;1
-26;-11;47;0;1
-50;-22;33;0;1
-24;-16;47;0;1
-41;-14;41;0;1
-28;-10;43;0;1
-17;27;18;0;1
-36;-27;45;1;1
-33;-38;49;0;1
-45;-25;39;1;1
-42;31;28;1;1
-32;54;24;1;1
-14;-17;21;1;1
-22;13;8;0;1
-36;1;60;0;1
-33;-23;49;1;1
-34;-32;18;1;1
-23;-3;14;0;1
-26;23;32;0;1
-16;-6;28;0;1
-30;-12;18;0;1
-47;-42;28;0;1
-19;18;46;1;1
-36;-17;28;1;1
-31;11;59;0;1
-43;-48;19;1;1
-18;-30;30;0;1
-20;-24;19;0;1
-41;23;17;0;1
-27;-18;62;0;1
-33;-18;39;1;1
-14;23;22;0;1
-27;5;47;1;1
-48;2;36;0;1
-40;-32;27;0;1
-44;16;24;1;1
-28;-40;44;0;1
-43;7;14;0;1
-51;10;23;0;1
-41;-44;32;1;1
-58;-30;19;1;1
-32;13;20;1;1
-46;-10;20;0;1
-28;16;38;1;1
-47;13;21;1;1
-15;-11;16;1;1
-46;-31;28;0;1
-30;20;57;1;1
-49;17;16;0;1
-30;16;31;0;1
-15;16;11;0;1
-18;18;18;1;1
-44;-5;15;0;1
-20;-6;19;0;1
-35;-19;57;0;1
-36;-15;22;0;1
-22;-3;15;1;1
-26;-9;53;0;1
-47;37;29;0;1
-57;23;23;1;1
-24;-31;29;1;1
-54;-35;19;1;1
-52;27;24;1;1
-22;16;61;1;1
-26;4;9;0;1
-40;-23;45;1;1
-20;15;57;0;1
-23;12;42;0;1
-33;-18;41;0;1
-47;12;33;0;1
-20;-8;12;0;1
-45;-45;27;1;1
-27;-32;48;0;1
-36;-9;34;1;1
-18;-11;36;0;1
-57;17;20;0;1
-13;15;40;1;1
-44;-27;48;1;1
-44;-7;32;0;1
-29;-9;11;0;1
-56;-2;34;1;1
-41;-43;28;0;1
-26;-13;10;0;1
-26;3;30;0;1
-26;36;34;0;1
-30;-2;22;0;1
-25;-15;57;0;1
-22;13;39;0;1
-26;25;31;0;1
-18;-25;49;1;1
-36;1;35;0;1
-16;-16;37;0;1
-55;28;27;0;1
-55;8;18;0;1
-32;9;27;1;1
-14;-10;24;0;1
-36;17;26;1;1
-38;-3;46;1;1
-15;-18;46;0;1
-20;3;33;0;1
-54;16;30;0;1
-37;-13;33;1;1
-52;-22;39;1;1
-14;19;8;1;1
-25;5;47;1;1
-25;22;42;0;1
-44;-2;49;0;1
-22;-10;30;0;1
-14;-17;45;0;1
-37;-12;26;0;1
-35;-25;42;1;1
-30;-34;53;0;1
-34;-37;16;0;1
-31;12;15;0;1
-10;16;20;0;1
-35;25;41;0;1
-38;-25;36;0;1
-37;-9;38;0;1
-52;-8;22;0;1
-51;-5;45;1;1
-30;-17;38;0;1
-57;-4;32;0;1
-54;-1;44;1;1
-30;35;54;1;1
-24;-19;13;1;1
-17;22;16;0;1
-50;27;29;0;1
-30;21;34;0;1
-19;1;29;1;1
-16;11;22;1;1
-29;-15;10;1;1
-30;19;19;1;1
-42;12;27;1;1
-38;-11;56;1;1
-32;7;53;1;1
-28;20;58;0;1
-46;-23;14;0;1
-25;1;36;0;1
-13;-17;48;1;1
-13;14;46;0;1
-39;17;44;1;1
-17;-15;42;0;1
-20;-11;56;0;1
-40;-25;37;0;1
-35;-8;37;1;1
-21;8;41;0;1
-35;42;23;1;1
-33;-19;52;0;1
-54;-25;26;0;1
-54;2;20;1;1
-30;-4;51;0;1
-59;18;26;0;1
-42;-29;19;0;1
-21;-29;29;0;1
-42;-23;42;0;1
-59;27;20;1;1
-40;-30;35;0;1
-34;50;23;0;1
-45;-44;30;0;1
-22;-15;35;0;1
-30;41;36;1;1
-29;41;14;1;1
-17;27;12;1;1
-61;27;18;1;1
-23;-35;24;0;1
-21;12;56;1;1
-41;-15;15;1;1
-52;-38;27;1;1
-59;-3;17;0;1
-40;29;46;0;1
-43;28;49;1;1
-29;23;52;0;1
-36;2;19;0;1
-50;-32;23;0;1
-24;-12;45;0;1
-27;-31;51;0;1
-47;20;27;0;1
-24;-18;44;1;1
-49;37;17;0;1
-17;-26;29;1;1
-35;34;39;1;1
-29;38;27;0;1
-32;-27;28;0;1
-22;-32;30;1;1
-39;-18;18;1;1
-30;-31;27;0;1
-40;2;41;0;1
-35;0;23;0;1
-52;-33;33;0;1
-33;-12;33;0;1
-39;-41;26;1;1
-26;-24;44;0;1
-32;-27;32;1;1
-48;-21;38;1;1
-38;-24;40;0;1
-26;34;15;1;1
-11;13;19;0;1
-21;-5;33;1;1
-32;14;42;0;1
-30;37;38;1;1
-32;23;36;0;1
-38;-29;43;0;1
-34;-28;33;0;1
-25;5;28;1;1
-22;-14;37;1;1
-14;-8;21;1;1
-30;38;18;0;1
-49;0;20;0;1
-55;24;18;1;1
-30;29;54;0;1
-21;22;61;0;1
-31;-14;16;1;1
-40;45;22;0;1
-41;-32;19;0;1
-39;-8;36;1;1
-13;-14;16;1;1
-52;26;30;0;1
-51;30;20;0;1
-27;-16;48;1;1
-46;-20;18;0;1
-33;27;46;1;1
-21;17;47;0;1
-7;11;35;1;1
-32;-33;42;0;1
-10;16;47;0;1
-31;1;49;0;1
-52;1;18;1;1
-43;34;24;1;1
-24;-21;18;1;1
-58;8;28;0;1
-27;1;25;1;1
-39;-13;13;0;1
-45;-6;23;0;1
-32;42;21;1;1
-38;-17;36;0;1
-53;28;31;1;1
-48;-2;15;0;1
-23;-6;22;0;1
-10;12;28;1;1
-38;26;33;1;1
-13;22;17;1;1
-47;-6;28;0;1
-38;21;23;1;1
-34;48;37;0;1
-28;11;57;0;1
-23;-33;16;0;1
-39;45;29;0;1
-44;-23;25;1;1
-22;-17;55;1;1
-37;-13;37;0;1
-29;-37;45;1;1
-20;11;39;1;1
-48;-2;23;0;1
-39;-17;52;1;1
-53;-5;46;0;1
-26;-35;15;0;1
-38;-27;47;0;1
-15;-24;63;0;1
-25;20;15;1;1
-44;30;33;0;1
-20;-15;29;1;1
-40;48;32;0;1
-37;-37;20;0;1
-59;0;23;0;1
-17;7;22;0;1
-33;-23;45;0;1
-39;-27;35;1;1
-23;-5;39;1;1
-17;13;51;1;1
-43;-23;42;0;1
-22;-25;20;1;1
-40;-29;50;0;1
-50;-13;25;0;1
-42;51;20;1;1
-45;-9;53;0;1
-40;36;32;1;1
-35;42;29;0;1
-33;-5;11;1;1
-20;22;14;0;1
-45;-14;15;0;1
-46;15;21;0;1
-20;24;9;1;1
-35;12;26;0;1
-39;31;48;0;1
-36;5;52;0;1
-22;-6;53;0;1
-47;7;27;0;1
-20;24;52;0;1
-35;21;12;0;1
-27;-23;52;0;1
-25;-27;15;0;1
-45;-2;15;1;1
-57;-16;24;1;1
-25;32;30;0;1
-32;-42;39;0;1
-28;-42;42;0;1
-23;-5;15;0;1
-39;0;32;1;1
-31;14;35;1;1
-49;36;35;0;1
-36;33;24;1;1
-31;23;55;1;1
-41;14;51;1;1
-31;-24;44;0;1
-30;-17;48;1;1
-41;-52;24;0;1
-25;1;11;1;1
-20;26;38;1;1
-50;-11;26;1;1
-24;-35;54;0;1
-44;-22;35;0;1
-20;-7;45;0;1
-54;-16;29;1;1
-32;-23;30;1;1
-58;27;20;0;1
-11;2;24;0;1
-19;-9;33;1;1
-59;-1;24;1;1
-30;24;44;0;1
-52;24;34;1;1
-40;-35;36;0;1
-34;-25;50;0;1
-40;10;48;1;1
-43;-33;42;0;1
-32;-34;27;0;1
-30;-15;52;1;1
-42;-26;50;0;1
-38;18;53;0;1
-24;9;60;0;1
-31;37;51;0;1
-32;36;35;0;1
-51;-18;46;0;1
-16;-6;35;1;1
-26;17;40;0;1
-23;-36;44;1;1
-29;21;40;0;1
-31;-8;18;0;1
-18;-18;65;0;1
-24;18;41;0;1
-50;17;42;1;1
-54;-3;37;0;1
-41;29;24;1;1
-25;12;24;0;1
-26;-7;27;0;1
-35;-49;23;1;1
-20;9;27;1;1
-49;-23;43;0;1
-33;24;57;0;1
-26;-10;12;0;1
-32;-1;22;1;1
-24;-20;63;1;1
-24;-17;39;0;1
-25;32;55;0;1
-35;31;15;1;1
-21;-11;22;0;1
-14;0;31;0;1
-44;17;24;1;1
-56;0;42;0;1
-59;4;35;0;1
-7;9;24;0;1
-61;-4;19;1;1
-39;17;29;0;1
-52;2;22;0;1
-31;-44;25;0;1
-46;23;42;1;1
-51;9;25;0;1
-17;16;36;1;1
-39;34;43;0;1
-25;39;22;0;1
-37;42;35;0;1
-36;-3;33;0;1
-12;10;20;1;1
-43;3;23;0;1
-34;-52;32;1;1
-59;-6;25;0;1
-64;5;20;1;1
-25;-16;37;0;1
-29;1;25;0;1
-22;-17;31;0;1
-28;23;54;0;1
-35;-20;22;0;1
-24;-17;38;1;1
-27;-15;24;0;1
-44;-27;47;0;1
-22;10;13;0;1
-23;-6;36;0;1
-38;-38;21;0;1
-34;-19;25;0;1
-19;-22;50;0;1
-22;-4;50;1;1
-38;46;29;0;1
-33;-7;15;0;1
-20;14;14;0;1
-24;20;40;0;1
-51;2;39;0;1
-26;40;20;1;1
-46;38;29;1;1
-47;33;38;0;1
-33;-23;46;0;1
-40;-21;48;0;1
-16;15;36;1;1
-23;-24;9;1;1
-24;5;8;0;1
-41;-42;21;0;1
-51;-39;28;1;1
-24;29;54;1;1
-33;-34;34;0;1
-42;0;43;0;1
-36;16;45;0;1
-21;-29;16;1;1
-44;-25;46;0;1
-29;-12;55;0;1
-44;30;45;0;1
-38;-13;16;0;1
-31;-45;39;0;1
-43;1;38;0;1
-27;-2;28;0;1
-20;27;21;0;1
-25;-12;61;0;1
-36;-38;48;1;1
-24;-31;24;1;1
-35;-7;42;0;1
-34;8;15;0;1
-16;-14;21;0;1
-60;0;37;0;1
-17;-9;23;0;1
-51;-7;16;0;1
-34;28;25;1;1
-39;-6;14;1;1
-41;16;42;1;1
-23;19;42;0;1
-32;19;13;1;1
-51;25;42;1;1
-34;31;51;0;1
-26;33;33;1;1
-28;38;46;1;1
-10;-12;29;1;1
-38;22;52;1;1
-51;20;28;1;1
-57;-14;17;0;1
-42;39;19;1;1
-53;-40;20;1;1
-58;25;26;0;1
-57;-6;39;0;1
-30;-36;38;0;1
-24;10;46;0;1
-43;1;39;1;1
-33;-45;31;0;1
-45;1;24;0;1
-20;-18;39;1;1
-58;18;17;1;1
-40;35;31;0;1
-35;10;18;0;1
-53;-32;25;1;1
-31;6;9;0;1
-34;30;14;0;1
-41;-15;22;1;1
-21;-27;33;0;1
-43;40;30;0;1
-46;-45;19;0;1
-28;19;51;0;1
-63;3;28;0;1
-16;-21;61;0;1
-51;32;18;0;1
-59;14;29;1;1
-27;27;36;0;1
-33;-39;34;0;1
-24;-23;61;0;1
-28;-1;16;0;1
-19;13;51;0;1
-43;33;25;0;1
-41;-21;21;1;1
-25;40;34;1;1
-27;19;53;0;1
-50;-34;36;1;1
-27;-35;54;0;1
-37;27;38;1;1
-36;33;45;0;1
-39;1;24;0;1
-43;-10;39;1;1
-28;23;23;1;1
-29;-9;9;0;1
-43;48;21;1;1
-34;37;44;0;1
-43;30;40;0;1
-35;28;48;0;1
-53;-23;27;0;1
-58;-8;39;0;1
-17;3;32;0;1
-44;-32;24;0;1
-38;-41;42;0;1
-48;-17;30;1;1
-51;-17;31;1;1
-16;-24;23;1;1
-38;39;27;0;1
-42;1;17;1;1
-49;19;24;0;1
-17;-12;29;0;1
-62;0;23;0;1
-19;29;39;0;1
-42;-40;36;0;1
-33;-15;26;0;1
-21;11;12;1;1
-40;15;36;0;1
-30;-12;25;0;1
-25;18;46;0;1
-30;-25;24;1;1
-24;12;24;0;1
-14;-20;11;0;1
-18;-21;27;1;1
-54;10;42;0;1
-20;0;37;0;1
-34;1;39;0;1
-62;-11;21;0;1
-32;-18;55;1;1
-58;1;19;0;1
-25;8;29;1;1
-35;-44;33;0;1
-20;-23;14;0;1
-31;19;32;0;1
-30;29;12;1;1
-35;20;47;0;1
-21;-20;38;0;1
-36;-19;53;0;1
-32;-51;23;0;1
-52;19;22;0;1
-47;11;22;0;1
-22;8;63;1;1
-41;-9;53;0;1
-21;11;63;0;1
-33;30;53;0;1
-34;32;38;0;1
-36;-12;29;0;1
-35;16;40;0;1
-12;20;47;0;1
-48;-37;21;0;1
-24;34;51;1;1
-16;6;31;1;1
-18;-13;13;1;1
-32;-46;23;1;1
-19;-29;31;0;1
-40;-37;38;0;1
-54;0;46;1;1
-60;0;25;0;1
-49;11;46;0;1
-33;-21;59;0;1
-27;-4;64;0;1
-52;-9;46;1;1
-37;-2;36;1;1
-39;-12;14;1;1
-32;16;43;0;1
-26;5;25;1;1
-55;-26;36;0;1
-35;-42;43;0;1
-42;30;38;0;1
-22;-14;63;0;1
-27;-36;13;1;1
-36;-12;56;1;1
-22;-23;16;1;1
-34;9;59;0;1
-31;-18;19;0;1
-24;7;19;0;1
-34;-49;34;1;1
-51;-10;46;1;1
-38;14;52;0;1
-30;-12;32;1;1
-35;-49;17;0;1
-60;-14;17;0;1
-60;20;18;0;1
-38;-6;14;0;1
-43;13;17;1;1
-23;31;38;0;1
-32;14;40;0;1
-40;20;31;1;1
-26;-39;38;1;1
-42;20;26;0;1
-38;17;27;1;1
-22;-20;23;1;1
-42;-45;19;0;1
-61;21;26;1;1
-36;3;11;0;1
-54;25;19;0;1
-36;-26;41;0;1
-15;15;34;0;1
-41;-4;30;0;1
-22;-29;57;1;1
-36;1;31;1;1
-12;-8;23;1;1
-48;20;20;0;1
-47;-41;18;0;1
-34;25;18;0;1
-39;7;48;0;1
-50;-11;34;0;1
-36;-34;33;0;1
-14;5;40;0;1
-52;26;28;0;1
-21;29;24;0;1
-14;-2;32;0;1
-28;-23;59;0;1
-31;-17;56;0;1
-56;32;28;1;1
-28;14;23;1;1
-54;-21;32;0;1
-60;17;17;0;1
-53;-35;22;0;1
-25;7;54;1;1
-48;25;46;1;1
-25;-19;32;0;1
-25;24;16;1;1
-65;-11;24;0;1
-36;14;42;0;1
-20;-14;50;1;1
-49;21;38;1;1
-23;-9;7;0;1
-56;-4;23;1;1
-34;-11;39;1;1
-39;-10;30;1;1
-33;15;32;0;1
-22;-12;12;0;1
-31;24;57;1;1
-48;-3;41;1;1
-35;21;15;0;1
-20;-30;27;1;1
-20;-31;21;0;1
-19;8;26;0;1
-18;22;11;0;1
-27;-26;31;1;1
-51;35;27;0;1
-38;-24;21;0;1
-30;-19;30;1;1
-36;34;35;0;1
-36;-32;36;0;1
-48;4;38;0;1
-26;4;43;0;1
-14;-19;22;0;1
-24;17;51;0;1
-63;-13;30;0;1
-37;-30;44;0;1
-20;21;18;0;1
-31;-7;33;0;1
-29;44;44;0;1
-26;-37;25;0;1
-44;-10;43;1;1
-48;9;38;1;1
-25;14;31;0;1
-29;15;37;1;1
-46;3;36;0;1
-39;-34;29;1;1
-39;37;41;0;1
-34;23;54;1;1
-24;-11;33;1;1
-40;38;29;0;1
-49;14;15;0;1
-55;24;21;0;1
-37;-15;30;0;1
-30;22;40;1;1
-23;36;29;0;1
-45;9;31;0;1
-49;-36;27;0;1
-47;-31;41;0;1
-55;2;23;1;1
-57;-7;31;1;1
-39;39;38;0;1
-48;-35;33;0;1
-31;2;54;1;1
-62;2;27;0;1
-27;44;16;0;1
-35;-40;38;0;1
-22;35;27;0;1
-42;16;31;1;1
-34;-40;42;0;1
-15;19;61;0;1
-28;-25;13;0;1
-43;-44;22;1;1
-16;-5;33;0;1
-34;-52;19;1;1
-45;18;45;0;1
-27;19;61;0;1
-51;-29;25;0;1
-43;-6;47;0;1
-26;0;59;1;1
-40;11;22;0;1
-24;-5;26;0;1
-19;-11;36;0;1
-22;35;19;1;1
-52;-21;22;0;1
-43;28;47;0;1
-53;19;42;1;1
-41;42;19;1;1
-39;23;44;0;1
-14;20;16;0;1
-23;-11;9;0;1
-43;-29;26;1;1
-26;-45;31;0;1
-33;-45;26;0;1
-30;-12;42;0;1
-40;30;40;0;1
-54;3;27;0;1
-30;16;47;0;1
-25;-24;43;1;1
-16;-15;32;0;1
-24;-16;50;0;1
-33;18;33;1;1
-54;-14;21;0;1
-61;0;29;1;1
-22;-36;45;0;1
-27;41;39;0;1
-18;-10;50;0;1
-50;13;17;1;1
-17;29;55;0;1
-38;10;24;0;1
-51;-8;40;0;1
-52;38;22;1;1
-19;-6;43;0;1
-35;50;24;0;1
-25;1;40;0;1
-42;9;50;0;1
-34;0;31;1;1
-40;7;28;0;1
-34;-50;23;1;1
-25;29;20;0;1
-30;16;59;0;1
-50;-19;24;0;1
-34;-33;20;1;1
-40;-34;37;0;1
-27;3;12;1;1
-26;-15;13;0;1
-15;-14;41;0;1
-24;-30;12;0;1
-39;-18;45;1;1
-50;-3;40;1;1
-49;-14;36;0;1
-53;-14;15;1;1
-38;25;32;0;1
-40;-12;55;0;1
-15;-5;32;0;1
-22;-1;37;1;1
-27;17;58;0;1
-20;-2;22;0;1
-60;-11;30;0;1
-37;16;23;0;1
-38;-39;19;1;1
-14;-21;66;1;1
-38;31;36;0;1
-12;-19;57;1;1
-21;34;45;1;1
-27;-11;34;0;1
-38;-22;16;0;1
-44;-42;34;0;1
-24;-18;50;0;1
-41;10;36;1;1
-20;-26;15;1;1
-25;38;34;0;1
-50;6;17;1;1
-12;-5;31;0;1
-40;24;37;0;1
-29;23;16;0;1
-57;-26;30;0;1
-24;-19;40;0;1
-40;36;30;0;1
-52;-11;30;0;1
-25;23;35;0;1
-49;-1;48;0;1
-23;-6;19;0;1
-23;21;18;0;1
-44;-16;20;1;1
-59;-24;22;1;1
-25;-29;18;1;1
-31;-19;33;0;1
-33;22;32;1;1
-17;-3;41;0;1
-30;6;30;1;1
-29;-17;59;0;1
-41;7;37;1;1
-56;34;18;0;1
-38;20;49;1;1
-28;-34;15;0;1
-25;17;50;0;1
-34;39;34;1;1
-35;55;20;1;1
-64;-13;25;1;1
-40;27;16;0;1
-26;31;41;0;1
-9;-9;26;0;1
-58;2;27;0;1
-42;-18;33;1;1
-37;-20;26;1;1
-15;15;51;0;1
-37;2;25;0;1
-11;15;24;0;1
-40;-27;19;1;1
-24;23;56;0;1
-17;28;43;0;1
-32;-33;26;0;1
-17;2;37;1;1
-28;24;50;0;1
-45;-5;50;0;1
-48;27;44;1;1
-30;-26;50;1;1
-25;22;47;1;1
-22;21;63;1;1
-15;-6;40;1;1
-22;-19;42;1;1
-26;14;55;0;1
-21;-12;34;0;1
-26;2;61;1;1
-44;-4;48;0;1
-35;-32;16;0;1
-55;29;25;1;1
-30;15;19;1;1
-27;37;48;0;1
-19;13;32;0;1
-31;-43;17;0;1
-42;43;32;1;1
-40;16;55;0;1
-24;6;13;1;1
-60;10;21;0;1
-49;18;21;0;1
-25;38;49;0;1
-32;-55;26;1;1
-21;-5;54;1;1
-54;-27;36;1;1
-40;-6;26;0;1
-31;12;18;0;1
-46;-16;19;0;1
-49;4;46;1;1
-27;-44;44;0;1
-53;7;27;1;1
-38;29;28;1;1
-37;0;35;0;1
-48;0;15;1;1
-34;-32;51;0;1
-48;-34;35;0;1
-25;27;37;1;1
-28;-30;44;0;1
-56;-14;40;1;1
-32;-40;31;1;1
-64;-7;23;0;1
-48;-23;21;0;1
-40;6;57;1;1
-58;-1;29;0;1
-15;0;22;0;1
-19;-7;28;0;1
-23;31;24;0;1
-41;-25;48;1;1
-36;17;44;0;1
-45;4;50;1;1
-29;50;21;0;1
-46;-23;46;1;1
-49;42;20;1;1
-29;36;16;0;1
-55;-7;39;0;1
-36;-20;52;1;1
-55;-18;33;0;1
-18;9;28;0;1
-25;39;49;1;1
-29;5;58;1;1
-44;9;14;0;1
-33;34;47;0;1
-27;21;56;0;1
-58;27;26;0;1
-49;-8;40;1;1
-56;19;26;0;1
-27;-30;39;1;1
-36;32;25;0;1
-45;14;16;0;1
-25;-18;17;1;1
-22;-31;40;1;1
-28;-8;26;1;1
-42;-14;53;0;1
-44;13;43;1;1
-61;16;28;0;1
-10;-7;29;0;1
-36;-19;13;0;1
-34;10;61;1;1
-19;15;19;0;1
-46;-37;35;1;1
-32;-44;21;0;1
-42;-34;24;0;1
-24;-2;33;0;1
-17;26;47;1;1
-59;-10;28;1;1
-18;-22;62;0;1
-45;49;23;0;1
-24;5;26;0;1
-52;-28;35;0;1
-57;17;21;0;1
-53;16;28;1;1
-21;1;37;0;1
-19;27;12;1;1
-36;9;23;1;1
-42;10;21;1;1
-34;21;56;0;1
-34;-31;31;0;1
-42;20;49;1;1
-19;28;30;0;1
-19;24;17;1;1
-45;-31;23;0;1
-38;-36;34;0;1
-54;-19;23;1;1
-26;-21;19;0;1
-36;-52;30;0;1
-11;6;24;0;1
-17;-19;40;0;1
-17;-28;31;1;1
-29;-28;56;1;1
-54;-32;33;0;1
-5;-7;23;0;1
-30;-50;26;0;1
-61;-10;21;0;1
-31;-21;13;0;1
-52;-9;30;1;1
-14;23;11;0;1
-24;-27;36;0;1
-24;-13;37;1;1
-62;-5;18;0;1
-44;45;30;0;1
-21;-28;48;1;1
-18;6;28;1;1
-40;42;17;1;1
-48;40;20;0;1
-29;45;32;0;1
-14;12;39;0;1
-24;-21;38;0;1
-21;22;56;0;1
-14;-23;11;1;1
-32;-7;23;0;1
-33;55;19;1;1
-50;9;45;1;1
-30;-11;34;1;1
-9;11;22;0;1
-12;-15;51;1;1
-48;-30;41;0;1
-46;-9;21;0;1
-55;-33;20;0;1
-33;20;56;0;1
-58;15;37;1;1
-12;-11;34;1;1
-41;46;20;0;1
-49;19;28;0;1
-60;3;21;1;1
-57;17;28;1;1
-33;15;28;0;1
-22;20;62;1;1
-40;24;53;0;1
-40;3;44;0;1
-40;-53;24;0;1
-25;-14;29;0;1
-26;6;23;1;1
-42;-27;31;1;1
-28;-23;45;1;1
-56;20;22;0;1
-41;9;53;0;1
-59;-23;31;0;1
-18;-4;21;0;1
-55;-13;28;0;1
-35;-14;32;1;1
-44;-27;17;1;1
-55;9;19;1;1
-15;19;32;0;1
-54;12;36;1;1
-31;-50;16;0;1
-20;10;42;1;1
-11;13;20;0;1
-61;17;32;0;1
-31;43;40;1;1
-16;24;33;0;1
-24;19;55;0;1
-27;38;34;1;1
-44;25;40;1;1
-13;-15;35;1;1
-43;33;40;0;1
-33;28;29;1;1
-24;-34;36;0;1
-41;34;39;0;1
-51;24;25;0;1
-51;39;18;1;1
-49;-28;31;0;1
-36;-11;58;0;1
-33;41;36;1;1
-28;-27;12;0;1
-23;32;31;0;1
-22;-17;63;0;1
-20;-12;44;1;1
-15;-21;39;0;1
-16;-2;21;1;1
-27;-22;39;1;1
-50;-10;29;0;1
-41;-35;34;0;1
-9;15;27;0;1
-55;-6;22;1;1
-22;-21;58;0;1
-18;28;46;0;1
-39;30;23;0;1
-55;27;18;0;1
-34;-21;51;1;1
-47;11;39;1;1
-32;-45;41;0;1
-23;35;32;0;1
-24;-25;19;0;1
-38;32;25;0;1
-32;25;48;0;1
-58;0;37;1;1
-34;-57;23;0;1
-41;-5;15;1;1
-38;4;50;0;1
-32;21;57;1;1
-31;-38;39;0;1
-26;18;59;1;1
-23;-29;26;1;1
-16;16;48;1;1
-41;11;42;0;1
-22;-24;54;1;1
-32;43;17;0;1
-41;33;17;1;1
-42;-9;17;0;1
-25;9;34;0;1
-64;2;20;0;1
-57;-34;25;1;1
-54;37;18;1;1
-18;5;49;0;1
-22;-8;13;1;1
-34;-11;15;0;1
-26;-42;18;1;1
-47;-10;24;0;1
-48;-8;19;0;1
-39;16;12;0;1
-48;-31;19;1;1
-27;1;43;0;1
-21;-5;25;0;1
-16;4;35;0;1
-30;16;62;0;1
-40;52;24;0;1
-27;-43;16;0;1
-50;16;23;0;1
-52;-23;19;0;1
-24;-4;54;0;1
-39;-22;16;1;1
-31;-23;27;0;1
-31;13;21;0;1
-37;-24;48;0;1
-51;13;25;0;1
-36;-49;23;0;1
-33;17;50;0;1
-56;0;22;1;1
-24;-15;34;1;1
-66;-8;24;1;1
-38;-54;20;1;1
-57;-3;24;1;1
-23;5;59;1;1
-25;-10;16;0;1
-47;-13;22;0;1
-34;1;51;0;1
-26;30;50;0;1
-21;30;47;0;1
-31;16;53;1;1
-55;3;21;0;1
-39;-28;39;1;1
-42;24;29;0;1
-49;-37;18;0;1
-61;29;22;0;1
-38;37;19;0;1
-20;28;51;1;1
-19;-26;41;0;1
-21;8;14;1;1
-39;-40;16;0;1
-14;22;39;1;1
-49;-32;21;0;1
-37;54;21;0;1
-45;-20;49;1;1
-33;23;35;1;1
-37;-16;18;0;1
-35;-16;44;1;1
-34;-21;29;1;1
-27;27;19;1;1
-23;-17;42;0;1
-37;-4;52;1;1
-14;-6;25;1;1
-28;-43;20;1;1
-36;-22;41;0;1
-48;-13;26;0;1
-10;-12;28;0;1
-51;-35;32;1;1
-19;16;15;0;1
-52;14;25;0;1
-24;-13;59;1;1
-51;11;41;1;1
-29;-10;23;1;1
-22;1;43;0;1
-31;-2;47;0;1
-59;0;25;0;1
-36;-22;32;1;1
-56;3;18;0;1
-36;-31;16;0;1
-32;40;28;1;1
-63;-10;30;0;1
-44;41;25;0;1
-32;5;51;0;1
-27;-30;32;1;1
-26;21;28;1;1
-23;-1;23;0;1
-20;-12;57;0;1
-15;-9;48;1;1
-21;-23;25;1;1
-42;-13;39;0;1
-40;40;28;0;1
-25;-19;11;1;1
-63;-26;19;0;1
-59;-14;22;0;1
-55;-7;36;0;1
-48;33;34;0;1
-52;9;33;1;1
-26;-14;24;1;1
-20;15;11;0;1
-12;-18;36;1;1
-59;-14;27;0;1
-42;-23;45;0;1
-12;14;25;1;1
-24;17;22;1;1
-54;30;33;0;1
-45;8;31;0;1
-39;-7;22;1;1
-40;-10;47;1;1
-21;24;55;0;1
-47;6;29;0;1
-53;31;18;0;1
-40;53;24;0;1
-59;-3;34;0;1
-17;16;19;0;1
-27;2;27;1;1
-32;3;20;1;1
-20;-6;26;1;1
-42;47;20;1;1
-17;6;31;0;1
-29;18;49;0;1
-41;-10;41;1;1
-58;26;29;0;1
-42;-13;34;1;1
-29;-39;31;1;1
-24;12;37;0;1
-59;-10;29;0;1
-51;-22;38;0;1
-30;-12;45;0;1
-24;-41;13;1;1
-37;-24;22;0;1
-17;18;37;1;1
-26;19;51;1;1
-47;40;29;0;1
-36;45;24;0;1
-33;37;19;1;1
-25;-10;10;0;1
-43;18;45;0;1
-24;9;34;0;1
-30;-20;30;1;1
-33;-45;43;0;1
-35;-39;29;1;1
-32;-1;54;1;1
-52;-10;29;1;1
-28;-5;36;0;1
-47;3;28;0;1
-8;12;28;0;1
-26;-28;33;1;1
-54;21;29;0;1
-39;-12;58;0;1
-32;-23;39;1;1
-41;19;53;0;1
-22;-10;33;1;1
-23;-27;31;0;1
-44;-1;55;1;1
-27;-8;57;1;1
-11;-14;32;0;1
-8;-13;34;1;1
-38;-9;15;1;1
-66;5;24;1;1
-56;-20;38;1;1
-52;28;20;1;1
-24;-18;48;1;1
-31;24;26;1;1
-35;7;37;0;1
-43;-9;36;0;1
-38;14;35;0;1
-49;7;49;0;1
-30;-6;12;1;1
-37;18;38;0;1
-15;-14;33;0;1
-42;-31;30;1;1
-53;21;20;0;1
-26;-15;52;1;1
-36;3;19;0;1
-47;26;36;1;1
-24;2;13;0;1
-16;18;26;0;1
-29;11;62;0;1
-36;8;10;0;1
-24;16;53;1;1
-40;11;41;1;1
-59;-4;37;1;1
-44;18;48;1;1
-45;14;51;0;1
-53;-36;28;1;1
-51;-19;18;0;1
-16;-14;17;0;1
-15;1;32;1;1
-24;-12;37;0;1
-32;-12;32;1;1
-25;-4;51;0;1
-19;24;50;1;1
-24;4;61;0;1
-32;-5;14;0;1
-38;46;32;1;1
-27;8;42;0;1
-14;-4;27;0;1
-28;-18;24;1;1
-37;-24;37;0;1
-23;33;39;1;1
-21;26;25;0;1
-52;19;44;0;1
-27;-16;63;0;1
-37;-7;46;0;1
-43;-12;36;1;1
-45;-13;20;1;1
-52;34;34;0;1
-39;11;42;1;1
-57;22;35;1;1
-17;-29;56;0;1
-57;-11;32;1;1
-38;-17;34;0;1
-16;25;8;1;1
-44;-27;19;0;1
-25;-43;50;0;1
-54;-2;39;1;1
-33;21;40;0;1
-39;0;51;1;1
-38;-15;32;0;1
-49;-17;42;1;1
-35;-25;37;0;1
-46;-7;42;0;1
-21;-25;25;0;1
-20;34;57;1;1
-45;-23;21;1;1
-38;19;51;0;1
-40;3;57;0;1
-48;25;32;0;1
-58;8;40;0;1
-33;-14;34;0;1
-23;32;16;1;1
-41;-31;23;0;1
-44;-19;40;0;1
-29;10;31;0;1
-17;-5;42;0;1
-45;18;37;0;1
-39;14;14;1;1
-21;12;53;0;1
-14;17;23;0;1
-20;19;12;1;1
-65;7;19;1;1
-30;-50;38;1;1
-18;-13;36;1;1
-21;18;26;1;1
-34;21;49;0;1
-38;-38;22;1;1
-15;-16;25;0;1
-32;-5;39;0;1
-22;-16;41;1;1
-41;20;34;1;1
-48;22;21;1;1
-29;-34;23;0;1
-42;-22;13;0;1
-43;-39;32;0;1
-39;21;12;0;1
-28;-2;35;1;1
-42;-24;48;0;1
-23;31;34;0;1
-47;18;43;1;1
-19;-31;55;1;1
-19;12;20;0;1
-16;12;28;0;1
-41;41;41;1;1
-32;36;49;0;1
-51;-26;16;1;1
-25;40;47;1;1
-50;24;35;0;1
-40;-39;43;1;1
-41;25;36;0;1
-33;-26;48;1;1
-26;45;40;1;1
-27;-32;41;1;1
-38;31;47;0;1
-33;-19;39;1;1
-49;-40;20;1;1
-20;8;12;1;1
-41;-24;48;1;1
-11;-18;31;0;1
-38;49;18;1;1
-21;21;60;1;1
-36;22;40;0;1
-23;7;55;0;1
-39;27;37;0;1
-25;-18;41;1;1
-40;27;30;0;1
-47;41;17;1;1
-61;14;24;0;1
-12;13;25;0;1
-42;-51;23;1;1
-43;46;32;1;1
-15;-15;45;1;1
-31;-40;45;0;1
-28;18;48;0;1
-53;8;41;1;1
-12;-4;34;1;1
-55;-15;28;1;1
-43;27;23;0;1
-39;9;33;1;1
-25;-6;42;1;1
-25;-2;35;0;1
-45;51;19;0;1
-29;23;38;0;1
-45;21;15;0;1
-41;26;42;0;1
-30;-24;26;0;1
-33;-31;14;1;1
-45;44;31;1;1
-24;25;43;0;1
-51;-40;18;0;1
-34;41;44;0;1
-39;12;33;1;1
-42;30;18;0;1
-36;-48;38;0;1
-40;45;37;0;1
-35;-42;33;0;1
-53;18;26;1;1
-30;-45;18;1;1
-30;-34;27;0;1
-45;-24;27;0;1
-17;1;37;1;1
-25;-20;61;0;1
-49;28;33;0;1
-57;-1;17;0;1
-58;18;20;1;1
-31;-47;34;0;1
-48;26;24;0;1
-62;-14;27;0;1
-41;-47;20;0;1
-33;44;18;0;1
-54;-13;22;1;1
-30;13;9;0;1
-16;25;37;1;1
-43;-33;36;0;1
-28;-3;48;1;1
-29;-11;54;0;1
-23;33;45;0;1
-31;14;42;0;1
-57;1;41;0;1
-49;-15;35;0;1
-21;-15;54;1;1
-14;-12;36;0;1
-44;38;20;0;1
-20;32;49;0;1
-23;-38;25;1;1
-17;-24;49;1;1
-28;21;55;0;1
-50;36;33;0;1
-40;-22;27;0;1
-28;-5;55;1;1
-19;14;47;1;1
-34;10;31;0;1
-27;5;38;1;1
-49;-35;37;0;1
-22;-11;51;0;1
-64;7;20;0;1
-54;-20;28;0;1
-30;-33;49;0;1
-47;4;37;1;1
-24;-14;42;0;1
-36;-35;44;1;1
-34;22;12;1;1
-16;-10;17;1;1
-43;-24;34;0;1
-59;27;21;0;1
-19;27;47;0;1
-37;36;18;0;1
-58;-6;21;0;1
-24;-3;12;0;1
-26;29;17;0;1
-28;-43;33;0;1
-32;-44;45;0;1
-32;-8;24;0;1
-36;54;26;0;1
-38;5;33;0;1
-14;-18;60;1;1
-34;8;58;0;1
-42;-3;52;1;1
-43;42;29;0;1
-50;-26;28;1;1
-19;26;17;0;1
-59;0;27;1;1
-27;31;50;0;1
-28;-30;23;1;1
-29;27;39;1;1
-30;-6;23;0;1
-17;-21;56;0;1
-23;37;35;0;1
-36;44;40;1;1
-28;-21;25;0;1
-32;28;19;0;1
-45;-1;17;0;1
-38;50;26;0;1
-42;27;41;1;1
-25;-27;13;0;1
-39;-5;55;0;1
-60;16;21;0;1
-10;15;30;0;1
-21;-6;48;0;1
-19;6;46;0;1
-33;-10;12;0;1
-29;-4;37;1;1
-38;1;13;0;1
-30;22;53;0;1
-62;-20;27;1;1
-38;-44;34;0;1
-15;-8;37;1;1
-44;19;42;0;1
-24;-2;39;0;1
-20;-34;15;0;1
-32;-45;20;1;1
-23;9;66;1;1
-41;52;20;1;1
-56;-3;22;0;1
-20;14;32;1;1
-38;37;47;0;1
-23;12;28;0;1
-41;-42;16;1;1
-29;-7;8;0;1
-35;-39;47;1;1
-13;16;38;0;1
-30;43;18;0;1
-30;14;58;1;1
-51;6;15;1;1
-47;-36;35;0;1
-36;-19;58;0;1
-50;20;34;0;1
-44;27;25;0;1
-26;8;31;0;1
-59;-30;18;0;1
-16;-16;12;1;1
-34;28;12;0;1
-35;-43;34;0;1
-38;26;52;0;1
-29;-4;23;0;1
-42;-46;21;0;1
-28;9;23;1;1
-53;-4;17;0;1
-29;22;57;0;1
-43;36;26;1;1
-28;-29;23;1;1
-27;-24;21;1;1
-58;6;25;1;1
-30;-27;27;0;1
-51;21;21;0;1
-25;41;25;1;1
-18;-2;38;0;1
-40;16;48;1;1
-36;-17;20;1;1
-39;-34;39;0;1
-31;-36;16;0;1
-25;-10;48;1;1
-38;-5;18;0;1
-37;-12;35;0;1
-18;21;10;0;1
-18;-22;27;1;1
-60;-19;18;1;1
-43;-7;48;1;1
-36;6;30;1;1
-30;-11;33;1;1
-45;47;27;0;1
-26;-12;24;0;1
-32;-14;25;0;1
-25;-3;64;0;1
-17;-13;39;0;1
-58;-27;25;0;1
-39;9;13;0;1
-16;-21;16;0;1
-36;26;43;0;1
-30;7;26;1;1
-25;-19;58;0;1
-26;-9;56;0;1
-28;31;35;0;1
-39;6;47;1;1
-23;24;56;0;1
-41;-1;36;1;1
-31;7;21;1;1
-62;6;30;0;1
-9;12;27;0;1
-36;-9;17;0;1
-33;30;37;1;1
-22;-36;37;0;1
-22;22;57;0;1
-38;-18;56;0;1
-34;-20;40;0;1
-46;3;34;0;1
-51;-12;40;1;1
-57;-20;20;0;1
-34;-20;45;0;1
-25;-38;38;0;1
-44;43;24;0;1
-37;-9;36;0;1
-28;26;44;0;1
-58;9;17;0;1
-58;7;27;0;1
-16;2;23;0;1
-49;-29;25;0;1
-41;-1;53;1;1
-28;48;22;0;1
-53;-20;40;0;1
-37;-12;46;1;1
-13;-16;56;0;1
-18;-22;13;0;1
-22;22;24;1;1
-29;-37;19;0;1
-21;22;29;0;1
-55;23;28;0;1
-61;25;26;0;1
-30;8;27;1;1
-30;36;46;0;1
-40;9;57;0;1
-63;-11;21;0;1
-43;4;30;1;1
-64;-12;25;0;1
-54;-29;26;0;1
-36;-9;53;1;1
-19;-13;54;0;1
-48;-12;43;0;1
-43;11;40;0;1
-26;28;45;1;1
-17;-6;44;0;1
-41;19;29;1;1
-35;18;14;0;1
-26;2;56;0;1
-39;-6;48;1;1
-40;19;41;0;1
-57;-14;35;1;1
-29;-2;16;0;1
-41;35;22;0;1
-20;-4;20;0;1
-48;-7;13;1;1
-43;18;20;0;1
-39;-11;31;0;1
-18;24;39;0;1
-60;14;34;0;1
-32;32;19;1;1
-18;15;44;0;1
-67;-7;21;0;1
-24;-15;25;0;1
-29;8;23;1;1
-50;-10;33;1;1
-53;16;41;0;1
-35;-19;12;0;1
-20;15;66;1;1
-37;-20;27;0;1
-44;6;30;1;1
-50;28;26;0;1
-28;11;55;0;1
-14;17;58;0;1
-29;-21;56;1;1
-56;1;39;0;1
-12;-15;50;1;1
-58;17;35;1;1
-15;-15;34;1;1
-48;7;50;0;1
-53;-11;38;0;1
-33;16;26;0;1
-47;26;37;1;1
-34;-16;56;1;1
-42;-6;18;0;1
-23;35;35;0;1
-35;-14;50;0;1
-26;-2;51;0;1
-25;-5;61;1;1
-35;-31;44;0;1
-55;-7;31;0;1
-28;25;41;0;1
-39;-3;35;1;1
-12;-20;32;0;1
-32;-27;33;0;1
-33;26;48;0;1
-19;-13;13;0;1
-37;6;33;0;1
-29;43;18;1;1
-30;-17;42;0;1
-22;33;18;1;1
-20;-4;55;1;1
-30;-12;15;0;1
-40;-50;23;0;1
-52;33;27;0;1
-46;-19;22;0;1
-37;-46;28;1;1
-28;10;37;0;1
-26;-38;16;0;1
-22;-33;36;1;1
-47;3;25;1;1
-45;16;41;0;1
-37;-5;45;0;1
-25;23;19;1;1
-16;7;27;1;1
-59;11;28;1;1
-26;33;55;0;1
-32;-36;45;0;1
-34;-1;21;1;1
-22;19;56;0;1
-27;0;27;0;1
-38;34;23;0;1
-26;7;37;0;1
-36;-7;41;0;1
-40;6;39;0;1
-31;49;34;0;1
-23;-9;48;0;1
-27;-10;46;0;1
-36;52;30;0;1
-52;-15;28;0;1
-47;-22;38;1;1
-31;40;47;0;1
-37;14;31;0;1
-39;31;32;0;1
-40;48;20;0;1
-45;29;40;0;1
-17;7;20;0;1
-20;28;40;0;1
-38;-34;18;0;1
-53;-34;31;1;1
-36;-50;20;1;1
-23;5;62;0;1
-62;-14;25;0;1
-16;-27;16;0;1
-43;9;30;1;1
-21;8;33;0;1
-43;8;47;1;1
-30;32;25;1;1
-58;10;28;1;1
-33;-47;20;1;1
-23;14;49;0;1
-39;15;52;0;1
-17;6;26;1;1
-22;-9;14;1;1
-18;17;18;0;1
-35;-36;26;1;1
-49;15;18;0;1
-48;10;33;0;1
-11;-16;49;1;1
-32;-20;49;1;1
-37;21;35;0;1
-26;7;12;1;1
-45;-8;22;1;1
-30;5;51;0;1
-29;18;39;0;1
-30;30;48;1;1
-22;5;31;1;1
-58;6;31;0;1
-37;20;23;0;1
-26;11;14;0;1
-52;43;19;1;1
-21;22;54;0;1
-48;-21;36;1;1
-37;-18;55;0;1
-37;30;25;0;1
-19;14;38;1;1
-38;-8;52;0;1
-23;-26;39;0;1
-48;-7;47;1;1
-34;19;21;0;1
-40;-34;18;0;1
-47;7;38;0;1
-29;47;29;1;1
-16;27;25;1;1
-41;0;46;0;1
-22;13;44;0;1
-28;8;21;1;1
-30;-9;46;1;1
-35;-4;22;0;1
-18;-26;10;0;1
-54;-19;28;1;1
-24;-22;36;1;1
-19;6;24;0;1
-21;-13;11;1;1
-27;-10;39;0;1
-26;-19;53;0;1
-31;35;34;0;1
-36;-41;33;1;1
-41;-11;25;1;1
-28;15;44;0;1
-60;4;37;0;1
-45;13;28;1;1
-46;-5;19;0;1
-40;1;49;0;1
-38;35;15;0;1
-15;-15;30;0;1
-46;-14;43;0;1
-32;-27;17;0;1
-37;12;22;1;1
-61;11;27;0;1
-55;13;26;0;1
-38;-22;44;0;1
-65;10;18;1;1
-33;-24;53;0;1
-45;-29;40;0;1
-45;21;44;1;1
-54;-23;31;0;1
-42;-34;36;1;1
-41;-48;24;0;1
-22;-24;45;0;1
-15;-10;27;1;1
-45;35;17;1;1
-30;-19;31;1;1
-33;8;25;1;1
-28;-47;24;0;1
-39;8;36;0;1
-14;-8;31;1;1
-40;-14;44;0;1
-26;26;56;1;1
-26;-6;15;0;1
-41;29;31;1;1
-15;25;49;0;1
-34;3;61;1;1
-33;-9;27;0;1
-35;27;42;0;1
-53;35;23;0;1
-12;19;21;1;1
-41;22;13;0;1
-31;-18;25;0;1
-39;17;12;0;1
-29;5;41;1;1
-50;-20;40;1;1
-47;25;47;0;1
-36;17;28;0;1
-22;30;51;0;1
-26;-10;57;1;1
-24;-35;51;0;1
-38;34;42;1;1
-29;4;43;0;1
-35;3;20;0;1
-29;15;63;1;1
-41;1;33;0;1
-51;30;25;1;1
-34;45;38;1;1
-26;-3;47;0;1
-23;21;41;1;1
-29;32;55;0;1
-27;20;14;1;1
-27;25;39;1;1
-59;6;37;0;1
-11;-18;33;0;1
-20;32;14;0;1
-22;-20;38;0;1
-26;-35;45;0;1
-26;-2;45;1;1
-51;-26;35;0;1
-19;14;23;0;1
-33;-30;52;0;1
-58;6;34;0;1
-51;-4;17;1;1
-44;2;53;0;1
-24;0;29;0;1
-26;11;45;1;1
-16;-2;37;0;1
-47;9;29;0;1
-22;16;43;1;1
-58;4;16;0;1
-48;-38;32;0;1
-27;9;22;0;1
-16;-20;39;0;1
-30;17;46;0;1
-31;39;29;0;1
-26;-31;16;0;1
-43;18;46;0;1
-54;2;21;1;1
-63;-19;23;0;1
-21;-18;64;0;1
-11;9;31;0;1
-23;17;11;0;1
-28;31;42;0;1
-35;32;21;1;1
-41;-24;49;0;1
-29;-8;61;0;1
-32;-28;38;0;1
-38;-19;24;1;1
-24;-38;17;1;1
-40;-34;39;0;1
-34;33;48;0;1
-25;-42;48;1;1
-26;17;37;0;1
-22;4;50;0;1
-43;-21;44;0;1
-39;-19;35;0;1
-33;2;11;1;1
-45;-16;23;1;1
-20;4;16;0;1
-30;-10;46;1;1
-47;19;18;0;1
-41;17;51;1;1
-19;7;54;0;1
-24;-14;45;0;1
-34;-9;55;1;1
-65;3;24;0;1
-24;-21;41;1;1
-36;16;52;1;1
-37;27;39;0;1
-47;-29;21;0;1
-32;29;52;1;1
-29;-12;30;0;1
-26;-24;60;0;1
-42;-15;19;0;1
-18;-17;11;0;1
-26;-20;35;0;1
-38;6;30;1;1
-28;5;20;0;1
-16;20;12;0;1
-49;-17;41;0;1
-47;18;30;0;1
-31;5;62;0;1
-36;17;58;0;1
-33;-12;28;0;1
-32;47;20;0;1
-36;22;36;0;1
-14;24;65;0;1
-51;-11;37;0;1
-39;-14;45;1;1
-44;-25;14;0;1
-47;43;23;0;1
-57;15;25;0;1
-45;-17;18;1;1
-36;-36;34;1;1
-28;-9;62;1;1
-27;-2;27;0;1
-18;25;51;0;1
-18;-3;48;0;1
-12;18;59;0;1
-41;-40;38;0;1
-20;2;22;0;1
-53;33;33;0;1
-14;-14;33;0;1
-31;37;24;0;1
-24;24;40;0;1
-20;24;23;0;1
-60;-16;19;1;1
-36;44;38;1;1
-17;-13;27;0;1
-31;-47;19;0;1
-14;22;16;0;1
-20;-28;50;1;1
-42;-32;42;0;1
-26;35;36;0;1
-37;16;34;0;1
-29;-13;12;1;1
-19;-24;54;0;1
-38;22;18;0;1
-45;-41;24;0;1
-57;-20;23;0;1
-59;27;28;0;1
-28;-30;46;0;1
-53;-30;24;0;1
-47;-20;26;0;1
-12;19;40;0;1
-33;-43;24;0;1
-37;14;23;0;1
-42;13;14;0;1
-29;14;15;1;1
-45;0;31;0;1
-23;0;41;0;1
-34;-19;55;0;1
-27;-36;30;0;1
-28;-11;37;1;1
-42;-3;18;0;1
-53;-1;39;1;1
-30;37;18;1;1
-20;-27;40;1;1
-25;-15;38;0;1
-27;-6;26;0;1
-37;37;23;0;1
-32;-15;25;0;1
-46;-14;13;1;1
-23;11;55;0;1
-43;17;23;0;1
-40;30;22;0;1
-24;38;37;1;1
-33;-55;30;1;1
-63;22;18;0;1
-59;-5;28;0;1
-23;37;53;0;1
-32;-22;58;1;1
-27;40;33;0;1
-16;16;49;1;1
-43;0;18;0;1
-45;10;49;0;1
-63;26;19;0;1
-23;-17;24;0;1
-30;-7;12;0;1
-42;-15;34;1;1
-35;54;29;0;1
-25;3;19;1;1
-22;-18;46;1;1
-26;-26;44;0;1
-24;-10;56;0;1
-33;-53;19;0;1
-47;17;34;0;1
-29;4;47;0;1
-35;-48;19;1;1
-40;-49;18;0;1
-62;-5;20;1;1
-60;-21;21;0;1
-28;-4;19;1;1
-32;-15;18;0;1
-29;31;25;0;1
-33;-14;11;0;1
-35;-21;18;1;1
-42;33;34;0;1
-18;30;55;1;1
-28;-7;49;0;1
-26;30;29;1;1
-18;25;29;0;1
-42;-28;29;1;1
-30;8;37;1;1
-36;-40;20;1;1
-43;9;45;1;1
-23;-29;35;0;1
-25;-24;50;1;1
-37;-47;23;0;1
-56;12;42;1;1
-54;5;40;0;1
-22;14;66;0;1
-43;13;40;0;1
-35;5;60;1;1
-45;-24;20;0;1
-27;-24;17;1;1
-26;37;17;0;1
-33;-42;36;0;1
-59;29;19;0;1
-24;16;12;0;1
-49;9;33;0;1
-49;21;32;0;1
-56;-18;34;0;1
-26;-43;35;1;1
-61;-8;28;0;1
-23;-27;45;0;1
-19;-19;46;1;1
-48;-7;42;1;1
-41;12;32;1;1
-24;-23;12;0;1
-24;32;29;1;1
-26;39;15;0;1
-20;28;41;0;1
-16;21;32;0;1
-31;-22;28;0;1
-31;-32;34;1;1
-35;42;40;1;1
-45;-24;23;0;1
-42;12;49;1;1
-33;-31;51;0;1
-26;12;47;0;1
-35;14;30;1;1
-44;-10;34;0;1
-38;20;52;0;1
-44;-7;12;1;1
-46;-37;33;1;1
-24;-14;20;0;1
-46;-14;18;0;1
-40;-32;20;0;1
-14;-16;21;0;1
-23;-23;20;0;1
-15;-5;21;1;1
-43;-15;45;0;1
-49;-21;27;1;1
-33;-25;14;1;1
-31;3;60;1;1
-20;-20;33;0;1
-31;43;30;0;1
-31;52;32;1;1
-29;33;55;1;1
-38;27;45;0;1
-29;-14;12;1;1
-36;-16;13;0;1
-29;29;45;0;1
-42;9;24;0;1
-39;24;34;0;1
-15;-11;48;0;1
-40;-22;32;0;1
-18;-25;51;1;1
-28;16;52;0;1
-46;41;30;1;1
-33;0;29;0;1
-45;-31;34;0;1
-32;-2;62;1;1
-56;-1;41;0;1
-27;36;52;0;1
-17;-20;66;1;1
-27;-26;17;1;1
-35;20;55;0;1
-22;29;57;1;1
-60;-18;27;0;1
-27;5;18;0;1
-21;12;23;1;1
-39;-14;19;0;1
-13;-3;23;0;1
-22;25;31;0;1
-35;56;23;1;1
-25;-22;39;1;1
-35;-38;42;0;1
-10;-15;24;1;1
-26;-34;39;1;1
-19;8;35;0;1
-29;30;20;0;1
-28;-5;29;0;1
-51;-7;26;0;1
-53;27;26;0;1
-58;-19;28;1;1
-30;25;37;1;1
-52;-27;38;0;1
-19;-18;11;1;1
-44;13;52;0;1
-36;46;23;0;1
-41;-15;27;0;1
-28;24;45;1;1
-24;-37;55;1;1
-42;-25;50;0;1
-25;5;45;1;1
-26;32;57;1;1
-53;-18;23;0;1
-22;-26;37;0;1
-28;-6;34;0;1
-47;15;48;0;1
-51;10;21;0;1
-24;-31;11;0;1
-29;-36;28;1;1
-26;-24;54;0;1
-24;29;42;1;1
-54;-20;19;0;1
-28;21;17;0;1
-35;19;39;0;1
-19;25;28;1;1
-45;6;13;0;1
-19;-19;32;0;1
-18;6;52;1;1
-14;-18;30;1;1
-40;-16;44;1;1
-19;-30;49;1;1
-31;-13;58;1;1
-36;-20;13;1;1
-14;-13;29;1;1
-28;13;25;0;1
-41;39;17;0;1
-31;26;53;1;1
-30;-50;31;0;1
-30;-32;30;1;1
-30;-33;33;0;1
-38;26;21;1;1
-47;9;48;0;1
-30;0;10;1;1
-26;-29;22;0;1
-53;-22;38;1;1
-25;27;53;1;1
-28;-29;47;0;1
-29;35;34;0;1
-39;-35;28;1;1
-33;13;57;0;1
-24;7;51;0;1
-19;-16;18;1;1
-58;-2;37;0;1
-36;-46;33;0;1
-40;-21;17;1;1
-14;-14;54;0;1
-16;24;57;0;1
-28;-42;44;0;1
-11;-13;39;0;1
-60;-23;18;1;1
-31;-17;50;1;1
-37;-21;43;0;1
-26;-25;48;1;1
-36;10;47;1;1
-37;-4;57;1;1
-47;-16;34;1;1
-41;-16;44;0;1
-50;-35;25;1;1
-49;14;44;1;1
-40;35;33;0;1
-29;-38;26;1;1
-32;8;50;0;1
-48;23;27;0;1
-59;-25;18;0;1
-40;-35;21;0;1
-30;-13;62;0;1
-34;0;13;1;1
-14;-17;37;0;1
-38;-9;35;0;1
-49;-10;37;1;1
-31;40;33;0;1
-44;21;21;0;1
-31;-6;39;0;1
-35;-17;13;0;1
-31;-30;12;0;1
-9;-13;38;1;1
-32;-50;22;1;1
-64;-2;25;0;1
-28;-36;19;0;1
-26;-43;28;0;1
-38;-18;23;1;1
-16;-13;23;1;1
-30;-4;45;1;1
-31;-9;43;1;1
-60;-4;32;1;1
-11;5;26;0;1
-34;10;30;1;1
-48;3;24;0;1
-41;-16;28;0;1
-18;18;24;0;1
-35;-19;34;1;1
-33;30;47;0;1
-34;11;39;1;1
-64;-8;29;0;1
-18;-11;51;0;1
-45;44;26;1;1
-26;3;41;0;1
-63;16;25;0;1
-52;-35;31;1;1
-25;-18;50;1;1
-34;3;54;0;1
-12;11;40;0;1
-43;28;30;1;1
-21;4;36;1;1
-35;-30;31;1;1
-40;-44;23;0;1
-21;-28;17;0;1
-43;-25;47;0;1
-19;-32;48;0;1
-37;11;48;1;1
-28;8;18;0;1
-41;-39;24;0;1
-34;14;33;0;1
-35;8;55;0;1
-14;16;51;1;1
-27;-12;32;0;1
-15;-23;35;1;1
-30;42;17;0;1
-65;9;23;0;1
-40;7;41;1;1
-52;19;33;1;1
-40;-53;20;0;1
-28;27;20;0;1
-35;42;45;1;1
-26;-32;37;0;1
-56;25;17;0;1
-24;-11;44;1;1
-31;-22;27;0;1
-32;32;48;0;1
-40;2;16;1;1
-42;15;55;1;1
-33;12;52;0;1
-18;19;9;1;1
-18;23;22;0;1
-45;-19;42;1;1
-38;44;37;1;1
-27;-42;50;0;1
-24;-38;15;1;1
-51;5;42;0;1
-26;-3;59;0;1
-48;-33;30;0;1
-44;-33;27;0;1
-42;37;33;0;1
-18;-29;45;1;1
-43;-22;34;0;1
-49;26;27;1;1
-59;13;27;1;1
-59;-22;30;0;1
-58;2;29;0;1
-45;24;31;0;1
-42;4;54;1;1
-52;0;21;1;1
-64;12;19;0;1
-24;10;52;0;1
-29;0;50;0;1
-48;8;41;1;1
-40;-17;40;1;1
-23;34;21;0;1
-49;-18;30;0;1
-38;29;42;0;1
-31;-29;37;1;1
-42;-30;15;0;1
-26;-6;17;0;1
-32;34;24;0;1
-51;8;24;1;1
-49;-22;24;0;1
-38;35;33;0;1
-31;28;37;0;1
-44;11;36;1;1
-31;49;21;0;1
-63;-3;27;0;1
-46;-23;40;0;1
-34;29;41;1;1
-41;-29;47;0;1
-48;39;23;0;1
-19;-25;51;1;1
-60;2;32;0;1
-24;5;37;0;1
-45;-34;31;0;1
-32;28;34;1;1
-60;30;21;1;1
-25;-13;29;0;1
-33;38;24;0;1
-40;-18;34;0;1
-57;-12;33;1;1
-47;4;44;0;1
-33;-7;29;0;1
-49;-33;23;1;1
-42;21;31;0;1
-57;6;27;1;1
-55;-11;33;0;1
-20;9;45;1;1
-30;47;41;1;1
-25;-6;26;0;1
-49;20;32;1;1
-19;0;52;1;1
-32;-42;22;0;1
-25;20;40;0;1
-24;37;14;1;1
-51;-32;28;0;1
-24;11;40;0;1
-35;18;50;0;1
-23;-11;38;0;1
-35;23;24;0;1
-45;-12;36;0;1
-53;-9;46;0;1
-29;-27;17;1;1
-26;5;35;1;1
-30;4;29;1;1
-25;29;41;1;1
-49;-30;20;1;1
-31;-28;21;0;1
-30;-9;33;1;1
-30;11;49;1;1
-39;19;44;0;1
-22;23;14;1;1
-24;-30;39;1;1
-38;34;21;1;1
-33;-21;37;0;1
-16;-5;27;0;1
-29;46;37;0;1
-44;23;41;0;1
-42;25;17;0;1
-46;-26;23;0;1
-33;20;19;0;1
-49;-19;22;1;1
-30;-26;37;1;1
-24;-28;31;0;1
-49;-16;45;1;1
-42;25;37;0;1
-39;6;41;1;1
-42;-1;38;1;1
-11;14;38;0;1
-52;-15;33;0;1
-24;39;35;0;1
-31;11;24;1;1
-15;-24;42;0;1
-56;19;21;0;1
-52;14;46;0;1
-15;23;29;1;1
-31;9;12;0;1
-23;11;63;0;1
-32;28;22;1;1
-32;12;22;0;1
-18;14;43;1;1
-33;2;44;1;1
-42;-26;45;1;1
-63;4;24;0;1
-38;8;39;1;1
-40;4;12;0;1
-50;-7;42;1;1
-50;37;34;0;1
-44;16;26;0;1
-21;-2;46;1;1
-34;-20;32;0;1
-32;-44;19;0;1
-48;31;29;1;1
-30;-3;31;0;1
-15;-24;50;1;1
-54;-39;21;1;1
-33;-17;32;0;1
-20;-12;10;1;1
-31;4;38;0;1
-41;15;48;1;1
-37;-21;17;0;1
-20;-10;23;1;1
-31;3;45;0;1
-34;40;15;1;1
-22;15;65;0;1
-23;-9;27;1;1
-19;-18;50;0;1
-27;44;43;0;1
-42;-7;15;0;1
-32;27;12;1;1
-38;-26;51;0;1
-21;6;23;0;1
-26;-27;40;1;1
-25;32;35;1;1
-42;19;49;0;1
-64;-1;29;0;1
-20;19;28;0;1
-31;35;38;0;1
-38;3;30;0;1
-22;-1;28;1;1
-48;-31;25;1;1
-45;-21;48;0;1
-58;-3;30;0;1
-49;9;48;1;1
-29;10;24;0;1
-43;-22;31;0;1
-37;-8;24;0;1
-39;3;46;1;1
-51;-13;46;0;1
-59;19;29;0;1
-35;5;22;1;1
-26;-1;38;0;1
-44;-52;19;0;1
-44;-6;22;0;1
-49;-8;29;1;1
-57;-4;21;0;1
-16;21;44;1;1
-23;-21;11;1;1
-47;29;44;1;1
-30;-11;10;0;1
-35;-12;24;1;1
-36;33;51;1;1
-20;-11;11;1;1
-26;-32;23;1;1
-34;-27;54;0;1
-29;25;46;0;1
-22;23;25;0;1
-36;-10;25;1;1
-41;12;12;0;1
-16;12;49;0;1
-46;16;21;0;1
-17;18;50;1;1
-34;10;45;1;1
-25;43;47;0;1
-49;14;17;0;1
-47;-3;26;0;1
-22;17;63;0;1
-36;-34;15;1;1
-20;6;46;1;1
-31;9;16;0;1
-37;-43;20;0;1
-32;-28;29;0;1
-30;-51;31;1;1
-44;28;17;0;1
-53;0;42;1;1
-28;22;47;1;1
-29;-28;32;0;1
-35;35;19;1;1
-30;23;45;0;1
-44;6;13;0;1
-55;-20;36;1;1
-53;-22;28;0;1
-37;-50;25;1;1
-23;-14;65;0;1
-38;-31;36;0;1
-26;40;33;0;1
-39;10;17;0;1
-39;-42;31;0;1
-27;-8;28;0;1
-10;17;53;0;1
-36;9;39;0;1
-13;10;43;0;1
-57;-17;34;0;1
-47;-29;26;0;1
-21;-32;33;1;1
-32;-24;30;0;1
-45;27;18;0;1
-34;-8;37;1;1
-53;-21;34;0;1
-14;12;23;1;1
-45;23;17;1;1
-32;-34;33;1;1
-17;-14;19;1;1
-29;-10;52;0;1
-46;6;29;1;1
-17;2;22;0;1
-20;-24;62;0;1
-29;-25;34;1;1
-30;47;23;1;1
-22;-12;24;0;1
-61;-8;19;1;1
-39;39;42;1;1
-22;14;14;1;1
-55;1;28;0;1
-19;-26;59;0;1
-51;2;49;1;1
-32;5;11;0;1
-26;-34;27;0;1
-38;30;25;1;1
-36;9;21;0;1
-22;33;17;1;1
-34;7;10;1;1
-25;5;60;1;1
-20;21;57;1;1
-50;37;20;1;1
-36;-48;17;0;1
-34;8;31;0;1
-37;15;42;0;1
-36;-41;18;0;1
-31;-10;39;0;1
-36;28;18;0;1
-50;21;27;0;1
-38;4;28;0;1
-29;47;38;0;1
-61;-29;22;0;1
-32;5;35;0;1
-48;15;30;0;1
-24;13;51;0;1
-30;-30;47;0;1
-35;-27;42;1;1
-20;9;35;0;1
-25;6;16;0;1
-25;-12;29;0;1
-20;10;32;1;1
-13;20;28;1;1
-55;5;37;1;1
-49;32;29;1;1
-13;20;20;1;1
-41;-18;33;0;1
-26;10;42;0;1
-11;18;44;1;1
-32;-27;23;0;1
-53;18;29;0;1
-28;14;44;0;1
-50;29;29;1;1
-25;14;56;0;1
-23;-11;53;0;1
-57;9;18;0;1
-34;2;35;0;1
-23;-10;30;0;1
-36;54;21;0;1
-35;-7;27;1;1
-46;-1;42;1;1
-57;-7;24;0;1
-38;7;12;0;1
-19;-11;54;1;1
-12;18;34;0;1
-47;10;27;0;1
-57;33;22;0;1
-40;48;27;0;1
-15;-7;24;1;1
-24;14;20;1;1
-51;-19;21;0;1
-16;10;51;1;1
-31;-5;57;0;1
-53;-9;19;1;1
-25;40;35;0;1
-20;32;12;1;1
-19;27;27;0;1
-55;23;37;0;1
-43;2;40;0;1
-33;-8;23;0;1
-52;17;33;1;1
-26;-17;22;1;1
-31;18;33;1;1
-18;15;37;1;1
-57;-35;23;0;1
-26;33;56;0;1
-33;-29;43;1;1
-42;-28;38;0;1
-24;-41;41;0;1
-51;9;30;0;1
-42;26;28;1;1
-23;19;24;0;1
-64;-3;26;0;1
-36;-45;27;0;1
-32;11;11;0;1
-27;16;9;0;1
-34;27;37;1;1
-53;40;20;1;1
-54;33;24;0;1
-13;-19;56;1;1
-17;18;19;0;1
-14;-18;57;0;1
-24;-5;52;0;1
-45;12;36;1;1
-36;-46;23;0;1
-49;34;36;0;1
-53;16;34;0;1
-57;16;18;0;1
-10;-13;34;0;1
-17;-27;21;0;1
-48;-39;26;1;1
-37;33;19;0;1
-32;-28;18;1;1
-16;-15;33;0;1
-39;-23;20;0;1
-33;-39;15;1;1
-34;-16;17;0;1
-34;-32;20;1;1
-21;-7;28;1;1
-43;21;25;0;1
-27;10;52;0;1
-23;-39;31;0;1
-30;-20;10;1;1
-21;-29;36;0;1
-34;3;12;0;1
-40;-50;27;0;1
-16;-17;41;0;1
-49;6;47;0;1
-32;43;34;0;1
-55;-17;24;0;1
-38;33;36;0;1
-23;14;58;0;1
-11;-9;35;1;1
-42;32;47;1;1
-31;50;22;1;1
-49;-5;40;0;1
-16;15;59;1;1
-39;-4;22;0;1
-34;48;16;1;1
-19;15;63;1;1
-29;10;42;0;1
-35;-11;34;1;1
-42;2;34;0;1
-21;-11;40;0;1
-14;-6;37;0;1
-19;-20;29;0;1
-42;-45;21;0;1
-55;28;17;1;1
-55;20;32;1;1
-57;-32;25;1;1
-45;-31;26;0;1
-61;-6;27;0;1
-43;-5;28;0;1
-22;7;36;0;1
-42;18;33;0;1
-49;3;32;0;1
-38;-9;32;0;1
-16;-22;16;1;1
-25;11;18;0;1
-52;-20;21;1;1
-45;9;15;1;1
-16;26;61;0;1
-33;-22;23;1;1
-17;24;63;0;1
-32;-22;53;0;1
-39;34;44;0;1
-36;-13;41;0;1
-44;-3;51;0;1
-39;13;50;1;1
-46;-7;46;0;1
-31;-28;40;1;1
-50;-32;21;1;1
-13;21;12;0;1
-15;-7;34;0;1
-28;-46;40;1;1
-44;-13;34;0;1
-33;-41;31;0;1
-25;42;28;0;1
-20;17;14;1;1
-30;26;26;0;1
-57;-14;32;0;1
-20;-4;22;1;1
-54;2;45;0;1
-33;-6;15;0;1
-21;36;34;0;1
-38;-30;16;0;1
-32;7;16;1;1
-48;22;17;1;1
-65;3;19;1;1
-36;15;49;0;1
-24;28;38;0;1
-63;-3;30;0;1
-29;-50;26;0;1
-37;-24;25;0;1
-27;-43;27;0;1
-27;4;43;0;1
-15;-14;53;1;1
-39;9;32;0;1
-41;15;42;0;1
-30;24;55;0;1
-35;9;37;1;1
-59;13;19;0;1
-26;23;42;0;1
-20;30;44;1;1
-34;22;39;0;1
-53;-21;22;0;1
-58;10;26;0;1
-41;14;33;0;1
-47;-4;27;1;1
-57;28;23;0;1
-28;0;38;0;1
-29;-2;13;0;1
-55;-20;27;0;1
-50;29;38;0;1
-56;-14;39;0;1
-39;28;32;1;1
-20;10;13;0;1
-9;-15;43;1;1
-54;-11;42;1;1
-48;-8;42;0;1
-22;17;16;0;1
-43;-22;52;0;1
-44;-16;38;1;1
-17;9;46;0;1
-36;-7;48;0;1
-32;37;29;1;1
-33;28;46;1;1
-30;-31;30;0;1
-42;6;20;0;1
-15;20;62;1;1
-42;19;51;0;1
-49;-22;42;0;1
-35;-37;42;0;1
-43;25;24;1;1
-49;-1;30;0;1
-62;-10;17;0;1
-49;-9;47;1;1
-46;27;17;0;1
-61;4;17;1;1
-24;6;40;0;1
-40;0;14;0;1
-44;-33;32;1;1
-11;7;30;0;1
-15;9;18;0;1
-23;-33;13;0;1
-49;18;44;0;1
-15;-23;44;0;1
-34;-30;24;1;1
-39;-46;17;1;1
-41;18;12;0;1
-22;1;37;1;1
-15;13;22;0;1
-42;-13;48;1;1
-49;-6;38;0;1
-23;-29;15;1;1
-46;11;15;0;1
-23;22;42;0;1
-23;7;31;0;1
-35;-14;45;1;1
-16;12;37;1;1
-31;12;52;1;1
-35;10;47;1;1
-60;6;35;0;1
-45;24;40;1;1
-24;2;29;0;1
-33;4;52;1;1
-47;-6;41;1;1
-23;19;10;0;1
-11;18;35;1;1
-58;24;27;0;1
-45;-22;46;0;1
-28;23;47;1;1
-13;16;26;1;1
-41;20;52;0;1
-21;-16;18;0;1
-30;-8;43;0;1
-43;21;19;0;1
-42;2;41;1;1
-49;-14;29;1;1
-42;-32;23;0;1
-30;22;28;1;1
-57;-7;20;1;1
-44;26;21;0;1
-13;1;33;1;1
-50;41;24;0;1
-40;22;18;0;1
-20;8;24;0;1
-41;-27;42;1;1
-34;17;34;0;1
-15;-25;62;0;1
-45;-21;37;1;1
-39;5;43;1;1
-24;-19;15;0;1
-54;8;18;1;1
-46;-9;15;1;1
-20;24;54;0;1
-46;24;14;1;1
-24;0;51;0;1
-47;29;23;0;1
-42;-49;27;1;1
-13;-14;26;1;1
-49;3;34;0;1
-34;0;55;1;1
-41;-22;32;1;1
-53;30;19;0;1
-48;-35;29;0;1
-13;19;56;0;1
-14;21;51;1;1
-41;26;49;0;1
-47;35;17;1;1
-16;2;28;0;1
-33;30;33;0;1
-28;-8;20;0;1
-47;-22;16;0;1
-40;45;23;0;1
-32;-45;21;0;1
-45;-32;39;0;1
-57;30;19;0;1
-53;-27;26;0;1
-36;18;38;0;1
-28;-23;41;1;1
-19;-2;39;0;1
-41;32;44;1;1
-57;-9;29;0;1
-22;38;22;1;1
-20;-9;59;1;1
-18;-5;27;1;1
-18;-24;47;0;1
-51;-22;40;0;1
-14;8;28;1;1
-38;43;27;1;1
-33;-23;19;0;1
-53;20;33;0;1
-19;-31;16;0;1
-41;-9;15;0;1
-35;3;22;0;1
-31;2;30;0;1
-15;-18;37;0;1
-19;-18;20;0;1
-12;6;34;1;1
-39;17;27;0;1
-18;-22;14;0;1
-12;20;62;1;1
-41;-25;13;0;1
-63;-20;18;0;1
-26;-39;37;0;1
-26;-16;11;0;1
-30;-43;24;0;1
-25;13;17;0;1
-27;-20;10;1;1
-28;22;48;1;1
-49;32;17;0;1
-27;-5;47;1;1
-24;-24;52;0;1
-29;8;44;0;1
-53;-10;43;0;1
-21;-14;7;1;1
-36;27;43;0;1
-34;-38;29;0;1
-44;-16;52;0;1
-43;-19;50;0;1
-54;13;32;0;1
-20;-25;32;0;1
-39;-14;31;0;1
-23;34;29;0;1
-36;39;36;1;1
-36;-9;27;1;1
-24;31;19;0;1
-19;-29;42;0;1
-19;1;27;1;1
-15;25;11;1;1
-43;17;28;1;1
-47;-49;19;1;1
-52;-1;17;0;1
-54;-8;28;0;1
-25;29;16;1;1
-18;-19;18;0;1
-62;25;24;0;1
-58;-2;25;1;1
-50;2;28;0;1
-48;-27;17;1;1
-40;-18;13;1;1
-49;41;18;0;1
-36;48;33;1;1
-41;4;24;1;1
-44;-23;46;1;1
-22;15;22;0;1
-40;46;28;1;1
-44;49;25;0;1
-45;-24;33;1;1
-29;-16;44;1;1
-50;-2;46;1;1
-34;-5;59;0;1
-28;-21;21;0;1
-25;-24;46;0;1
-42;-21;15;0;1
-58;21;21;0;1
-28;-43;48;0;1
-33;-50;22;1;1
-31;16;24;1;1
-42;-30;44;1;1
-17;25;59;1;1
-26;-8;27;1;1
-20;-20;41;1;1
-26;22;29;0;1
-37;-15;17;1;1
-12;-5;26;0;1
-31;36;26;1;1
-27;-4;58;0;1
-19;-17;9;1;1
-47;46;18;0;1
-22;12;20;1;1
-37;-15;56;0;1
-40;38;27;0;1
-54;-9;44;0;1
-16;-19;18;1;1
-17;16;22;1;1
-36;-32;22;0;1
-58;22;23;1;1
-31;14;53;0;1
-29;-22;29;0;1
-53;-26;38;0;1
-32;-31;35;0;1
-28;32;30;0;1
-43;29;14;0;1
-22;29;37;0;1
-23;-15;11;1;1
-32;-25;31;0;1
-38;-4;47;0;1
-23;30;25;0;1
-26;-11;53;0;1
-43;0;35;0;1
-33;51;32;0;1
-34;-42;30;0;1
-20;-15;52;1;1
-44;-39;31;1;1
-29;-23;26;1;1
-41;-20;21;0;1
-26;43;17;0;1
-18;19;45;0;1
-43;-33;20;1;1
-44;27;15;0;1
-28;19;11;0;1
-38;-20;34;0;1
-60;-13;28;0;1
-23;18;36;0;1
-25;-4;28;0;1
-49;-26;15;0;1
-31;9;55;0;1
-23;13;42;1;1
-39;-3;57;1;1
-29;5;17;1;1
-30;8;15;0;1
-17;13;25;1;1
-15;17;50;0;1
-47;29;21;1;1
-37;6;13;1;1
-57;-24;25;0;1
-30;-10;17;1;1
-19;20;59;0;1
-29;-40;45;0;1
-35;3;23;0;1
-46;10;44;0;1
-19;-20;56;0;1
-47;-35;34;0;1
-16;-25;23;0;1
-41;-16;18;1;1
-17;24;14;1;1
-34;-7;17;1;1
-21;19;44;0;1
-40;-35;27;0;1
-29;13;49;0;1
-26;-45;27;0;1
-50;5;29;0;1
-40;-28;21;0;1
-38;-15;16;1;1
-36;2;28;0;1
-48;-34;20;0;1
-28;-39;15;0;1
-34;-37;37;0;1
-53;4;34;1;1
-28;-25;41;0;1
-14;-19;9;0;1
-31;45;39;1;1
-35;-4;14;0;1
-54;14;27;0;1
-28;31;40;1;1
-30;7;43;1;1
-33;17;12;1;1
-27;-28;29;0;1
-22;32;48;0;1
-31;20;27;0;1
-26;-5;18;0;1
-21;-26;32;0;1
-41;-19;32;1;1
-23;18;14;0;1
-58;36;19;1;1
-23;-31;59;0;1
-46;-15;23;0;1
-53;11;43;0;1
-33;-31;23;0;1
-22;-27;41;0;1
-28;38;22;0;1
-26;40;15;0;1
-34;-6;54;0;1
-26;43;39;0;1
-17;29;50;0;1
-35;42;38;0;1
-30;35;24;0;1
-30;-32;42;0;1
-24;-9;35;1;1
-44;28;41;1;1
-37;11;52;0;1
-51;23;23;1;1
-23;24;46;1;1
-14;19;51;0;1
-33;-52;19;0;1
-29;2;17;0;1
-36;1;56;0;1
-53;16;25;0;1
-43;39;32;0;1
-26;-20;47;1;1
-36;-45;39;0;1
-22;-30;60;0;1
-61;10;23;1;1
-25;25;57;0;1
-17;-6;31;0;1
-20;-1;21;1;1
-21;-18;42;1;1
-33;53;25;0;1
-40;3;58;1;1
-28;-15;49;1;1
-14;-14;43;0;1
-32;37;27;1;1
-13;-18;37;1;1
-42;10;15;0;1
-12;-18;44;0;1
-44;-1;53;0;1
-52;-14;46;0;1
-25;-22;53;0;1
-49;15;42;1;1
-46;-6;25;0;1
-10;-15;32;0;1
-17;28;35;1;1
-18;23;60;0;1
-30;-42;41;1;1
-48;15;43;0;1
-30;-28;57;1;1
-59;10;34;1;1
-40;15;20;0;1
-41;-2;56;0;1
-36;-24;14;1;1
-39;9;43;0;1
-52;-2;21;0;1
-22;22;27;1;1
-23;15;63;0;1
-37;-28;28;0;1
-20;-18;8;1;1
-26;-21;38;1;1
-25;-12;51;0;1
-23;32;37;0;1
-55;-1;27;1;1
-29;19;44;0;1
-54;37;26;1;1
-43;-11;43;0;1
-51;-13;27;0;1
-42;12;20;0;1
-20;-22;62;1;1
-49;15;46;1;1
-33;25;31;0;1
-11;-4;28;0;1
-43;-12;55;0;1
-32;-46;41;0;1
-26;-34;35;0;1
-16;20;63;0;1
-55;20;21;1;1
-26;4;33;1;1
-34;17;38;1;1
-18;-26;9;0;1
-36;44;39;1;1
-31;43;27;1;1
-40;30;48;0;1
-21;-31;14;0;1
-33;-13;45;0;1
-45;-1;36;0;1
-18;19;36;1;1
-41;-40;20;0;1
-20;-16;58;0;1
-25;-41;47;0;1
-47;-33;40;0;1
-19;23;29;1;1
-51;22;16;0;1
-32;1;36;1;1
-38;-26;24;0;1
-17;21;54;1;1
-53;-37;26;0;1
-31;9;61;1;1
-18;16;55;1;1
-27;-23;51;1;1
-23;15;15;0;1
-41;-22;46;1;1
-41;26;36;1;1
-36;27;17;1;1
-33;28;49;1;1
-39;-28;42;0;1
-57;0;41;0;1
-18;-27;34;1;1
-28;10;36;1;1
-48;-16;38;0;1
-24;-32;32;1;1
-53;-20;29;1;1
-18;14;53;0;1
-14;-11;46;0;1
-43;16;39;0;1
-49;34;16;1;1
-34;-51;31;1;1
-44;-7;34;0;1
-50;-29;20;0;1
-20;8;16;0;1
-39;-11;25;0;1
-22;13;23;1;1
-36;-3;47;0;1
-50;7;25;0;1
-13;18;32;1;1
-29;5;18;0;1
-20;12;27;0;1
-26;32;41;1;1
-49;44;24;0;1
-24;18;34;1;1
-20;-18;38;1;1
-33;-18;11;0;1
-23;34;54;1;1
-22;-13;60;0;1
-52;-17;25;0;1
-49;-35;36;0;1
-43;32;37;0;1
-18;-12;20;0;1
-41;39;36;0;1
-48;-14;28;0;1
-48;35;26;1;1
-62;-2;22;0;1
-28;-48;16;0;1
-26;-31;37;1;1
-13;-20;42;0;1
-53;-10;18;0;1
-12;16;37;0;1
-48;-19;29;0;1
-42;-31;37;1;1
-45;-21;50;0;1
-35;26;38;1;1
-21;21;47;0;1
-35;-35;33;1;1
-58;31;18;0;1
-40;-3;28;0;1
-13;12;48;1;1
-20;28;55;0;1
-47;-15;21;0;1
-35;16;23;1;1
-19;26;44;0;1
-34;-11;40;1;1
-40;3;28;1;1
-25;9;37;0;1
-19;4;50;1;1
-41;-5;39;0;1
-43;-31;35;1;1
-42;10;20;0;1
-53;26;34;0;1
-20;-4;24;0;1
-51;31;38;1;1
-19;11;54;0;1
-31;2;17;0;1
-17;7;21;0;1
-14;12;31;0;1
-27;42;45;1;1
-40;27;27;0;1
-47;7;34;0;1
-25;-29;47;0;1
-48;-3;46;0;1
-19;16;60;0;1
-28;-36;36;1;1
-26;-6;55;0;1
-35;-20;47;0;1
-16;20;34;0;1
-41;22;35;1;1
-63;14;25;1;1
-56;17;27;1;1
-24;-12;62;0;1
-34;21;25;1;1
-51;44;21;0;1
-43;39;37;0;1
-53;-2;34;0;1
-35;-33;41;0;1
-36;-16;54;1;1
-27;9;36;1;1
-21;10;17;0;1
-42;-31;31;0;1
-24;-35;40;1;1
-37;-14;21;0;1
-26;29;42;0;1
-22;-37;54;1;1
-19;18;9;0;1
-41;-23;43;0;1
-49;10;30;1;1
-40;-1;26;1;1
-18;-30;32;0;1
-17;14;27;0;1
-34;-8;58;0;1
-39;-7;51;0;1
-10;-15;41;1;1
-23;4;43;0;1
-49;-10;49;0;1
-62;8;24;0;1
-31;10;48;1;1
-43;-30;26;1;1
-24;15;27;1;1
-19;-12;49;0;1
-23;20;57;1;1
-31;31;51;1;1
-42;49;18;1;1
-46;-32;26;1;1
-32;-44;43;1;1
-30;50;40;1;1
-25;3;34;0;1
-20;-28;20;0;1
-23;17;62;0;1
-51;29;24;0;1
-33;-20;35;0;1
-42;0;27;1;1
-21;29;53;0;1
-55;-38;19;0;1
-36;13;12;1;1
-40;14;20;0;1
-35;-28;54;0;1
-53;-33;21;0;1
-24;-40;37;0;1
-37;32;38;0;1
-41;-24;22;0;1
-29;-23;51;0;1
-36;-42;16;0;1
-53;-23;16;0;1
-30;-41;15;1;1
-37;41;17;0;1
-33;-48;33;0;1
-40;17;45;0;1
-51;32;32;1;1
-54;-14;18;0;1
-19;-31;40;0;1
-48;26;33;0;1
-17;-25;32;0;1
-14;-7;31;1;1
-34;-17;38;0;1
-47;-17;47;1;1
-52;7;30;1;1
-32;-30;31;1;1
-42;-1;47;0;1
-42;-1;46;1;1
-31;-19;61;0;1
-41;-31;30;1;1
-32;-21;37;1;1
-24;23;19;1;1
-36;-10;49;0;1
-46;-11;31;0;1
-33;-33;43;0;1
-16;-26;22;1;1
-39;46;23;0;1
-22;-6;24;0;1
-31;14;12;0;1
-34;14;14;0;1
-33;-24;23;1;1
-39;33;40;0;1
-30;-31;25;0;1
-47;6;35;0;1
-48;-16;34;0;1
-46;28;25;1;1
-29;-41;39;0;1
-51;-23;32;0;1
-51;-15;37;0;1
-37;19;57;1;1
-25;-15;43;1;1
-26;41;31;1;1
-44;44;21;0;1
-40;18;28;0;1
-38;-32;21;0;1
-19;14;35;0;1
-30;-22;18;0;1
-43;-23;43;0;1
-45;34;17;0;1
-17;-15;18;1;1
-23;39;41;0;1
-34;-31;42;1;1
-21;30;22;1;1
-66;5;23;0;1
-53;-19;43;1;1
-28;-26;22;1;1
-28;32;45;1;1
-38;35;38;0;1
-17;-29;45;0;1
-31;-2;40;0;1
-13;-21;9;1;1
-41;17;54;0;1
-33;-6;38;0;1
-37;-38;31;0;1
-27;-34;17;0;1
-31;-33;52;1;1
-38;10;31;0;1
-42;48;27;0;1
-61;-13;25;0;1
-18;-19;31;1;1
-17;-21;50;0;1
-48;20;15;1;1
-48;12;49;0;1
-49;24;23;1;1
-31;-4;20;1;1
-22;-27;35;0;1
-32;-41;20;0;1
-53;6;41;0;1
-21;-32;58;1;1
-29;-42;39;0;1
-39;-26;19;0;1
-52;33;29;0;1
-30;-18;39;0;1
-28;-1;33;0;1
-27;-1;43;1;1
-59;-10;38;1;1
-33;4;49;0;1
-30;-38;47;0;1
-53;42;21;1;1
-33;30;51;0;1
-32;24;21;0;1
-45;29;18;0;1
-46;-2;15;1;1
-32;46;40;0;1
-36;39;19;0;1
-36;-10;20;1;1
-45;-10;49;1;1
-20;-18;14;1;1
-28;31;55;0;1
-22;-14;7;0;1
-33;5;43;0;1
-41;-32;40;0;1
-44;-8;23;0;1
-40;4;31;1;1
-66;10;23;0;1
-29;38;44;1;1
-41;0;50;0;1
-26;-33;18;0;1
-36;44;16;0;1
-42;-6;36;1;1
-51;9;31;0;1
-31;19;11;0;1
-31;-33;36;1;1
-41;-1;20;0;1
-45;10;36;0;1
-20;-10;15;0;1
-26;35;19;0;1
-20;-29;25;0;1
-26;2;35;0;1
-28;-39;43;0;1
-57;-10;22;0;1
-23;13;65;0;1
-46;-16;49;0;1
-33;-26;23;0;1
-39;14;54;0;1
-27;30;18;0;1
-13;-21;27;0;1
-29;-16;32;0;1
-26;20;35;0;1
-49;-33;28;0;1
-30;-9;25;1;1
-28;46;22;1;1
-36;8;55;0;1
-61;2;36;0;1
-52;-12;22;0;1
-57;6;28;1;1
-20;31;27;0;1
-43;4;34;1;1
-28;-7;64;1;1
-57;-11;17;1;1
-25;-31;29;0;1
-22;-15;57;1;1
-49;-13;41;0;1
-22;2;51;0;1
-37;-8;45;1;1
-13;-12;41;0;1
-27;-30;20;0;1
-18;-27;29;0;1
-40;4;47;0;1
-31;36;19;1;1
-26;-18;54;0;1
-39;44;35;0;1
-49;4;15;0;1
-60;-15;19;1;1
-24;5;16;1;1
-26;13;55;1;1
-52;-18;36;0;1
-25;-1;26;1;1
-13;-6;27;1;1
-41;28;22;1;1
-28;43;49;0;1
-27;15;40;0;1
-12;2;25;0;1
-41;-23;15;0;1
-27;21;38;1;1
-35;1;16;0;1
-49;-25;37;1;1
-32;-1;53;0;1
-46;12;45;0;1
-47;-40;25;0;1
-11;-8;34;0;1
-35;23;51;0;1
-46;21;21;1;1
-28;38;39;0;1
-17;-28;61;1;1
-44;-15;13;1;1
-28;-2;55;0;1
-38;10;42;1;1
-52;-7;47;1;1
-38;25;16;0;1
-61;13;30;0;1
-54;-24;17;1;1
-42;34;18;0;1
-50;41;26;0;1
-36;45;25;0;1
-44;-40;25;0;1
-33;33;21;0;1
-37;20;15;0;1
-43;-23;21;0;1
-38;46;35;0;1
-15;-14;51;1;1
-50;22;17;0;1
-42;24;22;0;1
-40;54;19;0;1
-38;15;24;0;1
-58;8;21;1;1
-21;-35;43;1;1
-21;21;27;1;1
-50;-13;42;1;1
-15;-24;47;0;1
-21;-33;52;1;1
-50;13;46;1;1
-27;39;18;0;1
-49;39;17;1;1
-30;-16;14;0;1
-44;18;33;0;1
-48;-31;37;0;1
-34;13;24;1;1
-52;32;30;0;1
-32;-13;57;0;1
-55;-28;19;1;1
-26;38;42;0;1
-29;37;23;1;1
-30;-11;54;1;1
-42;41;40;0;1
-30;-8;54;1;1
-37;-13;29;1;1
-21;7;55;1;1
-20;-15;48;0;1
-35;21;11;0;1
-16;-11;49;0;1
-25;-3;61;0;1
-42;7;30;0;1
-22;-2;12;1;1
-45;24;44;0;1
-21;31;55;0;1
-47;-46;19;0;1
-20;11;13;1;1
-42;13;45;0;1
-20;34;29;1;1
-37;15;14;0;1
-22;-38;28;0;1
-43;-43;35;0;1
-48;-38;29;1;1
-31;-42;41;0;1
-19;5;49;1;1
-38;19;30;1;1
-50;12;39;0;1
-32;55;26;0;1
-46;-18;50;0;1
-55;30;33;1;1
-59;21;20;0;1
-41;-21;37;0;1
-26;39;24;0;1
-40;-7;50;0;1
-45;42;26;1;1
-33;-19;45;1;1
-26;-38;35;1;1
-57;2;33;0;1
-23;-8;41;1;1
-28;-25;39;1;1
-11;-15;36;0;1
-11;5;28;0;1
-27;-32;31;0;1
-63;9;22;0;1
-53;22;25;0;1
-21;34;50;0;1
-19;-22;19;0;1
-16;-25;29;0;1
-25;2;52;1;1
-55;20;23;1;1
-42;44;34;0;1
-46;0;35;1;1
-44;-12;32;0;1
-50;-23;28;1;1
-43;-3;34;1;1
-34;-26;12;1;1
-34;-5;43;1;1
-58;-4;23;0;1
-37;17;41;0;1
-45;-34;19;1;1
-43;10;34;0;1
-41;-49;22;1;1
-28;37;42;0;1
-38;47;31;0;1
-18;-10;42;0;1
-36;47;19;1;1
-31;-10;17;0;1
-34;40;17;0;1
-9;12;28;1;1
-39;-4;55;0;1
-34;-13;60;1;1
-22;7;12;0;1
-33;-39;25;0;1
-44;-33;37;1;1
-36;-27;48;0;1
-22;-3;20;0;1
-31;50;28;0;1
-49;-5;37;0;1
-35;19;14;0;1
-59;17;24;1;1
-33;-13;61;0;1
-46;19;16;0;1
-22;-11;59;1;1
-50;-40;21;0;1
-23;-29;22;0;1
-21;-19;36;1;1
-55;-26;20;0;1
-30;0;58;0;1
-55;-4;36;1;1
-24;-24;58;0;1
-60;-9;22;1;1
-28;19;31;0;1
-28;-30;34;0;1
-31;40;45;1;1
-38;21;31;1;1
-27;44;48;0;1
-40;-7;16;0;1
-42;8;41;0;1
-52;31;21;0;1
-28;11;63;0;1
-42;38;24;0;1
-38;43;19;0;1
-16;-17;55;0;1
-37;-48;18;1;1
-30;1;53;1;1
-34;-22;19;0;1
-26;-17;56;0;1
-64;-15;19;1;1
-26;-1;60;1;1
-35;-33;14;1;1
-19;27;45;1;1
-40;19;54;0;1
-30;-51;16;1;1
-38;-10;46;0;1
-26;-5;35;0;1
-56;8;20;1;1
-34;-2;51;0;1
-32;11;51;0;1
-30;40;34;1;1
-55;0;19;1;1
-38;1;50;0;1
-14;19;54;0;1
-36;-4;17;0;1
-44;10;46;1;1
-40;-2;12;1;1
-22;3;46;0;1
-47;-19;16;1;1
-17;-12;19;0;1
-21;25;35;1;1
-25;-38;23;0;1
-34;39;45;0;1
-41;-27;37;1;1
-58;-7;29;0;1
-23;34;31;0;1
-25;17;52;1;1
-51;2;14;0;1
-42;-43;18;0;1
-36;-5;22;1;1
-32;-18;21;1;1
-41;15;34;1;1
-50;-2;24;0;1
-56;8;22;1;1
-19;8;17;0;1
-29;1;46;0;1
-20;1;45;0;1
-27;32;26;0;1
-54;4;25;0;1
-42;-51;19;0;1
-20;23;44;0;1
-40;-10;42;0;1
-45;-14;26;0;1
-23;-16;23;0;1
-27;-12;58;0;1
-58;20;33;0;1
-42;-2;35;1;1
-40;-12;37;1;1
-14;-12;29;0;1
-27;37;28;1;1
-55;-27;27;0;1
-24;40;33;0;1
-41;-26;16;1;1
-23;-18;13;0;1
-48;-43;27;0;1
-12;18;30;0;1
-15;6;19;0;1
-30;5;60;1;1
-41;-35;42;1;1
-24;40;46;0;1
-29;18;56;0;1
-30;-14;42;1;1
-23;-10;57;0;1
-56;-9;35;0;1
-63;5;21;0;1
-41;-17;45;1;1
-16;-8;27;0;1
-40;-32;30;0;1
-54;18;24;0;1
-23;30;41;1;1
-38;8;17;0;1
-29;36;53;0;1
-25;5;17;0;1
-18;14;28;0;1
-57;8;29;1;1
-32;-35;37;1;1
-33;4;30;1;1
-26;-8;19;0;1
-29;-10;15;0;1
-9;-5;25;0;1
-32;-53;18;1;1
-36;-21;57;1;1
-48;-44;24;0;1
-31;42;42;1;1
-39;45;36;1;1
-24;-34;15;0;1
-62;-17;23;1;1
-39;-11;21;1;1
-18;-7;21;1;1
-18;-10;31;1;1
-27;-28;51;0;1
-43;32;26;1;1
-37;-12;59;1;1
-41;-7;22;0;1
-28;-35;36;1;1
-42;-1;53;0;1
-32;1;41;1;1
-48;-17;26;0;1
-24;33;22;0;1
-38;9;49;1;1
-52;14;37;1;1
-14;-7;19;0;1
-44;13;23;1;1
-48;-15;17;0;1
-40;-50;21;0;1
-36;5;38;0;1
-58;0;28;1;1
-37;-41;25;0;1
-25;-3;47;0;1
-29;23;18;0;1
-34;-14;55;1;1
-44;31;28;0;1
-13;18;47;1;1
-41;-18;34;0;1
-43;-14;45;0;1
-45;-47;25;1;1
-36;26;32;1;1
-45;-42;18;0;1
-27;39;31;1;1
-43;-7;19;0;1
-42;23;47;0;1
-30;-17;45;0;1
-36;-37;28;1;1
-47;-5;40;0;1
-50;-8;15;0;1
-51;-35;20;0;1
-44;-2;41;0;1
-36;41;17;1;1
-43;27;33;1;1
-24;10;47;1;1
-11;9;38;1;1
-39;-4;32;0;1
-16;-25;51;1;1
-44;11;41;1;1
-19;20;54;1;1
-31;-17;55;1;1
-47;-12;26;0;1
-9;-13;41;1;1
-43;14;14;1;1
-16;-15;56;0;1
-26;14;57;1;1
-29;-2;18;1;1
-29;-36;20;1;1
-42;-38;41;0;1
-36;-1;42;1;1
-36;-2;44;1;1
-42;38;28;1;1
-52;-23;28;0;1
-57;-7;26;0;1
-36;17;39;1;1
-21;19;26;0;1
-40;1;16;0;1
-34;-47;26;1;1
-33;35;31;1;1
-53;5;22;1;1
-33;31;41;0;1
-32;35;26;0;1
-55;-34;24;1;1
-59;-5;30;0;1
-46;21;34;0;1
-46;-49;19;0;1
-30;22;42;0;1
-51;33;25;0;1
-14;21;48;0;1
-28;-30;12;1;1
-50;-25;25;0;1
-40;-47;33;1;1
-25;-3;35;1;1
-37;27;23;0;1
-26;-41;36;0;1
-59;-1;33;0;1
-36;50;30;0;1
-15;-20;39;0;1
-24;-14;14;0;1
-32;24;11;0;1
-28;42;18;0;1
-13;19;54;1;1
-49;-13;33;1;1
-24;-29;60;0;1
-26;-13;49;0;1
-22;11;56;0;1
-50;39;24;1;1
-37;-33;40;0;1
-21;-18;55;0;1
-17;-4;44;1;1
-28;31;33;1;1
-19;-7;20;1;1
-37;48;17;0;1
-49;12;34;0;1
-38;-7;17;1;1
-62;-2;19;0;1
-51;-2;26;0;1
-14;12;26;1;1
-56;10;31;0;1
-25;21;34;0;1
-51;-23;34;0;1
-33;-29;38;1;1
-28;-24;13;0;1
-29;20;44;0;1
-41;-14;36;0;1
-51;-38;23;0;1
-31;-32;37;0;1
-27;29;27;1;1
-39;0;44;0;1
-37;1;24;1;1
-37;27;32;1;1
-38;16;53;0;1
-26;-2;47;1;1
-13;9;43;1;1
-36;0;28;1;1
-32;13;51;0;1
-37;6;14;1;1
-41;14;35;0;1
-40;-2;20;1;1
-38;34;18;0;1
-57;26;23;1;1
-45;-35;18;0;1
-42;29;40;0;1
-57;-1;23;0;1
-12;-16;20;0;1
-44;23;30;0;1
-18;-3;22;0;1
-30;-27;32;0;1
-58;-25;28;1;1
-27;6;13;0;1
-17;-25;11;1;1
-34;-20;58;1;1
-19;16;21;0;1
-62;11;24;1;1
-36;16;30;1;1
-48;10;23;0;1
-40;26;28;0;1
-33;22;44;0;1
-35;8;23;0;1
-30;0;61;0;1
-43;23;30;0;1
-35;-13;51;0;1
-58;14;17;1;1
-36;27;44;0;1
-33;15;52;0;1
-42;4;25;1;1
-47;-32;33;0;1
-36;42;37;1;1
-25;-37;51;0;1
-21;-23;12;1;1
-29;-38;41;0;1
-22;-21;15;0;1
-28;-41;30;0;1
-27;-20;14;1;1
-27;40;48;1;1
-18;-9;48;0;1
-45;-36;25;0;1
-30;6;59;0;1
-28;-5;50;0;1
-56;-7;17;0;1
-46;34;33;0;1
-13;-21;13;0;1
-28;9;53;1;1
-27;-41;21;1;1
-34;21;33;0;1
-16;-12;20;0;1
-34;44;27;0;1
-27;41;35;1;1
-32;26;13;0;1
-43;3;15;1;1
-46;29;36;0;1
-19;12;58;0;1
-20;-34;31;0;1
-25;-14;54;1;1
-51;11;19;1;1
-30;24;57;0;1
-48;26;35;0;1
-20;-29;57;0;1
-32;-5;57;0;1
-26;-33;22;1;1
-55;17;26;1;1
-35;53;18;1;1
-20;-9;40;1;1
-46;12;20;0;1
-55;30;28;1;1
-52;12;26;1;1
-21;-19;58;1;1
-45;-15;45;0;1
-40;-18;35;0;1
-32;-19;17;1;1
-15;20;20;0;1
-25;1;63;0;1
-20;6;37;0;1
-37;-2;33;0;1
-38;48;34;0;1
-41;-28;15;0;1
-23;7;60;0;1
-38;-7;47;0;1
-15;-16;51;0;1
-31;44;17;1;1
-23;-2;49;1;1
-34;3;27;0;1
-19;31;25;0;1
-35;44;35;0;1
-29;10;51;0;1
-25;-39;21;1;1
-15;22;16;1;1
-18;16;30;1;1
-31;-34;30;0;1
-53;5;23;0;1
-25;-13;51;0;1
-39;19;45;0;1
-55;-28;29;1;1
-15;8;24;0;1
-12;20;21;1;1
-25;14;30;0;1
-52;30;29;1;1
-35;0;58;1;1
-30;5;18;0;1
-38;18;38;0;1
-52;-14;38;0;1
-42;-14;12;1;1
-38;-10;29;1;1
-62;9;33;0;1
-41;3;36;0;1
-34;-36;29;0;1
-60;-15;23;0;1
-35;1;37;0;1
-39;-21;35;0;1
-22;21;64;0;1
-22;-22;50;1;1
-23;16;33;0;1
-18;12;40;1;1
-15;21;37;0;1
-18;16;19;1;1
-30;-15;48;0;1
-31;21;41;1;1
-37;-12;16;0;1
-31;34;52;1;1
-39;-8;44;0;1
-49;7;43;0;1
-17;20;54;1;1
-28;26;11;1;1
-44;-33;21;0;1
-23;18;56;1;1
-30;15;55;0;1
-27;-17;45;0;1
-18;29;59;0;1
-36;-44;24;0;1
-28;-19;35;1;1
-47;25;40;0;1
-39;-37;32;0;1
-24;40;24;1;1
-31;7;13;1;1
-34;-7;58;0;1
-33;17;24;1;1
-52;30;32;0;1
-19;-17;10;0;1
-48;-17;28;0;1
-48;-31;29;0;1
-26;-22;11;1;1
-33;-13;34;0;1
-31;-6;25;1;1
-25;-17;54;0;1
-42;4;46;0;1
-16;-10;40;1;1
-35;-9;17;0;1
-52;15;43;0;1
-57;-15;37;0;1
-37;-16;57;0;1
-48;26;43;0;1
-26;9;30;1;1
-19;-24;38;1;1
-44;41;28;0;1
-44;-27;22;0;1
-47;-37;25;0;1
-29;-19;33;0;1
-49;-27;36;1;1
-45;-6;33;0;1
-26;-11;13;0;1
-23;9;58;0;1
-51;-37;26;0;1
-58;-3;28;0;1
-26;-28;55;0;1
-29;44;43;1;1
-34;-41;44;1;1
-61;6;34;0;1
-39;-48;20;1;1
-34;-4;13;0;1
-37;-21;41;0;1
-34;3;36;0;1
-27;39;28;1;1
-44;-6;36;1;1
-36;-25;35;0;1
-28;-13;47;0;1
-28;-18;60;1;1
-38;-45;30;0;1
-16;-27;31;0;1
-15;-15;24;1;1
-20;-4;28;1;1
-49;10;19;0;1
-31;11;28;0;1
-20;15;19;1;1
-61;2;25;0;1
-34;-14;58;0;1
-34;-14;15;0;1
-35;42;41;1;1
-32;-19;24;1;1
-40;35;22;0;1
-41;3;25;0;1
-18;-23;9;1;1
-14;18;40;0;1
-28;31;21;0;1
-35;8;50;0;1
-38;-52;23;0;1
-30;-10;31;1;1
-35;49;32;1;1
-20;2;48;0;1
-53;21;37;0;1
-22;-7;13;1;1
-17;-21;22;0;1
-51;-31;37;0;1
-29;15;10;0;1
-28;-3;39;0;1
-17;-23;14;0;1
-34;-9;18;0;1
-34;-14;24;0;1
-35;18;15;0;1
-30;19;18;1;1
-30;-25;17;1;1
-22;-20;60;1;1
-27;17;48;1;1
-46;-24;34;1;1
-39;15;28;0;1
-31;-31;37;0;1
-45;29;46;0;1
-44;17;25;0;1
-61;7;22;0;1
-45;21;27;0;1
-48;-10;19;1;1
-65;12;26;0;1
-34;36;14;0;1
-65;-4;22;0;1
-47;-32;17;0;1
-33;-34;13;1;1
-33;19;37;0;1
-59;0;29;1;1
-23;-26;47;0;1
-56;-5;41;1;1
-56;0;26;0;1
-47;-3;50;1;1
-33;-24;36;0;1
-21;-15;51;1;1
-50;11;28;1;1
-15;-21;38;1;1
-58;0;31;0;1
-16;17;56;0;1
-45;-7;28;0;1
-52;4;30;0;1
-8;13;29;1;1
-6;10;24;0;1
-64;4;25;0;1
-17;27;29;0;1
-25;41;26;0;1
-33;-46;26;1;1
-45;-38;37;1;1
-24;26;58;0;1
-41;12;55;0;1
-18;-14;24;0;1
-50;27;32;1;1
-39;-8;14;1;1
-35;-23;54;1;1
-28;-37;29;0;1
-16;-19;33;1;1
-22;-19;58;0;1
-36;-1;53;1;1
-52;25;38;1;1
-35;3;61;0;1
-49;27;39;1;1
-37;2;60;0;1
-35;-22;27;0;1
-27;42;42;1;1
-37;6;39;0;1
-32;26;50;1;1
-37;16;47;0;1
-41;21;44;0;1
-21;31;40;0;1
-56;18;20;1;1
-37;28;44;1;1
-33;28;36;0;1
-42;14;15;1;1
-60;12;29;1;1
-17;-22;44;0;1
-45;28;25;0;1
-48;-10;37;0;1
-8;6;26;0;1
-31;-12;52;0;1
-43;-23;29;0;1
-27;-4;53;0;1
-42;24;34;0;1
-25;11;34;1;1
-25;-38;44;0;1
-19;-10;45;0;1
-17;-15;37;1;1
-26;0;21;0;1
-25;-5;64;0;1
-20;-12;59;0;1
-18;-3;31;0;1
-40;-8;50;0;1
-33;46;28;1;1
-16;-24;22;0;1
-34;25;33;0;1
-55;-19;29;0;1
-26;-17;14;0;1
-31;-40;39;0;1
-41;10;13;0;1
-30;30;20;0;1
-38;34;35;0;1
-39;-20;37;0;1
-47;17;32;0;1
-39;31;40;1;1
-26;15;23;0;1
-18;-18;12;0;1
-38;30;26;1;1
-20;-33;35;0;1
-40;-16;25;0;1
-32;-17;26;1;1
-36;-43;40;0;1
-24;21;30;1;1
-22;-13;19;0;1
-20;6;57;1;1
-20;-27;44;0;1
-24;30;35;1;1
-20;11;23;1;1
-28;25;53;1;1
-26;42;38;0;1
-22;-12;26;1;1
-34;14;28;1;1
-21;-15;20;0;1
-27;-31;41;1;1
-35;-11;32;1;1
-15;-16;40;0;1
-25;-4;24;0;1
-19;15;37;0;1
-30;-26;20;0;1
-23;18;29;0;1
-14;-6;22;0;1
-45;-23;23;0;1
-27;-25;39;0;1
-20;-26;23;0;1
-37;-21;34;1;1
-47;-21;45;1;1
-18;18;9;1;1
-33;-51;18;0;1
-17;24;23;1;1
-60;21;20;0;1
-22;27;36;1;1
-33;-33;23;1;1
-55;-9;19;1;1
-38;44;31;0;1
-46;22;28;0;1
-35;-25;50;0;1
-50;-1;43;0;1
-33;14;57;0;1
-28;10;47;1;1
-54;-11;15;1;1
-26;11;62;0;1
-46;-8;18;0;1
-58;26;26;0;1
-21;-29;11;1;1
-33;-51;28;1;1
-51;12;41;1;1
-32;47;17;0;1
-27;-18;23;0;1
-25;-2;64;0;1
-37;40;44;0;1
-12;-19;15;0;1
-63;12;23;0;1
-23;21;13;0;1
-56;-5;37;0;1
-39;31;45;0;1
-40;-36;15;1;1
-25;16;45;0;1
-17;-21;61;1;1
-36;-30;36;0;1
-27;23;25;0;1
-15;-19;11;0;1
-42;-2;40;1;1
-16;5;42;0;1
-29;32;39;0;1
-18;-25;56;0;1
-41;47;17;0;1
-36;-24;22;1;1
-35;-12;38;0;1
-35;52;33;0;1
-65;11;21;0;1
-22;0;33;1;1
-45;15;52;1;1
-44;-22;34;0;1
-33;6;33;0;1
-53;-33;30;0;1
-24;3;40;0;1
-48;32;29;0;1
-21;3;31;0;1
-39;40;29;0;1
-42;-24;41;1;1
-29;12;59;1;1
-44;-17;14;0;1
-24;-17;28;0;1
-33;29;51;0;1
-57;6;23;0;1
-22;-4;29;1;1
-26;-26;17;1;1
-63;4;20;0;1
-60;26;27;1;1
-19;14;15;0;1
-26;-17;11;1;1
-45;-12;30;0;1
-53;27;27;0;1
-14;19;24;1;1
-50;-12;14;0;1
-36;20;35;1;1
-43;0;42;0;1
-37;28;52;0;1
-16;-13;17;0;1
-47;-6;14;1;1
-26;-23;18;1;1
-52;-15;44;1;1
-46;49;21;0;1
-25;-13;58;0;1
-30;2;48;1;1
-24;-22;20;0;1
-24;41;47;0;1
-42;29;32;0;1
-13;-16;29;0;1
-30;0;23;0;1
-49;-5;30;0;1
-18;-11;32;1;1
-31;-31;18;1;1
-49;-21;42;0;1
-55;-40;19;0;1
-26;12;39;0;1
-32;-49;29;1;1
-36;-16;58;1;1
-30;-27;55;1;1
-54;18;21;0;1
-29;-24;22;0;1
-37;31;50;0;1
-36;-14;33;1;1
-31;42;30;1;1
-41;-8;57;1;1
-30;19;54;1;1
-50;-19;20;1;1
-43;24;47;0;1
-38;18;30;0;1
-28;1;15;1;1
-33;-5;30;0;1
-24;-6;59;0;1
-18;14;59;1;1
-47;1;46;0;1
-31;27;54;0;1
-32;-28;53;1;1
-60;3;27;0;1
-60;12;21;0;1
-17;1;28;1;1
-42;51;24;1;1
-58;-8;23;0;1
-37;40;19;0;1
-58;-2;23;1;1
-36;23;20;1;1
-25;13;40;1;1
-23;31;57;1;1
-28;26;22;0;1
-15;6;38;1;1
-18;10;17;0;1
-36;-37;38;1;1
-18;22;56;0;1
-21;-8;25;1;1
-22;20;55;1;1
-20;-33;56;0;1
-31;-1;43;1;1
-42;44;19;0;1
-27;-7;58;0;1
-29;25;12;0;1
-36;14;27;1;1
-10;14;27;0;1
-29;17;33;0;1
-33;13;26;1;1
-18;17;8;0;1
-40;-27;15;0;1
-53;-9;37;0;1
-38;31;46;0;1
-10;13;42;1;1
-38;-6;16;0;1
-31;12;29;1;1
-32;-4;27;1;1
-27;22;25;0;1
-33;-38;28;0;1
-33;-27;39;0;1
-41;-40;41;0;1
-57;-23;30;0;1
-46;17;21;1;1
-38;-14;41;0;1
-11;7;28;0;1
-21;-13;17;1;1
-33;-26;45;0;1
-16;15;41;0;1
-47;-25;47;0;1
-39;34;39;0;1
-14;10;41;1;1
-25;15;41;1;1
-27;-41;19;0;1
-16;9;50;1;1
-56;-16;33;0;1
-29;-18;25;0;1
-42;6;32;0;1
-21;24;31;0;1
-37;-23;30;1;1
-30;3;45;0;1
-17;23;9;0;1
-28;35;21;1;1
-32;-33;28;0;1
-33;-13;17;1;1
-26;32;34;0;1
-39;-20;17;1;1
-39;23;34;1;1
-22;-26;33;0;1
-42;23;34;1;1
-38;26;45;1;1
-38;-13;22;1;1
-25;-25;14;1;1
-36;-56;22;1;1
-39;-54;21;0;1
-32;-18;23;0;1
-22;-21;53;1;1
-39;39;29;0;1
-17;-7;26;1;1
-27;27;20;0;1
-23;11;28;1;1
-16;-24;42;1;1
-56;-15;16;1;1
-35;1;57;0;1
-49;20;38;0;1
-16;23;38;0;1
-31;38;30;0;1
-36;-18;24;1;1
-35;-24;36;0;1
-16;15;37;1;1
-24;-21;23;0;1
-42;19;45;1;1
-27;14;55;0;1
-41;-35;44;0;1
-18;-11;41;0;1
-31;20;60;0;1
-29;21;61;0;1
-33;35;34;0;1
-26;-24;28;0;1
-28;0;13;0;1
-28;-24;52;1;1
-34;-3;38;1;1
-27;35;47;1;1
-28;3;49;0;1
-23;4;55;1;1
-11;8;32;1;1
-44;-5;34;1;1
-40;7;12;0;1
-40;8;19;0;1
-37;29;49;0;1
-44;24;28;0;1
-43;-13;39;0;1
-39;49;20;0;1
-48;-23;34;0;1
-30;13;24;1;1
-28;39;34;1;1
-20;33;56;0;1
-45;-39;37;0;1
-38;-6;30;0;1
-31;-15;57;1;1
-49;-24;17;0;1
-17;12;49;0;1
-18;28;21;1;1
-20;14;49;0;1
-32;-16;45;0;1
-52;-37;22;1;1
-27;13;60;0;1
-36;23;19;1;1
-33;13;50;0;1
-24;8;15;0;1
-18;-16;39;1;1
-42;41;20;0;1
-28;26;31;1;1
-43;38;24;0;1
-57;-7;21;1;1
-40;-44;36;0;1
-44;1;40;0;1
-37;1;41;0;1
-28;26;26;0;1
-48;-3;40;0;1
-26;-8;48;1;1
-44;43;32;0;1
-53;7;45;0;1
-58;-16;36;0;1
-26;-41;21;1;1
-33;-22;48;0;1
-17;11;23;0;1
-32;-28;43;1;1
-26;-41;31;1;1
-44;-6;28;1;1
-26;-32;54;0;1
-36;-20;18;0;1
-49;-12;25;1;1
-49;-40;29;0;1
-33;5;45;0;1
-26;33;40;1;1
-31;6;41;1;1
-22;25;51;0;1
-51;27;37;1;1
-26;-41;43;1;1
-41;-1;17;0;1
-22;-38;29;1;1
-22;1;35;1;1
-31;-9;57;0;1
-33;5;48;0;1
-15;14;16;1;1
-30;2;61;1;1
-53;21;38;1;1
-51;-20;32;0;1
-42;7;16;0;1
-36;-1;13;1;1
-34;-22;16;0;1
-32;49;16;0;1
-45;-38;35;1;1
-20;-29;41;0;1
-19;32;53;0;1
-21;-24;31;1;1
-19;-28;22;1;1
-48;38;24;1;1
-59;-10;26;0;1
-47;-42;32;1;1
-48;-24;15;0;1
-25;2;51;1;1
-42;-21;25;0;1
-55;9;35;0;1
-34;-1;19;1;1
-49;-5;15;1;1
-33;47;26;0;1
-24;-14;41;0;1
-40;-1;34;1;1
-25;35;56;1;1
-36;-50;21;1;1
-42;-10;41;1;1
-14;11;40;1;1
-20;-12;38;0;1
-18;-7;39;1;1
-36;17;35;0;1
-32;-19;10;1;1
-32;-28;35;1;1
-25;15;18;1;1
-18;10;44;0;1
-21;-34;48;0;1
-36;-48;37;0;1
-37;49;19;1;1
-22;-15;20;0;1
-45;28;36;0;1
-20;23;56;1;1
-16;-13;21;0;1
-42;17;51;0;1
-29;-23;31;0;1
-19;11;24;1;1
-27;34;26;1;1
-28;3;61;0;1
-53;13;42;0;1
-32;-48;39;0;1
-49;-12;18;0;1
-55;-4;37;1;1
-32;17;35;1;1
-34;56;18;0;1
-59;-8;35;1;1
-22;-27;60;0;1
-54;-21;29;1;1
-40;31;25;1;1
-23;-13;60;0;1
-32;-4;21;0;1
-62;-14;22;0;1
-46;-21;37;0;1
-30;-29;28;1;1
-39;-1;43;0;1
-15;7;24;1;1
-35;35;18;1;1
-41;-1;39;1;1
-39;-7;35;0;1
-36;11;34;0;1
-51;39;28;1;1
-39;-26;20;0;1
-25;22;12;1;1
-40;-7;54;0;1
-35;43;27;0;1
-21;9;57;0;1
-29;-47;26;0;1
-45;-29;34;0;1
-44;-14;45;0;1
-49;-17;24;1;1
-35;-52;30;1;1
-56;2;30;0;1
-24;-9;25;0;1
-47;18;31;0;1
-35;-37;29;1;1
-26;19;55;0;1
-21;-14;20;0;1
-19;21;22;0;1
-58;-20;32;1;1
-33;-37;44;0;1
-16;-12;29;0;1
-21;-28;45;0;1
-33;-49;38;1;1
-29;15;22;0;1
-19;-19;22;0;1
-23;24;33;0;1
-59;-1;35;0;1
-42;18;19;0;1
-30;-31;55;0;1
-40;25;35;0;1
-49;23;38;1;1
-30;-33;32;0;1
-39;-26;22;0;1
-45;20;15;1;1
-14;24;31;0;1
-47;-7;24;0;1
-37;-1;60;1;1
-25;13;35;1;1
-54;-5;34;0;1
-28;-5;37;1;1
-36;-16;11;1;1
-30;4;23;0;1
-21;-3;43;0;1
-46;-36;31;0;1
-39;-13;21;0;1
-34;-7;12;0;1
-43;-33;38;0;1
-63;-4;20;0;1
-49;-23;22;0;1
-29;38;17;0;1
-51;-4;47;1;1
-31;22;49;1;1
-43;32;42;1;1
-21;33;36;0;1
-33;-46;42;0;1
-41;-47;28;0;1
-21;25;32;0;1
-51;-3;38;0;1
-35;-20;29;1;1
-28;41;39;1;1
-22;-11;9;0;1
-40;-13;56;0;1
-29;14;44;0;1
-18;-11;23;0;1
-10;-17;23;0;1
-20;-24;61;1;1
-26;14;13;1;1
-32;4;40;0;1
-45;-7;18;0;1
-43;12;18;0;1
-41;53;23;1;1
-53;23;32;0;1
-22;-9;18;0;1
-38;39;32;0;1
-54;-11;23;1;1
-39;-47;34;0;1
-10;-15;46;0;1
-41;-2;28;0;1
-42;0;56;1;1
-37;1;50;1;1
-32;42;16;1;1
-60;-20;31;0;1
-49;-19;32;0;1
-15;-10;17;1;1
-45;-4;15;1;1
-30;-47;35;1;1
-40;-42;36;1;1
-34;44;25;1;1
-25;-23;49;0;1
-27;-13;47;0;1
-40;14;18;1;1
-42;11;17;0;1
-41;-32;37;0;1
-37;45;32;0;1
-21;-10;61;0;1
-52;-27;19;0;1
-14;21;39;0;1
-16;9;36;0;1
-46;3;24;1;1
-34;38;22;0;1
-24;0;23;0;1
-26;15;59;0;1
-23;3;31;0;1
-19;-15;49;1;1
-40;-24;41;0;1
-60;-25;25;0;1
-24;-14;51;0;1
-19;-10;56;0;1
-24;34;35;1;1
-48;-45;25;1;1
-41;-9;34;0;1
-32;33;15;1;1
-21;-17;58;1;1
-57;-11;36;1;1
-51;-2;48;0;1
-23;-2;39;0;1
-47;-6;22;0;1
-27;-6;11;1;1
-27;8;16;1;1
-37;37;39;0;1
-32;13;39;0;1
-45;12;20;1;1
-22;-23;55;0;1
-32;15;48;0;1
-16;-21;49;0;1
-59;-1;34;1;1
-23;24;36;1;1
-37;2;24;1;1
-32;42;17;0;1
-13;22;7;0;1
-38;-13;44;1;1
-56;-22;20;0;1
-52;-2;28;1;1
-23;-1;54;0;1
-29;46;30;1;1
-21;-19;8;0;1
-44;-34;16;1;1
-43;15;29;0;1
-29;19;28;0;1
-46;-15;38;1;1
-22;15;21;0;1
-36;28;48;1;1
-26;22;25;0;1
-31;24;15;1;1
-38;0;16;1;1
-23;-17;40;1;1
-35;-12;17;0;1
-43;-42;20;1;1
-41;-30;41;0;1
-57;2;17;0;1
-17;-15;60;0;1
-42;32;37;0;1
-43;-15;21;1;1
-23;-4;64;0;1
-15;-3;34;1;1
-32;20;55;0;1
-18;9;20;0;1
-43;-32;35;1;1
-15;-16;54;1;1
-42;31;25;1;1
-45;15;18;0;1
-39;26;20;1;1
-40;24;42;1;1
-23;19;37;0;1
-23;-18;48;0;1
-44;42;23;1;1
-35;-32;43;1;1
-57;-18;27;0;1
-37;28;27;0;1
-42;5;35;0;1
-31;-15;23;1;1
-17;-20;60;0;1
-57;13;17;0;1
-34;26;51;0;1
-30;-14;17;0;1
-52;11;38;0;1
-33;-6;32;0;1
-44;-9;19;0;1
-48;6;23;1;1
-49;-1;31;1;1
-30;-38;19;1;1
-32;51;21;1;1
-52;12;32;0;1
-33;-22;43;0;1
-56;19;36;0;1
-54;22;16;1;1
-23;19;59;1;1
-41;36;42;1;1
-21;-1;16;1;1
-53;24;29;0;1
-17;27;19;1;1
-12;-19;52;0;1
-40;-47;18;1;1
-39;-40;32;0;1
-13;-4;31;1;1
-35;39;29;1;1
-52;-9;19;1;1
-17;-14;41;1;1
-23;-7;11;0;1
-50;-21;25;0;1
-39;-34;23;1;1
-37;13;29;0;1
-21;2;21;1;1
-62;-4;33;0;1
-34;25;57;1;1
-66;8;24;0;1
-44;6;52;0;1
-24;9;41;1;1
-46;2;54;1;1
-21;15;7;0;1
-58;-13;22;0;1
-27;-34;42;0;1
-53;-21;16;0;1
-23;28;42;1;1
-26;-5;45;0;1
-27;-24;39;0;1
-43;-27;47;0;1
-21;-24;30;0;1
-25;4;14;1;1
-26;-18;23;1;1
-35;-8;35;0;1
-50;-6;18;0;1
-46;20;14;1;1
-41;43;22;0;1
-39;11;49;0;1
-30;-43;21;1;1
-30;20;55;0;1
-26;1;38;0;1
-33;21;28;1;1
-50;-28;21;0;1
-65;18;19;0;1
-30;-21;42;0;1
-35;-16;37;0;1
-58;-4;20;0;1
-22;-31;52;1;1
-47;-15;40;1;1
-26;0;51;1;1
-53;13;18;0;1
-62;0;17;0;1
-56;8;28;0;1
-21;5;31;0;1
-59;-5;25;0;1
-51;-20;15;0;1
-10;17;26;0;1
-56;8;38;0;1
-43;0;26;0;1
-19;29;22;1;1
-33;22;49;0;1
-29;31;42;0;1
-41;-10;55;0;1
-45;-33;34;0;1
-43;39;34;1;1
-47;-3;14;0;1
-53;-22;27;0;1
-27;-10;14;0;1
-45;-33;21;0;1
-46;2;16;1;1
-32;-27;27;1;1
-28;21;32;0;1
-18;13;15;0;1
-37;1;55;0;1
-32;-13;10;0;1
-43;-23;32;0;1
-54;-22;39;0;1
-21;2;15;0;1
-35;-10;48;1;1
-45;13;25;0;1
-57;5;27;1;1
-10;16;40;0;1
-32;-19;22;0;1
-14;5;23;0;1
-48;-18;35;0;1
-22;10;12;0;1
-27;-1;18;0;1
-20;-10;31;0;1
-36;-21;49;0;1
-61;-7;26;0;1
-45;-42;21;1;1
-43;-11;45;0;1
-53;24;23;1;1
-27;22;28;0;1
-53;-19;23;0;1
-54;-11;25;0;1
-45;-19;14;0;1
-17;-24;56;0;1
-25;-2;39;0;1
-37;21;46;1;1
-39;44;25;1;1
-39;40;23;0;1
-30;3;30;0;1
-13;21;28;0;1
-47;2;36;1;1
-36;24;47;0;1
-52;19;26;0;1
-28;15;24;0;1
-41;27;24;0;1
-24;40;42;0;1
-58;-3;32;1;1
-49;31;31;1;1
-30;51;31;1;1
-58;-9;39;0;1
-21;14;29;1;1
-33;45;15;0;1
-52;4;45;0;1
-40;40;22;0;1
-57;31;22;0;1
-35;-11;24;1;1
-33;-24;54;1;1
-45;30;17;1;1
-43;-7;39;0;1
-46;-27;46;0;1
-11;17;43;1;1
-42;-41;40;1;1
-31;-1;51;1;1
-45;-2;52;0;1
-41;50;20;0;1
-35;9;40;0;1
-58;4;38;1;1
-48;-19;15;0;1
-52;10;37;1;1
-57;-33;20;1;1
-20;-11;33;1;1
-27;18;51;0;1
-37;-2;16;1;1
-31;-45;33;0;1
-23;-24;31;1;1
-25;-29;13;0;1
-26;11;28;1;1
-60;-10;24;0;1
-32;51;37;0;1
-28;-27;28;0;1
-12;-17;57;1;1
-56;-4;22;0;1
-28;-11;48;0;1
-56;4;26;0;1
-21;9;60;1;1
-31;4;23;0;1
-13;-13;44;0;1
-19;-23;16;0;1
-20;2;44;0;1
-42;22;27;1;1
-18;13;49;0;1
-50;20;45;0;1
-52;4;40;0;1
-37;5;35;1;1
-11;-10;28;1;1
-18;25;43;1;1
-20;19;15;0;1
-19;16;50;1;1
-39;-29;30;1;1
-20;-25;26;0;1
-25;3;65;0;1
-19;-18;60;0;1
-57;11;20;1;1
-31;1;46;0;1
-47;-16;32;0;1
-48;-27;38;1;1
-51;16;35;0;1
-31;-42;39;0;1
-31;-32;47;1;1
-40;-5;27;0;1
-25;0;27;1;1
-34;-9;38;0;1
-27;-14;18;1;1
-29;-24;19;0;1
-45;-20;42;0;1
-16;-12;39;1;1
-29;0;58;0;1
-33;0;42;0;1
-38;-1;46;0;1
-25;34;56;0;1
-34;11;35;1;1
-48;-5;35;0;1
-41;-28;24;0;1
-22;6;56;1;1
-50;21;17;0;1
-25;-38;42;1;1
-30;-34;39;0;1
-8;-10;22;0;1
-31;-2;51;1;1
-20;26;32;0;1
-20;-19;14;0;1
-22;22;40;1;1
-27;0;53;0;1
-27;45;18;0;1
-18;5;43;0;1
-52;-12;41;0;1
-64;14;23;0;1
-54;25;28;0;1
-19;-15;16;0;1
-27;13;41;1;1
-35;-22;45;1;1
-36;-21;35;1;1
-40;-15;33;1;1
-32;9;50;0;1
-32;54;29;0;1
-36;12;13;0;1
-35;27;30;1;1
-34;32;28;0;1
-47;33;17;0;1
-56;-25;27;0;1
-42;26;42;0;1
-39;41;32;0;1
-33;18;60;0;1
-30;0;47;0;1
-38;-9;13;0;1
-31;33;25;1;1
-30;-34;49;0;1
-44;-32;34;0;1
-36;9;58;0;1
-35;3;30;1;1
-31;31;26;1;1
-51;30;16;1;1
-11;-4;32;1;1
-27;8;11;1;1
-34;-43;22;1;1
-18;31;21;0;1
-23;14;30;1;1
-12;-6;35;0;1
-26;4;36;0;1
-51;-19;36;1;1
-17;23;59;1;1
-32;15;57;0;1
-29;15;31;1;1
-27;27;11;0;1
-41;-4;57;0;1
-55;-18;19;0;1
-21;-1;57;0;1
-24;-20;61;1;1
-43;37;36;0;1
-26;-6;37;0;1
-43;16;14;0;1
-53;21;28;1;1
-22;-20;18;0;1
-33;12;36;0;1
-30;-33;48;0;1
-33;-39;18;0;1
-41;24;41;0;1
-53;-17;40;1;1
-40;-16;52;0;1
-40;9;41;0;1
-33;32;49;1;1
-24;36;55;1;1
-28;4;50;0;1
-36;1;26;0;1
-51;-33;19;0;1
-40;-11;15;0;1
-36;18;56;1;1
-28;-42;17;0;1
-55;25;26;1;1
-29;50;39;1;1
-29;33;43;0;1
-34;-2;17;0;1
-23;-34;26;0;1
-54;-14;26;0;1
-50;-37;25;0;1
-25;31;34;0;1
-25;-8;14;0;1
-22;23;22;0;1
-42;48;18;0;1
-41;19;19;0;1
-25;-4;30;0;1
-22;29;56;1;1
-14;-7;24;0;1
-25;-43;27;1;1
-47;49;20;0;1
-34;3;52;1;1
-41;39;23;1;1
-34;-11;42;0;1
-52;-16;39;0;1
-13;-15;19;0;1
-30;26;16;0;1
-26;2;25;0;1
-28;22;32;0;1
-38;19;26;0;1
-30;4;47;0;1
-49;19;19;1;1
-19;12;34;0;1
-46;8;13;1;1
-31;50;37;1;1
-12;-18;54;0;1
-29;27;17;0;1
-46;8;27;1;1
-27;15;51;0;1
-29;23;45;0;1
-54;-34;23;0;1
-23;-18;39;1;1
-40;-50;18;0;1
-25;-7;46;0;1
-38;47;22;0;1
-21;-13;27;0;1
-24;-3;29;1;1
-34;21;38;0;1
-23;12;8;0;1
-62;-1;31;1;1
-30;0;51;1;1
-27;33;12;0;1
-22;-8;58;0;1
-16;-24;37;0;1
-44;-7;15;0;1
-29;20;53;0;1
-63;7;29;1;1
-15;20;16;1;1
-32;10;23;1;1
-52;-17;41;0;1
-58;-29;28;0;1
-17;14;11;0;1
-22;10;63;0;1
-37;-8;49;0;1
-34;0;49;0;1
-13;-6;28;0;1
-20;-11;15;0;1
-32;-12;59;0;1
-44;26;29;0;1
-41;34;41;0;1
-27;-10;10;0;1
-32;-7;56;0;1
-49;-38;29;0;1
-40;18;55;0;1
-28;-6;46;1;1
-37;17;54;0;1
-48;9;24;0;1
-31;52;20;1;1
-53;-4;34;0;1
-43;16;50;0;1
-46;42;29;0;1
-51;-3;44;1;1
-17;-26;44;0;1
-28;-16;39;1;1
-23;-11;23;1;1
-18;4;20;1;1
-40;46;17;0;1
-15;22;33;1;1
-14;13;22;0;1
-15;-10;46;0;1
-13;-22;49;1;1
-27;-13;33;1;1
-28;33;39;1;1
-30;-24;50;1;1
-30;4;56;0;1
-49;4;49;0;1
-14;10;23;1;1
-17;-18;17;1;1
-43;-19;28;0;1
-36;-50;32;1;1
-13;16;29;0;1
-44;-30;35;0;1
-44;11;30;0;1
-34;9;25;0;1
-40;37;15;0;1
-56;29;19;0;1
-31;-48;23;0;1
-34;7;49;1;1
-42;0;39;0;1
-21;-30;21;0;1
-35;41;39;0;1
-36;14;25;0;1
-20;11;46;0;1
-42;-22;47;1;1
-19;24;10;1;1
-17;-13;48;0;1
-63;10;30;0;1
-47;-37;36;1;1
-29;-36;44;0;1
-31;34;18;1;1
-29;39;50;1;1
-18;1;25;0;1
-31;5;16;0;1
-41;-30;44;0;1
-39;-27;49;1;1
-66;-12;20;0;1
-20;24;42;0;1
-31;-35;24;0;1
-25;-1;35;1;1
-33;-20;38;0;1
-35;-42;41;0;1
-43;-47;26;0;1
-40;-5;57;0;1
-27;-15;43;0;1
-42;25;15;1;1
-13;20;43;0;1
-19;-29;19;1;1
-36;17;53;1;1
-41;23;23;0;1
-25;-30;12;1;1
-39;9;22;1;1
-20;-25;39;1;1
-27;-16;50;0;1
-50;12;37;0;1
-34;18;59;1;1
-32;9;58;1;1
-22;-18;21;1;1
-38;52;20;0;1
-26;-44;44;0;1
-27;-11;42;0;1
-50;31;38;1;1
-23;1;19;0;1
-41;6;49;1;1
-27;-7;46;0;1
-23;-37;40;1;1
-54;-40;19;1;1
-28;39;37;1;1
-15;-22;42;1;1
-50;46;20;1;1
-40;32;45;0;1
-47;46;26;1;1
-9;15;21;0;1
-25;27;23;0;1
-23;-32;41;0;1
-37;-41;22;0;1
-45;-15;35;0;1
-52;11;31;1;1
-46;-41;26;1;1
-11;-7;26;0;1
-17;-27;24;0;1
-57;-24;30;0;1
-31;47;26;0;1
-20;2;25;1;1
-19;6;23;0;1
-45;16;40;1;1
-23;-32;47;1;1
-44;-47;28;1;1
-36;19;41;0;1
-22;-19;50;0;1
-22;-36;18;1;1
-46;-40;30;0;1
-34;11;13;1;1
-20;-15;39;1;1
-56;17;29;1;1
-38;-51;22;1;1
-28;-5;28;1;1
-16;25;39;0;1
-28;-13;9;0;1
-18;-22;8;1;1
-45;-14;36;0;1
-41;38;17;1;1
-17;28;26;1;1
-42;52;24;0;1
-13;7;23;0;1
-32;1;9;0;1
-39;18;37;1;1
-52;41;23;0;1
-18;-28;59;0;1
-25;24;37;1;1
-42;-42;17;0;1
-36;24;30;0;1
-29;-10;28;0;1
-37;-2;19;1;1
-23;-27;21;0;1
-29;31;20;0;1
-31;-17;59;0;1
-17;22;48;0;1
-36;-21;36;1;1
-35;9;58;1;1
-8;13;24;0;1
-21;11;54;1;1
-44;-24;30;0;1
-50;19;25;0;1
-40;32;18;1;1
-49;-13;42;0;1
-26;-6;63;1;1
-50;32;25;0;1
-27;17;44;0;1
-36;-34;46;0;1
-25;8;20;1;1
-42;-40;35;1;1
-35;19;26;0;1
-41;-39;16;0;1
-24;24;56;0;1
-30;19;53;0;1
-51;-11;38;0;1
-42;20;51;0;1
-19;17;51;0;1
-39;-3;37;0;1
-20;13;65;0;1
-27;-32;43;1;1
-40;23;14;1;1
-27;18;54;0;1
-32;10;51;0;1
-38;-14;15;1;1
-31;20;10;0;1
-54;32;28;0;1
-54;-2;46;0;1
-36;0;47;0;1
-23;39;14;0;1
-25;-43;15;0;1
-32;-41;17;0;1
-46;-36;28;1;1
-18;-18;17;0;1
-38;-14;49;0;1
-54;14;31;0;1
-23;6;49;0;1
-15;23;39;0;1
-21;-33;49;0;1
-21;-35;34;1;1
-45;-5;40;1;1
-36;-10;52;0;1
-34;-4;59;1;1
-64;-2;21;0;1
-7;12;35;0;1
-13;11;24;0;1
-40;-3;51;0;1
-29;12;62;1;1
-47;-3;18;0;1
-33;36;32;0;1
-42;-31;47;0;1
-58;-2;20;0;1
-55;19;26;0;1
-30;-17;55;1;1
-40;6;30;0;1
-33;10;34;1;1
-32;30;43;1;1
-30;8;38;0;1
-14;8;29;1;1
-31;25;36;0;1
-29;1;41;0;1
-56;27;23;1;1
-43;4;26;0;1
-29;-30;55;0;1
-61;-14;24;1;1
-25;31;52;1;1
-43;29;39;0;1
-37;-19;52;0;1
-37;3;56;0;1
-33;43;39;1;1
-40;-18;47;0;1
-40;11;33;1;1
-56;15;39;1;1
-33;45;36;0;1
-28;-6;8;0;1
-44;37;17;0;1
-20;-29;18;1;1
-27;2;31;0;1
-32;12;27;1;1
-37;-16;35;0;1
-44;28;42;0;1
-35;12;27;0;1
-18;-22;40;1;1
-18;16;61;0;1
-32;-16;31;1;1
-27;10;11;0;1
-35;2;60;1;1
-30;27;22;0;1
-31;16;16;0;1
-20;-12;33;1;1
-32;-1;47;1;1
-46;-13;22;0;1
-10;-9;23;1;1
-43;-9;50;0;1
-46;26;38;0;1
-48;-34;22;1;1
-48;-5;20;0;1
-20;9;47;0;1
-11;7;35;1;1
-43;-28;43;0;1
-26;-1;44;1;1
-16;-24;58;1;1
-45;30;31;0;1
-28;26;21;0;1
-46;-10;19;0;1
-16;24;19;0;1
-12;-17;18;1;1
-32;53;30;1;1
-16;10;48;0;1
-54;17;27;0;1
-28;15;20;0;1
-20;3;15;1;1
-56;5;28;1;1
-31;11;11;1;1
-40;3;35;0;1
-48;13;50;1;1
-48;-3;50;1;1
-39;8;24;0;1
-54;27;25;0;1
-40;22;43;0;1
-41;-37;42;0;1
-28;38;16;0;1
-22;25;39;0;1
-32;18;51;0;1
-12;17;38;1;1
-50;-33;24;0;1
-40;43;23;0;1
-23;34;12;0;1
-41;46;21;0;1
-34;49;34;1;1
-53;-32;28;0;1
-11;6;21;0;1
-27;38;51;1;1
-42;24;23;0;1
-27;20;20;0;1
-41;49;21;1;1
-44;-33;35;0;1
-44;-6;18;1;1
-26;6;30;0;1
-30;-21;51;1;1
-26;-11;27;1;1
-18;-2;33;1;1
-28;37;35;1;1
-34;30;53;0;1
-46;13;43;1;1
-27;-26;12;0;1
-50;35;35;1;1
-36;-7;30;0;1
-17;28;47;0;1
-58;0;17;0;1
-10;10;33;1;1
-22;-19;32;1;1
-23;-22;13;1;1
-28;11;41;1;1
-14;-24;65;0;1
-57;-19;20;1;1
-52;15;37;1;1
-27;9;63;0;1
-27;-13;34;0;1
-55;29;28;0;1
-30;39;14;0;1
-47;-18;48;1;1
-44;-10;45;0;1
-35;-20;24;1;1
-9;10;23;1;1
-27;-38;45;0;1
-48;33;39;0;1
-24;17;33;0;1
-19;-11;38;0;1
-62;-3;22;0;1
-16;-3;28;1;1
-17;19;55;0;1
-28;-29;12;1;1
-33;-42;18;1;1
-29;15;27;0;1
-37;-35;45;0;1
-68;6;19;0;1
-40;36;16;0;1
-39;-51;24;0;1
-41;35;23;1;1
-11;-16;46;0;1
-17;-28;29;1;1
-20;31;44;0;1
-42;-20;30;0;1
-33;-29;55;0;1
-42;-23;19;1;1
-46;25;35;1;1
-58;-12;21;0;1
-40;9;32;0;1
-28;-26;55;0;1
-46;41;29;0;1
-32;34;50;1;1
-31;-14;61;1;1
-28;-42;41;0;1
-12;-8;34;0;1
-32;-25;37;0;1
-27;-43;48;0;1
-45;-5;53;0;1
-34;46;31;0;1
-32;-4;44;0;1
-33;-22;26;1;1
-38;-22;31;0;1
-32;21;47;0;1
-17;-20;24;1;1
-52;-4;22;1;1
-55;0;35;0;1
-48;16;22;0;1
-42;23;38;1;1
-59;-27;19;0;1
-31;7;22;0;1
-57;-20;31;1;1
-24;17;56;0;1
-39;-17;24;0;1
-38;-46;16;0;1
-53;-27;23;1;1
-27;37;27;0;1
-41;1;56;0;1
-14;-18;56;0;1
-15;-18;33;0;1
-26;42;40;0;1
-35;36;28;0;1
-50;10;36;0;1
-35;-43;26;0;1
-44;-1;38;0;1
-22;-36;53;1;1
-37;-37;19;0;1
-38;-33;32;1;1
-65;-4;24;0;1
-33;21;20;0;1
-52;-14;20;1;1
-25;-39;13;0;1
-23;-23;44;0;1
-21;11;7;0;1
-22;-37;28;1;1
-22;-13;32;0;1
-29;-15;9;0;1
-38;-14;37;1;1
-15;23;20;0;1
-47;-37;17;1;1
-36;19;19;0;1
-52;20;33;0;1
-17;-14;50;0;1
-63;-1;21;0;1
-24;-6;30;0;1
-30;14;20;0;1
-36;48;24;0;1
-46;5;29;0;1
-46;-10;17;0;1
-31;-36;49;1;1
-42;30;33;1;1
-45;21;16;0;1
-26;-4;40;0;1
-42;-47;18;1;1
-24;18;54;0;1
-55;29;26;1;1
-38;-31;51;1;1
-17;24;9;1;1
-41;3;54;0;1
-51;-25;22;0;1
-26;9;49;0;1
-26;-22;41;0;1
-48;4;17;1;1
-24;25;42;0;1
-17;23;11;1;1
-21;11;39;0;1
-43;8;41;0;1
-17;19;25;0;1
-32;18;13;0;1
-31;-45;22;0;1
-34;-44;38;1;1
-40;-18;45;1;1
-39;-10;14;0;1
-23;-11;19;1;1
-33;24;42;1;1
-29;-25;57;1;1
-32;27;31;0;1
-50;-36;33;0;1
-27;-5;54;0;1
-28;-41;25;1;1
-38;-32;24;1;1
-47;37;38;0;1
-48;22;33;0;1
-35;-11;28;0;1
-45;29;43;1;1
-19;-25;53;0;1
-61;-21;18;0;1
-33;14;31;1;1
-54;-29;18;0;1
-25;-11;33;0;1
-35;-24;20;1;1
-27;27;23;1;1
-55;-3;21;0;1
-21;14;44;0;1
-35;31;28;0;1
-25;-16;57;1;1
-16;21;62;1;1
-49;-8;43;0;1
-54;18;36;0;1
-17;-16;61;0;1
-40;43;34;0;1
-33;13;21;0;1
-28;22;46;0;1
-28;-19;33;1;1
-53;-20;23;0;1
-14;20;18;0;1
-19;-25;39;1;1
-17;-6;39;0;1
-24;-26;31;0;1
-48;-45;18;1;1
-32;-26;25;0;1
-44;12;29;1;1
-43;-47;30;0;1
-28;44;16;0;1
-25;26;12;1;1
-32;-49;34;0;1
-32;-11;37;0;1
-26;20;44;0;1
-32;38;21;1;1
-57;28;30;0;1
-22;35;22;0;1
-25;38;24;0;1
-20;-33;38;0;1
-22;-22;43;0;1
-52;16;40;0;1
-23;-39;49;1;1
-43;-16;53;0;1
-33;-17;46;0;1
-40;-5;31;0;1
-23;-17;9;0;1
-27;-25;31;1;1
-37;-6;14;1;1
-57;-26;25;0;1
-24;-8;21;1;1
-41;-6;25;0;1
-20;-29;35;0;1
-32;-18;14;0;1
-32;-42;42;0;1
-38;-52;27;1;1
-43;-4;18;1;1
-68;-1;19;0;1
-53;34;26;0;1
-24;-18;22;0;1
-17;-16;18;1;1
-46;23;23;0;1
-46;16;46;1;1
-35;-44;18;0;1
-37;2;22;0;1
-52;-18;19;1;1
-16;11;19;0;1
-46;-3;29;0;1
-45;37;26;0;1
-30;12;42;0;1
-59;-6;27;1;1
-53;1;15;0;1
-30;-18;42;0;1
-28;20;53;0;1
-21;30;45;0;1
-32;10;27;1;1
-41;17;26;0;1
-26;10;61;1;1
-38;-3;19;1;1
-30;4;16;1;1
-13;-19;49;0;1
-34;11;51;0;1
-50;-14;36;1;1
-46;-6;19;0;1
-34;27;50;0;1
-38;-46;24;0;1
-19;23;61;0;1
-10;-4;26;0;1
-63;-9;29;0;1
-39;7;31;1;1
-42;31;40;0;1
-57;28;24;1;1
-25;-12;17;0;1
-10;-14;22;1;1
-16;-9;24;0;1
-30;30;31;0;1
-18;-5;29;1;1
-40;43;33;1;1
-20;-29;11;0;1
-37;7;56;1;1
-38;41;39;0;1
-30;-26;57;0;1
-35;-24;22;0;1
-23;26;60;1;1
-62;0;22;0;1
-27;-29;18;0;1
-26;15;10;0;1
-46;-17;22;0;1
-27;-4;17;1;1
-12;19;23;0;1
-56;-10;17;0;1
-32;33;14;0;1
-29;8;52;0;1
-33;-23;25;0;1
-23;-10;22;0;1
-36;27;26;0;1
-54;-8;21;0;1
-64;0;22;0;1
-15;9;33;1;1
-58;-10;39;0;1
-46;39;37;1;1
-15;-21;23;0;1
-46;-42;18;0;1
-19;-31;44;1;1
-41;20;54;1;1
-12;-18;35;1;1
-39;27;40;0;1
-30;6;62;1;1
-25;-39;39;0;1
-44;35;36;1;1
-29;43;34;0;1
-13;-17;22;1;1
-20;-17;18;1;1
-13;-15;26;1;1
-45;-47;22;0;1
-38;34;31;1;1
-58;-4;22;1;1
-40;7;16;0;1
-47;14;15;1;1
-22;3;35;0;1
-28;-5;24;0;1
-26;-39;21;1;1
-41;42;17;0;1
-60;-8;19;0;1
-41;-21;47;1;1
-25;18;57;0;1
-36;-3;58;0;1
-44;-27;21;0;1
-46;20;40;1;1
-33;-20;13;0;1
-32;-26;37;0;1
-18;-24;59;0;1
-38;34;40;0;1
-22;1;54;0;1
-46;-20;14;1;1
-35;-49;33;0;1
-37;-18;50;1;1
-31;18;21;1;1
-34;38;47;1;1
-59;23;20;0;1
-41;35;18;0;1
-51;1;42;1;1
-34;-26;15;0;1
-36;19;55;0;1
-39;-6;27;0;1
-54;39;18;1;1
-27;20;61;1;1
-28;7;27;0;1
-42;43;20;0;1
-37;6;53;0;1
-37;-15;54;1;1
-25;33;23;0;1
-22;14;34;0;1
-50;15;40;1;1
-38;51;18;0;1
-33;14;14;0;1
-29;29;24;1;1
-48;13;29;0;1
-31;38;36;0;1
-31;3;51;0;1
-31;-35;40;0;1
-50;-24;32;0;1
-37;-30;31;0;1
-45;15;25;0;1
-26;33;47;0;1
-25;8;38;0;1
-30;-24;37;0;1
-58;19;23;1;1
-24;39;28;1;1
-24;15;26;1;1
-11;14;33;0;1
-34;-45;20;0;1
-21;-9;37;1;1
-49;13;36;0;1
-33;-9;35;1;1
-32;-9;52;1;1
-45;24;18;1;1
-19;-10;55;1;1
-27;-16;13;1;1
-45;-19;19;0;1
-56;-5;20;0;1
-24;20;16;0;1
-16;16;20;0;1
-23;34;18;0;1
-52;10;44;0;1
-23;-32;32;1;1
-54;-12;44;0;1
-43;-43;34;1;1
-36;10;46;0;1
-27;4;61;1;1
-22;-26;46;0;1
-45;48;20;0;1
-10;13;34;0;1
-17;14;29;0;1
-34;1;29;1;1
-47;19;30;1;1
-25;-32;19;0;1
-43;-44;18;1;1
-26;12;12;0;1
-29;-46;40;1;1
-33;-33;14;0;1
-28;-16;32;0;1
-19;-22;38;0;1
-32;-54;26;1;1
-37;50;18;0;1
-17;27;10;0;1
-18;22;51;0;1
-27;-30;11;0;1
-29;23;24;0;1
-20;-28;31;1;1
-42;26;24;0;1
-24;-40;26;0;1
-34;45;28;0;1
-38;-53;27;1;1
-33;8;56;0;1
-23;-22;55;0;1
-47;21;23;1;1
-30;-14;61;0;1
-51;1;39;0;1
-16;14;17;1;1
-28;36;35;0;1
-40;38;43;1;1
-29;-33;19;0;1
-53;25;19;0;1
-14;-11;23;0;1
-24;-7;48;1;1
-34;-21;23;0;1
-17;-29;22;0;1
-27;-31;39;1;1
-40;-29;47;0;1
-22;-26;28;1;1
-13;10;35;0;1
-48;21;28;0;1
-55;-6;33;1;1
-26;22;27;0;1
-37;31;37;0;1
-19;30;50;1;1
-36;-26;25;0;1
-37;-42;42;0;1
-47;-21;44;1;1
-20;21;54;1;1
-37;16;51;1;1
-29;-12;49;1;1
-31;30;54;0;1
-37;-20;12;0;1
-56;1;18;0;1
-25;-1;15;1;1
-29;24;47;0;1
-36;-48;21;0;1
-26;-35;42;1;1
-6;-10;22;1;1
-50;17;47;0;1
-50;1;23;1;1
-24;26;22;0;1
-15;-23;36;0;1
-48;-12;28;1;1
-59;22;25;0;1
-23;-22;17;0;1
-31;-15;39;0;1
-28;-2;44;1;1
-35;9;48;1;1
-9;11;21;0;1
-68;5;19;1;1
-41;31;22;0;1
-57;-1;40;0;1
-41;35;38;0;1
-30;-39;49;0;1
-36;0;30;0;1
-28;-14;57;1;1
-52;-8;19;0;1
-19;19;14;0;1
-24;10;63;1;1
-46;2;24;1;1
-16;17;41;0;1
-55;16;41;0;1
-43;-4;27;1;1
-26;27;55;0;1
-58;-11;35;0;1
-26;-24;25;0;1
-18;7;53;0;1
-60;8;20;0;1
-21;6;13;1;1
-33;-28;26;0;1
-13;-6;30;0;1
-40;-27;35;0;1
-27;-27;50;1;1
-21;9;11;1;1
-37;-16;50;1;1
-51;16;29;0;1
-31;-31;21;0;1
-38;0;29;0;1
-51;-32;21;0;1
-20;-17;58;0;1
-25;4;63;0;1
-26;38;41;1;1
-20;31;48;0;1
-37;16;37;1;1
-41;12;31;0;1
-32;-25;29;0;1
-54;20;23;1;1
-34;-17;53;1;1
-41;22;47;0;1
-12;16;28;1;1
-41;35;44;0;1
-22;-26;56;1;1
-44;-26;27;0;1
-16;-8;17;0;1
-46;-38;26;1;1
-26;-17;63;0;1
-27;19;44;1;1
-35;-32;51;0;1
-9;12;21;1;1
-54;25;26;0;1
-28;8;47;0;1
-29;8;17;0;1
-29;-29;16;1;1
-33;-35;52;0;1
-60;19;30;0;1
-10;-8;30;1;1
-38;0;55;0;1
-34;-34;16;1;1
-47;20;47;1;1
-41;7;36;1;1
-53;10;30;0;1
-25;-30;18;0;1
-23;-35;45;0;1
-18;21;15;0;1
-35;32;13;1;1
-45;4;47;0;1
-46;-10;15;1;1
-20;-33;16;1;1
-37;37;33;1;1
-33;5;47;1;1
-29;-13;37;1;1
-36;14;11;0;1
-26;20;62;1;1
-20;-18;61;0;1
-47;21;48;0;1
-48;7;29;0;1
-53;-14;40;1;1
-25;-1;19;0;1
-28;0;27;1;1
-27;39;21;1;1
-36;23;21;0;1
-51;-27;40;0;1
-38;10;33;0;1
-59;-24;21;1;1
-46;16;17;0;1
-51;-20;18;0;1
-52;23;28;0;1
-38;0;60;0;1
-38;10;41;1;1
-41;47;33;0;1
-49;22;15;1;1
-29;-34;47;1;1
-42;28;36;0;1
-65;15;20;1;1
-19;26;14;1;1
-30;-22;39;1;1
-59;-19;30;1;1
-40;-14;27;0;1
-34;-19;32;1;1
-13;-16;43;1;1
-33;-5;44;0;1
-21;-19;39;0;1
-59;11;30;1;1
-34;25;34;1;1
-35;42;33;0;1
-45;24;28;1;1
-18;23;15;1;1
-24;-25;41;0;1
-41;28;32;0;1
-20;-8;34;0;1
-18;8;34;0;1
-28;-40;33;1;1
-22;5;36;0;1
-34;54;29;0;1
-20;30;23;0;1
-12;-12;31;0;1
-39;-10;47;1;1
-24;-41;48;0;1
-26;-8;30;1;1
-39;-4;53;0;1
-51;-22;41;0;1
-22;15;50;0;1
-34;-17;42;1;1
-53;38;24;1;1
-39;23;47;0;1
-64;10;23;1;1
-49;-25;22;0;1
-26;8;27;0;1
-14;16;31;1;1
-30;16;26;0;1
-50;24;23;1;1
-24;3;11;1;1
-43;11;18;0;1
-27;0;14;0;1
-47;24;26;0;1
-30;13;40;1;1
-54;3;38;0;1
-19;22;54;0;1
-31;-3;63;0;1
-12;-18;21;1;1
-46;11;42;0;1
-39;6;53;0;1
-55;-14;23;0;1
-33;31;23;0;1
-37;31;26;0;1
-33;16;10;1;1
-23;9;47;1;1
-23;12;10;1;1
-50;-1;41;0;1
-18;26;61;0;1
-44;3;49;0;1
-42;-12;47;1;1
-29;-19;46;1;1
-50;-40;24;0;1
-20;-15;32;1;1
-27;11;16;0;1
-39;34;27;1;1
-16;-3;26;0;1
-50;-7;25;1;1
-35;16;47;0;1
-54;23;32;0;1
-46;-4;42;0;1
-23;-5;33;0;1
-26;8;48;1;1
-25;-36;27;0;1
-49;-36;25;1;1
-38;6;43;1;1
-50;25;34;0;1
-41;10;27;1;1
-42;-27;14;0;1
-18;-8;22;0;1
-35;13;45;1;1
-47;22;47;1;1
-25;-28;50;0;1
-49;-3;31;1;1
-24;-11;54;0;1
-24;-19;32;0;1
-15;24;54;0;1
-27;18;31;1;1
-21;12;54;0;1
-45;-26;20;1;1
-39;-12;56;0;1
-30;-50;22;0;1
-56;-11;38;0;1
-39;36;37;0;1
-20;-15;60;0;1
-49;4;31;0;1
-50;28;40;0;1
-22;16;14;0;1
-33;-16;29;0;1
-44;2;49;0;1
-49;-25;18;0;1
-24;-9;55;1;1
-52;18;22;0;1
-18;-24;56;1;1
-65;8;25;1;1
-31;-5;30;0;1
-39;8;22;1;1
-23;6;20;0;1
-43;42;37;1;1
-50;18;20;0;1
-28;15;11;0;1
-34;30;19;1;1
-20;-18;13;0;1
-63;3;32;0;1
-23;-23;58;1;1
-53;6;27;0;1
-19;19;50;1;1
-13;21;18;0;1
-52;-22;38;1;1
-17;21;60;0;1
-37;7;30;0;1
-43;-40;19;1;1
-42;18;15;1;1
-44;27;38;1;1
-25;-4;66;1;1
-29;-12;27;1;1
-25;-6;27;0;1
-39;3;36;0;1
-20;8;31;0;1
-10;-13;30;0;1
-44;4;29;0;1
-40;-44;25;0;1
-22;-37;20;1;1
-58;-32;24;0;1
-24;-11;18;0;1
-26;-40;14;0;1
-54;9;45;1;1
-21;-33;44;0;1
-49;-21;29;1;1
-46;-11;25;0;1
-37;14;14;0;1
-48;2;48;1;1
-36;-28;35;0;1
-26;0;32;1;1
-31;-30;51;1;1
-20;-17;55;1;1
-26;43;27;0;1
-57;-12;17;1;1
-31;42;27;0;1
-24;10;59;0;1
-43;-3;41;0;1
-48;-17;46;1;1
-25;-43;48;0;1
-31;32;19;0;1
-21;-13;39;1;1
-19;27;23;0;1
-34;-15;23;1;1
-20;-7;46;1;1
-48;-9;20;1;1
-38;36;38;1;1
-21;-36;48;0;1
-66;1;21;0;1
-17;23;21;0;1
-42;-15;39;1;1
-18;-25;35;0;1
-39;-34;44;1;1
-27;11;28;0;1
-22;19;62;1;1
-43;-41;34;1;1
-53;-16;29;1;1
-62;-20;18;0;1
-56;22;19;0;1
-21;-17;20;0;1
-18;-7;45;0;1
-32;-48;37;0;1
-44;0;15;0;1
-21;-27;62;1;1
-31;40;18;1;1
-27;27;30;1;1
-19;-23;8;0;1
-18;-24;46;1;1
-27;24;59;0;1
-24;27;59;0;1
-52;-31;34;0;1
-25;-8;25;0;1
-54;6;37;0;1
-30;-4;42;0;1
-44;-43;31;0;1
-46;-4;29;0;1
-20;15;25;0;1
-45;8;42;1;1
-45;-1;44;0;1
-27;-39;28;1;1
-24;-18;42;1;1
-38;-26;39;0;1
-37;9;23;0;1
-44;-6;50;0;1
-49;-31;18;0;1
-22;-12;25;0;1
-45;-18;23;1;1
-47;-35;39;1;1
-18;-17;23;1;1
-23;13;21;0;1
-34;38;46;1;1
-24;-22;47;0;1
-46;-4;52;0;1
-40;-5;45;0;1
-22;12;54;1;1
-56;-28;31;0;1
-30;12;12;1;1
-56;26;33;0;1
-18;-21;59;1;1
-48;38;32;1;1
-42;14;26;0;1
-34;29;13;1;1
-49;-40;22;0;1
-45;46;26;0;1
-21;-32;51;0;1
-32;24;42;1;1
-22;3;15;0;1
-25;35;34;0;1
-35;10;46;1;1
-29;4;61;1;1
-38;24;30;0;1
-20;11;38;0;1
-23;5;60;0;1
-37;-31;44;0;1
-54;-4;15;0;1
-32;-4;58;0;1
-51;13;18;0;1
-66;-1;18;0;1
-27;30;37;1;1
-24;3;24;0;1
-34;-13;61;0;1
-26;-16;10;0;1
-8;-10;26;0;1
-19;31;15;0;1
-42;6;51;1;1
-39;-35;27;0;1
-32;-3;56;1;1
-24;-29;44;0;1
-24;24;25;1;1
-47;-20;30;0;1
-30;17;62;0;1
-22;-28;51;0;1
-40;-12;38;0;1
-57;-3;37;0;1
-38;29;37;0;1
-43;47;20;0;1
-45;44;21;1;1
-47;-26;23;0;1
-37;21;22;0;1
-30;10;16;0;1
-9;-15;32;1;1
-35;52;23;0;1
-26;28;48;0;1
-42;-24;23;0;1
-36;-54;18;0;1
-29;5;36;1;1
-14;1;35;1;1
-22;-28;56;0;1
-44;43;22;0;1
-42;18;47;1;1
-16;-19;49;0;1
-30;8;31;1;1
-38;-18;17;1;1
-50;4;24;0;1
-26;-41;51;0;1
-30;-40;17;0;1
-34;38;20;1;1
-44;34;15;1;1
-15;-24;37;0;1
-34;32;25;0;1
-63;-6;26;0;1
-55;-23;34;1;1
-13;15;50;0;1
-42;-6;38;0;1
-60;-2;25;1;1
-31;32;31;1;1
-32;23;28;0;1
-25;27;34;0;1
-63;-11;25;0;1
-22;-25;46;0;1
-41;11;43;0;1
-15;-25;12;0;1
-30;2;27;1;1
-53;16;36;0;1
-24;17;15;0;1
-63;15;24;0;1
-12;19;58;1;1
-25;-41;49;0;1
-34;1;30;1;1
-28;18;9;0;1
-38;7;51;1;1
-25;-25;55;0;1
-33;-4;14;1;1
-34;22;15;0;1
-44;21;19;0;1
-65;-1;20;0;1
-36;41;36;1;1
-46;-44;25;0;1
-39;2;45;1;1
-23;32;41;0;1
-23;-36;52;0;1
-12;-7;22;0;1
-44;-35;42;0;1
-17;-17;34;0;1
-30;-15;15;0;1
-16;-21;65;0;1
-34;32;49;1;1
-36;52;17;0;1
-43;-38;40;0;1
-21;-8;16;0;1
-54;19;33;0;1
-45;-4;22;0;1
-23;23;19;0;1
-35;-47;27;0;1
-12;-18;32;0;1
-11;2;23;0;1
-65;-18;20;0;1
-42;-16;22;0;1
-39;55;19;1;1
-27;13;37;1;1
-30;7;33;0;1
-24;9;30;0;1
-24;6;20;0;1
-42;22;33;0;1
-51;-25;34;1;1
-42;-1;22;0;1
-31;-25;33;0;1
-34;34;21;0;1
-58;-23;29;0;1
-61;23;27;0;1
-50;30;34;1;1
-39;8;28;0;1
-37;-18;53;0;1
-46;29;16;0;1
-59;-15;26;0;1
-40;-4;55;1;1
-26;16;55;1;1
-27;-10;57;0;1
-33;-10;19;0;1
-21;-9;43;0;1
-33;51;19;1;1
-32;34;33;1;1
-34;-22;49;1;1
-28;-29;28;1;1
-31;36;52;0;1
-48;-17;22;1;1
-17;27;56;1;1
-55;-5;32;0;1
-33;-1;29;1;1
-43;-13;14;0;1
-66;-8;19;0;1
-48;-13;23;0;1
-22;35;12;0;1
-28;44;23;0;1
-46;23;44;1;1
-62;-19;25;0;1
-45;-14;34;0;1
-16;24;15;1;1
-22;-32;44;1;1
-41;17;55;1;1
-38;0;56;0;1
-6;-10;28;0;1
-37;9;51;1;1
-44;-41;17;0;1
-26;-25;33;0;1
-25;-21;13;0;1
-22;18;27;1;1
-30;-4;16;1;1
-37;39;44;0;1
-28;5;9;0;1
-42;-26;15;0;1
-40;-6;27;0;1
-24;24;13;1;1
-32;-36;43;0;1
-48;2;27;0;1
-57;21;26;0;1
-41;-35;46;0;1
-51;43;23;0;1
-26;5;22;0;1
-15;5;22;1;1
-39;4;58;1;1
-34;39;19;0;1
-12;6;22;0;1
-23;-30;24;1;1
-61;13;28;0;1
-13;19;45;0;1
-32;-35;34;0;1
-25;-20;45;0;1
-66;-6;24;1;1
-61;-7;33;0;1
-51;-33;25;0;1
-24;20;51;0;1
-20;28;28;0;1
-46;-15;46;0;1
-35;35;15;0;1
-33;53;28;0;1
-49;-20;46;1;1
-44;22;32;1;1
-16;21;25;1;1
-21;21;61;0;1
-40;45;24;1;1
-40;38;15;0;1
-28;8;61;1;1
-20;-31;32;1;1
-12;-6;34;1;1
-27;-13;26;0;1
-37;-47;36;0;1
-41;-3;50;0;1
-33;-20;36;1;1
-49;37;19;0;1
-26;25;26;1;1
-53;4;35;0;1
-44;-21;34;1;1
-20;-30;14;0;1
-15;23;18;1;1
-19;2;42;0;1
-61;-11;28;0;1
-29;0;25;1;1
-46;48;25;1;1
-25;-42;21;1;1
-46;17;51;0;1
-53;15;19;0;1
-30;-8;62;0;1
-37;-24;19;0;1
-32;23;47;1;1
-33;-15;48;1;1
-35;1;27;0;1
-31;36;41;0;1
-55;-27;34;0;1
-28;-27;59;1;1
-18;15;59;0;1
-57;21;19;1;1
-47;3;20;1;1
-20;-1;16;0;1
-29;-26;30;1;1
-62;20;24;0;1
-21;-15;39;1;1
-50;-13;21;0;1
-23;22;38;0;1
-39;-23;41;0;1
-30;-16;19;0;1
-45;15;24;0;1
-44;-48;28;0;1
-21;18;23;0;1
-41;-9;24;1;1
-61;9;22;1;1
-32;8;25;0;1
-61;-4;33;0;1
-44;3;44;0;1
-31;43;39;1;1
-33;-10;16;1;1
-33;44;43;0;1
-58;-27;28;0;1
-45;3;27;1;1
-28;-24;47;0;1
-44;25;34;0;1
-25;23;61;1;1
-43;10;23;0;1
-41;25;52;0;1
-34;-4;38;1;1
-45;20;22;0;1
-22;-12;21;0;1
-44;8;40;1;1
-20;-17;62;1;1
-44;40;16;1;1
-27;-46;31;0;1
-18;20;25;1;1
-38;-17;53;1;1
-44;5;30;1;1
-16;19;24;0;1
-57;11;22;0;1
-19;16;11;0;1
-22;23;60;0;1
-20;7;50;0;1
-50;11;17;1;1
-12;-4;27;0;1
-20;6;32;1;1
-25;24;53;0;1
-53;12;38;1;1
-32;-43;46;1;1
-14;8;43;0;1
-36;30;36;1;1
-40;44;29;0;1
-34;15;13;1;1
-50;35;34;1;1
-38;50;28;0;1
-62;19;28;1;1
-14;-7;34;0;1
-45;1;45;0;1
-38;-18;26;0;1
-42;-43;22;1;1
-31;27;51;1;1
-22;7;8;0;1
-40;-23;46;0;1
-51;17;20;0;1
-24;37;41;1;1
-12;-1;33;0;1
-38;-17;20;0;1
-30;14;33;0;1
-29;34;41;0;1
-51;-32;35;0;1
-48;19;21;0;1
-23;-36;22;0;1
-41;-20;17;0;1
-32;-20;29;0;1
-29;-21;28;0;1
-26;-40;20;0;1
-48;28;32;1;1
-53;-27;31;1;1
-28;31;39;0;1
-38;16;32;0;1
-6;-10;32;0;1
-48;24;32;0;1
-23;-11;66;0;1
-33;20;37;1;1
-23;-6;14;1;1
-34;-16;38;0;1
-24;-23;36;0;1
-26;34;13;0;1
-20;-11;39;0;1
-28;-1;14;0;1
-15;-21;61;0;1
-49;16;37;1;1
-20;22;26;0;1
-27;-29;34;0;1
-34;-15;25;1;1
-55;17;27;0;1
-33;-10;25;0;1
-25;22;51;0;1
-39;25;42;0;1
-6;-10;27;1;1
-33;-46;20;0;1
-49;-5;19;0;1
-35;19;41;0;1
-37;51;32;0;1
-23;15;33;0;1
-28;12;34;0;1
-58;7;34;0;1
-15;19;38;0;1
-32;-46;25;1;1
-27;33;14;1;1
-21;14;58;0;1
-19;-22;36;0;1
-31;-25;43;1;1
-11;14;46;1;1
-42;-41;17;0;1
-37;14;24;1;1
-59;2;33;0;1
-22;-31;36;0;1
-40;19;42;0;1
-41;-6;43;0;1
-45;32;39;1;1
-28;-5;54;0;1
-25;6;25;0;1
-12;8;23;0;1
-48;2;28;0;1
-61;-12;26;0;1
-18;19;39;1;1
-29;10;50;1;1
-56;-14;20;1;1
-32;32;45;0;1
-46;-35;27;0;1
-36;-1;24;1;1
-25;-25;11;0;1
-28;32;36;1;1
-19;5;17;1;1
-20;-31;13;1;1
-26;6;48;0;1
-38;-3;20;1;1
-26;27;43;0;1
-50;3;27;1;1
-36;31;27;0;1
-23;28;28;0;1
-46;-11;29;1;1
-48;21;42;1;1
-22;-30;54;1;1
-55;11;34;0;1
-30;0;43;1;1
-19;-14;34;0;1
-37;0;20;0;1
-55;20;36;0;1
-58;0;22;1;1
-26;-31;51;0;1
-37;50;29;0;1
-56;-4;37;0;1
-24;28;26;0;1
-21;13;36;0;1
-37;24;24;0;1
-34;-13;38;0;1
-43;-52;20;0;1
-23;-34;47;1;1
-25;32;13;0;1
-36;-55;18;1;1
-18;-10;21;1;1
-13;19;35;0;1
-33;-26;55;1;1
-36;-22;45;1;1
-49;10;27;0;1
-18;-31;30;0;1
-52;8;24;1;1
-36;-31;52;0;1
-27;41;36;1;1
-28;15;35;0;1
-53;-10;39;0;1
-46;0;19;0;1
-20;13;51;1;1
-36;-2;40;0;1
-35;3;35;0;1
-31;15;42;1;1
-47;-20;23;1;1
-53;30;35;0;1
-36;-10;54;0;1
-59;-19;25;1;1
-45;34;38;1;1
-12;14;24;1;1
-33;-2;55;0;1
-34;54;25;0;1
-62;-3;23;0;1
-27;-26;18;0;1
-19;17;9;0;1
-58;13;21;1;1
-35;-21;42;1;1
-44;-11;31;0;1
-50;-30;38;0;1
-16;9;19;0;1
-38;36;17;0;1
-60;-24;26;1;1
-18;-16;11;0;1
-45;3;51;1;1
-27;-36;35;0;1
-38;46;26;0;1
-17;-11;48;1;1
-26;-25;14;0;1
-24;34;18;0;1
-12;10;37;0;1
-38;6;34;1;1
-38;21;34;1;1
-29;-41;49;0;1
-45;-22;32;0;1
-47;35;39;0;1
-39;-7;53;0;1
-37;-33;31;1;1
-21;-10;29;0;1
-41;-14;31;1;1
-49;27;25;1;1
-39;20;51;0;1
-26;31;33;1;1
-47;24;40;0;1
-17;-16;33;1;1
-34;-32;15;0;1
-64;11;25;0;1
-37;21;42;1;1
-34;-6;19;0;1
-64;-2;22;1;1
-55;-16;38;0;1
-13;-17;55;0;1
-35;19;31;1;1
-32;-12;22;0;1
-49;9;34;0;1
-22;-6;33;1;1
-21;14;52;0;1
-32;-31;55;0;1
-44;-16;39;0;1
-18;-12;56;1;1
-23;-4;50;0;1
-47;-22;25;1;1
-25;-41;15;0;1
-43;-23;51;1;1
-44;19;52;1;1
-30;42;18;1;1
-50;-30;34;0;1
-19;-5;51;0;1
-23;25;33;0;1
-34;10;16;0;1
-32;15;53;0;1
-28;-7;31;1;1
-29;-49;39;0;1
-16;-7;28;0;1
-13;-11;35;0;1
-30;-37;14;0;1
-28;46;18;1;1
-21;-17;12;0;1
-12;-4;24;0;1
-25;38;43;1;1
-28;32;20;0;1
-12;-14;27;0;1
-35;-40;47;0;1
-27;45;25;1;1
-26;8;37;1;1
-62;-13;20;1;1
-17;-13;45;0;1
-21;28;22;0;1
-35;27;54;0;1
-37;-6;56;0;1
-39;-23;25;0;1
-22;17;48;0;1
-48;-32;18;0;1
-16;-4;23;0;1
-33;6;53;0;1
-13;19;37;0;1
-29;31;36;0;1
-34;-57;25;0;1
-16;25;18;0;1
-41;28;40;0;1
-39;-21;31;0;1
-51;37;23;1;1
-30;43;29;0;1
-10;17;29;0;1
-35;48;34;0;1
-36;-45;31;0;1
-39;51;26;0;1
-32;-50;32;0;1
-31;-18;36;0;1
-31;6;45;0;1
-49;5;19;0;1
-63;13;20;1;1
-32;28;23;1;1
-34;15;26;0;1
-44;1;46;0;1
-22;-20;16;0;1
-25;-6;59;0;1
-59;-18;27;0;1
-32;18;17;1;1
-44;-27;36;0;1
-27;21;12;0;1
-42;-19;28;1;1
-36;-12;13;0;1
-37;2;23;0;1
-50;39;26;1;1
-26;29;28;0;1
-34;48;29;0;1
-27;-25;10;1;1
-36;0;51;1;1
-9;-14;25;1;1
-15;-12;37;1;1
-46;2;30;0;1
-19;23;52;0;1
-27;-31;33;1;1
-37;15;48;0;1
-32;10;15;0;1
-38;-6;15;1;1
-35;-19;17;1;1
-44;-39;25;0;1
-41;-22;24;0;1
-28;-8;50;0;1
-37;-13;16;0;1
-42;41;17;0;1
-19;31;29;0;1
-43;-36;16;1;1
-40;25;41;1;1
-42;-12;50;1;1
-27;-25;60;1;1
-26;-32;22;0;1
-26;-24;41;1;1
-44;17;16;0;1
-30;33;20;0;1
-17;14;26;0;1
-26;9;59;0;1
-29;1;8;0;1
-55;9;43;0;1
-26;-21;34;0;1
-46;27;31;1;1
-20;-25;58;1;1
-25;29;50;1;1
-17;1;45;0;1
-27;28;44;0;1
-53;42;19;0;1
-31;-3;9;0;1
-29;-14;34;1;1
-15;-14;24;0;1
-51;9;23;1;1
-19;-32;15;0;1
-54;8;24;0;1
-26;-26;42;1;1
-36;36;24;0;1
-42;27;30;1;1
-23;24;39;1;1
-44;22;50;1;1
-30;-38;34;1;1
-42;46;22;0;1
-12;19;43;0;1
-32;-22;39;0;1
-49;14;32;1;1
-22;-32;31;0;1
-35;-45;35;1;1
-22;11;32;0;1
-13;3;29;1;1
-25;-31;14;0;1
-24;-34;37;0;1
-39;-22;54;0;1
-42;-20;26;1;1
-47;-8;14;0;1
-57;1;21;0;1
-40;37;17;0;1
-21;-10;15;1;1
-48;14;42;0;1
-30;-10;40;1;1
-34;8;47;0;1
-38;0;41;0;1
-14;-21;7;0;1
-41;-12;54;1;1
-25;-27;21;0;1
-42;-20;18;0;1
-41;-6;51;0;1
-45;-16;34;0;1
-37;11;43;1;1
-30;-4;58;1;1
-8;9;24;0;1
-43;19;30;1;1
-15;17;28;0;1
-22;-33;28;1;1
-27;-1;41;0;1
-50;-9;35;0;1
-40;19;15;0;1
-54;37;25;0;1
-47;-42;26;0;1
-56;-7;38;0;1
-57;20;23;1;1
-41;10;25;0;1
-52;-5;47;0;1
-26;22;18;1;1
-38;-15;20;0;1
-22;-15;41;0;1
-42;-27;39;0;1
-27;-23;11;0;1
-16;14;18;1;1
-22;31;44;0;1
-25;18;63;1;1
-20;-3;39;0;1
-43;42;22;0;1
-26;-35;37;0;1
-40;-37;39;1;1
-20;18;56;1;1
-29;0;57;1;1
-10;-16;20;0;1
-43;-5;52;0;1
-43;-22;20;0;1
-21;25;13;0;1
-30;-9;24;1;1
-58;-14;33;0;1
-45;37;38;1;1
-13;14;52;1;1
-35;30;22;0;1
-23;20;24;0;1
-32;10;58;1;1
-30;2;46;1;1
-57;13;39;0;1
-26;20;18;0;1
-43;-26;50;0;1
-28;39;14;0;1
-51;-23;17;0;1
-32;15;38;1;1
-47;-22;48;0;1
-42;-29;33;0;1
-44;17;52;1;1
-17;29;45;1;1
-17;-22;54;1;1
-66;4;21;0;1
-29;18;18;0;1
-42;-23;26;0;1
-31;39;28;0;1
-21;27;32;0;1
-50;18;26;1;1
-9;-12;36;0;1
-43;-6;14;1;1
-34;29;24;0;1
-22;-13;8;1;1
-33;-3;39;0;1
-39;-37;15;0;1
-22;28;59;1;1
-17;-9;45;0;1
-46;29;45;0;1
-35;22;50;1;1
-43;51;19;0;1
-19;-29;26;0;1
-25;9;51;0;1
-18;20;49;0;1
-62;0;19;1;1
-25;-5;24;1;1
-54;0;15;0;1
-19;21;46;0;1
-51;-28;18;0;1
-34;39;37;0;1
-46;-6;15;0;1
-48;-35;21;1;1
-48;-35;31;0;1
-49;-34;25;0;1
-30;4;20;0;1
-38;17;37;1;1
-55;-33;18;0;1
-39;-30;32;0;1
-43;-30;32;1;1
-45;4;43;1;1
-40;-39;16;1;1
-35;23;54;0;1
-38;7;40;0;1
-21;-1;33;0;1
-35;58;21;0;1
-32;16;24;0;1
-57;24;23;1;1
-23;-21;17;1;1
-32;22;25;1;1
-38;-1;53;1;1
-36;2;31;1;1
-25;23;13;1;1
-18;9;37;0;1
-54;17;29;0;1
-18;13;32;1;1
-37;-7;34;0;1
-33;-14;14;0;1
-61;16;24;0;1
-18;-5;21;0;1
-43;30;30;1;1
-31;-49;27;0;1
-38;32;29;1;1
-34;-56;18;0;1
-39;29;50;1;1
-16;4;40;0;1
-21;-6;35;0;1
-52;-12;24;1;1
-39;-9;54;0;1
-45;-9;38;1;1
-50;-26;25;1;1
-42;-7;23;0;1
-34;12;53;0;1
-27;-39;20;0;1
-11;-15;46;0;1
-49;-20;29;1;1
-22;-18;33;1;1
-33;-33;25;0;1
-18;-15;23;0;1
-35;-31;28;0;1
-34;-23;30;0;1
-27;9;34;1;1
-41;-32;23;0;1
-39;-8;23;0;1
-25;-1;51;1;1
-55;-14;28;0;1
-35;3;12;0;1
-43;-31;16;0;1
-54;-14;35;0;1
-44;-16;30;0;1
-46;-10;47;0;1
-19;-22;49;0;1
-58;17;37;0;1
-35;-51;33;0;1
-12;18;38;0;1
-27;-37;35;0;1
-16;-21;44;0;1
-10;10;37;1;1
-61;0;20;1;1
-18;-6;24;0;1
-29;12;18;1;1
-35;-47;39;0;1
-26;-17;40;0;1
-31;5;47;1;1
-36;-34;23;0;1
-53;40;23;0;1
-16;23;9;0;1
-54;-8;20;0;1
-17;-12;13;0;1
-16;6;36;0;1
-52;-39;28;1;1
-18;-13;26;1;1
-30;27;50;1;1
-31;39;30;0;1
-36;12;56;0;1
-30;-36;43;0;1
-43;-10;26;1;1
-58;-16;26;1;1
-25;-19;12;0;1
-41;-34;45;0;1
-34;15;35;1;1
-30;-19;13;1;1
-60;5;19;0;1
-51;-14;21;0;1
-61;5;35;1;1
-43;-48;26;0;1
-44;-3;54;0;1
-57;-20;32;0;1
-27;8;28;0;1
-40;-31;22;0;1
-45;-33;29;0;1
-22;0;45;0;1
-34;-2;29;1;1
-8;-13;24;1;1
-22;0;44;0;1
-59;9;23;0;1
-12;-9;38;0;1
-25;-24;23;0;1
-16;-22;14;0;1
-28;-38;51;0;1
-51;21;44;0;1
-38;6;48;0;1
-40;21;33;0;1
-50;26;25;1;1
-50;27;26;1;1
-41;-24;15;0;1
-42;-24;24;0;1
-35;44;21;0;1
-63;4;31;0;1
-37;5;42;0;1
-37;50;33;0;1
-18;-27;22;1;1
-43;18;47;0;1
-25;-37;16;0;1
-36;-28;42;0;1
-58;4;34;1;1
-36;-40;36;1;1
-30;-15;38;1;1
-32;40;32;1;1
-48;15;49;0;1
-20;-16;38;0;1
-18;-18;34;1;1
-37;-26;28;1;1
-30;21;13;0;1
-25;-27;60;0;1
-42;-3;54;0;1
-36;-15;59;0;1
-30;37;44;0;1
-24;-9;23;1;1
-37;-9;20;0;1
-30;23;20;0;1
-32;-23;42;1;1
-52;9;36;1;1
-53;-3;44;0;1
-47;-39;17;1;1
-52;23;19;0;1
-43;-13;18;1;1
-19;13;43;0;1
-13;15;53;0;1
-25;-43;28;0;1
-13;4;27;0;1
-24;27;18;1;1
-59;30;21;0;1
-42;3;31;1;1
-18;8;31;0;1
-40;-45;23;1;1
-31;-41;32;0;1
-24;-25;22;0;1
-30;-51;17;0;1
-24;39;40;0;1
-29;-16;10;1;1
-37;-29;41;0;1
-47;-4;44;0;1
-24;-1;62;1;1
-23;-26;14;0;1
-45;16;28;0;1
-12;17;24;1;1
-25;-14;18;0;1
-37;35;48;1;1
-20;-20;35;0;1
-19;-29;47;0;1
-27;-37;31;0;1
-26;-15;27;1;1
-29;-34;40;0;1
-23;27;28;0;1
-19;1;49;0;1
-23;0;31;0;1
-47;-30;29;0;1
-31;-50;35;0;1
-41;25;41;0;1
-23;-19;31;0;1
-32;-26;47;0;1
-29;-31;46;1;1
-22;26;23;0;1
-46;-27;41;1;1
-53;-26;23;0;1
-20;4;37;0;1
-51;-30;38;1;1
-26;-41;30;0;1
-37;45;22;0;1
-25;-25;34;0;1
-28;46;34;0;1
-60;12;28;0;1
-12;13;46;0;1
-23;-30;36;1;1
-45;-43;18;1;1
-39;-8;21;0;1
-39;-35;22;0;1
-41;17;23;0;1
-15;-4;24;1;1
-51;32;33;0;1
-32;-40;34;1;1
-34;-7;32;1;1
-51;8;42;0;1
-21;21;10;0;1
-41;7;51;0;1
-55;16;18;1;1
-36;-10;16;0;1
-34;5;19;0;1
-61;19;30;0;1
-32;-38;47;1;1
-38;9;18;1;1
-46;19;26;0;1
-43;46;23;0;1
-10;3;23;1;1
-53;-1;28;1;1
-23;-34;42;0;1
-39;17;33;1;1
-31;17;47;0;1
-26;-39;16;0;1
-39;28;30;0;1
-20;32;47;0;1
-58;-22;27;0;1
-8;8;27;0;1
-50;-10;42;0;1
-45;-50;22;1;1
-28;-27;36;0;1
-26;35;17;1;1
-21;-27;32;0;1
-30;-9;21;0;1
-32;3;28;0;1
-35;-9;55;1;1
-20;12;20;1;1
-30;19;15;0;1
-47;26;18;0;1
-43;3;38;0;1
-57;17;33;0;1
-33;-50;20;0;1
-13;20;38;0;1
-19;13;34;0;1
-62;23;25;0;1
-35;-38;32;0;1
-29;20;42;0;1
-27;-17;35;0;1
-19;13;13;0;1
-39;-1;46;1;1
-35;32;42;0;1
-24;-21;63;0;1
-11;17;42;0;1
-27;29;11;0;1
-36;13;43;1;1
-10;-9;32;0;1
-24;18;9;1;1
-29;-34;48;1;1
-30;-6;49;0;1
-43;-39;21;1;1
-34;29;30;0;1
-34;-1;18;0;1
-11;12;26;1;1
-28;-45;25;1;1
-28;33;20;0;1
-39;-1;23;1;1
-30;-9;29;1;1
-19;21;26;0;1
-34;14;27;0;1
-54;-21;36;0;1
-33;11;55;1;1
-30;30;38;0;1
-54;21;41;1;1
-25;-9;15;1;1
-58;9;38;1;1
-42;16;28;0;1
-38;8;37;0;1
-27;6;46;1;1
-27;-1;63;0;1
-17;-19;45;0;1
-44;20;42;1;1
-39;38;21;1;1
-51;-32;18;0;1
-23;-32;18;1;1
-25;30;51;0;1
-19;7;45;1;1
-25;-20;44;0;1
-49;-30;19;0;1
-48;-14;23;0;1
-32;26;48;0;1
-27;-3;23;0;1
-43;-18;51;1;1
-63;-8;19;1;1
-16;1;42;1;1
-24;22;14;1;1
-31;16;46;0;1
-33;-9;57;1;1
-39;-45;37;0;1
-45;26;30;0;1
-28;43;46;1;1
-21;30;36;1;1
-25;7;46;1;1
-46;-40;21;1;1
-22;-10;45;0;1
-21;-7;36;1;1
-20;-18;46;1;1
-27;-18;60;0;1
-43;-6;22;0;1
-28;-4;11;0;1
-49;-10;22;1;1
-29;-24;32;1;1
-53;-14;24;0;1
-16;-23;59;0;1
-27;-16;45;1;1
-64;7;21;0;1
-50;-18;28;1;1
-38;-22;35;0;1
-45;-42;25;0;1
-19;23;59;0;1
-24;38;34;0;1
-29;-7;14;0;1
-35;-9;20;0;1
-25;-19;44;1;1
-16;15;24;1;1
-37;-19;39;0;1
-43;-7;30;0;1
-30;4;34;1;1
-49;-12;22;0;1
-14;-14;48;0;1
-34;-34;20;1;1
-23;-29;16;0;1
-58;-2;36;1;1
-35;18;53;0;1
-62;16;24;1;1
-55;-5;33;0;1
-33;-10;45;0;1
-48;26;32;1;1
-41;-20;22;0;1
-16;18;29;0;1
-19;17;25;0;1
-45;-32;29;0;1
-34;-25;46;0;1
-34;39;26;1;1
-62;27;19;0;1
-17;27;63;0;1
-30;-5;39;0;1
-40;-12;33;1;1
-40;23;21;0;1
-16;-23;18;0;1
-28;-24;46;1;1
-46;7;53;0;1
-41;-31;44;0;1
-35;-15;34;0;1
-35;-15;47;0;1
-57;-11;18;0;1
-37;2;19;0;1
-63;3;22;0;1
-43;-34;25;1;1
-36;-26;16;1;1
-30;-42;27;1;1
-43;12;48;0;1
-32;-16;24;1;1
-41;-27;19;1;1
-47;-2;26;1;1
-38;-40;32;0;1
-31;36;39;0;1
-29;18;36;0;1
-17;-20;43;0;1
-29;-44;29;0;1
-33;-17;20;0;1
-14;-24;34;1;1
-55;26;25;1;1
-43;40;26;0;1
-65;-15;21;0;1
-31;2;25;1;1
-49;4;21;1;1
-14;-21;16;0;1
-26;16;39;1;1
-62;-25;21;1;1
-23;34;32;1;1
-16;-15;40;1;1
-43;13;35;0;1
-45;-21;27;0;1
-40;-33;39;0;1
-43;37;35;1;1
-34;18;22;1;1
-30;-11;60;1;1
-63;12;22;0;1
-13;-21;18;1;1
-28;41;48;0;1
-33;-45;22;0;1
-17;-12;45;0;1
-19;-17;63;0;1
-39;34;28;0;1
-29;10;44;0;1
-27;0;40;0;1
-47;-21;15;1;1
-41;24;16;1;1
-28;-3;62;1;1
-39;8;35;1;1
-14;0;25;1;1
-37;21;37;1;1
-25;-40;50;0;1
-36;10;34;1;1
-27;15;13;0;1
-50;-6;25;1;1
-60;18;33;1;1
-35;-23;53;0;1
-19;-7;15;0;1
-18;-23;39;0;1
-35;-37;20;1;1
-41;-30;21;0;1
-44;5;42;0;1
-29;-21;43;0;1
-28;-13;28;0;1
-6;7;23;1;1
-40;-36;16;1;1
-13;22;34;0;1
-18;30;52;0;1
-19;-17;27;0;1
-11;-18;34;0;1
-29;-12;28;0;1
-15;-20;28;0;1
-16;27;32;1;1
-64;18;25;1;1
-58;2;30;0;1
-46;-34;21;1;1
-18;19;26;1;1
-38;2;45;0;1
-19;3;20;0;1
-13;-14;49;0;1
-28;-8;11;1;1
-55;-20;21;1;1
-28;18;28;1;1
-21;-6;25;1;1
-32;-25;18;1;1
-32;11;40;0;1
-23;-18;17;1;1
-29;26;50;0;1
-50;28;16;0;1
-35;20;51;0;1
-49;-11;38;0;1
-50;-18;44;0;1
-54;-35;28;1;1
-45;18;51;0;1
-46;0;46;1;1
-27;-4;43;0;1
-43;16;42;0;1
-26;11;10;0;1
-29;11;18;1;1
-38;-43;25;0;1
-46;-7;40;0;1
-37;-10;17;0;1
-24;22;39;0;1
-38;-30;41;0;1
-39;-20;44;0;1
-35;25;32;0;1
-23;-34;24;0;1
-36;-12;30;0;1
-28;-14;22;1;1
-16;8;39;1;1
-51;4;41;1;1
-55;16;20;1;1
-8;-13;22;1;1
-17;15;25;0;1
-23;5;44;0;1
-44;-25;38;0;1
-30;-42;18;0;1
-24;39;20;0;1
-51;13;24;0;1
-35;27;21;0;1
-32;-9;36;1;1
-39;-13;45;1;1
-24;32;17;1;1
-36;-18;50;0;1
-21;1;52;1;1
-34;40;25;1;1
-20;34;33;1;1
-26;39;18;1;1
-22;-27;57;0;1
-39;33;23;1;1
-17;24;55;1;1
-46;-13;16;1;1
-25;37;46;0;1
-33;49;23;0;1
-24;29;33;1;1
-43;-29;29;0;1
-42;45;27;1;1
-42;47;30;1;1
-33;-49;16;1;1
-55;3;31;1;1
-24;-11;56;1;1
-39;46;29;0;1
-12;18;49;0;1
-46;-2;22;0;1
-39;-36;17;0;1
-54;-16;22;0;1
-50;-6;33;1;1
-49;1;44;1;1
-36;14;18;1;1
-14;20;34;0;1
-52;-26;21;0;1
-34;22;38;0;1
-30;-4;34;0;1
-48;10;15;0;1
-21;-28;37;0;1
-21;32;17;1;1
-29;-2;31;1;1
-39;3;51;1;1
-32;-32;33;0;1
-20;-31;45;1;1
-30;-25;53;0;1
-56;10;16;1;1
-29;-24;29;0;1
-42;25;14;0;1
-63;14;22;1;1
-17;0;31;0;1
-40;-20;27;1;1
-34;-10;26;0;1
-49;15;44;0;1
-32;17;34;1;1
-16;16;61;0;1
-42;35;22;0;1
-42;7;33;0;1
-56;-29;21;0;1
-26;-24;46;0;1
-48;31;25;0;1
-39;45;31;0;1
-31;34;43;0;1
-54;9;39;1;1
-24;5;27;1;1
-39;37;33;0;1
-25;-30;49;1;1
-42;40;29;1;1
-21;-3;24;0;1
-43;8;49;0;1
-35;-37;14;0;1
-30;29;15;1;1
-30;-35;35;0;1
-27;26;20;1;1
-17;6;41;0;1
-29;19;62;1;1
-16;14;53;0;1
-24;5;23;1;1
-28;-37;50;1;1
-34;5;43;0;1
-26;-19;40;0;1
-25;30;53;0;1
-26;-34;12;0;1
-47;34;16;0;1
-36;-24;49;0;1
-24;-28;59;0;1
-28;5;29;1;1
-9;11;20;0;1
-19;18;17;0;1
-60;23;21;0;1
-22;-24;50;1;1
-46;16;35;0;1
-32;16;13;1;1
-35;55;19;1;1
-28;26;16;1;1
-34;33;39;0;1
-57;-5;29;0;1
-42;-37;20;1;1
-24;-12;53;1;1
-33;-57;22;1;1
-20;-13;48;0;1
-24;9;23;0;1
-24;32;45;0;1
-60;12;18;0;1
-31;10;36;1;1
-40;-30;37;0;1
-25;3;22;1;1
-23;-10;36;1;1
-45;47;19;0;1
-18;27;35;0;1
-67;8;22;1;1
-32;-41;36;0;1
-28;-28;28;1;1
-31;17;27;0;1
-8;10;28;1;1
-36;-8;49;0;1
-28;39;13;0;1
-38;50;23;0;1
-28;26;29;0;1
-62;-16;18;0;1
-26;-6;24;1;1
-25;-20;39;1;1
-37;3;32;0;1
-22;-11;58;1;1
-35;2;25;0;1
-44;0;19;1;1
-55;-23;19;0;1
-51;2;23;1;1
-59;-17;20;1;1
-36;24;34;1;1
-30;-34;15;0;1
-27;-38;29;0;1
-64;6;26;0;1
-49;-2;23;0;1
-29;-4;42;1;1
-16;-13;56;0;1
-13;-14;35;1;1
-27;-28;46;0;1
-29;-8;41;0;1
-52;-11;29;1;1
-61;-14;18;0;1
-20;12;58;0;1
-24;13;38;0;1
-13;20;56;0;1
-60;16;19;0;1
-42;13;26;1;1
-31;-12;28;0;1
-13;-21;50;0;1
-34;-45;23;0;1
-44;-4;26;0;1
-22;26;20;0;1
-28;20;25;0;1
-29;-39;29;1;1
-25;34;38;1;1
-23;-11;41;0;1
-50;-6;15;0;1
-38;-33;43;0;1
-14;-8;23;0;1
-31;23;43;0;1
-40;13;49;0;1
-43;-13;27;1;1
-29;-8;57;0;1
-24;-16;64;1;1
-23;10;42;0;1
-40;6;27;1;1
-40;20;18;1;1
-33;33;22;1;1
-33;-42;41;0;1
-15;-12;36;1;1
-55;-17;18;1;1
-35;-3;22;0;1
-10;-3;27;1;1
-24;8;33;1;1
-31;-15;31;0;1
-10;16;37;1;1
-21;-2;22;0;1
-14;-17;58;0;1
-36;-8;41;0;1
-23;-12;9;0;1
-48;21;22;0;1
-27;-11;58;0;1
-53;14;44;1;1
-28;-6;44;1;1
-23;2;28;0;1
-30;50;39;0;1
-17;12;25;1;1
-56;9;24;0;1
-43;-5;53;0;1
-39;35;27;0;1
-34;41;46;0;1
-31;10;46;0;1
-63;3;23;1;1
-52;-22;25;1;1
-42;35;36;0;1
-21;14;51;0;1
-37;-13;23;0;1
-52;27;39;1;1
-13;1;28;0;1
-28;-8;56;0;1
-27;44;39;1;1
-24;7;39;1;1
-55;-8;31;1;1
-61;22;26;0;1
-37;11;26;1;1
-23;-15;61;0;1
-21;-26;42;0;1
-19;25;48;0;1
-57;24;19;0;1
-24;-31;14;0;1
-15;-19;20;0;1
-48;25;43;1;1
-16;22;11;0;1
-47;-22;36;0;1
-37;12;14;1;1
-28;3;36;0;1
-48;-5;39;1;1
-13;-20;48;0;1
-14;18;30;1;1
-47;21;20;1;1
-37;12;53;1;1
-42;-26;49;1;1
-43;1;56;0;1
-50;17;28;1;1
-35;17;21;0;1
-33;-45;20;0;1
-35;-36;27;1;1
-19;32;41;0;1
-34;-9;51;0;1
-26;18;29;1;1
-30;11;55;1;1
-25;-13;20;1;1
-11;-16;52;0;1
-24;29;27;0;1
-53;10;36;0;1
-37;5;20;1;1
-29;-35;20;0;1
-55;33;21;1;1
-44;32;43;1;1
-64;3;22;1;1
-24;36;35;0;1
-59;8;34;0;1
-63;-21;20;0;1
-33;-9;16;1;1
-37;55;21;0;1
-40;-17;32;0;1
-29;9;17;0;1
-21;-23;62;1;1
-26;-45;28;0;1
-29;44;36;0;1
-27;5;12;0;1
-36;0;53;1;1
-49;-30;23;0;1
-23;-8;17;1;1
-44;27;46;0;1
-36;-20;50;0;1
-33;-1;12;1;1
-17;29;59;1;1
-31;-6;47;1;1
-18;19;25;0;1
-39;-25;17;1;1
-16;4;23;1;1
-36;-43;29;1;1
-40;34;17;1;1
-49;40;29;1;1
-45;-14;39;0;1
-47;7;50;0;1
-48;19;41;0;1
-53;-36;20;1;1
-66;12;22;0;1
-58;20;29;0;1
-53;4;29;1;1
-25;-38;45;0;1
-14;-15;14;1;1
-37;34;39;0;1
-38;-11;50;0;1
-43;30;32;0;1
-24;-26;54;1;1
-26;45;16;0;1
-50;20;17;1;1
-20;18;49;0;1
-29;-48;36;1;1
-46;-1;48;1;1
-21;-1;54;0;1
-59;9;34;1;1
-48;43;22;0;1
-30;-11;47;0;1
-46;-3;14;0;1
-32;-21;36;0;1
-27;-26;16;1;1
-18;-30;44;1;1
-27;3;30;1;1
-33;3;46;1;1
-40;44;34;1;1
-28;32;31;0;1
-21;-8;59;1;1
-29;-16;12;0;1
-27;-27;22;0;1
-39;-3;19;1;1
-46;-6;27;0;1
-50;34;21;1;1
-35;17;18;1;1
-25;37;51;1;1
-27;38;29;0;1
-30;3;33;0;1
-30;-7;26;0;1
-26;-19;51;1;1
-47;-4;14;0;1
-38;9;29;1;1
-20;32;40;0;1
-49;27;32;1;1
-24;-36;13;1;1
-46;34;34;0;1
-36;3;60;0;1
-58;9;24;1;1
-25;-6;46;1;1
-25;5;36;1;1
-31;28;42;0;1
-41;0;14;0;1
-12;10;35;0;1
-29;4;54;0;1
-12;17;33;0;1
-28;-40;25;0;1
-37;46;20;0;1
-52;21;24;0;1
-39;33;14;1;1
-30;-39;26;0;1
-38;43;38;0;1
-41;-17;16;0;1
-31;19;56;0;1
-24;-27;12;0;1
-30;3;21;1;1
-37;18;28;0;1
-32;-38;28;1;1
-8;-13;39;0;1
-37;40;37;1;1
-20;-13;34;1;1
-33;-3;36;0;1
-44;27;34;1;1
-35;-44;24;1;1
-34;-33;16;1;1
-37;36;40;0;1
-22;13;30;0;1
-28;10;14;0;1
-33;37;21;0;1
-49;-21;30;0;1
-34;-17;52;0;1
-54;19;37;1;1
-41;-21;54;0;1
-17;24;13;1;1
-52;-15;17;0;1
-57;-29;25;1;1
-38;-24;55;0;1
-38;-32;31;1;1
-31;26;20;1;1
-49;32;27;1;1
-22;6;24;0;1
-40;40;40;1;1
-30;-26;28;0;1
-44;-10;39;0;1
-63;6;31;0;1
-40;-43;27;1;1
-19;-9;14;0;1
-22;-29;22;0;1
-51;8;45;0;1
-31;-22;52;0;1
-39;-15;38;0;1
-27;6;32;1;1
-36;11;37;1;1
-29;17;44;0;1
-19;-30;20;0;1
-44;-26;44;0;1
-40;9;29;0;1
-20;-2;31;0;1
-33;17;19;1;1
-45;-18;30;0;1
-48;-1;51;1;1
-12;15;41;1;1
-19;30;59;0;1
-14;6;30;0;1
-19;3;35;1;1
-33;-22;15;1;1
-53;-6;28;0;1
-38;-16;24;1;1
-34;-27;41;1;1
-26;7;52;0;1
-45;36;35;1;1
-58;7;17;0;1
-15;-2;30;0;1
-21;10;9;1;1
-30;-4;61;1;1
-32;-48;36;1;1
-17;-4;29;1;1
-63;3;21;1;1
-36;15;42;0;1
-49;33;22;1;1
-32;-21;21;0;1
-62;9;27;0;1
-32;3;25;1;1
-14;-17;40;0;1
-23;16;46;0;1
-23;2;59;0;1
-28;0;19;1;1
-27;-37;47;1;1
-56;-18;25;0;1
-20;16;38;1;1
-26;15;25;0;1
-33;-6;59;0;1
-20;-33;39;1;1
-39;32;28;1;1
-11;17;22;0;1
-21;-20;29;0;1
-35;-31;24;1;1
-29;-5;44;0;1
-39;2;15;1;1
-33;5;12;0;1
-45;37;20;0;1
-33;11;34;0;1
-40;29;38;0;1
-37;24;25;0;1
-40;16;37;0;1
-41;10;52;1;1
-25;-12;14;1;1
-30;-25;47;0;1
-58;-21;33;0;1
-39;5;36;1;1
-41;27;39;0;1
-40;-24;30;0;1
-36;18;58;0;1
-39;30;22;1;1
-27;13;35;0;1
-49;9;18;0;1
-35;-17;44;1;1
-16;-19;52;1;1
-48;15;34;0;1
-53;17;19;0;1
-21;24;25;0;1
-36;-20;24;0;1
-40;-37;27;0;1
-30;29;35;1;1
-9;15;48;0;1
-26;39;35;0;1
-47;22;23;0;1
-30;-8;36;0;1
-20;-33;45;0;1
-24;-14;30;0;1
-54;7;19;1;1
-41;-14;56;0;1
-28;19;13;1;1
-17;0;26;1;1
-17;21;43;1;1
-61;-9;18;1;1
-27;-3;10;0;1
-50;-12;25;1;1
-29;19;36;0;1
-34;36;36;0;1
-56;21;24;1;1
-55;-5;22;1;1
-29;31;22;0;1
-26;-21;39;0;1
-31;-24;16;1;1
-37;-22;43;0;1
-54;-24;23;1;1
-33;-50;31;1;1
-27;-19;9;1;1
-21;1;39;0;1
-38;45;30;1;1
-33;8;62;0;1
-35;4;19;0;1
-43;-6;48;1;1
-28;25;32;0;1
-22;-28;57;0;1
-46;-21;42;0;1
-25;-15;52;0;1
-37;35;14;0;1
-29;-42;48;0;1
-51;15;18;1;1
-49;-35;33;1;1
-25;-10;59;1;1
-42;-15;20;0;1
-42;-32;34;0;1
-62;-18;20;0;1
-28;27;54;1;1
-33;7;41;0;1
-36;18;29;0;1
-27;-41;47;0;1
-34;-34;49;0;1
-40;-30;15;0;1
-41;0;41;0;1
-27;-10;52;1;1
-59;18;33;0;1
-23;-22;22;1;1
-23;-11;37;0;1
-29;-22;13;1;1
-57;-4;40;1;1
-30;28;31;0;1
-28;-13;27;1;1
-27;36;31;0;1
-17;-17;14;0;1
-62;-9;27;1;1
-38;-10;45;1;1
-31;10;63;1;1
-21;16;29;0;1
-37;1;48;0;1
-43;7;33;0;1
-51;16;19;1;1
-22;19;52;0;1
-15;-15;56;0;1
-26;31;55;0;1
-61;7;20;1;1
-38;-17;26;1;1
-17;-12;53;0;1
-40;22;51;0;1
-39;20;48;1;1
-36;8;51;0;1
-32;32;46;0;1
-25;-10;52;1;1
-31;-4;33;1;1
-55;-25;23;1;1
-64;6;21;0;1
-38;-14;57;0;1
-55;9;23;1;1
-46;32;27;1;1
-24;37;31;0;1
-45;22;38;0;1
-19;-21;36;0;1
-61;15;25;0;1
-31;49;16;0;1
-27;11;53;1;1
-22;-28;27;1;1
-14;-6;23;0;1
-36;5;60;1;1
-45;18;30;0;1
-26;37;41;0;1
-18;5;24;0;1
-26;-14;42;1;1
-48;7;26;1;1
-43;4;19;1;1
-43;-49;22;1;1
-41;29;36;1;1
-21;14;47;1;1
-33;54;19;1;1
-30;14;52;0;1
-42;12;33;0;1
-41;13;26;0;1
-51;-12;47;1;1
-35;-9;26;0;1
-36;13;41;0;1
-47;22;44;0;1
-33;-22;44;1;1
-20;23;51;1;1
-54;35;19;0;1
-29;20;56;0;1
-18;26;26;1;1
-28;-33;31;0;1
-41;0;56;0;1
-39;45;17;0;1
-55;14;16;0;1
-47;-18;21;0;1
-38;28;51;1;1
-52;-14;23;0;1
-44;21;32;0;1
-43;17;14;0;1
-18;29;40;0;1
-56;1;27;0;1
-16;21;36;0;1
-26;-39;14;0;1
-29;-33;38;0;1
-35;-2;26;1;1
-25;-34;34;0;1
-38;17;12;0;1
-34;-23;33;0;1
-40;-51;27;1;1
-24;-39;38;1;1
-48;-12;27;1;1
-21;27;17;0;1
-34;-36;45;0;1
-17;5;42;0;1
-34;-36;21;0;1
-51;-42;18;0;1
-36;6;40;1;1
-30;-13;32;0;1
-37;-28;41;0;1
-47;11;36;0;1
-16;-6;32;0;1
-19;-17;52;1;1
-23;20;50;1;1
-41;32;29;0;1
-54;8;32;1;1
-30;20;28;0;1
-39;-31;34;1;1
-52;-42;18;0;1
-54;34;31;1;1
-20;9;11;0;1
-45;-31;15;0;1
-30;21;49;0;1
-43;-5;33;0;1
-27;18;30;0;1
-45;44;17;0;1
-38;-38;41;0;1
-36;-26;39;1;1
-21;-10;41;1;1
-13;22;41;0;1
-35;31;53;1;1
-51;17;25;1;1
-37;-8;14;0;1
-24;13;19;1;1
-19;-19;58;0;1
-25;42;16;1;1
-23;3;9;0;1
-21;-19;32;1;1
-35;-56;22;1;1
-30;18;20;1;1
-55;1;21;0;1
-15;19;35;0;1
-33;8;11;0;1
-21;32;48;0;1
-54;9;28;0;1
-13;15;17;0;1
-47;-17;43;1;1
-49;-14;35;1;1
-38;31;23;1;1
-32;-9;54;1;1
-21;31;44;0;1
-38;26;24;0;1
-42;11;37;0;1
-37;-43;25;0;1
-35;-10;36;0;1
-32;13;40;1;1
-31;-16;26;0;1
-30;-7;27;0;1
-23;-23;34;0;1
-26;-44;19;0;1
-52;6;43;0;1
-27;33;22;0;1
-30;-11;23;0;1
-29;-36;51;0;1
-16;-25;47;1;1
-55;-18;22;0;1
-32;8;20;1;1
-51;-31;31;0;1
-17;-11;47;0;1
-31;-10;58;0;1
-42;26;30;0;1
-24;6;59;0;1
-18;-4;45;1;1
-33;-40;24;0;1
-61;-17;19;0;1
-18;23;8;0;1
-26;-22;40;0;1
-25;40;52;0;1
-47;-13;40;1;1
-26;6;20;0;1
-57;24;28;0;1
-45;8;16;1;1
-59;28;24;0;1
-41;5;16;0;1
-50;-20;27;0;1
-54;5;35;1;1
-21;-13;40;0;1
-63;-3;28;1;1
-40;-27;17;0;1
-39;-50;28;1;1
-46;-44;20;0;1
-46;1;54;1;1
-56;-31;23;0;1
-25;22;36;1;1
-33;-40;38;0;1
-38;1;59;0;1
-38;-38;36;0;1
-18;-18;15;1;1
-17;-5;36;0;1
-61;-20;30;0;1
-36;45;30;0;1
-55;-2;23;0;1
-45;26;33;0;1
-22;17;38;0;1
-44;26;25;1;1
-53;-31;34;0;1
-34;0;57;0;1
-23;-8;60;0;1
-38;-8;39;0;1
-32;12;34;0;1
-21;-6;27;0;1
-22;-18;12;0;1
-36;-51;29;0;1
-55;31;24;1;1
-28;-22;13;0;1
-19;-3;44;0;1
-28;14;55;1;1
-42;17;26;0;1
-34;14;38;1;1
-21;34;17;0;1
-45;38;21;1;1
-32;-19;46;0;1
-23;3;28;0;1
-30;-46;33;0;1
-38;-12;37;1;1
-53;-10;29;0;1
-26;17;49;0;1
-48;-24;39;0;1
-6;10;32;0;1
-28;-35;51;0;1
-32;30;29;0;1
-23;35;21;1;1
-21;-35;27;0;1
-48;-8;37;0;1
-42;-31;41;1;1
-12;16;34;0;1
-9;-9;23;0;1
-45;-27;40;1;1
-56;23;33;1;1
-57;-33;24;1;1
-30;14;28;1;1
-57;8;40;0;1
-29;42;35;0;1
-23;-32;12;0;1
-33;-24;15;0;1
-38;18;15;0;1
-23;-12;35;0;1
-12;-14;19;0;1
-52;-14;40;0;1
-29;-32;52;1;1
-26;30;45;1;1
-54;8;22;1;1
-36;-45;38;0;1
-55;11;36;0;1
-23;-4;10;0;1
-18;18;36;0;1
-42;-24;49;0;1
-28;-22;11;1;1
-35;-6;23;1;1
-48;-33;37;1;1
-38;-17;13;0;1
-40;-18;33;0;1
-23;-8;62;0;1
-25;-12;24;0;1
-10;15;17;1;1
-58;-16;32;0;1
-12;-12;24;1;1
-43;-30;38;1;1
-23;23;13;0;1
-28;23;60;0;1
-19;13;15;1;1
-35;-26;39;1;1
-45;30;20;0;1
-35;-40;44;0;1
-43;-24;25;0;1
-47;-11;50;0;1
-19;30;14;1;1
-62;-9;30;1;1
-54;14;39;0;1
-11;19;30;1;1
-41;-7;37;1;1
-25;-6;39;0;1
-56;12;33;0;1
-38;51;31;0;1
-17;2;35;0;1
-35;55;25;0;1
-37;-51;32;0;1
-24;-10;40;0;1
-38;-8;42;1;1
-38;-41;40;1;1
-26;2;51;0;1
-39;4;41;1;1
-24;-7;57;0;1
-18;-3;27;0;1
-27;-24;54;0;1
-42;-12;28;1;1
-43;4;27;1;1
-18;3;34;0;1
-23;-16;56;0;1
-35;41;29;0;1
-37;-2;37;1;1
-32;-3;48;1;1
-47;1;21;1;1
-35;-47;32;0;1
-25;-33;13;0;1
-42;-27;42;0;1
-20;-30;22;0;1
-13;-9;41;1;1
-22;0;13;1;1
-29;-39;22;0;1
-62;19;24;1;1
-43;11;54;0;1
-31;-5;56;0;1
-35;24;26;1;1
-20;-25;16;0;1
-29;40;37;1;1
-43;14;22;0;1
-37;1;31;1;1
-22;-18;11;0;1
-32;-21;31;0;1
-28;-11;60;0;1
-45;6;39;1;1
-19;-18;48;0;1
-36;28;30;1;1
-15;-4;28;1;1
-32;0;59;1;1
-27;7;13;0;1
-40;-14;45;0;1
-24;13;21;0;1
-13;9;30;0;1
-17;-15;50;0;1
-11;10;27;0;1
-45;39;20;1;1
-29;-18;43;0;1
-30;-9;52;0;1
-24;7;41;0;1
-31;-39;15;0;1
-29;-14;60;0;1
-28;31;44;0;1
-28;-11;54;1;1
-29;-35;42;1;1
-36;-41;27;1;1
-16;26;50;1;1
-24;-5;8;1;1
-39;-4;51;0;1
-35;-17;19;1;1
-23;-8;54;0;1
-41;-6;42;0;1
-57;3;25;0;1
-58;-10;34;0;1
-62;13;26;0;1
-20;-13;22;1;1
-53;24;21;1;1
-43;-10;25;0;1
-22;-3;55;0;1
-47;-8;51;0;1
-28;11;14;0;1
-25;31;18;0;1
-34;33;52;1;1
-47;37;19;1;1
-30;-10;15;1;1
-32;-13;29;0;1
-46;19;50;1;1
-21;2;27;1;1
-27;36;27;0;1
-60;13;33;0;1
-58;-25;29;1;1
-15;-20;40;0;1
-20;17;54;1;1
-53;-6;39;0;1
-54;29;20;1;1
-28;-21;13;0;1
-25;5;40;0;1
-48;-9;33;0;1
-17;-18;22;0;1
-44;-20;28;1;1
-42;-17;42;0;1
-51;0;17;1;1
-53;-28;34;1;1
-33;-13;48;0;1
-25;33;20;1;1
-38;20;32;0;1
-42;-22;27;1;1
-25;-14;39;1;1
-14;-18;62;0;1
-56;14;21;0;1
-18;-30;34;1;1
-13;-18;25;0;1
-23;31;18;0;1
-37;43;35;0;1
-51;-29;17;0;1
-22;-32;56;0;1
-50;-13;23;0;1
-34;-21;19;0;1
-56;6;41;0;1
-54;13;42;1;1
-45;-35;19;1;1
-52;2;20;0;1
-55;17;18;0;1
-40;-11;37;1;1
-37;45;16;0;1
-21;3;33;0;1
-36;25;22;0;1
-14;-22;26;0;1
-15;16;27;1;1
-38;-17;30;0;1
-51;21;19;0;1
-16;-19;7;0;1
-39;-44;22;1;1
-30;-38;40;0;1
-18;-3;46;1;1
-32;10;57;0;1
-28;31;41;0;1
-11;-17;34;0;1
-35;-39;15;0;1
-45;-43;21;0;1
-43;-10;27;0;1
-34;-22;56;0;1
-19;-13;46;0;1
-29;32;43;1;1
-50;-2;50;0;1
-55;-13;34;0;1
-49;-9;36;0;1
-35;14;20;0;1
-13;20;64;1;1
-42;-14;41;1;1
-33;26;54;0;1
-43;23;37;1;1
-52;7;36;0;1
-21;-13;41;0;1
-60;-15;30;1;1
-47;-39;28;0;1
-57;-1;38;0;1
-24;-7;56;0;1
-53;8;35;0;1
-18;12;35;1;1
-15;-17;45;0;1
-40;-40;31;1;1
-24;39;45;1;1
-30;-12;40;1;1
-16;2;30;0;1
-14;-10;19;0;1
-29;26;12;0;1
-45;1;31;0;1
-33;3;52;1;1
-31;20;53;1;1
-49;-18;42;0;1
-49;-22;35;0;1
-59;5;23;1;1
-21;22;40;0;1
-22;23;34;0;1
-25;3;16;0;1
-45;15;29;1;1
-36;37;22;1;1
-46;-33;22;0;1
-39;-10;51;1;1
-26;-39;34;0;1
-13;17;46;1;1
-12;-11;39;1;1
-27;-10;22;0;1
-20;-29;37;0;1
-20;-25;60;1;1
-22;37;28;0;1
-33;-15;60;1;1
-31;-16;37;0;1
-25;-19;63;0;1
-34;46;41;0;1
-18;-13;27;0;1
-18;-30;27;1;1
-32;-2;30;0;1
-43;9;47;0;1
-16;14;41;0;1
-26;-40;24;0;1
-42;38;26;0;1
-26;-39;18;0;1
-48;23;42;0;1
-36;22;35;0;1
-17;18;51;0;1
-15;-16;44;0;1
-37;19;15;0;1
-50;9;31;0;1
-38;-7;58;0;1
-44;-18;27;0;1
-43;-10;34;0;1
-62;-8;17;1;1
-42;15;21;0;1
-15;-3;33;0;1
-29;-39;34;0;1
-31;14;20;0;1
-25;20;29;0;1
-45;-38;24;1;1
-13;-18;34;1;1
-40;32;34;1;1
-52;-15;30;0;1
-25;-2;65;0;1
-54;21;22;0;1
-50;9;33;0;1
-50;-14;31;1;1
-28;20;47;0;1
-23;-36;28;1;1
-54;9;35;0;1
-44;17;19;1;1
-44;41;36;0;1
-33;-37;24;0;1
-30;-25;46;0;1
-19;0;31;0;1
-58;22;27;0;1
-16;-21;32;0;1
-25;10;11;0;1
-60;-13;19;0;1
-17;-25;35;0;1
-24;16;52;0;1
-59;-16;22;1;1
-31;30;37;0;1
-32;24;53;1;1
-34;4;31;0;1
-29;-2;23;1;1
-31;21;35;0;1
-34;38;17;0;1
-42;-22;22;1;1
-23;-34;49;1;1
-19;-11;59;0;1
-40;15;46;1;1
-49;16;32;0;1
-40;-6;47;1;1
-42;41;38;0;1
-30;33;21;1;1
-30;5;39;0;1
-31;-34;46;1;1
-29;-26;51;1;1
-58;-23;33;0;1
-41;2;56;1;1
-43;32;15;0;1
-48;24;36;1;1
-40;-1;43;1;1
-19;22;36;1;1
-50;-31;26;1;1
-25;1;38;1;1
-27;-32;34;0;1
-50;-16;23;1;1
-44;19;14;0;1
-61;2;26;0;1
-20;23;57;0;1
-32;37;30;0;1
-21;-36;47;0;1
-35;-46;31;0;1
-16;20;60;0;1
-24;-10;45;0;1
-31;-26;17;0;1
-43;-16;48;1;1
-35;23;41;1;1
-31;-10;32;0;1
-28;-47;45;0;1
-38;32;26;0;1
-7;10;30;0;1
-46;-5;31;0;1
-18;28;16;0;1
-52;-33;21;0;1
-48;39;34;1;1
-41;-30;20;1;1
-42;-5;42;1;1
-35;-22;23;0;1
-38;8;43;0;1
-50;-29;33;1;1
-11;-12;33;0;1
-29;-40;44;1;1
-33;-15;55;1;1
-20;-14;44;1;1
-44;51;21;0;1
-28;1;58;0;1
-39;18;29;1;1
-19;4;47;0;1
-18;-9;40;0;1
-39;50;19;1;1
-59;5;24;1;1
-24;-10;59;1;1
-63;22;22;0;1
-23;-19;32;1;1
-40;-16;32;0;1
-19;2;20;1;1
-39;-5;24;0;1
-21;12;24;0;1
-58;7;21;0;1
-41;-14;44;0;1
-49;39;26;0;1
-34;-19;47;1;1
-28;46;30;0;1
-19;-6;51;0;1
-48;27;39;1;1
-50;-16;15;1;1
-12;-19;49;0;1
-59;-18;17;0;1
-31;0;41;1;1
-38;-1;57;1;1
-21;24;21;1;1
-23;18;57;0;1
-28;-34;47;1;1
-25;23;59;1;1
-31;-16;13;1;1
-45;-1;49;0;1
-16;1;39;0;1
-54;28;26;1;1
-33;13;19;1;1
-18;1;48;0;1
-18;-17;36;1;1
-31;28;21;1;1
-28;23;17;0;1
-42;-19;26;0;1
-39;7;42;1;1
-44;2;45;0;1
-47;27;26;0;1
-50;-17;23;0;1
-24;32;11;0;1
-42;24;16;0;1
-15;-21;57;1;1
-36;32;38;0;1
-37;19;43;1;1
-54;1;43;1;1
-13;-19;62;0;1
-33;18;34;0;1
-16;27;42;0;1
-29;-9;49;1;1
-27;26;21;0;1
-51;17;36;1;1
-27;-22;45;0;1
-40;2;25;1;1
-40;-23;51;1;1
-32;-28;27;1;1
-33;19;36;0;1
-44;-16;49;1;1
-51;12;32;0;1
-43;26;28;0;1
-45;23;22;0;1
-52;2;44;0;1
-15;-19;60;0;1
-43;27;18;1;1
-40;21;52;0;1
-50;17;45;1;1
-37;-1;51;0;1
-30;-45;21;0;1
-22;-8;51;0;1
-37;-36;44;1;1
-32;-16;46;0;1
-16;-24;36;0;1
-16;16;40;1;1
-21;32;12;0;1
-43;-21;42;0;1
-42;-10;15;0;1
-36;8;20;0;1
-36;-52;22;0;1
-37;-31;15;0;1
-31;-7;36;1;1
-24;29;35;1;1
-57;-5;40;1;1
-42;-25;21;0;1
-40;-33;23;1;1
-37;-24;24;1;1
-37;-32;38;0;1
-44;-32;41;0;1
-31;21;59;0;1
-43;-19;39;1;1
-50;6;33;0;1
-24;-6;27;0;1
-51;6;39;1;1
-51;12;20;0;1
-17;-1;30;0;1
-18;0;39;0;1
-27;-27;47;0;1
-39;-40;31;1;1
-27;-1;28;1;1
-52;0;25;1;1
-42;-43;32;0;1
-27;-8;60;0;1
-37;-38;30;0;1
-26;-26;27;1;1
-31;-35;35;0;1
-53;-2;19;0;1
-24;-16;61;0;1
-47;-5;28;1;1
-22;17;8;0;1
-54;-26;17;1;1
-58;26;30;0;1
-52;-24;32;0;1
-52;-12;42;0;1
-21;7;44;0;1
-31;-25;15;0;1
-34;45;22;0;1
-47;-14;45;1;1
-21;-36;45;0;1
-29;20;32;1;1
-20;30;48;0;1
-16;18;30;0;1
-18;6;32;0;1
-22;36;19;0;1
-40;1;18;1;1
-27;0;42;0;1
-29;17;16;0;1
-37;46;36;0;1
-22;-14;30;0;1
-61;5;25;1;1
-15;-17;21;1;1
-30;-40;31;0;1
-16;5;24;0;1
-25;34;20;0;1
-41;26;35;0;1
-51;19;25;0;1
-19;2;41;1;1
-38;32;24;0;1
-39;-12;17;1;1
-26;35;50;0;1
-45;48;26;0;1
-29;37;26;0;1
-45;-31;32;0;1
-37;29;22;1;1
-33;-30;37;0;1
-45;-28;36;0;1
-58;-31;21;1;1
-28;28;36;1;1
-42;-20;53;0;1
-31;-7;30;0;1
-36;12;31;0;1
-25;-31;32;1;1
-21;7;12;1;1
-26;5;12;0;1
-22;-26;48;1;1
-48;-9;24;0;1
-38;-35;48;0;1
-21;28;21;1;1
-55;-20;40;1;1
-61;2;22;0;1
-17;16;37;1;1
-27;-10;50;1;1
-15;-19;25;0;1
-48;-13;44;0;1
-19;-31;32;0;1
-34;44;36;1;1
-52;6;48;0;1
-39;0;20;0;1
-23;-3;42;0;1
-26;42;41;1;1
-27;-26;26;0;1
-52;25;26;0;1
-21;-29;35;1;1
-52;34;29;1;1
-37;4;29;0;1
-44;-1;50;0;1
-25;-19;43;1;1
-33;-38;19;1;1
-40;10;57;0;1
-51;-9;29;1;1
-28;-17;27;1;1
-14;19;7;1;1
-50;23;21;0;1
-43;-49;25;1;1
-30;-15;37;0;1
-45;12;22;0;1
-25;7;44;0;1
-45;43;17;0;1
-16;16;47;0;1
-49;7;50;1;1
-24;-25;17;0;1
-58;-31;20;1;1
-40;-19;14;0;1
-40;5;34;0;1
-23;11;21;0;1
-31;-51;17;0;1
-27;21;27;0;1
-57;23;22;0;1
-32;-5;56;1;1
-64;14;26;0;1
-52;27;16;0;1
-27;11;42;0;1
-20;26;59;0;1
-31;-37;39;1;1
-19;22;20;1;1
-40;-15;43;0;1
-18;-31;61;0;1
-25;-8;66;1;1
-41;19;38;1;1
-31;13;45;1;1
-36;19;24;0;1
-20;20;18;1;1
-33;46;38;0;1
-15;-14;48;1;1
-38;-8;46;0;1
-14;-23;12;0;1
-32;16;41;0;1
-26;-31;11;1;1
-31;20;18;0;1
-28;2;46;1;1
-24;-34;17;1;1
-19;-25;14;0;1
-37;33;18;0;1
-28;-35;48;1;1
-14;17;57;0;1
-29;47;19;0;1
-23;-11;30;0;1
-33;-14;59;0;1
-41;44;26;1;1
-21;30;49;0;1
-32;53;26;0;1
-27;-4;34;0;1
-14;-10;39;0;1
-40;-13;34;0;1
-64;15;25;0;1
-14;-14;41;0;1
-53;34;23;1;1
-30;-35;15;0;1
-39;26;42;0;1
-43;32;28;0;1
-40;2;11;1;1
-64;-4;23;1;1
-17;-13;28;1;1
-38;-13;39;0;1
-26;25;53;1;1
-19;7;14;0;1
-33;21;26;0;1
-38;-9;45;1;1
-15;19;27;0;1
-21;-13;30;0;1
-63;8;26;0;1
-11;14;48;1;1
-34;-3;21;0;1
-19;-11;25;1;1
-43;-18;32;1;1
-44;-28;31;0;1
-42;-21;24;0;1
-44;-31;29;1;1
-30;-23;60;0;1
-43;-20;21;0;1
-32;-1;13;1;1
-37;-31;45;1;1
-36;-21;51;1;1
-35;18;35;0;1
-61;7;28;0;1
-24;-35;37;0;1
-18;15;7;0;1
-46;-8;50;0;1
-16;19;36;1;1
-37;41;36;0;1
-20;-2;19;0;1
-15;25;54;0;1
-39;-39;26;0;1
-41;3;34;0;1
-40;-3;53;0;1
-25;30;19;0;1
-15;25;30;0;1
-58;-1;17;1;1
-17;9;35;1;1
-54;16;24;0;1
-51;31;32;0;1
-36;-44;31;1;1
-32;40;31;1;1
-34;-7;20;1;1
-21;1;24;1;1
-31;-14;27;0;1
-46;3;50;0;1
-54;16;20;1;1
-55;8;31;1;1
-24;33;30;0;1
-27;16;25;0;1
-20;5;56;0;1
-9;-2;25;0;1
-52;7;38;1;1
-25;-13;34;1;1
-16;-10;46;1;1
-30;-26;52;0;1
-35;28;28;0;1
-39;5;32;0;1
-14;10;39;1;1
-12;-20;34;0;1
-40;-39;41;0;1
-36;15;29;0;1
-32;26;53;0;1
-13;-2;32;0;1
-56;-29;25;0;1
-28;-7;28;0;1
-47;-30;39;0;1
-31;-29;13;0;1
-33;-1;55;0;1
-42;-27;28;0;1
-44;-6;37;0;1
-41;13;33;0;1
-33;-5;43;1;1
-50;-4;48;0;1
-51;19;40;0;1
-21;10;35;0;1
-16;21;9;1;1
-29;-17;11;0;1
-35;21;50;0;1
-31;-44;19;0;1
-22;29;35;1;1
-50;-10;20;1;1
-48;10;45;0;1
-25;-34;17;0;1
-8;-8;24;0;1
-14;-13;35;1;1
-44;-9;23;0;1
-31;23;13;0;1
-37;-36;22;0;1
-48;-11;23;0;1
-33;-37;48;0;1
-27;17;18;1;1
-14;-23;63;0;1
-52;-3;37;0;1
-22;-30;27;0;1
-12;14;30;1;1
-65;5;22;0;1
-33;-12;35;0;1
-23;-6;49;1;1
-18;24;51;0;1
-60;12;25;1;1
-32;-34;46;0;1
-31;-12;19;0;1
-33;-19;57;0;1
-35;-10;31;0;1
-31;-23;37;0;1
-34;37;20;0;1
-13;-6;33;0;1
-29;-38;32;1;1
-53;9;37;1;1
-28;-25;56;0;1
-21;10;32;0;1
-19;28;29;0;1
-37;54;25;0;1
-49;23;41;1;1
-47;26;21;0;1
-43;20;19;1;1
-22;8;46;0;1
-13;14;25;0;1
-53;3;26;0;1
-36;-49;30;0;1
-30;24;28;1;1
-48;6;26;0;1
-39;-15;51;1;1
-24;38;43;0;1
-32;54;17;0;1
-39;-6;52;1;1
-37;11;29;0;1
-40;-7;48;1;1
-50;26;28;0;1
-21;-3;57;0;1
-36;51;21;0;1
-22;36;20;1;1
-32;41;39;1;1
-32;-31;20;0;1
-41;-9;30;1;1
-31;9;57;1;1
-28;39;44;0;1
-42;-20;44;0;1
-35;-45;34;0;1
-34;-28;38;0;1
-43;12;17;1;1
-14;-13;21;0;1
-41;-17;29;1;1
-33;33;13;1;1
-28;3;37;0;1
-23;8;14;1;1
-32;32;26;0;1
-15;-9;40;1;1
-29;-11;14;1;1
-26;32;13;0;1
-47;13;38;1;1
-32;-25;32;0;1
-26;-30;21;0;1
-33;-36;35;1;1
-36;-6;13;0;1
-39;35;47;0;1
-45;-15;22;0;1
-25;-35;25;1;1
-18;-17;21;1;1
-46;46;20;0;1
-53;-16;15;1;1
-28;-9;37;0;1
-34;-19;24;0;1
-43;-30;25;1;1
-46;22;47;1;1
-62;29;19;0;1
-39;-20;53;1;1
-19;11;19;0;1
-21;33;14;0;1
-29;-12;51;1;1
-30;17;37;1;1
-32;25;21;0;1
-32;-1;52;0;1
-29;-11;53;0;1
-49;17;48;0;1
-28;-36;41;1;1
-20;12;35;0;1
-22;37;54;0;1
-51;40;25;1;1
-24;-21;13;1;1
-23;36;41;0;1
-35;4;57;0;1
-26;-9;11;1;1
-36;-27;14;0;1
-28;9;64;0;1
-18;25;12;0;1
-50;-9;49;0;1
-57;29;29;1;1
-52;-4;47;0;1
-16;16;42;1;1
-39;11;13;1;1
-16;13;48;0;1
-38;4;19;0;1
-44;-28;27;0;1
-38;33;47;0;1
-29;-28;18;0;1
-34;26;46;0;1
-57;-1;33;0;1
-41;34;42;0;1
-29;49;33;0;1
-35;-12;22;0;1
-28;19;18;1;1
-52;-25;17;0;1
-67;-10;19;0;1
-51;11;25;0;1
-28;-34;39;0;1
-10;-13;38;0;1
-54;6;29;1;1
-39;-16;33;0;1
-23;-21;44;0;1
-33;-56;23;0;1
-38;42;29;1;1
-30;20;29;1;1
-49;-22;46;0;1
-37;18;57;1;1
-29;29;51;0;1
-16;23;64;0;1
-56;-4;39;0;1
-30;6;17;0;1
-41;-36;40;0;1
-19;6;37;0;1
-41;-38;43;1;1
-23;-16;21;0;1
-18;25;18;0;1
-43;23;44;0;1
-28;24;10;0;1
-48;14;50;0;1
-41;2;23;0;1
-44;-14;28;0;1
-32;6;21;0;1
-49;25;20;0;1
-22;10;40;0;1
-33;27;52;0;1
-34;21;42;1;1
-41;15;37;0;1
-49;-13;47;0;1
-39;18;55;1;1
-26;-10;61;0;1
-41;-17;51;1;1
-62;11;26;1;1
-17;-13;19;0;1
-57;24;31;0;1
-26;-10;28;1;1
-40;-28;16;1;1
-35;-17;31;0;1
-14;19;40;0;1
-39;-46;18;0;1
-44;-18;22;0;1
-22;27;30;1;1
-24;-37;46;1;1
-27;-31;13;1;1
-36;20;12;0;1
-35;-6;38;0;1
-61;-2;31;1;1
-24;-37;18;1;1
-49;39;32;1;1
-20;33;25;0;1
-47;25;44;1;1
-25;-5;30;0;1
-35;23;12;0;1
-34;-19;16;0;1
-27;21;50;0;1
-21;13;7;1;1
-22;-24;27;1;1
-29;23;13;0;1
-27;-20;28;0;1
-20;21;61;0;1
-51;-10;18;0;1
-21;-18;23;1;1
-43;8;35;0;1
-42;-15;47;1;1
-44;-2;46;0;1
-24;-20;34;0;1
-30;-41;35;1;1
-38;1;21;0;1
-21;-17;33;0;1
-30;-17;29;1;1
-34;-52;20;0;1
-35;41;34;1;1
-41;-19;34;0;1
-40;-19;19;1;1
-16;-17;38;0;1
-34;-4;28;1;1
-34;9;32;0;1
-20;14;36;0;1
-26;37;28;0;1
-38;-21;22;0;1
-33;-32;21;1;1
-25;-5;8;0;1
-49;25;29;0;1
-42;-42;23;1;1
-48;21;16;0;1
-13;-19;63;0;1
-21;-4;22;0;1
-32;16;49;0;1
-44;-32;45;1;1
-46;27;29;0;1
-18;-23;18;1;1
-27;22;22;0;1
-24;26;48;0;1
-52;-31;33;1;1
-45;24;19;0;1
-37;-5;15;1;1
-31;-3;39;0;1
-34;-15;34;0;1
-36;21;29;0;1
-27;-17;63;0;1
-20;19;18;0;1
-28;-27;50;1;1
-17;-20;51;1;1
-31;4;13;1;1
-37;24;15;0;1
-25;-40;35;0;1
-36;38;46;1;1
-50;32;26;1;1
-32;13;43;1;1
-45;-46;22;0;1
-39;45;19;0;1
-16;17;27;0;1
-18;22;28;0;1
-41;4;52;0;1
-38;-10;19;1;1
-38;16;14;0;1
-27;3;57;0;1
-11;18;46;1;1
-52;28;39;1;1
-43;31;37;0;1
-17;-17;22;0;1
-58;15;21;0;1
-49;-12;31;0;1
-29;18;50;1;1
-27;33;36;0;1
-23;-38;23;1;1
-27;29;33;0;1
-46;4;42;0;1
-52;-38;25;1;1
-32;-3;51;1;1
-17;-26;61;0;1
-63;-16;26;0;1
-36;31;21;1;1
-57;-9;28;0;1
-33;-25;55;0;1
-20;-27;28;1;1
-22;5;40;0;1
-30;-24;57;0;1
-20;0;41;0;1
-35;-24;19;0;1
-32;-5;49;0;1
-26;-21;11;0;1
-66;-10;21;1;1
-60;-28;25;1;1
-21;12;8;0;1
-15;21;44;1;1
-23;-38;43;0;1
-34;-39;24;1;1
-25;-33;35;0;1
-21;12;58;0;1
-26;24;31;1;1
-31;25;44;1;1
-38;-30;33;1;1
-48;6;30;0;1
-24;-18;16;0;1
-22;36;31;0;1
-33;-31;34;0;1
-42;24;44;0;1
-19;-30;36;1;1
-29;19;22;0;1
-59;13;35;0;1
-44;-10;41;0;1
-58;22;22;1;1
-64;-9;18;0;1
-41;-33;36;0;1
-39;13;20;0;1
-33;-5;55;1;1
-20;4;24;0;1
-22;-35;39;0;1
-33;30;54;0;1
-31;-9;21;1;1
-53;34;19;0;1
-50;-20;32;0;1
-28;33;56;0;1
-25;-10;64;0;1
-45;-10;43;0;1
-58;9;22;0;1
-51;33;31;1;1
-23;-16;15;1;1
-25;-4;64;0;1
-6;9;22;1;1
-45;13;18;0;1
-34;-14;43;0;1
-43;-28;17;0;1
-22;5;45;1;1
-39;-34;25;0;1
-28;-34;25;0;1
-43;49;25;0;1
-42;27;31;0;1
-27;-27;40;0;1
-39;22;13;1;1
-32;-16;61;0;1
-26;7;65;0;1
-44;-17;48;0;1
-37;47;29;0;1
-41;-18;19;0;1
-28;22;24;1;1
-9;-10;31;1;1
-25;-29;54;0;1
-34;35;47;1;1
-35;-7;17;0;1
-17;-27;18;0;1
-28;36;17;0;1
-46;39;22;0;1
-42;5;56;0;1
-29;-5;36;1;1
-35;-22;56;0;1
-26;-14;19;0;1
-36;20;37;1;1
-32;18;25;1;1
-23;-7;30;1;1
-38;0;19;0;1
-33;-16;60;0;1
-49;-43;25;0;1
-29;19;43;0;1
-22;-16;47;1;1
-24;-10;47;0;1
-23;-3;13;0;1
-47;24;39;0;1
-15;13;23;1;1
-26;13;11;0;1
-44;-8;44;0;1
-31;35;35;0;1
-50;6;35;1;1
-48;-16;49;0;1
-59;3;18;0;1
-38;31;42;0;1
-19;29;55;1;1
-43;-36;42;0;1
-36;30;32;0;1
-31;-26;46;0;1
-57;-20;36;0;1
-37;-13;39;0;1
-41;-33;32;0;1
-42;14;47;1;1
-53;-21;24;1;1
-31;-21;57;1;1
-43;31;43;1;1
-13;-22;23;0;1
-46;-11;14;1;1
-18;-28;23;1;1
-16;-1;31;0;1
-21;-11;34;0;1
-25;29;26;1;1
-19;-3;17;0;1
-12;-6;31;0;1
-59;-25;30;0;1
-31;20;52;0;1
-30;33;16;0;1
-30;21;58;0;1
-32;6;60;0;1
-20;22;12;0;1
-22;-22;21;1;1
-24;26;18;1;1
-24;38;28;0;1
-45;-19;25;0;1
-40;45;30;0;1
-32;-16;50;0;1
-57;6;19;1;1
-43;-33;34;0;1
-44;-5;40;1;1
-31;-41;46;1;1
-35;2;11;1;1
-8;-13;31;0;1
-12;18;47;0;1
-25;21;60;0;1
-12;-20;14;1;1
-46;35;38;0;1
-20;-28;49;1;1
-32;24;51;1;1
-43;-26;48;0;1
-34;53;30;1;1
-22;11;57;1;1
-11;16;43;0;1
-56;10;40;0;1
-24;35;42;0;1
-37;-5;54;0;1
-21;-35;49;0;1
-43;-41;16;0;1
-47;-10;33;0;1
-65;1;28;0;1
-22;-12;41;0;1
-42;30;16;1;1
-28;-8;57;1;1
-18;-24;33;1;1
-27;17;30;0;1
-44;-12;22;0;1
-29;1;50;0;1
-33;34;32;1;1
-55;24;32;1;1
-25;34;30;1;1
-59;-27;27;0;1
-45;1;37;0;1
-26;28;59;0;1
-14;-19;7;1;1
-39;-28;29;1;1
-34;13;39;1;1
-21;-3;19;0;1
-24;-6;33;0;1
-50;39;21;0;1
-65;-5;28;1;1
-22;11;53;0;1
-26;24;49;0;1
-56;35;21;0;1
-39;-6;56;0;1
-57;-15;23;1;1
-57;18;17;0;1
-22;7;19;0;1
-26;18;32;0;1
-66;-17;19;0;1
-22;-5;23;0;1
-33;2;10;1;1
-42;-1;57;1;1
-20;19;35;0;1
-44;40;26;1;1
-36;-4;36;0;1
-43;17;52;0;1
-23;39;29;1;1
-52;-11;40;1;1
-41;-19;53;1;1
-33;4;61;0;1
-39;16;31;1;1
-27;27;18;1;1
-23;-20;64;0;1
-23;12;24;0;1
-45;25;34;0;1
-42;-26;17;0;1
-52;-4;29;0;1
-59;-3;19;0;1
-26;19;42;0;1
-41;-51;19;0;1
-31;-18;56;0;1
-55;4;22;0;1
-51;-31;22;0;1
-47;-23;16;1;1
-47;8;28;1;1
-53;31;35;0;1
-45;40;37;0;1
-41;-9;14;0;1
-21;35;26;0;1
-29;45;30;0;1
-36;-33;38;0;1
-18;18;40;0;1
-33;31;53;1;1
-43;-11;32;0;1
-44;6;41;0;1
-25;30;15;0;1
-39;-1;54;0;1
-34;-31;41;0;1
-32;-2;21;1;1
-54;4;37;1;1
-27;-1;16;1;1
-25;7;25;1;1
-35;41;30;1;1
-29;21;23;0;1
-28;-12;48;0;1
-50;-6;39;0;1
-16;-18;15;1;1
-43;26;15;1;1
-51;40;24;1;1
-24;19;22;0;1
-15;-17;58;1;1
-23;-8;47;0;1
-7;12;26;0;1
-26;0;16;1;1
-43;-13;25;1;1
-35;-44;38;1;1
-48;28;37;0;1
-27;40;43;0;1
-55;-12;30;1;1
-40;10;26;0;1
-58;-15;38;1;1
-33;-14;36;0;1
-44;46;30;0;1
-28;28;11;1;1
-53;12;41;0;1
-35;-19;49;1;1
-47;-46;24;0;1
-32;-25;51;0;1
-31;-30;22;0;1
-34;-6;21;1;1
-17;11;27;1;1
-29;26;11;0;1
-33;-43;39;1;1
-29;44;18;0;1
-29;-35;27;0;1
-22;12;9;1;1
-30;30;27;0;1
-34;2;62;0;1
-32;-24;45;1;1
-56;-22;35;1;1
-48;-6;25;0;1
-14;-13;41;1;1
-47;-18;23;0;1
-54;20;19;1;1
-27;24;56;1;1
-29;16;49;1;1
-18;19;48;0;1
-22;-23;50;1;1
-67;5;19;1;1
-23;24;53;0;1
-31;37;52;0;1
-28;13;53;0;1
-37;18;49;1;1
-46;24;47;0;1
-58;30;22;0;1
-47;-16;36;0;1
-34;38;27;1;1
-23;34;49;1;1
-32;5;62;1;1
-46;6;14;0;1
-15;25;56;1;1
-37;17;17;0;1
-26;5;57;0;1
-28;-17;9;1;1
-21;19;15;1;1
-40;-39;15;1;1
-41;-45;25;1;1
-38;-51;27;1;1
-52;-33;24;0;1
-36;33;14;1;1
-21;-12;13;0;1
-27;26;23;0;1
-48;6;27;1;1
-62;-14;21;1;1
-48;13;43;0;1
-54;-17;17;0;1
-40;-1;22;0;1
-48;13;20;0;1
-13;-12;18;1;1
-35;42;19;1;1
-32;6;55;0;1
-38;-44;32;1;1
-32;-27;49;1;1
-24;-24;44;0;1
-18;-12;49;0;1
-43;32;22;0;1
-45;29;28;0;1
-42;35;32;0;1
-30;0;41;0;1
-36;28;37;0;1
-40;11;23;1;1
-23;30;44;0;1
-16;23;47;0;1
-40;1;44;0;1
-53;28;37;1;1
-24;-20;15;0;1
-43;-34;30;0;1
-32;-14;17;1;1
-44;-14;49;1;1
-38;-8;53;1;1
-40;35;45;0;1
-32;33;33;0;1
-26;8;46;0;1
-31;0;62;1;1
-14;-6;24;0;1
-19;12;32;0;1
-34;42;40;0;1
-37;-21;49;0;1
-58;0;16;0;1
-14;20;15;1;1
-21;32;18;1;1
-40;-9;23;1;1
-21;-32;24;0;1
-54;-26;26;0;1
-28;35;23;0;1
-30;-1;49;0;1
-19;-20;34;1;1
-15;18;29;0;1
-25;23;58;0;1
-31;53;21;1;1
-53;4;31;1;1
-65;-6;20;1;1
-24;13;54;1;1
-28;32;51;1;1
-52;14;44;0;1
-58;-23;20;1;1
-25;28;15;1;1
-21;-8;51;0;1
-17;-19;9;1;1
-37;36;20;0;1
-22;22;31;0;1
-23;12;29;0;1
-16;-21;42;1;1
-30;16;23;0;1
-50;-17;36;0;1
-10;-14;38;0;1
-28;1;10;1;1
-14;-11;34;0;1
-23;6;22;0;1
-62;4;23;0;1
-24;34;20;0;1
-21;-29;59;0;1
-43;-32;32;0;1
-29;10;53;1;1
-30;-35;39;1;1
-64;1;26;1;1
-13;-17;37;0;1
-20;20;50;0;1
-28;35;35;0;1
-33;-21;49;0;1
-19;-19;45;1;1
-41;-28;40;1;1
-23;-13;8;1;1
-28;8;56;0;1
-42;3;52;0;1
-40;24;20;1;1
-24;39;13;1;1
-57;13;22;1;1
-35;23;22;0;1
-17;21;48;0;1
-49;-30;31;1;1
-28;3;26;0;1
-34;-7;21;0;1
-29;15;57;0;1
-49;-17;46;0;1
-56;-2;32;0;1
-37;-31;36;1;1
-44;-33;42;0;1
-15;-23;53;1;1
-27;-28;43;1;1
-16;19;37;0;1
-17;-21;38;0;1
-48;-7;22;0;1
-25;-15;29;0;1
-22;-38;22;1;1
-43;1;20;0;1
-24;-38;21;1;1
-49;-24;19;0;1
-54;8;29;0;1
-52;-15;40;1;1
-55;-14;36;0;1
-19;-24;28;1;1
-47;-28;40;0;1
-36;-38;26;0;1
-32;-12;10;0;1
-32;-24;37;0;1
-63;1;26;0;1
-42;-14;24;0;1
-40;-33;33;0;1
-23;11;24;0;1
-45;-15;32;1;1
-30;27;53;0;1
-33;-16;55;0;1
-20;9;25;1;1
-20;29;51;0;1
-51;30;17;1;1
-39;11;45;1;1
-29;0;10;0;1
-34;10;17;0;1
-32;-27;16;0;1
-29;-27;49;1;1
-25;11;11;1;1
-17;10;51;0;1
-10;-13;29;0;1
-31;-17;17;0;1
-14;-8;29;1;1
-50;10;17;0;1
-56;-9;31;1;1
-21;32;19;0;1
-60;-15;18;1;1
-30;-42;44;1;1
-29;37;20;1;1
-13;-22;40;1;1
-39;32;40;0;1
-20;-1;44;0;1
-43;19;32;0;1
-34;-6;58;0;1
-55;-28;23;0;1
-52;-35;21;0;1
-29;-22;26;0;1
-57;-2;34;0;1
-51;-10;45;1;1
-18;31;32;0;1
-49;15;40;0;1
-35;13;29;0;1
-39;-52;21;1;1
-36;-51;33;0;1
-41;-25;22;1;1
-20;-16;28;1;1
-27;1;42;0;1
-18;10;29;1;1
-50;-14;20;1;1
-28;20;39;1;1
-31;-42;31;0;1
-34;19;16;0;1
-40;-9;12;0;1
-15;10;42;0;1
-47;6;50;0;1
-20;-24;48;0;1
-31;12;34;1;1
-37;-21;32;1;1
-15;16;42;0;1
-36;-1;32;1;1
-41;-31;48;0;1
-45;-23;47;0;1
-30;-49;22;1;1
-29;32;40;0;1
-49;-19;45;0;1
-65;-11;20;1;1
-30;49;40;1;1
-28;-22;35;0;1
-42;47;17;0;1
-32;-31;51;0;1
-20;15;9;0;1
-34;1;58;0;1
-33;-26;22;1;1
-22;33;56;1;1
-24;25;57;0;1
-32;-1;39;0;1
-45;8;28;1;1
-32;45;32;1;1
-21;-11;46;0;1
-46;-14;30;0;1
-48;28;18;1;1
-51;-1;20;0;1
-35;1;52;0;1
-13;13;28;0;1
-36;-31;36;0;1
-20;33;46;1;1
-32;12;13;1;1
-41;30;24;0;1
-41;-29;14;1;1
-46;27;22;0;1
-32;-26;56;0;1
-45;10;15;0;1
-53;12;26;0;1
-27;24;38;1;1
-29;-15;22;0;1
-16;1;34;1;1
-19;-25;23;0;1
-26;-11;20;1;1
-42;-44;26;0;1
-41;-37;43;0;1
-43;-36;20;1;1
-58;-12;36;1;1
-29;-26;27;0;1
-30;25;14;0;1
-23;2;40;0;1
-55;33;30;0;1
-11;-17;27;0;1
-33;-40;23;1;1
-47;-5;20;0;1
-28;-13;25;0;1
-29;38;35;0;1
-61;15;29;0;1
-31;-25;31;1;1
-24;-16;28;1;1
-43;-13;52;1;1
-47;-11;52;1;1
-24;-10;7;0;1
-30;31;56;0;1
-45;-9;41;0;1
-43;49;21;0;1
-35;37;16;1;1
-41;-24;37;1;1
-39;-4;28;0;1
-53;-24;30;0;1
-8;13;28;1;1
-28;-16;10;0;1
-37;-50;21;1;1
-22;-16;11;0;1
-45;-42;34;1;1
-21;-16;33;1;1
-28;20;44;1;1
-33;27;22;0;1
-42;-9;50;0;1
-32;24;44;0;1
-15;-23;39;1;1
-50;7;16;1;1
-33;-17;54;0;1
-21;30;41;0;1
-47;12;24;1;1
-39;-18;32;0;1
-19;13;9;0;1
-57;-26;28;0;1
-50;-1;45;0;1
-28;-11;52;0;1
-31;17;54;0;1
-33;-1;49;1;1
-28;39;50;0;1
-40;27;34;0;1
-36;23;45;1;1
-35;-57;19;0;1
-47;-16;25;0;1
-42;-34;20;0;1
-34;28;50;1;1
-66;-9;24;1;1
-21;-30;41;0;1
-15;14;17;1;1
-27;21;24;1;1
-32;-21;23;0;1
-30;29;40;0;1
-49;-8;26;0;1
-27;9;13;0;1
-47;-25;26;0;1
-42;20;31;0;1
-39;-21;20;0;1
-11;-1;27;0;1
-51;10;27;0;1
-25;14;44;0;1
-62;2;29;1;1
-22;-11;54;0;1
-51;29;21;1;1
-27;-13;64;0;1
-18;21;11;0;1
-36;-19;33;0;1
-20;25;49;1;1
-38;23;22;0;1
-36;-21;15;1;1
-48;6;20;0;1
-26;-23;60;0;1
-33;22;18;1;1
-34;41;39;0;1
-12;-4;31;1;1
-56;-13;28;1;1
-38;8;16;0;1
-24;18;62;0;1
-28;18;14;1;1
-38;47;28;1;1
-59;-29;26;0;1
-42;-12;13;0;1
-26;11;12;1;1
-10;-14;25;0;1
-35;-24;34;1;1
-13;-6;36;0;1
-44;37;19;0;1
-58;1;34;0;1
-28;28;40;0;1
-26;9;64;1;1
-24;-20;43;1;1
-23;-10;29;0;1
-28;23;36;1;1
-35;-3;40;1;1
-24;4;17;0;1
-28;-3;61;1;1
-33;51;35;0;1
-41;27;14;0;1
-24;-4;59;0;1
-43;36;28;1;1
-21;34;30;1;1
-29;-17;28;1;1
-29;-12;63;0;1
-37;41;22;0;1
-23;-7;60;1;1
-11;-13;18;0;1
-62;8;26;1;1
-51;-21;21;0;1
-48;-1;44;1;1
-29;20;33;1;1
-23;20;20;0;1
-33;26;15;0;1
-27;16;17;0;1
-30;21;27;0;1
-53;8;25;1;1
-35;44;23;0;1
-41;-8;15;1;1
-22;13;51;1;1
-27;-10;26;0;1
-26;-17;58;1;1
-28;31;27;1;1
-38;21;26;1;1
-45;-41;19;0;1
-27;-33;25;0;1
-28;32;54;1;1
-38;10;12;1;1
-58;16;29;0;1
-55;-22;38;0;1
-25;-31;27;0;1
-40;15;12;0;1
-32;-9;49;0;1
-55;0;16;0;1
-63;-14;26;0;1
-37;-37;35;1;1
-32;-2;19;1;1
-37;36;44;0;1
-28;18;42;0;1
-41;-8;50;1;1
-46;14;47;1;1
-35;19;29;0;1
-14;-21;44;0;1
-50;14;42;1;1
-19;-29;21;0;1
-59;5;25;0;1
-17;-26;12;1;1
-44;11;18;0;1
-52;-9;45;0;1
-56;14;25;0;1
-39;36;34;0;1
-41;-8;53;1;1
-39;0;27;0;1
-26;-24;52;1;1
-29;32;24;1;1
-56;23;25;0;1
-30;37;42;0;1
-34;-31;27;0;1
-37;23;50;1;1
-15;-11;41;0;1
-25;36;27;1;1
-37;36;41;0;1
-15;-22;47;1;1
-15;0;38;1;1
-38;44;28;0;1
-21;-23;20;1;1
-52;-33;17;0;1
-25;-15;33;0;1
-33;1;29;0;1
-41;-28;38;0;1
-55;-3;30;0;1
-27;1;24;1;1
-22;-31;37;0;1
-6;-9;26;0;1
-29;-16;30;1;1
-45;0;19;0;1
-25;20;9;1;1
-32;-27;42;0;1
-33;-4;57;0;1
-47;-12;14;1;1
-24;-24;22;1;1
-36;-15;36;1;1
-42;-14;37;0;1
-12;3;26;0;1
-26;-17;30;0;1
-36;-4;15;0;1
-12;-13;32;0;1
-21;-25;39;1;1
-36;24;13;0;1
-15;-16;16;0;1
-23;-17;27;1;1
-55;-12;38;1;1
-65;-2;22;0;1
-26;1;46;0;1
-31;-41;33;0;1
-23;6;21;1;1
-33;14;33;0;1
-63;-10;18;0;1
-25;35;26;0;1
-58;26;23;0;1
-16;-13;42;0;1
-47;8;15;1;1
-25;-8;10;0;1
-22;-34;54;0;1
-10;-11;32;1;1
-27;-4;13;0;1
-33;-44;20;1;1
-39;0;56;0;1
-54;29;25;1;1
-36;-43;24;1;1
-40;-41;42;0;1
-54;3;17;1;1
-14;4;37;0;1
-44;-41;22;1;1
-46;-24;27;1;1
-40;3;23;0;1
-50;7;47;0;1
-14;2;26;0;1
-44;47;28;0;1
-14;-12;45;0;1
-21;36;36;0;1
-43;19;43;1;1
-41;-20;52;0;1
-31;-15;27;0;1
-33;11;19;0;1
-66;7;19;1;1
-27;-8;46;0;1
-52;-34;26;0;1
-35;-17;27;0;1
-22;24;53;1;1
-26;-6;16;0;1
-25;-2;14;0;1
-23;-35;21;0;1
-35;44;30;0;1
-44;18;49;0;1
-31;23;17;1;1
-27;21;43;0;1
-34;-26;46;1;1
-11;15;22;1;1
-60;-6;22;1;1
-17;28;16;1;1
-29;21;30;0;1
-25;39;35;0;1
-61;1;31;1;1
-29;26;41;0;1
-26;-8;60;0;1
-52;-11;21;0;1
-24;28;35;1;1
-33;24;55;0;1
-45;27;19;0;1
-28;22;16;0;1
-32;44;32;0;1
-24;-12;15;0;1
-23;-12;49;0;1
-47;39;31;1;1
-27;-31;19;0;1
-19;4;46;1;1
-47;-38;21;1;1
-41;-37;26;0;1
-11;18;40;1;1
-66;-3;25;0;1
-37;-7;38;0;1
-18;-3;38;0;1
-43;-4;34;0;1
-26;-1;13;0;1
-30;-47;37;1;1
-41;-13;40;1;1
-33;-26;28;0;1
-11;-18;26;1;1
-29;-5;23;1;1
-28;-41;41;0;1
-28;28;17;0;1
-13;-2;30;1;1
-45;26;37;0;1
-59;11;25;0;1
-45;14;46;1;1
-33;22;42;1;1
-42;-6;45;0;1
-17;24;33;0;1
-22;-33;18;1;1
-18;-11;14;1;1
-18;2;36;0;1
-30;-43;37;0;1
-45;13;35;0;1
-48;5;25;0;1
-48;-28;34;0;1
-13;15;18;0;1
-10;-12;41;0;1
-42;-23;41;0;1
-31;24;30;0;1
-27;19;29;0;1
-33;21;52;0;1
-47;-13;37;0;1
-7;-8;22;0;1
-60;-17;34;0;1
-32;-15;46;0;1
-25;-28;56;1;1
-34;41;41;1;1
-41;25;22;1;1
-57;32;27;0;1
-37;20;17;0;1
-30;19;38;0;1
-23;-8;14;0;1
-19;32;30;0;1
-30;-26;19;1;1
-8;9;23;1;1
-31;30;13;0;1
-32;-4;35;0;1
-24;-29;13;1;1
-14;18;29;0;1
-48;-47;20;0;1
-30;38;32;0;1
-44;26;14;0;1
-34;29;18;1;1
-53;-2;20;0;1
-52;-32;32;0;1
-22;2;50;0;1
-27;1;14;1;1
-53;16;43;0;1
-32;55;29;0;1
-30;31;52;0;1
-41;14;18;0;1
-45;25;32;0;1
-37;52;25;1;1
-16;-16;25;0;1
-50;-36;25;0;1
-34;10;21;1;1
-13;6;28;0;1
-46;12;23;0;1
-33;-19;40;1;1
-33;-43;20;0;1
-60;-8;36;0;1
-14;23;45;0;1
-19;-23;26;1;1
-37;-6;40;0;1
-41;-10;25;0;1
-51;-2;14;0;1
-27;19;21;1;1
-29;43;23;0;1
-48;12;40;0;1
-30;-35;25;0;1
-35;-39;38;1;1
-44;0;36;0;1
-41;16;29;0;1
-36;-30;14;0;1
-54;18;29;0;1
-43;50;26;1;1
-27;26;38;0;1
-18;21;38;0;1
-17;15;42;1;1
-26;15;18;1;1
-57;-7;36;0;1
-37;-7;17;0;1
-24;-11;30;0;1
-35;-19;42;1;1
-52;-20;33;1;1
-38;2;55;0;1
-38;-1;18;1;1
-14;-18;12;0;1
-35;27;44;0;1
-33;23;34;0;1
-30;17;29;0;1
-40;18;51;0;1
-43;-27;27;0;1
-34;-28;43;1;1
-50;2;47;0;1
-29;46;39;1;1
-38;-26;52;1;1
-53;-1;38;0;1
-23;-5;49;1;1
-12;-12;34;0;1
-50;-8;40;0;1
-57;-15;20;0;1
-17;18;34;1;1
-14;19;32;0;1
-48;-5;52;0;1
-55;12;32;0;1
-17;-19;47;0;1
-9;-12;37;0;1
-21;36;57;0;1
-20;-26;12;0;1
-23;8;47;0;1
-55;-9;32;0;1
-42;-12;18;1;1
-23;-8;9;1;1
-35;-10;39;0;1
-29;6;16;0;1
-46;46;26;0;1
-36;13;30;0;1
-41;-12;18;0;1
-17;12;53;0;1
-25;13;22;0;1
-25;-27;11;1;1
-47;-24;22;0;1
-28;-1;51;0;1
-12;10;24;0;1
-51;-38;19;0;1
-11;-18;45;0;1
-21;-13;7;0;1
-42;15;52;0;1
-35;-29;50;1;1
-18;-9;16;0;1
-30;15;53;0;1
-51;17;40;0;1
-16;27;14;0;1
-30;-32;37;0;1
-66;-2;23;0;1
-34;-25;12;1;1
-23;5;13;1;1
-42;11;52;1;1
-59;-7;34;0;1
-35;21;35;0;1
-38;13;36;0;1
-52;24;29;0;1
-30;36;53;1;1
-26;39;38;1;1
-32;-3;53;0;1
-56;-12;22;0;1
-35;44;24;1;1
-60;-21;22;1;1
-33;-2;59;0;1
-36;6;28;0;1
-16;0;37;0;1
-23;-2;24;1;1
-20;5;22;1;1
-44;4;19;0;1
-37;8;27;0;1
-20;18;61;0;1
-42;-24;13;0;1
-12;16;47;0;1
-56;-22;31;0;1
-54;31;20;1;1
-54;13;44;0;1
-26;5;28;1;1
-37;28;21;0;1
-15;12;20;0;1
-46;-22;30;0;1
-16;27;35;1;1
-40;24;14;0;1
-46;17;38;0;1
-35;-14;48;0;1
-49;26;29;0;1
-36;-34;19;0;1
-49;-4;33;1;1
-42;-51;20;0;1
-35;52;18;1;1
-39;47;36;0;1
-29;-10;33;0;1
-31;15;23;0;1
-16;-26;48;0;1
-35;-15;54;1;1
-56;-3;31;1;1
-33;56;19;0;1
-22;-6;43;0;1
-23;-39;42;0;1
-61;-21;28;0;1
-14;5;34;0;1
-22;-20;50;1;1
-43;-11;13;0;1
-26;-11;57;0;1
-47;-1;29;0;1
-50;3;30;0;1
-46;-8;23;1;1
-22;-24;42;0;1
-44;-29;33;1;1
-15;-19;10;1;1
-38;11;20;0;1
-27;-37;25;1;1
-26;-29;56;1;1
-28;0;61;0;1
-32;-28;37;0;1
-30;-12;61;0;1
-26;39;36;0;1
-43;4;39;0;1
-31;25;54;0;1
-39;13;37;1;1
-62;-14;23;1;1
-23;1;45;1;1
-33;45;23;0;1
-37;-5;46;0;1
-19;-23;34;1;1
-23;-21;56;0;1
-41;-15;20;0;1
-39;-23;27;1;1
-32;1;49;1;1
-9;13;19;0;1
-31;-11;24;0;1
-43;25;45;0;1
-16;-20;14;0;1
-37;-28;44;0;1
-11;10;32;1;1
-38;33;38;0;1
-27;23;39;0;1
-29;14;52;0;1
-60;-11;32;0;1
-40;-40;18;1;1
-15;18;61;1;1
-30;50;18;0;1
-17;-25;53;1;1
-40;-13;47;0;1
-53;-14;18;1;1
-27;41;40;1;1
-17;-7;49;1;1
-17;-17;46;0;1
-37;10;36;0;1
-20;-19;20;1;1
-40;29;24;1;1
-43;7;28;0;1
-44;10;43;0;1
-36;-7;23;0;1
-64;-18;20;0;1
-47;-41;29;0;1
-42;32;46;0;1
-20;-21;11;0;1
-22;35;13;1;1
-37;-10;29;1;1
-21;-23;46;1;1
-20;-31;22;1;1
-42;-35;29;1;1
-44;-16;33;0;1
-38;39;21;0;1
-51;-20;43;0;1
-25;-1;45;0;1
-41;10;55;0;1
-28;34;21;0;1
-49;-23;36;0;1
-18;-9;22;1;1
-53;17;36;0;1
-44;-4;50;0;1
-43;-7;31;0;1
-37;-5;14;0;1
-37;10;23;1;1
-19;-26;24;0;1
-46;-9;43;0;1
-41;33;34;0;1
-47;10;50;0;1
-20;-2;36;0;1
-38;20;40;0;1
-16;14;52;0;1
-27;-7;63;1;1
-28;32;28;1;1
-41;-11;14;0;1
-60;3;17;0;1
-33;3;60;0;1
-37;-51;19;1;1
-22;-1;40;1;1
-53;32;19;1;1
-21;-28;58;0;1
-23;26;32;1;1
-29;7;24;0;1
-34;9;35;0;1
-52;-5;27;1;1
-40;37;19;1;1
-27;0;23;1;1
-16;-3;39;0;1
-13;3;34;0;1
-15;23;51;1;1
-29;-27;23;0;1
-43;-17;35;0;1
-43;7;23;0;1
-15;20;15;1;1
-44;10;54;1;1
-60;-4;20;1;1
-12;15;29;0;1
-60;5;17;0;1
-30;20;31;0;1
-41;-24;27;0;1
-53;9;42;0;1
-32;29;42;1;1
-28;-23;26;0;1
-32;-3;21;1;1
-35;-2;35;0;1
-17;-29;15;1;1
-30;-2;12;0;1
-31;20;38;1;1
-53;-23;31;0;1
-53;-10;32;0;1
-45;40;18;1;1
-17;-15;31;0;1
-21;19;16;0;1
-57;1;17;0;1
-55;19;39;1;1
-41;-41;30;0;1
-29;-34;28;1;1
-24;29;56;1;1
-41;-22;43;0;1
-55;2;34;0;1
-46;-16;21;0;1
-43;4;44;1;1
-40;46;24;0;1
-45;34;34;0;1
-43;-52;19;0;1
-50;-24;38;0;1
-27;-5;64;0;1
-25;-43;29;0;1
-36;-15;29;1;1
-42;-16;19;0;1
-58;15;17;1;1
-34;13;22;0;1
-23;-11;61;0;1
-33;41;16;0;1
-65;4;26;0;1
-42;22;14;0;1
-48;-41;31;1;1
-53;4;46;1;1
-59;0;24;1;1
-47;31;34;0;1
-25;17;14;0;1
-52;36;19;0;1
-21;32;29;0;1
-19;9;33;0;1
-25;-19;36;0;1
-26;-41;48;0;1
-37;25;38;0;1
-45;-18;28;1;1
-19;5;46;1;1
-15;-16;45;1;1
-37;43;41;0;1
-45;-44;32;0;1
-25;-26;59;1;1
-32;-6;49;1;1
-52;-7;35;0;1
-21;-29;50;0;1
-46;33;33;0;1
-36;-29;32;0;1
-42;19;16;1;1
-40;-3;18;1;1
-44;-15;18;0;1
-20;24;29;0;1
-49;14;36;0;1
-22;-21;57;0;1
-57;2;26;0;1
-25;19;26;0;1
-50;-1;36;0;1
-40;4;20;0;1
-57;-24;18;1;1
-23;-20;13;0;1
-50;26;37;0;1
-33;52;24;1;1
-25;19;37;1;1
-52;36;25;1;1
-40;-6;28;1;1
-53;-17;44;0;1
-37;31;19;0;1
-35;-5;56;0;1
-33;-37;30;0;1
-31;-38;22;1;1
-26;31;11;1;1
-35;48;36;0;1
-21;-12;58;0;1
-34;-22;50;0;1
-20;5;20;0;1
-21;-29;19;0;1
-24;-22;28;0;1
-43;-22;23;1;1
-36;-26;43;0;1
-48;46;18;1;1
-54;7;42;0;1
-25;5;26;0;1
-22;-35;48;0;1
-26;-10;58;0;1
-15;14;34;1;1
-20;27;37;1;1
-14;-23;19;0;1
-58;27;18;1;1
-21;-5;46;0;1
-11;-17;51;0;1
-31;-2;36;1;1
-54;12;44;1;1
-48;32;33;1;1
-52;-3;43;1;1
-22;-16;45;0;1
-19;21;9;1;1
-34;-54;28;0;1
-29;-13;38;0;1
-45;-48;23;1;1
-62;13;17;0;1
-36;-12;42;0;1
-24;-23;59;1;1
-17;-6;49;0;1
-25;-10;27;0;1
-30;41;46;0;1
-24;14;57;0;1
-59;21;31;0;1
-27;-9;12;1;1
-15;-25;22;1;1
-45;-10;26;0;1
-11;-13;40;0;1
-19;-20;16;0;1
-18;19;65;1;1
-20;25;14;0;1
-26;-14;58;1;1
-37;-6;54;0;1
-26;22;62;0;1
-58;-3;26;0;1
-49;40;30;0;1
-35;1;13;0;1
-50;-16;40;0;1
-38;-28;21;1;1
-29;-35;23;0;1
-33;8;43;1;1
-11;6;30;0;1
-28;-45;24;0;1
-41;-35;41;0;1
-25;-4;15;0;1
-28;30;36;0;1
-13;-1;31;0;1
-38;-37;19;1;1
-50;29;41;0;1
-57;-19;19;0;1
-37;11;22;0;1
-25;41;28;0;1
-40;-11;54;1;1
-22;4;22;0;1
-55;35;24;0;1
-52;-21;31;1;1
-47;14;23;0;1
-21;-9;25;0;1
-42;0;38;0;1
-52;-30;26;0;1
-29;0;46;1;1
-7;-7;23;0;1
-27;15;59;0;1
-48;35;27;0;1
-41;-13;47;1;1
-37;-9;59;1;1
-37;46;38;0;1
-47;-32;31;1;1
-36;6;47;0;1
-35;40;23;0;1
-24;-22;45;1;1
-19;9;15;0;1
-56;-6;25;1;1
-49;-12;36;0;1
-37;36;48;0;1
-25;21;36;1;1
-14;21;44;1;1
-34;-15;36;0;1
-41;-16;55;0;1
-62;25;23;1;1
-13;-19;57;1;1
-21;31;13;1;1
-21;26;19;0;1
-21;-20;13;0;1
-33;-6;28;0;1
-51;20;43;1;1
-38;19;41;0;1
-30;-44;41;0;1
-28;-22;23;0;1
-16;10;45;0;1
-13;-20;53;1;1
-29;-25;48;0;1
-21;20;27;0;1
-42;-50;24;1;1
-11;4;22;0;1
-33;11;14;1;1
-41;-3;49;0;1
-34;-45;31;1;1
-10;16;28;0;1
-40;42;26;0;1
-43;-40;34;1;1
-23;25;50;1;1
-16;-3;35;1;1
-27;-20;55;1;1
-42;25;43;0;1
-33;31;52;0;1
-26;-44;22;0;1
-47;-9;17;0;1
-37;23;36;0;1
-40;5;18;0;1
-50;-4;14;1;1
-26;2;41;1;1
-32;11;32;1;1
-43;23;50;0;1
-50;-24;23;1;1
-24;23;25;0;1
-49;11;21;1;1
-21;34;33;1;1
-28;44;18;0;1
-47;-11;48;1;1
-61;-12;33;0;1
-21;-30;30;0;1
-32;-18;20;0;1
-34;29;42;0;1
-34;53;22;1;1
-49;-26;22;0;1
-58;4;24;1;1
-23;-15;17;1;1
-48;-40;19;0;1
-18;-18;47;1;1
-35;-38;30;0;1
-33;-22;58;0;1
-34;1;53;1;1
-14;-13;36;1;1
-24;3;64;0;1
-48;33;38;0;1
-17;-28;55;0;1
-47;-26;46;1;1
-32;36;21;0;1
-11;-2;30;0;1
-36;0;60;1;1
-46;9;51;0;1
-47;-33;21;0;1
-40;-37;24;1;1
-22;-22;12;0;1
-43;6;21;0;1
-54;-12;23;1;1
-30;-40;35;0;1
-49;-17;22;0;1
-45;-9;34;0;1
-39;43;22;0;1
-35;-7;50;0;1
-23;31;46;1;1
-22;-1;41;1;1
-40;-22;31;0;1
-36;-23;16;0;1
-42;-45;20;0;1
-35;-13;26;1;1
-47;-1;38;0;1
-49;-6;32;0;1
-34;-5;18;0;1
-18;20;62;1;1
-60;-12;31;1;1
-33;2;24;0;1
-19;7;41;0;1
-29;20;29;1;1
-44;-40;16;0;1
-31;40;39;1;1
-33;-25;39;0;1
-15;19;30;0;1
-20;-18;45;0;1
-13;4;30;0;1
-41;7;48;0;1
-27;-10;36;0;1
-24;-35;30;0;1
-22;-5;22;1;1
-28;14;38;1;1
-45;-23;20;0;1
-27;-3;50;0;1
-44;-24;43;0;1
-55;-4;32;0;1
-35;15;52;0;1
-28;-30;13;0;1
-16;11;38;1;1
-32;6;41;0;1
-10;-17;22;1;1
-26;-28;25;0;1
-28;37;50;1;1
-28;-32;45;1;1
-39;-13;49;0;1
-18;-14;56;1;1
-35;53;23;1;1
-10;14;23;0;1
-37;1;35;0;1
-33;7;48;0;1
-33;29;23;1;1
-47;-7;15;0;1
-28;44;36;0;1
-36;14;32;1;1
-47;-8;26;0;1
-59;4;31;1;1
-33;-32;54;1;1
-54;23;18;0;1
-47;29;39;1;1
-39;27;38;1;1
-38;47;24;0;1
-49;-9;22;0;1
-50;-40;23;0;1
-55;-16;25;0;1
-33;-7;31;1;1
-24;-6;23;1;1
-56;5;33;0;1
-24;12;65;1;1
-15;-14;30;1;1
-54;9;43;0;1
-61;23;18;0;1
-43;34;43;1;1
-54;34;21;1;1
-13;-20;60;0;1
-18;-30;13;0;1
-16;-26;39;0;1
-31;0;46;1;1
-16;-10;47;0;1
-49;28;42;1;1
-56;-8;35;0;1
-37;-27;43;1;1
-12;-15;34;0;1
-18;4;22;1;1
-48;15;15;0;1
-44;-9;25;1;1
-29;39;42;1;1
-10;-17;43;1;1
-23;-24;55;1;1
-33;-22;39;0;1
-46;5;18;0;1
-31;8;32;0;1
-38;0;43;0;1
-35;6;15;0;1
-30;-42;17;0;1
-49;15;34;1;1
-21;16;50;1;1
-31;30;27;0;1
-30;18;30;1;1
-50;23;16;1;1
-30;-29;32;0;1
-21;9;33;1;1
-26;-36;30;0;1
-57;-8;22;1;1
-40;-18;14;0;1
-34;32;13;0;1
-43;-47;31;0;1
-53;39;21;0;1
-26;-43;38;0;1
-32;0;37;1;1
-44;48;20;0;1
-34;-50;19;1;1
-31;-8;51;0;1
-17;24;60;0;1
-50;6;14;1;1
-14;13;20;1;1
-37;21;47;0;1
-44;8;42;0;1
-15;23;15;0;1
-22;34;54;1;1
-20;20;37;0;1
-24;18;46;1;1
-42;-23;30;1;1
-43;37;18;0;1
-25;32;58;0;1
-33;13;36;0;1
-28;-19;51;1;1
-22;-10;66;0;1
-33;-17;10;0;1
-22;10;39;0;1
-57;11;24;1;1
-39;19;28;0;1
-14;8;41;0;1
-23;23;39;1;1
-31;10;62;0;1
-45;-31;37;0;1
-26;-41;39;0;1
-16;-15;52;0;1
-30;-33;34;0;1
-27;-8;51;1;1
-11;-15;51;1;1
-32;12;60;0;1
-41;-26;15;1;1
-44;35;27;1;1
-43;-27;36;0;1
-25;-6;7;0;1
-64;-4;18;1;1
-35;-19;31;0;1
-40;-17;20;1;1
-29;-21;17;1;1
-25;20;46;0;1
-30;37;22;0;1
-29;-16;42;1;1
-24;23;47;0;1
-43;31;21;0;1
-22;-8;57;0;1
-31;11;33;1;1
-36;9;31;1;1
-41;-19;16;0;1
-22;-21;13;1;1
-21;9;44;0;1
-36;34;34;0;1
-30;-1;51;0;1
-19;-29;60;0;1
-34;23;35;0;1
-19;27;20;1;1
-33;-19;58;0;1
-24;-3;60;1;1
-39;35;15;0;1
-17;-3;43;1;1
-42;-50;19;0;1
-34;-25;33;0;1
-28;14;12;0;1
-42;-6;14;1;1
-21;1;49;0;1
-40;12;53;1;1
-34;-17;34;0;1
-59;-26;23;0;1
-61;-26;24;1;1
-62;3;32;0;1
-33;-3;26;0;1
-46;-3;52;1;1
-34;45;19;0;1
-19;7;28;0;1
-54;-11;30;1;1
-35;-33;48;1;1
-25;4;30;1;1
-46;-31;40;1;1
-32;-10;32;0;1
-24;-27;17;0;1
-28;-28;21;0;1
-43;29;48;0;1
-29;45;25;0;1
-24;29;55;0;1
-21;-19;33;0;1
-31;-48;19;1;1
-15;-24;65;0;1
-36;-17;12;1;1
-24;-12;63;1;1
-39;33;33;1;1
-44;-23;40;0;1
-44;14;24;1;1
-53;-16;40;0;1
-37;-2;38;1;1
-39;-15;46;0;1
-42;-35;25;0;1
-15;-14;43;1;1
-39;-48;28;0;1
-16;-24;29;1;1
-16;-3;31;1;1
-39;-42;29;1;1
-32;17;40;0;1
-36;-55;21;0;1
-42;12;35;1;1
-41;-2;37;1;1
-28;-22;48;0;1
-16;24;49;0;1
-26;-2;27;1;1
-23;25;11;0;1
-57;-20;22;1;1
-49;35;26;1;1
-41;21;48;0;1
-44;-31;45;0;1
-30;35;37;0;1
-42;-7;48;0;1
-65;-3;18;1;1
-21;-17;44;1;1
-19;-7;26;0;1
-35;-28;47;0;1
-42;36;37;1;1
-38;32;34;0;1
-56;-14;28;0;1
-43;36;32;1;1
-28;11;43;0;1
-23;-28;29;0;1
-43;19;24;1;1
-51;-21;31;1;1
-53;11;23;0;1
-32;14;18;1;1
-23;39;52;0;1
-33;-49;27;0;1
-37;-3;17;0;1
-43;7;24;1;1
-30;3;23;0;1
-36;-40;19;1;1
-52;-5;14;0;1
-20;-32;51;1;1
-39;8;46;0;1
-34;-26;17;0;1
-47;47;24;0;1
-30;45;38;0;1
-44;-3;38;0;1
-29;-6;45;1;1
-26;21;44;0;1
-46;23;18;0;1
-17;7;44;1;1
-62;-22;24;0;1
-34;5;20;1;1
-51;20;30;0;1
-39;-26;50;1;1
-36;39;15;1;1
-55;-3;19;0;1
-19;32;47;1;1
-28;-33;39;1;1
-31;-39;17;0;1
-42;18;17;1;1
-42;-29;17;1;1
-24;-20;56;0;1
-33;-13;21;0;1
-58;-2;38;1;1
-32;-10;43;0;1
-21;33;29;1;1
-48;18;17;0;1
-9;-11;38;1;1
-32;50;29;1;1
-24;-26;22;0;1
-57;8;20;0;1
-29;40;51;1;1
-46;-46;21;1;1
-47;-16;35;1;1
-49;9;37;1;1
-34;8;61;0;1
-37;39;19;0;1
-43;-18;26;1;1
-27;5;56;1;1
-49;-2;15;0;1
-36;23;36;0;1
-31;-43;19;0;1
-35;-5;24;1;1
-20;-19;24;1;1
-43;-22;13;0;1
-29;23;58;0;1
-13;-18;41;1;1
-46;-11;27;0;1
-38;-27;25;0;1
-36;7;14;1;1
-33;-7;21;0;1
-29;-9;53;1;1
-58;31;22;1;1
-50;-10;24;0;1
-22;36;57;0;1
-52;-38;20;0;1
-21;26;33;1;1
-36;24;44;0;1
-28;16;58;0;1
-24;-24;29;0;1
-55;15;24;0;1
-29;6;41;0;1
-48;11;26;0;1
-35;-8;45;1;1
-19;-29;13;1;1
-38;0;46;0;1
-42;45;21;1;1
-16;24;48;1;1
-46;-24;31;1;1
-15;14;29;0;1
-28;9;33;1;1
-28;-37;14;0;1
-14;-23;47;0;1
-37;19;19;1;1
-21;36;23;1;1
-26;39;44;1;1
-41;10;50;0;1
-28;-19;41;0;1
-23;-16;40;1;1
-18;-11;33;1;1
-19;-13;20;1;1
-13;-17;23;0;1
-29;16;39;0;1
-51;22;34;0;1
-43;-40;30;0;1
-36;7;24;0;1
-30;-3;60;0;1
-56;32;18;0;1
-39;-4;27;0;1
-56;-20;25;0;1
-29;30;56;0;1
-13;19;57;0;1
-30;6;56;0;1
-17;19;56;1;1
-54;-4;31;0;1
-22;-25;43;0;1
-38;38;21;1;1
-66;-13;20;1;1
-12;5;22;1;1
-19;-21;24;0;1
-39;-41;23;0;1
-60;29;18;0;1
-65;-1;26;0;1
-36;-53;28;0;1
-24;25;14;0;1
-20;6;39;0;1
-28;27;58;1;1
-29;43;14;0;1
-42;-14;15;1;1
-52;22;21;1;1
-23;-2;25;0;1
-46;17;49;0;1
-28;-11;63;0;1
-24;-22;16;0;1
-19;-30;39;0;1
-52;-23;29;1;1
-9;8;23;0;1
-57;-12;20;0;1
-46;2;40;0;1
-35;-18;32;0;1
-23;-25;16;1;1
-44;-34;15;1;1
-30;2;13;0;1
-49;-33;35;0;1
-40;-19;23;0;1
-27;-8;20;1;1
-57;-23;22;0;1
-59;5;36;0;1
-40;9;24;0;1
-57;-15;26;1;1
-40;36;17;1;1
-41;8;23;0;1
-28;34;17;0;1
-18;14;42;0;1
-31;-9;12;1;1
-20;-32;26;1;1
-14;21;16;0;1
-45;-14;40;1;1
-39;-5;19;0;1
-38;36;21;0;1
-24;8;9;0;1
-15;23;16;1;1
-23;-19;22;0;1
-44;13;14;0;1
-43;14;18;0;1
-36;10;21;1;1
-40;10;45;1;1
-21;-2;38;0;1
-56;-30;25;0;1
-12;-20;27;0;1
-22;-15;51;1;1
-39;-37;38;0;1
-23;27;56;1;1
-32;0;39;1;1
-52;-44;20;0;1
-52;40;26;0;1
-36;21;46;1;1
-20;-4;47;0;1
-53;13;44;0;1
-53;29;29;0;1
-22;14;57;1;1
-29;19;50;0;1
-41;15;29;0;1
-44;-24;16;1;1
-24;20;48;0;1
-34;16;11;1;1
-32;17;53;0;1
-25;11;50;0;1
-46;-20;17;1;1
-60;-23;19;1;1
-50;-6;43;0;1
-23;-27;49;0;1
-26;-38;42;0;1
-22;-4;30;1;1
-27;-2;9;0;1
-22;24;55;1;1
-35;-20;36;0;1
-39;9;58;0;1
-19;-22;58;1;1
-19;24;38;0;1
-39;-5;13;1;1
-46;15;27;1;1
-12;-17;53;0;1
-39;0;45;0;1
-44;-20;25;1;1
-9;-15;48;0;1
-33;-8;48;0;1
-50;-20;30;1;1
-22;-15;11;1;1
-35;0;31;0;1
-36;-16;25;0;1
-52;14;30;1;1
-51;30;31;0;1
-43;-21;46;1;1
-31;-4;23;1;1
-50;28;23;0;1
-28;-7;37;0;1
-31;-44;32;1;1
-34;-31;47;0;1
-23;-38;17;0;1
-19;14;22;0;1
-30;-18;46;0;1
-28;-18;10;1;1
-59;-5;22;0;1
-21;23;43;0;1
-59;-7;28;0;1
-28;-23;20;0;1
-12;20;24;0;1
-20;-25;46;1;1
-42;-38;30;0;1
-28;34;30;0;1
-54;9;18;0;1
-12;18;21;0;1
-46;5;13;0;1
-25;28;22;0;1
-29;-15;38;1;1
-28;-7;60;0;1
-15;23;62;1;1
-7;-10;29;1;1
-24;34;55;0;1
-12;-17;44;0;1
-36;-49;36;1;1
-17;28;58;0;1
-25;14;51;0;1
-30;19;47;1;1
-60;3;23;1;1
-28;19;38;0;1
-35;-33;25;0;1
-43;-30;27;1;1
-32;21;34;0;1
-47;-26;27;0;1
-19;32;56;0;1
-19;-8;55;1;1
-52;-16;22;0;1
-65;6;23;1;1
-24;-11;46;1;1
-31;-22;20;0;1
-15;-10;20;0;1
-33;-19;56;0;1
-46;14;43;0;1
-39;4;17;0;1
-33;42;26;0;1
-42;-37;36;1;1
-32;13;55;0;1
-23;-4;13;1;1
-39;-34;48;1;1
-51;19;28;0;1
-17;-1;42;0;1
-33;-1;19;0;1
-15;-24;60;0;1
-34;26;35;0;1
-27;36;23;1;1
-31;-39;14;1;1
-27;45;47;0;1
-23;21;16;0;1
-34;-18;56;0;1
-28;18;60;0;1
-18;-2;46;0;1
-36;10;55;0;1
-22;21;38;0;1
-38;-13;40;1;1
-46;6;20;0;1
-25;-8;22;1;1
-41;41;28;0;1
-53;43;19;0;1
-24;12;35;0;1
-46;-10;29;0;1
-19;3;45;1;1
-46;-10;31;0;1
-11;-17;35;0;1
-56;26;28;1;1
-26;-25;53;0;1
-35;10;38;0;1
-23;13;37;0;1
-36;-4;42;1;1
-35;25;56;0;1
-49;-23;25;0;1
-37;-40;45;1;1
-15;8;22;0;1
-43;1;36;1;1
-18;0;29;1;1
-25;0;50;1;1
-16;-10;48;0;1
-41;10;18;1;1
-56;-9;18;0;1
-34;9;51;1;1
-39;-32;45;0;1
-47;30;36;1;1
-41;-7;28;0;1
-32;-19;19;0;1
-52;-5;32;1;1
-28;5;63;0;1
-33;45;27;0;1
-27;-8;24;0;1
-21;-27;58;0;1
-49;12;27;0;1
-23;-14;36;0;1
-15;25;52;1;1
-35;-29;21;0;1
-61;21;23;1;1
-49;-14;42;1;1
-44;-10;22;0;1
-25;-35;23;0;1
-33;49;26;1;1
-19;4;34;1;1
-23;-9;9;0;1
-44;-7;35;0;1
-24;-21;56;1;1
-42;-51;18;0;1
-40;52;26;1;1
-40;20;38;0;1
-43;42;32;0;1
-15;-3;32;0;1
-48;26;39;1;1
-17;-10;33;1;1
-29;34;47;0;1
-43;23;43;0;1
-36;5;17;0;1
-43;-2;43;1;1
-29;-30;18;1;1
-36;3;24;0;1
-63;0;19;0;1
-30;-31;16;0;1
-27;-42;47;0;1
-19;1;39;1;1
-37;19;24;1;1
-47;-5;46;0;1
-24;41;34;0;1
-14;1;20;0;1
-42;-23;27;1;1
-27;-19;30;0;1
-47;12;46;0;1
-15;-22;8;1;1
-16;-23;64;0;1
-51;-6;43;1;1
-27;-40;46;0;1
-62;-10;22;0;1
-36;-41;28;1;1
-36;-17;41;0;1
-43;31;46;1;1
-44;32;29;0;1
-30;-29;36;1;1
-17;-16;60;1;1
-14;-6;38;0;1
-46;-9;25;0;1
-21;-24;11;1;1
-26;-16;23;1;1
-39;1;32;1;1
-24;-17;21;0;1
-46;-8;37;0;1
-19;1;46;0;1
-39;28;39;0;1
-26;-28;53;0;1
-21;-31;28;1;1
-30;-1;20;0;1
-50;15;24;0;1
-28;-1;28;0;1
-56;5;16;0;1
-29;41;34;0;1
-34;-2;16;0;1
-30;46;16;0;1
-35;21;26;1;1
-23;6;51;0;1
-10;17;45;0;1
-28;37;28;0;1
-49;2;28;0;1
-40;-12;26;0;1
-61;6;25;1;1
-56;-12;42;1;1
-43;-30;20;0;1
-29;-3;60;1;1
-21;29;11;0;1
-64;17;19;1;1
-10;-15;29;0;1
-38;-29;28;1;1
-21;5;23;0;1
-53;4;28;1;1
-29;-6;36;0;1
-34;-31;22;0;1
-56;-31;24;1;1
-26;-17;53;1;1
-21;-35;46;0;1
-61;11;18;1;1
-24;5;13;1;1
-37;-39;26;0;1
-40;-41;23;1;1
-34;16;50;0;1
-51;-6;18;1;1
-40;49;20;0;1
-12;-14;37;1;1
-61;-16;25;0;1
-15;17;57;0;1
-23;-36;26;1;1
-16;18;19;1;1
-28;21;48;0;1
-23;-10;62;1;1
-23;2;13;0;1
-17;7;17;0;1
-41;-14;12;0;1
-57;17;35;1;1
-33;7;53;0;1
-27;9;29;0;1
-41;-27;49;0;1
-33;-3;23;1;1
-31;32;40;1;1
-59;28;21;0;1
-39;5;11;0;1
-26;-3;15;1;1
-35;41;44;1;1
-24;-38;33;0;1
-57;-17;21;0;1
-59;-1;21;0;1
-30;-23;30;0;1
-30;-30;16;0;1
-24;35;41;0;1
-24;41;52;0;1
-36;56;18;1;1
-60;26;26;0;1
-30;34;39;0;1
-39;-7;18;0;1
-28;32;55;0;1
-46;35;17;0;1
-27;1;46;0;1
-54;-23;21;1;1
-44;-13;51;1;1
-27;-44;25;0;1
-55;31;20;0;1
-55;-7;19;1;1
-40;21;25;0;1
-31;49;37;0;1
-57;27;21;1;1
-48;15;35;1;1
-40;-15;22;0;1
-36;-17;52;0;1
-32;20;14;1;1
-61;5;18;0;1
-32;-6;25;1;1
-33;17;56;0;1
-46;-42;34;1;1
-39;18;47;0;1
-14;5;36;1;1
-24;40;31;0;1
-28;-2;39;1;1
-30;-25;56;0;1
-16;-8;21;1;1
-11;-19;45;0;1
-38;-23;43;1;1
-46;-20;15;1;1
-48;6;17;0;1
-19;-10;13;0;1
-39;-6;35;0;1
-24;0;49;0;1
-40;-30;27;0;1
-15;-3;28;0;1
-38;48;17;1;1
-41;-2;20;0;1
-65;-7;25;1;1
-45;13;45;0;1
-42;-38;36;0;1
-18;17;31;0;1
-14;-8;38;0;1
-42;20;18;0;1
-38;1;32;0;1
-19;1;28;0;1
-26;-22;31;1;1
-19;-24;13;0;1
-26;0;46;1;1
-48;8;50;1;1
-58;34;21;1;1
-24;-20;59;0;1
-44;23;15;0;1
-17;16;45;0;1
-21;-13;13;1;1
-43;-42;27;0;1
-38;30;42;1;1
-19;3;51;1;1
-31;-27;20;0;1
-53;30;28;0;1
-50;30;25;0;1
-43;-44;24;0;1
-41;-16;45;1;1
-19;-24;45;1;1
-18;-15;27;1;1
-35;-6;18;1;1
-44;-32;42;0;1
-42;20;45;0;1
-21;25;58;0;1
-38;-13;17;0;1
-59;21;33;0;1
-44;3;35;0;1
-61;-19;31;1;1
-41;31;38;0;1
-44;13;47;0;1
-42;5;50;0;1
-37;-26;46;1;1
-27;-7;17;0;1
-37;5;56;0;1
-24;6;61;1;1
-19;3;25;0;1
-56;19;24;0;1
-42;-13;12;1;1
-46;12;15;1;1
-49;21;35;0;1
-37;26;30;1;1
-29;48;18;1;1
-36;-10;42;0;1
-17;22;25;0;1
-55;9;38;0;1
-31;6;36;0;1
-33;-18;48;0;1
-25;28;11;0;1
-18;15;49;1;1
-53;-31;17;0;1
-60;-20;29;0;1
-29;-44;26;0;1
-53;-22;33;0;1
-38;41;32;0;1
-17;13;45;0;1
-28;5;14;0;1
-36;-41;22;0;1
-59;-30;23;1;1
-40;49;25;1;1
-50;2;39;0;1
-23;37;49;1;1
-25;11;56;0;1
-16;-20;45;0;1
-27;8;62;1;1
-31;-34;48;1;1
-20;-22;27;0;1
-26;-9;20;1;1
-34;10;48;0;1
-23;-5;62;0;1
-45;-39;28;1;1
-54;3;35;0;1
-13;-13;45;0;1
-52;-41;21;1;1
-25;-34;15;0;1
-34;47;31;1;1
-22;-10;57;0;1
-22;-24;9;0;1
-39;29;22;0;1
-23;-28;11;0;1
-23;39;32;0;1
-32;-11;47;0;1
-34;50;31;1;1
-52;33;23;0;1
-45;37;40;0;1
-45;5;13;1;1
-27;-24;26;0;1
-41;14;27;0;1
-41;-47;22;0;1
-34;-8;25;0;1
-51;-17;25;0;1
-34;-32;38;1;1
-59;6;28;0;1
-16;9;37;1;1
-55;22;39;0;1
-39;-5;50;1;1
-27;-45;22;0;1
-26;-13;59;0;1
-25;6;14;1;1
-38;-5;37;0;1
-45;-29;19;1;1
-20;-7;17;0;1
-61;1;32;0;1
-15;23;25;0;1
-26;-34;42;0;1
-64;2;28;0;1
-57;17;34;1;1
-33;18;56;1;1
-39;39;26;0;1
-19;30;45;0;1
-51;-24;26;1;1
-21;15;37;1;1
-56;2;19;0;1
-44;34;17;0;1
-32;-5;63;1;1
-30;17;26;0;1
-41;27;43;1;1
-29;28;44;0;1
-26;-9;40;0;1
-35;41;32;0;1
-19;-11;50;0;1
-32;50;20;0;1
-36;-52;29;0;1
-64;3;28;0;1
-27;-13;42;0;1
-25;8;58;0;1
-57;-1;39;1;1
-59;17;27;0;1
-60;9;31;1;1
-38;5;12;0;1
-22;26;41;0;1
-52;35;25;0;1
-55;14;35;0;1
-12;18;44;0;1
-31;12;53;0;1
-16;20;21;1;1
-33;18;37;1;1
-32;0;34;1;1
-37;40;28;1;1
-45;9;53;0;1
-48;31;16;0;1
-48;-20;25;1;1
-15;-21;30;0;1
-37;-6;18;0;1
-38;-34;48;0;1
-43;33;36;0;1
-36;-47;25;1;1
-23;-16;41;1;1
-37;16;22;1;1
-34;-30;29;0;1
-58;-3;35;0;1
-59;31;22;0;1
-7;-12;30;0;1
-42;-20;17;0;1
-34;46;26;0;1
-28;31;15;0;1
-35;-13;12;1;1
-62;-4;24;1;1
-42;0;45;0;1
-15;24;63;0;1
-14;-22;45;0;1
-61;-17;20;1;1
-34;28;13;0;1
-12;16;27;0;1
-55;9;27;0;1
-65;-6;27;0;1
-24;36;21;0;1
-55;32;19;1;1
-27;-10;49;0;1
-30;-7;61;1;1
-53;-15;19;0;1
-24;31;28;0;1
-45;10;52;1;1
-34;15;24;0;1
-41;-39;33;1;1
-26;44;31;1;1
-30;27;26;0;1
-62;16;19;0;1
-28;-37;21;0;1
-37;31;21;0;1
-40;-1;42;0;1
-43;9;18;1;1
-29;15;38;0;1
-31;-31;45;1;1
-39;-52;25;1;1
-23;0;56;1;1
-51;-35;28;0;1
-23;9;33;1;1
-34;52;18;0;1
-18;13;51;0;1
-33;-51;30;0;1
-33;-22;55;0;1
-43;-16;49;1;1
-35;3;32;0;1
-43;11;36;0;1
-49;34;28;0;1
-27;-29;56;0;1
-14;-10;26;0;1
-40;14;33;0;1
-38;-50;18;0;1
-34;40;41;0;1
-39;-29;47;0;1
-52;28;23;0;1
-22;-10;44;1;1
-38;31;35;0;1
-43;15;37;0;1
-22;-10;19;0;1
-33;22;16;0;1
-12;-4;30;0;1
-24;15;28;1;1
-56;18;37;0;1
-36;25;38;0;1
-38;-8;31;1;1
-20;26;50;0;1
-29;26;35;1;1
-26;-34;56;1;1
-37;-49;24;0;1
-16;-19;26;1;1
-28;-17;15;0;1
-42;-12;29;1;1
-19;27;57;0;1
-12;0;30;0;1
-31;47;25;0;1
-24;17;45;0;1
-52;-24;26;0;1
-30;-25;31;0;1
-33;45;37;0;1
-24;11;25;1;1
-45;14;25;1;1
-50;44;21;0;1
-56;-36;18;1;1
-28;-35;28;0;1
-27;11;55;1;1
-42;-12;39;1;1
-17;-16;26;0;1
-12;14;18;1;1
-49;31;33;0;1
-22;-4;18;0;1
-48;34;39;1;1
-54;-14;15;1;1
-13;21;36;1;1
-30;4;38;0;1
-22;-12;31;1;1
-25;-41;32;1;1
-21;21;54;1;1
-56;30;28;1;1
-50;-15;31;1;1
-38;28;35;1;1
-22;15;35;1;1
-31;-1;32;0;1
-24;4;63;0;1
-25;3;50;1;1
-40;-38;17;1;1
-56;-20;21;0;1
-34;-33;42;0;1
-33;4;33;0;1
-24;-2;42;0;1
-40;46;21;1;1
-26;18;56;0;1
-23;20;23;1;1
-25;17;41;0;1
-57;-13;18;0;1
-41;-48;25;0;1
-21;6;57;0;1
-26;29;19;1;1
-36;-25;24;1;1
-25;35;44;0;1
-53;31;29;0;1
-15;12;26;0;1
-28;-12;57;1;1
-32;26;40;0;1
-31;24;52;0;1
-24;-6;44;1;1
-31;17;61;0;1
-41;-14;54;1;1
-41;-21;25;1;1
-48;27;35;0;1
-20;-26;50;0;1
-17;2;36;0;1
-58;-7;31;0;1
-35;17;44;0;1
-50;25;23;0;1
-15;-21;31;0;1
-28;16;17;0;1
-38;-6;22;1;1
-41;41;31;0;1
-40;-6;19;0;1
-29;26;45;0;1
-22;-27;51;0;1
-37;32;28;1;1
-45;5;27;0;1
-22;-1;59;0;1
-52;-13;45;0;1
-38;-7;46;0;1
-40;21;17;1;1
-16;-19;64;0;1
-41;1;31;1;1
-13;-22;31;0;1
-64;-10;20;0;1
-36;11;59;0;1
-41;33;27;0;1
-59;16;27;0;1
-36;12;23;0;1
-47;-34;21;1;1
-61;22;21;0;1
-46;-27;24;1;1
-13;13;23;1;1
-25;25;10;0;1
-24;-31;15;1;1
-47;-42;23;0;1
-39;-45;20;0;1
-18;16;57;0;1
-36;-40;43;1;1
-27;-9;31;0;1
-39;-37;29;0;1
-30;39;38;1;1
-52;-23;23;0;1
-29;35;38;0;1
-34;-34;17;0;1
-37;16;13;0;1
-53;22;40;1;1
-51;1;46;0;1
-42;27;17;0;1
-32;27;57;1;1
-36;6;31;0;1
-25;-26;36;1;1
-34;-22;57;0;1
-37;-42;27;0;1
-44;2;25;0;1
-38;-33;42;0;1
-10;11;22;0;1
-46;2;46;0;1
-21;29;40;0;1
-34;53;19;1;1
-25;-32;36;0;1
-36;-4;53;0;1
-26;-4;39;1;1
-24;25;22;1;1
-29;45;20;0;1
-47;-4;34;1;1
-40;46;29;0;1
-31;49;17;1;1
-19;-20;14;1;1
-29;36;21;0;1
-55;23;18;1;1
-41;34;35;0;1
-37;3;40;0;1
-36;-10;21;1;1
-59;12;33;1;1
-25;-31;24;0;1
-21;-17;45;1;1
-27;-36;34;1;1
-33;-24;51;0;1
-30;17;23;1;1
-40;34;43;0;1
-46;-19;37;1;1
-25;25;19;0;1
-19;4;51;1;1
-25;26;33;0;1
-41;-40;35;1;1
-26;35;25;1;1
-30;-23;52;0;1
-33;-2;15;0;1
-37;-53;28;0;1
-47;-9;46;0;1
-50;37;33;1;1
-56;9;21;1;1
-17;0;35;0;1
-15;3;39;0;1
-17;-23;51;0;1
-18;-18;8;1;1
-40;-4;45;0;1
-8;-12;37;0;1
-42;34;29;0;1
-55;4;38;1;1
-33;24;31;1;1
-44;1;47;1;1
-28;3;27;0;1
-34;-19;46;0;1
-51;-4;40;0;1
-40;0;34;0;1
-57;25;31;0;1
-39;22;33;0;1
-33;17;32;1;1
-32;-15;43;0;1
-40;-5;39;1;1
-26;-25;52;1;1
-43;-36;30;0;1
-48;-30;39;0;1
-32;-14;24;0;1
-27;-4;20;1;1
-22;16;34;0;1
-60;25;22;1;1
-39;-23;28;0;1
-35;25;49;0;1
-24;-41;20;0;1
-54;-34;20;0;1
-34;37;48;1;1
-35;11;16;1;1
-16;-22;10;0;1
-43;-17;21;0;1
-34;-2;35;0;1
-34;-30;32;0;1
-51;1;38;0;1
-22;31;57;0;1
-33;8;27;0;1
-27;-28;24;0;1
-45;-35;23;0;1
-32;-9;43;0;1
-22;12;63;0;1
-15;20;59;1;1
-53;13;41;1;1
-37;44;22;1;1
-29;21;37;0;1
-14;17;52;1;1
-27;-34;55;0;1
-44;-36;40;1;1
-10;9;29;0;1
-20;-21;47;1;1
-20;-30;50;1;1
-36;52;18;1;1
-22;-28;37;1;1
-24;1;54;0;1
-36;-15;43;0;1
-44;-7;33;1;1
-54;-4;33;1;1
-41;-18;55;0;1
-28;6;16;0;1
-21;-35;41;1;1
-40;-37;44;0;1
-35;-34;38;1;1
-25;34;18;0;1
-46;-9;34;1;1
-32;20;43;1;1
-20;-8;13;0;1
-21;19;61;0;1
-30;-50;25;0;1
-44;5;27;0;1
-27;15;43;0;1
-61;19;26;0;1
-28;4;44;0;1
-34;33;40;0;1
-26;28;36;0;1
-40;40;42;0;1
-31;29;53;0;1
-30;-22;31;1;1
-37;36;26;0;1
-37;-12;43;1;1
-38;5;54;1;1
-23;-1;10;1;1
-33;49;36;0;1
-54;5;44;1;1
-29;31;14;1;1
-30;22;48;0;1
-34;57;24;0;1
-35;-16;43;0;1
-26;17;11;0;1
-57;16;25;0;1
-19;-15;61;1;1
-25;40;41;1;1
-45;-29;26;0;1
-61;-11;26;0;1
-38;20;43;0;1
-45;-11;19;0;1
-38;10;44;0;1
-46;37;25;0;1
-18;-30;52;0;1
-20;21;34;0;1
-24;13;53;1;1
-51;14;38;0;1
-53;-1;42;0;1
-11;17;30;1;1
-41;16;17;0;1
-21;-13;38;0;1
-46;3;45;1;1
-15;-13;54;0;1
-53;-4;15;0;1
-36;7;11;1;1
-21;18;12;0;1
-28;-7;63;1;1
-27;-46;46;0;1
-18;-11;18;0;1
-42;-12;41;1;1
-58;5;19;0;1
-23;14;15;1;1
-38;-45;38;0;1
-51;-7;40;0;1
-30;5;17;1;1
-57;10;41;1;1
-36;-47;18;0;1
-50;5;43;0;1
-32;-15;35;1;1
-39;33;30;0;1
-16;-9;39;0;1
-22;-22;18;0;1
-29;43;43;0;1
-52;32;19;0;1
-33;-16;35;1;1
-14;-23;36;0;1
-38;-29;16;0;1
-27;34;45;1;1
-32;15;59;0;1
-29;14;31;0;1
-43;-8;33;1;1
-26;-23;33;1;1
-32;-16;32;0;1
-24;20;35;0;1
-23;16;24;0;1
-37;2;52;0;1
-32;28;17;0;1
-39;29;35;0;1
-42;21;27;1;1
-46;13;18;0;1
-44;-33;19;1;1
-54;34;30;0;1
-41;26;34;0;1
-25;8;22;0;1
-39;-30;35;0;1
-36;-19;22;0;1
-62;11;29;0;1
-53;16;39;0;1
-41;-14;30;1;1
-22;14;61;0;1
-39;17;37;1;1
-11;-13;29;0;1
-31;-18;61;0;1
-29;24;30;1;1
-38;-11;33;0;1
-59;-25;27;0;1
-31;-3;46;0;1
-21;0;57;0;1
-30;-22;20;1;1
-34;-35;25;0;1
-34;0;58;1;1
-15;25;45;0;1
-50;-24;42;1;1
-42;-28;31;0;1
-61;20;18;0;1
-39;-49;18;0;1
-43;25;16;1;1
-30;-5;40;0;1
-40;-29;37;1;1
-46;-20;41;0;1
-33;-9;33;1;1
-56;-5;33;1;1
-21;17;11;0;1
-40;5;13;0;1
-50;-12;46;1;1
-20;-34;19;0;1
-33;-30;23;0;1
-18;-24;35;0;1
-24;5;60;1;1
-54;26;29;1;1
-16;25;49;0;1
-42;-27;45;0;1
-37;-26;34;0;1
-26;31;40;0;1
-42;-31;24;0;1
-42;-50;26;1;1
-49;-27;39;0;1
-18;-18;54;1;1
-37;-3;60;1;1
-24;13;36;1;1
-21;-11;12;0;1
-26;-15;24;1;1
-24;22;30;1;1
-22;2;58;0;1
-25;-42;38;1;1
-42;-32;35;1;1
-15;22;34;0;1
-58;-11;37;0;1
-26;31;28;0;1
-65;3;25;1;1
-49;34;38;0;1
-36;-12;50;1;1
-24;30;29;1;1
-52;9;38;0;1
-40;-35;25;0;1
-41;-11;31;1;1
-49;-30;32;0;1
-44;-28;24;1;1
-33;-16;39;1;1
-33;39;37;1;1
-32;-18;19;0;1
-27;-45;46;0;1
-54;-18;18;0;1
-33;-9;40;0;1
-32;-33;30;0;1
-46;27;40;1;1
-31;1;35;1;1
-37;24;35;0;1
-66;-13;21;1;1
-24;-41;25;0;1
-46;-11;51;0;1
-38;-30;43;0;1
-46;-29;33;0;1
-32;51;27;1;1
-39;26;28;0;1
-23;29;34;0;1
-42;9;42;1;1
-59;-13;17;0;1
-30;33;37;0;1
-20;-23;50;0;1
-18;-27;36;0;1
-35;31;32;0;1
-47;-13;35;1;1
-24;-4;48;0;1
-17;23;20;0;1
-32;-50;26;0;1
-33;-27;45;0;1
-42;29;31;0;1
-37;6;27;0;1
-13;-11;43;0;1
-50;-12;41;0;1
-18;22;26;1;1
-37;-11;22;1;1
-19;-13;26;0;1
-44;4;22;1;1
-48;29;28;1;1
-29;17;54;0;1
-43;34;16;0;1
-41;-53;21;0;1
-33;31;42;0;1
-26;-4;45;0;1
-32;50;34;0;1
-58;-16;34;1;1
-14;21;36;0;1
-22;-29;24;0;1
-23;-9;45;1;1
-44;-42;26;0;1
-45;26;25;0;1
-25;29;23;1;1
-33;28;21;0;1
-61;-15;28;0;1
-51;-22;32;1;1
-29;11;27;0;1
-28;-18;53;1;1
-29;0;12;0;1
-55;7;35;1;1
-34;31;45;0;1
-41;32;37;0;1
-31;36;29;0;1
-65;0;24;0;1
-26;-5;31;0;1
-42;-13;13;1;1
-64;-5;22;1;1
-59;-22;31;0;1
-29;-3;41;0;1
-42;23;50;0;1
-13;-22;21;0;1
-41;35;24;0;1
-41;25;38;0;1
-47;27;22;0;1
-48;43;25;0;1
-61;-23;24;1;1
-25;1;62;0;1
-53;-9;17;1;1
-49;8;48;0;1
-39;-12;36;0;1
-36;-1;30;1;1
-45;-40;25;1;1
-15;21;14;0;1
-49;-33;30;0;1
-41;-41;17;0;1
-42;-24;17;1;1
-32;20;21;1;1
-19;8;20;0;1
-15;20;45;1;1
-61;-11;17;0;1
-42;9;30;1;1
-24;-40;45;1;1
-43;-5;24;1;1
-48;37;18;0;1
-27;2;16;0;1
-40;-33;32;0;1
-27;32;55;0;1
-42;31;17;0;1
-22;-18;38;0;1
-36;14;51;1;1
-32;28;31;0;1
-63;-9;24;1;1
-39;-13;38;0;1
-33;43;34;0;1
-22;6;20;0;1
-17;-19;39;0;1
-17;-25;22;0;1
-31;-16;10;1;1
-39;-22;43;1;1
-66;-14;21;0;1
-38;-1;41;0;1
-32;11;58;0;1
-33;-36;34;0;1
-42;-15;13;0;1
-28;-27;39;0;1
-42;-5;14;1;1
-39;18;40;1;1
-36;37;16;1;1
-26;5;32;0;1
-36;22;53;0;1
-25;-3;38;0;1
-51;12;19;0;1
-55;38;18;0;1
-30;34;51;0;1
-65;8;24;0;1
-45;-1;15;0;1
-56;-9;16;1;1
-50;39;31;0;1
-33;-3;34;0;1
-20;-27;19;0;1
-40;-5;32;1;1
-35;-12;46;1;1
-42;-11;54;1;1
-26;31;20;1;1
-23;34;52;0;1
-36;-29;16;0;1
-20;2;18;1;1
-36;41;35;0;1
-40;-13;30;1;1
-38;3;54;1;1
-39;34;38;0;1
-12;0;22;0;1
-32;22;18;0;1
-15;18;52;0;1
-28;-28;14;0;1
-25;21;43;0;1
-43;-18;24;0;1
-12;-9;28;0;1
-32;-21;51;0;1
-37;7;11;0;1
-14;-12;25;1;1
-43;-14;42;0;1
-31;45;40;0;1
-38;9;17;0;1
-26;-44;27;1;1
-36;-2;22;0;1
-16;-8;39;1;1
-25;12;55;0;1
-33;27;44;0;1
-30;16;49;1;1
-20;-3;55;1;1
-24;35;51;0;1
-56;-18;35;0;1
-34;32;41;0;1
-27;-13;21;0;1
-17;17;32;1;1
-43;7;43;1;1
-23;-38;22;0;1
-34;-17;12;1;1
-45;29;21;1;1
-36;-37;41;0;1
-17;-15;48;1;1
-51;-14;28;0;1
-40;30;44;0;1
-54;-28;22;1;1
-24;-32;52;0;1
-31;39;42;1;1
-51;0;27;1;1
-14;-8;33;0;1
-43;1;24;1;1
-14;4;39;1;1
-54;-28;34;0;1
-29;-41;45;0;1
-52;7;42;0;1
-19;28;24;0;1
-55;14;41;1;1
-20;22;62;0;1
-18;-15;50;1;1
-60;-2;32;0;1
-38;9;19;1;1
-34;4;47;0;1
-51;30;22;1;1
-17;-5;41;0;1
-25;-43;46;1;1
-33;18;46;0;1
-30;-33;44;0;1
-17;26;9;0;1
-56;-18;17;1;1
-42;-5;43;0;1
-26;22;57;0;1
-34;10;42;0;1
-34;-11;60;0;1
-33;0;44;0;1
-41;0;27;0;1
-11;-15;41;0;1
-57;-24;26;0;1
-49;-24;25;0;1
-44;20;32;0;1
-41;5;21;0;1
-16;18;7;0;1
-21;22;14;1;1
-22;10;44;1;1
-23;-36;32;0;1
-43;-10;16;1;1
-29;39;37;0;1
-23;-4;46;1;1
-48;9;30;0;1
-15;-12;33;1;1
-30;6;37;0;1
-30;43;36;0;1
-56;-2;36;0;1
-39;42;25;1;1
-24;-30;53;0;1
-52;-34;22;1;1
-25;22;45;1;1
-41;-40;21;1;1
-9;15;45;1;1
-37;-33;14;1;1
-22;15;14;0;1
-34;34;51;1;1
-22;24;16;1;1
-32;-39;48;0;1
-21;-11;42;1;1
-44;32;26;0;1
-24;37;38;1;1
-34;27;44;0;1
-31;3;27;0;1
-41;14;25;0;1
-51;3;24;1;1
-21;26;51;0;1
-17;20;66;0;1
-29;10;63;0;1
-30;5;34;1;1
-54;30;21;0;1
-32;-17;19;0;1
-28;28;42;1;1
-39;-22;18;1;1
-28;41;46;1;1
-53;-12;32;0;1
-25;-39;53;0;1
-36;-28;24;0;1
-12;-17;30;0;1
-35;15;29;0;1
-27;-24;25;0;1
-28;26;12;0;1
-51;26;38;0;1
-26;44;38;0;1
-37;39;39;0;1
-31;-19;28;1;1
-27;43;16;1;1
-57;-6;35;0;1
-24;-39;19;1;1
-36;-10;24;1;1
-22;-5;24;0;1
-51;2;15;0;1
-40;-8;45;0;1
-12;3;27;0;1
-32;-9;26;1;1
-34;-1;60;1;1
-49;2;32;1;1
-45;19;28;1;1
-20;-16;63;1;1
-21;-26;22;1;1
-25;28;59;1;1
-27;-3;17;1;1
-36;10;49;0;1
-24;3;36;0;1
-27;-28;42;0;1
-31;6;18;0;1
-54;36;18;0;1
-15;-12;42;1;1
-40;23;31;1;1
-41;1;23;0;1
-52;-27;31;1;1
-54;-38;24;0;1
-21;13;49;0;1
-55;2;27;1;1
-48;4;39;0;1
-30;-25;36;0;1
-28;8;9;0;1
-24;4;16;0;1
-49;43;23;1;1
-25;35;54;1;1
-36;-7;60;0;1
-23;39;42;0;1
-47;-21;43;1;1
-46;19;24;1;1
-23;-27;17;1;1
-14;14;36;0;1
-46;25;37;0;1
-27;-5;55;1;1
-22;-14;33;0;1
-47;16;48;1;1
-16;12;16;1;1
-33;-23;40;0;1
-31;-18;12;0;1
-49;3;25;0;1
-26;4;41;0;1
-10;1;24;0;1
-44;-28;36;1;1
-39;23;14;0;1
-57;33;23;1;1
-21;11;14;1;1
-34;-14;39;0;1
-25;21;61;1;1
-26;13;15;0;1
-35;-15;57;1;1
-40;-5;48;0;1
-25;16;31;0;1
-42;-34;34;0;1
-43;-8;34;1;1
-22;4;44;0;1
-15;-21;13;0;1
-22;25;41;0;1
-38;24;29;0;1
-55;9;37;0;1
-51;-33;18;0;1
-37;28;43;0;1
-16;22;34;1;1
-33;-12;16;0;1
-45;24;47;0;1
-12;16;23;0;1
-26;-9;12;1;1
-39;43;16;0;1
-37;13;52;1;1
-50;31;25;1;1
-49;1;42;1;1
-38;-44;37;1;1
-30;9;47;0;1
-33;19;17;0;1
-26;-35;20;0;1
-39;23;42;1;1
-48;39;27;0;1
-39;14;34;1;1
-41;-18;39;1;1
-26;17;21;0;1
-41;30;41;0;1
-42;-28;17;1;1
-27;-4;27;0;1
-53;3;43;1;1
-25;-23;32;0;1
-19;-17;59;0;1
-58;0;36;1;1
-27;42;36;0;1
-15;-14;36;0;1
-20;-8;45;0;1
-20;7;32;0;1
-39;38;34;1;1
-31;-22;54;0;1
-36;20;29;0;1
-35;-12;45;1;1
-25;7;38;1;1
-24;8;60;1;1
-34;35;37;0;1
-64;18;19;0;1
-38;-8;37;0;1
-39;-16;51;1;1
-34;9;57;0;1
-55;26;35;0;1
-30;42;36;0;1
-31;3;22;0;1
-53;-32;21;1;1
-25;-26;52;0;1
-44;-42;17;0;1
-31;32;26;1;1
-18;-15;34;1;1
-28;-17;18;0;1
-30;-5;22;1;1
-32;-27;22;0;1
-27;-42;30;1;1
-24;-19;23;0;1
-21;-12;9;0;1
-25;-21;53;0;1
-21;36;49;0;1
-24;31;47;1;1
-39;-17;23;1;1
-15;-23;12;1;1
-62;-12;23;1;1
-37;50;17;0;1
-32;24;28;0;1
-42;-31;18;1;1
-23;-10;15;0;1
-22;-31;35;1;1
-48;7;20;0;1
-55;-10;32;0;1
-15;25;13;1;1
-30;-14;51;0;1
-27;3;50;1;1
-39;-9;13;0;1
-17;16;16;1;1
-38;-21;47;0;1
-22;37;43;0;1
-46;11;16;0;1
-54;-34;30;0;1
-32;-36;24;0;1
-28;-23;49;0;1
-49;21;33;1;1
-22;-20;26;0;1
-51;8;44;0;1
-57;11;31;1;1
-45;-13;35;0;1
-42;-31;28;1;1
-21;-22;52;0;1
-19;20;17;0;1
-27;-18;54;0;1
-29;-34;37;0;1
-63;11;24;1;1
-17;-26;36;1;1
-26;18;42;0;1
-28;29;14;0;1
-36;3;47;0;1
-40;27;26;0;1
-55;21;29;0;1
-32;-23;36;0;1
-40;27;47;0;1
-23;-35;50;0;1
-42;-9;37;0;1
-31;-8;30;0;1
-48;2;44;0;1
-29;-17;58;0;1
-41;27;27;1;1
-14;4;26;0;1
-44;25;29;1;1
-30;21;50;1;1
-41;-16;41;1;1
-17;25;17;0;1
-29;34;42;0;1
-28;13;54;0;1
-40;6;24;0;1
-50;-4;49;1;1
-46;-26;30;0;1
-50;22;37;0;1
-19;29;43;0;1
-38;-43;41;0;1
-40;4;40;0;1
-6;10;26;0;1
-15;11;42;1;1
-17;-23;48;1;1
-34;40;16;0;1
-35;2;15;1;1
-15;-18;44;1;1
-27;-17;49;0;1
-14;17;51;1;1
-27;15;16;0;1
-33;-28;12;0;1
-58;-25;32;1;1
-24;-16;8;0;1
-27;-18;25;0;1
-25;5;41;1;1
-25;25;59;1;1
-38;-32;37;1;1
-30;-13;16;0;1
-28;-20;18;0;1
-33;-19;12;1;1
-25;4;17;1;1
-43;-32;19;0;1
-59;-24;26;1;1
-44;-24;21;0;1
-30;-8;59;0;1
-25;26;55;1;1
-13;20;36;0;1
-39;11;26;0;1
-30;-23;56;0;1
-30;-30;41;0;1
-34;-40;26;0;1
-42;39;27;0;1
-35;-43;30;1;1
-26;-6;28;1;1
-46;3;30;1;1
-40;27;51;1;1
-22;27;45;0;1
-38;-55;24;0;1
-55;30;22;1;1
-26;8;38;1;1
-27;-33;17;1;1
-29;39;41;1;1
-9;14;24;0;1
-31;-18;60;1;1
-52;0;18;1;1
-43;16;23;0;1
-48;31;20;1;1
-14;-20;46;0;1
-17;-16;30;1;1
-30;-37;24;1;1
-24;2;16;0;1
-30;29;44;0;1
-34;42;41;0;1
-37;-29;51;0;1
-29;7;61;0;1
-54;-7;21;0;1
-13;-14;47;1;1
-26;38;49;1;1
-40;-7;21;1;1
-25;23;38;0;1
-34;-15;44;0;1
-30;1;17;0;1
-53;-7;25;0;1
-38;26;16;0;1
-45;-5;21;0;1
-46;40;22;0;1
-30;2;9;1;1
-56;-32;26;0;1
-34;-18;33;0;1
-37;15;11;1;1
-17;-9;40;0;1
-65;3;22;1;1
-33;37;33;0;1
-16;-19;62;1;1
-21;-27;11;0;1
-52;1;14;1;1
-43;-19;17;0;1
-34;-38;38;1;1
-50;-7;40;1;1
-40;5;57;0;1
-31;33;14;1;1
-61;-3;28;0;1
-36;33;34;0;1
-64;-22;19;0;1
-22;10;54;0;1
-20;5;46;1;1
-23;23;51;1;1
-57;10;24;0;1
-54;16;40;0;1
-50;-38;20;0;1
-39;48;22;0;1
-52;10;16;1;1
-58;-1;32;1;1
-40;1;26;1;1
-44;-7;24;1;1
-54;-13;37;0;1
-32;39;37;1;1
-29;-24;12;0;1
-39;-31;19;1;1
-19;31;48;0;1
-27;-36;52;0;1
-51;10;35;0;1
-34;19;50;0;1
-33;19;26;1;1
-28;31;48;0;1
-24;-8;53;0;1
-53;-24;23;0;1
-31;-21;34;1;1
-31;-13;38;0;1
-32;-43;29;0;1
-22;17;36;0;1
-33;-12;30;0;1
-30;-8;10;0;1
-9;-1;23;0;1
-48;24;43;0;1
-35;15;33;1;1
-48;-20;43;0;1
-53;-33;31;1;1
-31;-6;41;0;1
-39;10;31;1;1
-37;32;39;0;1
-32;35;35;0;1
-13;-18;17;1;1
-39;-1;36;0;1
-57;-31;25;0;1
-22;-2;46;1;1
-14;11;34;0;1
-46;-34;26;0;1
-26;-36;33;1;1
-24;-22;23;1;1
-31;-29;22;0;1
-28;-41;50;1;1
-50;-20;39;1;1
-44;-9;16;0;1
-28;20;36;0;1
-35;14;21;0;1
-32;-9;30;1;1
-17;-2;31;0;1
-39;-30;42;0;1
-56;14;29;0;1
-23;-33;50;0;1
-44;10;20;0;1
-34;27;32;1;1
-31;-22;34;0;1
-41;-4;54;1;1
-20;-16;21;0;1
-33;18;39;1;1
-58;27;29;0;1
-48;-30;19;0;1
-23;-32;46;1;1
-17;-22;38;0;1
-35;38;42;0;1
-56;-29;27;1;1
-11;6;28;1;1
-34;16;16;1;1
-51;33;21;0;1
-49;4;39;0;1
-50;21;33;0;1
-34;-29;14;1;1
-21;18;27;0;1
-23;14;59;1;1
-19;29;53;0;1
-20;-8;29;0;1
-22;-36;16;0;1
-14;20;62;1;1
-47;7;15;0;1
-38;4;59;0;1
-39;17;38;0;1
-40;44;30;0;1
-26;12;10;1;1
-17;12;45;0;1
-44;-3;30;0;1
-25;15;16;1;1
-33;-9;39;1;1
-31;27;18;0;1
-48;19;36;1;1
-56;13;23;0;1
-36;-52;32;0;1
-57;4;28;0;1
-47;13;18;1;1
-41;-3;53;0;1
-17;6;25;0;1
-58;-31;25;0;1
-17;-19;56;0;1
-21;-1;19;0;1
-53;12;36;0;1
-30;-20;58;0;1
-50;36;31;0;1
-24;-39;50;1;1
-32;3;10;0;1
-41;19;26;1;1
-37;-13;17;1;1
-35;-5;55;0;1
-33;-41;23;0;1
-43;11;49;0;1
-19;7;36;0;1
-38;16;46;1;1
-27;8;60;0;1
-30;-13;22;0;1
-51;13;47;0;1
-34;8;22;1;1
-48;-25;33;1;1
-26;-11;24;1;1
-35;-27;52;0;1
-20;-27;50;0;1
-27;-6;36;1;1
-26;39;33;1;1
-32;40;37;0;1
-36;-39;42;0;1
-40;-38;25;1;1
-55;-11;24;0;1
-25;-5;35;1;1
-53;-5;16;0;1
-42;21;20;0;1
-32;27;49;0;1
-20;31;22;0;1
-20;-16;65;1;1
-16;25;36;0;1
-14;4;29;1;1
-19;-27;16;1;1
-30;3;63;1;1
-44;-2;17;0;1
-30;30;53;0;1
-23;29;49;0;1
-37;13;42;0;1
-32;-22;52;1;1
-23;-11;31;1;1
-44;32;41;0;1
-44;13;26;0;1
-27;20;49;0;1
-23;-7;61;1;1
-38;-1;35;1;1
-22;21;46;0;1
-17;22;50;0;1
-26;-19;42;0;1
-49;-12;35;0;1
-45;-2;20;0;1
-30;-11;37;0;1
-55;-26;31;1;1
-48;-8;20;0;1
-38;-13;45;0;1
-58;11;20;0;1
-25;-40;33;1;1
-36;32;35;0;1
-34;-26;47;1;1
-31;27;50;0;1
-41;16;26;1;1
-48;3;23;1;1
-15;2;23;0;1
-37;-40;29;0;1
-60;30;19;1;1
-36;36;40;1;1
-26;33;30;1;1
-26;15;28;0;1
-32;-37;17;1;1
-44;23;34;0;1
-31;-32;23;1;1
-18;-1;46;1;1
-58;11;25;0;1
-40;1;25;1;1
-19;24;56;1;1
-34;-16;47;1;1
-41;8;25;0;1
-25;-25;17;0;1
-32;-23;41;1;1
-27;27;51;0;1
-18;25;40;0;1
-48;-14;45;0;1
-30;-29;24;0;1
-37;-2;24;1;1
-28;7;50;0;1
-43;39;22;1;1
-19;-9;21;0;1
-23;34;57;0;1
-33;-7;22;0;1
-31;-30;56;0;1
-33;22;57;0;1
-48;22;35;1;1
-40;10;53;0;1
-21;-31;38;0;1
-45;7;22;1;1
-29;-2;39;0;1
-41;-32;39;0;1
-21;36;40;0;1
-28;24;47;1;1
-39;8;55;0;1
-28;9;22;0;1
-51;-37;18;0;1
-37;11;45;0;1
-35;17;30;1;1
-30;-12;24;0;1
-40;-54;20;0;1
-31;-52;23;0;1
-25;-2;11;0;1
-42;-49;19;0;1
-18;-26;49;0;1
-25;-6;60;0;1
-9;-11;30;0;1
-18;13;28;0;1
-23;-24;16;0;1
-28;33;17;0;1
-49;0;24;1;1
-30;-49;34;1;1
-31;-42;18;0;1
-25;-5;47;0;1
-24;-14;34;1;1
-31;-34;31;1;1
-17;-19;33;0;1
-46;45;23;0;1
-14;24;17;0;1
-25;-18;21;1;1
-38;39;17;0;1
-31;29;43;1;1
-45;-44;24;1;1
-52;16;36;0;1
-43;48;23;1;1
-47;-5;13;0;1
-35;2;44;0;1
-55;4;15;1;1
-47;-24;16;1;1
-58;-33;18;0;1
-23;31;37;0;1
-24;-20;33;0;1
-50;-21;24;1;1
-22;-19;46;0;1
-39;-38;19;1;1
-26;28;56;1;1
-49;-4;40;0;1
-32;-8;10;0;1
-29;-49;42;0;1
-22;13;26;0;1
-33;38;45;0;1
-43;10;17;0;1
-32;39;47;0;1
-48;17;46;1;1
-54;-24;29;0;1
-58;29;28;0;1
-25;17;43;1;1
-51;4;46;1;1
-18;-11;20;1;1
-23;22;30;0;1
-25;4;45;0;1
-18;-13;30;0;1
-36;31;14;1;1
-25;-26;44;0;1
-46;20;20;1;1
-25;10;12;1;1
-39;-36;45;0;1
-29;20;49;0;1
-67;-1;21;0;1
-26;23;43;0;1
-42;2;51;1;1
-17;23;64;1;1
-25;-14;26;0;1
-25;31;50;1;1
-20;-8;18;1;1
-37;-36;21;0;1
-35;2;54;1;1
-25;15;63;1;1
-37;-19;53;0;1
-58;15;31;0;1
-37;26;14;0;1
-38;34;26;0;1
-30;19;17;0;1
-49;6;26;0;1
-45;-32;40;0;1
-51;38;30;0;1
-60;25;23;1;1
-58;23;24;1;1
-59;9;17;1;1
-45;38;39;1;1
-36;41;30;0;1
-40;34;15;0;1
-48;10;28;1;1
-38;6;57;0;1
-41;-25;30;1;1
-18;-13;16;1;1
-40;-14;37;0;1
-37;-3;37;0;1
-30;36;28;0;1
-30;17;55;1;1
-38;8;51;0;1
-33;29;46;1;1
-32;-10;53;0;1
-19;25;44;1;1
-32;12;14;0;1
-30;-11;56;0;1
-32;-15;57;0;1
-23;26;53;1;1
-41;12;40;0;1
-27;8;39;1;1
-30;-15;44;0;1
-67;9;20;1;1
-25;-42;43;0;1
-20;-10;44;0;1
-37;-34;50;0;1
-39;12;46;0;1
-41;-10;46;0;1
-42;19;41;0;1
-33;29;14;0;1
-54;18;38;1;1
-26;12;56;0;1
-41;-15;35;1;1
-30;10;47;0;1
-24;26;43;0;1
-42;-4;32;0;1
-15;-22;38;1;1
-24;-5;60;0;1
-39;15;37;0;1
-35;-4;21;0;1
-14;-18;50;1;1
-55;7;15;1;1
-56;-14;19;0;1
-50;26;34;1;1
-23;11;56;0;1
-28;35;34;0;1
-19;23;41;1;1
-21;36;20;0;1
-26;-1;47;1;1
-29;-44;46;0;1
-29;-5;15;0;1
-30;-3;14;0;1
-45;36;34;1;1
-25;-5;65;1;1
-39;-4;23;1;1
-28;-46;38;1;1
-36;38;36;0;1
-29;-32;54;0;1
-41;7;56;1;1
-11;-18;56;0;1
-16;21;50;1;1
-30;18;51;0;1
-58;-16;30;1;1
-19;-4;19;0;1
-32;-38;19;0;1
-19;10;58;0;1
-54;4;22;1;1
-17;-14;59;1;1
-24;-13;11;0;1
-29;-32;29;0;1
-30;-3;17;0;1
-22;36;35;0;1
-47;-22;34;0;1
-39;-3;11;1;1
-39;-13;37;0;1
-29;-22;55;1;1
-32;0;21;0;1
-20;2;16;1;1
-17;23;23;0;1
-46;-10;50;0;1
-33;-27;47;0;1
-33;-19;24;1;1
-30;-6;55;1;1
-27;-11;14;0;1
-18;-29;46;1;1
-34;28;19;0;1
-34;20;24;1;1
-31;-2;27;0;1
-44;48;27;1;1
-50;15;29;1;1
-21;10;8;0;1
-40;26;38;0;1
-35;14;52;0;1
-38;-22;18;0;1
-33;3;26;1;1
-39;37;26;1;1
-59;6;18;1;1
-48;31;27;0;1
-29;-30;38;0;1
-18;16;54;1;1
-30;-28;23;1;1
-13;-11;23;0;1
-53;19;37;0;1
-52;-40;19;1;1
-61;-17;30;0;1
-23;6;61;0;1
-36;-31;32;1;1
-19;-20;15;1;1
-37;-46;31;1;1
-25;-9;42;0;1
-52;2;24;0;1
-31;24;29;0;1
-27;11;29;0;1
-52;31;25;0;1
-34;22;58;0;1
-35;-39;30;0;1
-63;-8;20;0;1
-39;33;41;0;1
-11;-6;34;0;1
-58;-17;23;0;1
-37;2;27;0;1
-33;22;15;1;1
-27;-32;46;0;1
-29;4;12;0;1
-24;14;36;0;1
-43;-1;44;0;1
-38;-12;25;0;1
-22;-25;18;0;1
-21;1;13;0;1
-11;-17;29;0;1
-30;-32;54;0;1
-38;-37;23;0;1
-43;-37;24;1;1
-61;14;28;1;1
-29;-31;15;1;1
-32;-27;15;1;1
-37;26;52;0;1
-33;-40;46;0;1
-28;25;17;0;1
-52;-1;47;0;1
-55;29;21;0;1
-30;50;24;1;1
-47;-24;44;0;1
-33;26;44;0;1
-59;8;28;1;1
-42;-43;36;0;1
-28;-8;62;1;1
-39;-5;35;0;1
-19;-9;19;0;1
-55;2;25;0;1
-39;6;45;0;1
-27;-25;58;0;1
-47;6;34;1;1
-31;39;32;0;1
-33;-1;54;0;1
-55;22;22;0;1
-41;-3;27;1;1
-34;-36;30;0;1
-40;2;32;1;1
-24;-19;51;1;1
-36;-13;38;0;1
-29;-43;23;0;1
-58;-7;17;1;1
-37;7;15;1;1
-49;10;25;1;1
-25;4;20;1;1
-40;-15;46;1;1
-28;40;25;0;1
-33;-41;28;1;1
-14;-20;64;0;1
-59;17;29;0;1
-33;14;36;0;1
-26;-27;29;0;1
-19;6;28;1;1
-14;9;26;1;1
-23;7;14;1;1
-39;-47;19;0;1
-49;37;30;1;1
-30;-6;52;0;1
-33;-31;35;0;1
-29;-41;42;0;1
-60;-14;26;0;1
-17;16;57;0;1
-24;28;30;0;1
-29;35;20;1;1
-18;26;46;0;1
-47;5;18;0;1
-27;-20;16;0;1
-33;17;22;0;1
-32;21;30;0;1
-45;23;20;0;1
-16;8;24;1;1
-48;23;16;0;1
-18;-3;18;1;1
-27;0;45;0;1
-35;32;32;0;1
-31;17;28;0;1
-24;27;41;0;1
-38;-32;48;1;1
-41;-35;15;0;1
-15;-14;20;0;1
-12;19;19;1;1
-20;-33;41;0;1
-17;0;38;0;1
-59;21;29;0;1
-21;-2;37;0;1
-13;-8;38;0;1
-41;-23;23;1;1
-29;-32;25;1;1
-26;16;44;0;1
-25;-13;12;0;1
-49;3;47;1;1
-19;-23;38;1;1
-21;-36;17;1;1
-49;0;39;0;1
-37;-4;38;0;1
-27;9;19;1;1
-43;16;51;0;1
-24;12;14;0;1
-44;-2;20;0;1
-31;-28;38;0;1
-28;-9;14;0;1
-49;19;25;0;1
-15;12;42;1;1
-25;-3;26;0;1
-53;26;36;0;1
-39;-26;34;0;1
-23;15;17;0;1
-46;22;29;0;1
-33;-14;31;0;1
-45;14;30;0;1
-31;1;54;1;1
-23;-6;15;0;1
-41;-20;38;0;1
-32;51;35;0;1
-29;6;58;1;1
-48;26;15;1;1
-65;8;22;1;1
-25;9;39;0;1
-23;10;20;0;1
-16;5;33;0;1
-19;4;43;1;1
-55;-34;21;1;1
-23;23;24;0;1
-22;-17;58;0;1
-54;-5;15;0;1
-55;-31;26;1;1
-39;-38;22;0;1
-24;-23;47;0;1
-42;2;13;1;1
-23;-37;28;0;1
-41;11;53;1;1
-64;-6;20;0;1
-50;-15;38;0;1
-25;5;55;0;1
-41;-11;17;0;1
-21;-21;10;0;1
-18;-17;38;1;1
-47;23;29;0;1
-16;10;28;0;1
-33;-36;19;0;1
-47;-16;20;0;1
-53;12;17;0;1
-51;-42;22;1;1
-34;44;30;0;1
-48;11;17;1;1
-39;34;22;0;1
-31;52;30;1;1
-42;-6;43;1;1
-32;-51;34;0;1
-44;-39;19;1;1
-27;-2;48;0;1
-32;-39;29;1;1
-13;-1;22;0;1
-41;-13;41;0;1
-27;-31;55;0;1
-30;-20;18;1;1
-39;8;57;1;1
-49;-18;46;1;1
-28;19;56;0;1
-59;14;25;0;1
-65;-5;19;1;1
-58;11;28;0;1
-17;9;23;1;1
-25;-35;41;1;1
-17;-23;62;0;1
-31;-14;42;0;1
-28;24;37;1;1
-31;-17;28;1;1
-43;-44;34;0;1
-23;3;25;0;1
-42;-47;27;0;1
-22;3;40;1;1
-23;29;10;0;1
-41;-22;45;0;1
-24;-8;61;0;1
-23;8;12;0;1
-15;4;27;1;1
-41;13;19;1;1
-28;-23;47;1;1
-26;25;36;0;1
-34;7;28;1;1
-55;-39;21;0;1
-44;-18;36;0;1
-56;-29;23;1;1
-52;-22;23;0;1
-23;-22;27;0;1
-59;2;34;1;1
-22;38;43;0;1
-55;8;35;1;1
-26;12;9;0;1
-34;3;42;1;1
-24;-22;18;0;1
-32;-24;54;1;1
-18;11;53;1;1
-33;-51;36;1;1
-50;26;42;1;1
-48;19;48;1;1
-38;35;36;0;1
-31;35;22;0;1
-30;40;24;1;1
-26;-27;49;0;1
-61;15;28;1;1
-59;-9;19;0;1
-25;-17;36;1;1
-14;-21;49;0;1
-20;-1;27;0;1
-25;-40;45;0;1
-27;-12;55;1;1
-32;9;35;0;1
-19;-23;22;1;1
-29;39;21;0;1
-57;-7;19;0;1
-33;-28;22;1;1
-16;18;65;0;1
-31;-50;32;0;1
-16;19;22;0;1
-22;-30;45;0;1
-20;27;54;0;1
-29;10;20;0;1
-50;8;15;1;1
-32;-20;24;1;1
-21;-27;37;0;1
-34;40;33;0;1
-32;4;21;1;1
-41;27;32;1;1
-33;20;52;1;1
-42;32;33;0;1
-19;32;39;0;1
-23;38;43;1;1
-29;3;47;1;1
-29;6;29;1;1
-31;6;58;0;1
-25;-16;63;1;1
-58;-3;40;0;1
-61;-6;30;0;1
-35;32;27;0;1
-59;3;33;0;1
-33;-12;15;0;1
-53;15;24;0;1
-44;-12;43;0;1
-56;20;31;0;1
-39;15;42;1;1
-42;37;16;0;1
-46;-38;19;0;1
-54;-1;41;1;1
-36;33;35;0;1
-43;-8;39;1;1
-30;-24;45;1;1
-39;19;18;0;1
-31;-41;34;1;1
-40;16;47;1;1
-41;-25;39;0;1
-24;-15;10;1;1
-35;-33;52;1;1
-54;-3;39;0;1
-20;16;17;0;1
-32;-20;60;1;1
-34;51;20;1;1
-36;-20;39;0;1
-35;-24;28;0;1
-31;27;23;0;1
-21;-35;37;1;1
-20;32;55;0;1
-17;-26;14;0;1
-43;-29;43;0;1
-55;8;28;1;1
-40;-54;21;1;1
-35;28;54;0;1
-17;10;52;0;1
-53;-4;21;0;1
-18;23;42;1;1
-41;-2;21;0;1
-23;-33;57;0;1
-37;-33;32;1;1
-54;-22;31;0;1
-47;-30;21;0;1
-32;19;36;0;1
-41;-11;19;1;1
-35;22;48;1;1
-19;-28;13;0;1
-43;-8;27;0;1
-26;-16;30;1;1
-32;10;25;1;1
-43;-35;38;1;1
-41;-42;26;1;1
-40;7;40;1;1
-22;-21;32;0;1
-42;27;40;1;1
-14;-16;46;1;1
-49;12;21;0;1
-16;-20;61;0;1
-32;10;12;0;1
-53;-36;21;1;1
-28;-13;46;0;1
-28;30;35;0;1
-44;-36;23;1;1
-34;4;41;1;1
-38;3;19;0;1
-16;9;22;0;1
-63;5;22;1;1
-51;19;44;0;1
-23;15;32;0;1
-28;31;56;1;1
-43;28;48;1;1
-28;-30;17;1;1
-59;-20;33;1;1
-33;32;40;0;1
-38;-26;20;1;1
-38;-20;43;0;1
-18;-5;39;0;1
-40;0;37;0;1
-44;-44;29;0;1
-59;21;24;0;1
-32;29;20;1;1
-47;31;36;1;1
-20;23;55;1;1
-42;39;25;1;1
-29;-1;20;1;1
-29;-4;32;0;1
-17;9;38;1;1
-43;-1;28;1;1
-60;18;18;0;1
-33;-24;14;1;1
-24;29;59;0;1
-48;-39;34;0;1
-38;-10;48;1;1
-45;0;21;0;1
-50;3;36;0;1
-25;-21;45;0;1
-21;10;62;1;1
-27;40;37;1;1
-48;8;29;1;1
-39;42;26;0;1
-35;-9;37;0;1
-24;-26;12;1;1
-35;29;14;1;1
-58;17;21;0;1
-42;-36;32;1;1
-29;-45;38;1;1
-43;20;22;0;1
-22;-14;25;1;1
-35;-38;45;1;1
-17;-13;47;0;1
-56;12;38;1;1
-22;21;55;0;1
-26;-14;32;0;1
-33;-7;11;0;1
-32;12;54;0;1
-35;22;33;1;1
-23;2;45;0;1
-16;12;15;0;1
-20;-15;40;1;1
-24;-27;14;0;1
-62;21;25;0;1
-25;43;20;1;1
-53;25;22;0;1
-41;-27;44;0;1
-19;14;54;0;1
-51;-27;19;0;1
-42;-50;25;1;1
-22;-19;20;1;1
-38;37;42;1;1
-28;-45;21;1;1
-32;-33;44;0;1
-45;-42;32;0;1
-48;-13;43;0;1
-20;16;42;1;1
-30;-31;43;0;1
-23;-3;56;0;1
-25;-26;13;0;1
-21;-33;29;1;1
-61;3;23;1;1
-62;1;26;0;1
-39;23;17;0;1
-51;-18;20;1;1
-22;5;11;1;1
-52;26;34;1;1
-35;-37;41;0;1
-15;-4;30;0;1
-35;-1;46;0;1
-20;14;8;1;1
-27;-3;62;0;1
-27;-22;30;0;1
-16;2;43;0;1
-18;2;24;0;1
-21;-19;25;0;1
-37;42;18;0;1
-39;-15;27;0;1
-26;-27;60;0;1
-28;25;59;0;1
-48;4;48;0;1
-49;26;32;0;1
-48;-12;50;0;1
-39;-44;35;0;1
-35;9;26;1;1
-36;1;25;0;1
-23;39;37;0;1
-37;-23;54;0;1
-21;24;12;0;1
-28;33;42;0;1
-21;-15;60;0;1
-17;-5;45;0;1
-25;40;23;1;1
-25;-13;37;1;1
-14;-13;33;0;1
-17;-5;35;0;1
-21;15;61;0;1
-37;-9;19;1;1
-18;-5;32;0;1
-16;-20;65;0;1
-11;-15;40;1;1
-20;-29;58;0;1
-16;0;22;0;1
-28;19;14;0;1
-37;9;19;0;1
-50;-7;27;0;1
-26;9;55;0;1
-26;-24;42;0;1
-29;-5;55;0;1
-38;2;31;0;1
-25;39;27;0;1
-32;-50;18;0;1
-19;1;43;0;1
-50;-11;44;0;1
-31;-8;62;0;1
-27;-11;45;0;1
-20;-19;57;0;1
-27;-19;31;0;1
-18;-11;57;0;1
-27;17;22;1;1
-62;7;26;1;1
-26;15;21;1;1
-30;-2;33;0;1
-42;26;51;0;1
-29;-19;28;0;1
-15;-22;34;0;1
-17;29;53;0;1
-16;17;59;1;1
-13;15;39;0;1
-12;11;25;0;1
-11;7;33;0;1
-62;4;18;0;1
-35;-32;22;1;1
-24;7;10;1;1
-27;-20;39;0;1
-41;26;43;0;1
-45;-14;44;0;1
-33;-16;27;0;1
-16;-8;46;0;1
-40;-4;46;0;1
-26;15;35;0;1
-52;3;39;1;1
-24;24;14;0;1
-34;-23;51;0;1
-18;31;23;0;1
-41;42;24;1;1
-58;-14;38;1;1
-29;-7;55;1;1
-48;25;23;0;1
-42;13;41;1;1
-55;-18;27;0;1
-48;37;31;0;1
-33;-40;39;1;1
-45;-9;15;1;1
-17;-14;38;0;1
-42;-32;36;0;1
-43;5;12;1;1
-28;-7;10;0;1
-58;30;21;1;1
-35;14;44;1;1
-46;1;28;0;1
-24;20;15;1;1
-25;-37;26;1;1
-28;-46;17;0;1
-38;47;37;1;1
-25;-2;46;1;1
-54;7;44;1;1
-51;6;32;0;1
-35;8;59;0;1
-43;-30;17;0;1
-35;31;24;0;1
-39;17;51;1;1
-25;3;63;0;1
-31;35;18;0;1
-13;-12;40;0;1
-18;24;62;0;1
-16;18;57;1;1
-51;19;34;0;1
-38;-1;45;0;1
-41;-1;11;1;1
-18;21;27;1;1
-41;21;40;0;1
-24;22;40;1;1
-27;33;53;0;1
-17;-9;19;1;1
-22;3;58;1;1
-33;33;18;1;1
-45;34;18;0;1
-21;22;15;1;1
-37;3;12;1;1
-57;19;33;0;1
-31;2;58;0;1
-35;26;20;1;1
-34;-3;53;0;1
-50;-29;35;0;1
-16;22;57;0;1
-38;13;21;0;1
-50;12;32;0;1
-53;-18;18;0;1
-47;-16;42;1;1
-44;-16;44;1;1
-17;-15;28;1;1
-48;7;24;1;1
-17;-18;64;0;1
-22;20;24;0;1
-26;-2;17;1;1
-36;25;34;0;1
-17;-8;18;0;1
-44;20;47;0;1
-63;-13;19;0;1
-40;17;31;0;1
-49;-35;27;0;1
-42;-24;39;1;1
-25;7;42;1;1
-32;39;27;1;1
-19;21;24;0;1
-7;-8;24;0;1
-59;12;28;0;1
-26;28;46;1;1
-31;14;22;1;1
-45;-2;32;0;1
-21;36;28;0;1
-42;-48;24;0;1
-56;-12;35;0;1
-46;9;31;0;1
-18;-28;53;0;1
-18;-29;12;0;1
-43;-3;37;0;1
-35;-7;61;1;1
-59;-11;22;0;1
-32;-10;31;0;1
-22;-26;27;0;1
-58;-29;22;1;1
-46;-8;22;1;1
-55;10;34;1;1
-10;-17;33;1;1
-49;-14;27;1;1
-20;-29;34;1;1
-20;17;34;1;1
-45;-28;29;0;1
-38;31;26;1;1
-30;9;43;1;1
-12;6;33;1;1
-21;-2;36;0;1
-55;19;25;0;1
-18;21;19;0;1
-42;44;25;0;1
-26;38;22;1;1
-16;-22;49;0;1
-44;-14;35;1;1
-16;25;33;1;1
-39;-13;22;1;1
-36;-35;32;0;1
-33;29;22;0;1
-14;-22;19;0;1
-38;23;52;0;1
-28;-11;59;1;1
-51;-24;21;0;1
-26;20;10;0;1
-17;21;12;1;1
-22;-10;35;0;1
-47;-27;17;1;1
-34;-35;28;0;1
-45;-17;48;1;1
-34;-13;24;0;1
-32;-40;21;0;1
-52;15;19;0;1
-54;-3;29;1;1
-27;-30;52;0;1
-31;-27;44;1;1
-25;29;38;0;1
-49;-9;31;1;1
-48;1;39;1;1
-33;-4;36;0;1
-47;19;19;0;1
-29;-5;37;0;1
-20;21;50;1;1
-36;13;42;0;1
-12;16;22;0;1
-41;-47;23;0;1
-30;32;47;0;1
-47;-32;37;0;1
-40;1;34;0;1
-45;-12;24;1;1
-53;-22;41;0;1
-47;19;41;0;1
-37;-31;30;0;1
-33;36;34;0;1
-44;1;48;0;1
-27;17;33;0;1
-39;-26;40;0;1
-59;11;22;0;1
-50;38;33;1;1
-16;17;50;0;1
-37;-4;56;1;1
-46;47;24;0;1
-50;-17;24;1;1
-24;11;35;1;1
-38;-40;38;1;1
-32;35;14;0;1
-22;-37;50;1;1
-45;-18;31;0;1
-57;22;34;0;1
-38;3;56;1;1
-34;27;45;0;1
-23;23;32;1;1
-47;5;17;0;1
-18;22;8;1;1
-40;15;53;0;1
-40;46;30;0;1
-33;14;26;0;1
-45;-3;27;0;1
-50;-19;27;0;1
-36;-8;20;0;1
-40;-12;36;1;1
-28;-43;27;1;1
-21;23;12;0;1
-43;-20;28;0;1
-50;-11;49;0;1
-42;35;43;0;1
-50;5;16;0;1
-30;-20;13;0;1
-21;-8;35;0;1
-12;17;25;1;1
-45;-23;16;0;1
-26;16;36;0;1
-64;8;19;0;1
-45;16;39;1;1
-52;22;19;0;1
-13;17;27;1;1
-33;-55;21;0;1
-52;-3;44;0;1
-55;-4;21;1;1
-36;48;27;0;1
-34;28;32;0;1
-37;-35;15;0;1
-50;-43;21;0;1
-15;-3;29;0;1
-25;-26;49;0;1
-42;21;30;0;1
-65;6;20;0;1
-34;5;18;1;1
-47;28;41;1;1
-18;-12;55;0;1
-47;-30;41;0;1
-50;-33;25;0;1
-18;7;15;0;1
-26;20;45;1;1
-29;-13;16;0;1
-24;-10;61;1;1
-39;41;39;0;1
-20;33;50;1;1
-28;-42;14;0;1
-54;-18;41;0;1
-36;-48;27;1;1
-45;-7;40;0;1
-38;4;35;0;1
-55;-4;15;1;1
-48;-4;49;0;1
-24;28;56;0;1
-23;5;58;0;1
-14;-21;34;0;1
-23;37;40;0;1
-39;13;54;0;1
-21;11;36;1;1
-37;37;34;0;1
-49;23;46;0;1
-27;25;51;0;1
-16;-13;22;1;1
-16;-20;16;1;1
-33;24;34;1;1
-18;-23;40;0;1
-32;-29;20;0;1
-21;6;50;1;1
-42;20;19;1;1
-28;-3;65;0;1
-37;-2;34;0;1
-16;-4;27;0;1
-22;-18;43;0;1
-53;-7;17;0;1
-22;-21;24;0;1
-42;40;20;1;1
-30;33;36;1;1
-39;-12;16;1;1
-29;-21;16;1;1
-29;-9;33;0;1
-35;37;17;0;1
-10;-16;24;0;1
-60;1;24;1;1
-42;-39;28;0;1
-62;9;18;0;1
-56;12;31;0;1
-23;-8;39;1;1
-15;13;37;0;1
-33;-52;31;0;1
-57;-15;17;0;1
-27;-7;57;0;1
-21;-22;48;1;1
-56;8;17;0;1
-24;0;22;0;1
-13;-11;44;0;1
-45;-11;43;0;1
-23;-28;37;0;1
-27;15;10;1;1
-44;28;15;0;1
-35;41;21;0;1
-39;-9;26;0;1
-23;15;60;0;1
-23;-7;12;1;1
-24;-4;7;0;1
-22;4;18;0;1
-35;-54;25;0;1
-43;-13;40;1;1
-54;-16;16;1;1
-14;10;30;0;1
-33;-16;12;0;1
-39;15;44;0;1
-35;13;56;0;1
-25;4;55;1;1
-45;22;25;0;1
-15;-18;20;0;1
-48;-12;31;0;1
-28;40;44;0;1
-28;36;30;0;1
-17;-16;59;0;1
-35;14;42;1;1
-51;-44;22;1;1
-31;23;58;0;1
-39;-5;45;1;1
-44;12;54;0;1
-13;-10;30;0;1
-31;3;46;1;1
-19;-17;60;0;1
-57;-5;30;0;1
-51;-4;29;0;1
-30;-3;22;1;1
-33;7;23;0;1
-17;-14;53;0;1
-52;-6;22;1;1
-49;22;33;0;1
-42;-33;21;1;1
-28;48;23;0;1
-46;14;33;0;1
-43;10;19;0;1
-35;4;58;1;1
-31;32;14;0;1
-23;34;42;0;1
-26;13;16;1;1
-11;9;28;1;1
-10;-14;21;0;1
-27;27;35;1;1
-45;11;45;1;1
-53;34;17;0;1
-21;-23;41;1;1
-22;1;50;0;1
-22;-13;13;1;1
-31;-46;38;1;1
-51;3;27;1;1
-24;9;29;0;1
-23;-6;29;1;1
-39;15;15;0;1
-24;31;38;0;1
-35;-15;30;0;1
-32;35;41;0;1
-23;-3;41;0;1
-43;-33;45;0;1
-31;-16;51;1;1
-45;-41;18;0;1
-14;-22;66;1;1
-38;-10;27;0;1
-10;-11;30;0;1
-36;35;30;0;1
-39;19;13;0;1
-30;-23;17;1;1
-15;4;28;1;1
-42;0;46;0;1
-15;25;29;1;1
-37;8;41;1;1
-45;-42;24;1;1
-39;-25;41;0;1
-28;6;56;1;1
-37;-14;15;1;1
-30;-32;31;1;1
-39;23;52;0;1
-31;-41;14;0;1
-24;-40;23;0;1
-34;-29;24;0;1
-57;-3;42;1;1
-44;-42;30;0;1
-41;2;33;1;1
-58;23;32;0;1
-37;-26;20;0;1
-49;20;15;1;1
-41;36;22;1;1
-23;19;23;1;1
-33;-34;32;0;1
-45;-1;29;1;1
-28;14;18;1;1
-34;-24;24;0;1
-46;11;19;0;1
-62;25;20;1;1
-30;-4;23;0;1
-24;-29;56;0;1
-29;-17;26;1;1
-7;10;24;0;1
-43;-19;15;0;1
-20;11;34;0;1
-33;4;53;1;1
-19;-12;54;1;1
-32;1;24;1;1
-20;-30;38;0;1
-49;7;21;0;1
-18;15;21;0;1
-36;-5;42;0;1
-50;12;33;1;1
-14;-23;30;0;1
-46;-38;22;0;1
-53;7;16;1;1
-10;13;28;0;1
-58;3;19;1;1
-23;-30;59;1;1
-33;18;14;1;1
-12;-13;19;0;1
-28;8;63;0;1
-40;14;12;1;1
-30;17;32;0;1
-42;12;34;0;1
-57;-26;21;0;1
-23;-6;47;1;1
-35;6;50;1;1
-55;-25;37;0;1
-41;-8;30;1;1
-16;-26;13;1;1
-63;-21;22;0;1
-40;5;28;1;1
-55;-28;26;1;1
-28;-31;17;1;1
-14;17;38;0;1
-39;26;17;0;1
-41;-18;21;1;1
-19;1;45;1;1
-14;-11;39;0;1
-48;6;25;0;1
-27;42;20;0;1
-35;-8;11;0;1
-19;28;23;1;1
-34;16;49;0;1
-25;-27;41;0;1
-47;-11;26;0;1
-21;-5;28;1;1
-41;11;28;1;1
-50;-17;22;0;1
-28;33;36;0;1
-36;25;40;1;1
-36;-11;15;1;1
-33;-16;23;0;1
-29;-33;33;0;1
-52;-17;18;0;1
-42;22;49;1;1
-37;-3;59;0;1
-13;-21;24;0;1
-22;20;23;0;1
-26;35;18;0;1
-36;3;45;1;1
-34;-20;21;0;1
-31;-37;21;0;1
-45;-3;39;1;1
-18;-15;33;0;1
-52;-35;23;0;1
-54;-35;27;1;1
-40;-36;38;0;1
-45;23;34;1;1
-25;-8;11;0;1
-26;-39;20;1;1
-49;34;32;0;1
-22;6;60;0;1
-39;-7;46;0;1
-42;22;50;0;1
-46;23;41;0;1
-36;42;29;0;1
-51;-8;42;1;1
-31;-24;41;0;1
-20;6;56;1;1
-15;-10;34;0;1
-49;4;36;1;1
-16;-14;30;0;1
-28;-47;31;1;1
-33;-35;13;1;1
-30;-27;19;0;1
-22;28;17;0;1
-35;-9;39;0;1
-32;23;15;1;1
-27;-3;63;1;1
-15;25;50;1;1
-40;6;44;0;1
-55;-31;32;0;1
-44;13;32;1;1
-25;4;50;0;1
-45;5;21;0;1
-18;-25;48;0;1
-27;-17;28;0;1
-30;-28;21;0;1
-29;24;18;0;1
-52;17;20;0;1
-32;-48;18;0;1
-54;24;32;0;1
-37;-20;14;0;1
-14;17;48;0;1
-42;-5;18;0;1
-30;30;42;1;1
-49;34;31;1;1
-40;-4;32;1;1
-19;30;48;0;1
-21;27;46;0;1
-42;14;25;0;1
-36;-57;20;1;1
-14;-24;36;1;1
-24;18;50;1;1
-42;-7;32;1;1
-32;10;46;0;1
-17;-25;33;0;1
-26;38;35;0;1
-40;-46;27;0;1
-42;-42;25;0;1
-29;-1;22;0;1
-24;29;45;1;1
-32;30;19;0;1
-24;33;57;1;1
-38;-24;29;0;1
-53;15;16;0;1
-31;36;31;1;1
-29;-42;22;0;1
-55;0;42;0;1
-41;19;18;1;1
-24;-5;24;1;1
-32;-17;58;1;1
-17;17;26;1;1
-24;-14;33;0;1
-36;4;55;0;1
-55;-3;25;1;1
-32;16;42;1;1
-27;-28;38;1;1
-45;-4;21;0;1
-12;-9;39;0;1
-27;-27;19;1;1
-50;-36;27;0;1
-28;-9;34;0;1
-21;-33;36;0;1
-27;-22;34;1;1
-17;-24;26;0;1
-52;5;26;1;1
-34;-27;24;0;1
-35;23;52;0;1
-27;2;42;0;1
-12;-4;28;1;1
-15;13;29;0;1
-43;49;23;0;1
-39;37;34;1;1
-34;11;26;1;1
-25;33;54;0;1
-32;5;49;1;1
-29;-13;46;1;1
-30;14;11;1;1
-47;24;28;1;1
-59;-31;21;1;1
-32;28;47;0;1
-43;-4;52;1;1
-30;-27;45;1;1
-53;-11;37;0;1
-24;-27;37;1;1
-34;23;36;0;1
-46;-2;37;1;1
-39;-25;46;0;1
-45;-25;32;1;1
-8;8;28;0;1
-44;19;48;0;1
-33;-12;10;0;1
-40;27;29;1;1
-30;15;32;0;1
-33;-32;20;1;1
-50;-30;36;0;1
-26;17;62;0;1
-52;0;31;1;1
-35;0;38;1;1
-11;10;31;0;1
-52;11;37;0;1
-49;14;25;0;1
-38;38;39;1;1
-40;1;38;0;1
-22;-23;48;0;1
-43;3;40;0;1
-31;3;18;0;1
-42;-19;22;0;1
-27;-4;23;1;1
-32;-20;14;0;1
-17;0;19;0;1
-54;-34;22;1;1
-59;0;33;0;1
-15;13;35;1;1
-50;-19;15;0;1
-20;11;19;0;1
-55;-17;41;0;1
-25;16;15;1;1
-17;-15;19;0;1
-36;8;13;1;1
-18;1;47;1;1
-50;-14;18;0;1
-44;33;30;0;1
-27;7;46;0;1
-25;4;9;1;1
-35;-7;40;0;1
-16;-9;27;0;1
-24;-9;54;1;1
-12;20;52;1;1
-29;-1;55;0;1
-22;18;26;0;1
-33;28;33;0;1
-49;-3;24;0;1
-46;-8;42;1;1
-17;4;24;0;1
-37;-21;28;0;1
-20;31;24;0;1
-43;-3;36;0;1
-42;-6;17;0;1
-33;-48;20;0;1
-17;-5;37;1;1
-17;8;36;1;1
-28;38;32;1;1
-27;9;59;0;1
-54;-7;36;0;1
-48;37;17;1;1
-34;-24;46;1;1
-38;17;22;0;1
-34;-25;38;1;1
-29;27;11;0;1
-55;-29;28;0;1
-13;-12;26;0;1
-47;12;16;1;1
-60;-2;33;0;1
-53;-27;32;1;1
-13;16;47;0;1
-18;-2;32;0;1
-26;-19;35;0;1
-30;-16;10;0;1
-39;28;26;0;1
-40;-7;55;0;1
-22;-34;39;1;1
-42;37;38;0;1
-56;1;43;1;1
-26;-7;37;1;1
-37;19;14;1;1
-17;17;33;1;1
-21;-23;51;1;1
-59;1;21;0;1
-25;-10;63;0;1
-10;1;27;0;1
-22;-34;26;0;1
-35;39;31;1;1
-36;-5;17;0;1
-33;0;19;0;1
-12;-13;45;0;1
-35;43;32;0;1
-31;-7;56;1;1
-30;44;29;0;1
-31;5;50;0;1
-13;21;27;1;1
-31;-27;12;1;1
-42;30;40;0;1
-39;12;30;0;1
-31;-12;49;0;1
-21;28;28;1;1
-40;21;31;1;1
-51;28;30;0;1
-51;-17;42;0;1
-15;-22;33;0;1
-34;36;50;1;1
-48;35;28;0;1
-27;-33;50;0;1
-17;-6;32;0;1
-48;28;24;1;1
-51;-2;23;1;1
-29;31;44;0;1
-30;48;37;0;1
-13;20;26;1;1
-27;-31;28;1;1
-44;26;39;0;1
-28;-42;43;0;1
-39;-3;14;0;1
-25;6;34;0;1
-28;-44;35;1;1
-43;-9;51;0;1
-33;5;20;0;1
-24;-11;15;0;1
-33;31;25;0;1
-52;8;31;0;1
-33;15;23;1;1
-39;-34;17;1;1
-53;32;17;1;1
-60;-21;27;1;1
-38;17;39;0;1
-24;13;17;1;1
-33;28;50;0;1
-16;-6;23;1;1
-33;-43;27;1;1
-20;-23;26;1;1
-54;-24;31;0;1
-22;-38;35;1;1
-26;35;55;0;1
-53;-26;17;0;1
-44;16;27;0;1
-22;17;12;0;1
-50;16;21;0;1
-32;22;47;1;1
-43;-19;19;1;1
-37;-32;45;1;1
-39;-10;54;0;1
-20;-23;31;0;1
-30;-28;42;1;1
-16;-6;22;0;1
-40;-17;34;0;1
-39;-46;21;0;1
-46;30;43;0;1
-32;53;27;0;1
-26;18;28;0;1
-41;2;47;0;1
-39;-34;34;0;1
-31;23;21;0;1
-30;36;29;0;1
-63;-3;29;0;1
-36;26;39;1;1
-49;10;17;0;1
-54;-8;19;0;1
-28;-11;45;0;1
-32;17;27;0;1
-37;3;55;0;1
-30;17;38;0;1
-26;-36;13;1;1
-51;-19;24;1;1
-51;24;22;0;1
-30;8;42;0;1
-35;-40;41;0;1
-17;-14;24;1;1
-43;18;13;0;1
-33;-40;33;0;1
-22;1;51;0;1
-51;27;22;0;1
-14;16;49;0;1
-33;-5;35;0;1
-50;-27;19;1;1
-24;-21;50;1;1
-28;12;16;1;1
-24;-23;41;0;1
-48;-23;37;0;1
-26;-24;32;0;1
-58;20;19;0;1
-31;-9;41;0;1
-14;16;40;0;1
-45;10;48;1;1
-46;-36;32;1;1
-33;25;14;0;1
-33;-20;37;0;1
-46;-4;33;1;1
-26;7;63;0;1
-28;-2;20;0;1
-53;20;34;0;1
-25;27;28;1;1
-34;22;57;0;1
-66;8;23;1;1
-20;-34;50;0;1
-23;2;34;0;1
-28;-4;56;0;1
-25;20;36;1;1
-35;39;42;0;1
-39;-40;17;0;1
-19;-15;36;0;1
-36;-19;23;1;1
-16;21;59;1;1
-56;-14;21;1;1
-18;-20;14;1;1
-47;4;16;0;1
-38;-1;26;1;1
-55;0;20;0;1
-34;-1;14;0;1
-43;-29;34;1;1
-24;41;39;0;1
-37;-23;12;1;1
-17;-18;20;1;1
-15;-17;22;0;1
-33;-27;40;0;1
-21;-4;45;1;1
-29;32;13;0;1
-34;-15;37;0;1
-17;-6;38;0;1
-30;41;16;1;1
-53;37;21;1;1
-44;15;42;0;1
-46;33;30;0;1
-29;-30;32;0;1
-37;7;60;1;1
-55;24;20;1;1
-29;38;33;0;1
-14;8;44;0;1
-28;2;56;1;1
-40;28;44;0;1
-52;18;16;0;1
-18;28;27;0;1
-41;-46;29;1;1
-22;8;26;0;1
-22;11;65;0;1
-29;-5;62;1;1
-29;-11;26;0;1
-18;29;17;0;1
-40;-10;25;0;1
-63;4;30;0;1
-49;-32;24;0;1
-36;30;24;0;1
-26;31;39;1;1
-35;23;38;0;1
-20;32;56;1;1
-26;-25;61;0;1
-22;38;20;0;1
-32;11;45;0;1
-33;-16;32;1;1
-62;1;29;0;1
-48;-26;38;0;1
-47;-24;37;1;1
-22;19;61;0;1
-20;-20;11;0;1
-44;21;44;1;1
-29;49;38;1;1
-45;-26;39;0;1
-40;12;34;0;1
-28;-2;21;1;1
-22;34;32;0;1
-32;37;50;0;1
-37;35;22;0;1
-36;-47;28;0;1
-49;-8;47;1;1
-49;-5;38;0;1
-20;7;52;0;1
-52;-8;40;0;1
-52;-20;18;1;1
-50;-17;35;0;1
-19;-21;54;0;1
-45;6;27;1;1
-26;37;39;0;1
-49;21;24;0;1
-18;25;56;0;1
-35;56;25;0;1
-28;27;25;0;1
-32;-41;32;0;1
-25;33;25;1;1
-25;7;53;0;1
-26;-18;34;0;1
-44;12;53;0;1
-52;-39;20;0;1
-35;34;21;1;1
-28;-40;40;0;1
-47;-19;14;0;1
-16;-26;33;0;1
-53;-2;24;1;1
-36;33;17;0;1
-31;30;31;0;1
-47;6;46;1;1
-37;29;35;0;1
-42;33;21;1;1
-43;7;53;1;1
-33;-41;15;0;1
-35;35;33;0;1
-25;-17;35;0;1
-61;21;19;1;1
-31;27;41;1;1
-41;42;30;1;1
-63;-6;19;0;1
-30;15;54;0;1
-25;-18;9;1;1
-37;42;28;1;1
-29;4;26;0;1
-23;6;33;1;1
-36;42;20;0;1
-60;-5;36;0;1
-18;26;15;1;1
-37;-31;50;0;1
-30;-34;21;0;1
-51;-12;31;0;1
-35;47;29;1;1
-30;-11;62;0;1
-15;-14;50;0;1
-30;-26;51;1;1
-35;-6;44;0;1
-15;-18;52;1;1
-24;30;22;0;1
-14;24;9;0;1
-45;-14;53;0;1
-24;35;29;0;1
-28;44;34;1;1
-32;-39;24;0;1
-15;-25;52;0;1
-34;-36;36;0;1
-16;-25;62;0;1
-35;23;17;0;1
-28;11;36;0;1
-35;-12;13;0;1
-25;-4;44;0;1
-28;-37;44;0;1
-15;-9;45;0;1
-36;29;15;0;1
-25;-16;33;0;1
-52;3;31;0;1
-33;13;56;1;1
-27;12;21;0;1
-21;-8;17;1;1
-21;18;51;0;1
-25;7;24;0;1
-18;12;38;0;1
-47;-13;19;0;1
-57;-21;29;0;1
-10;-16;45;0;1
-55;11;32;1;1
-16;25;30;1;1
-26;-29;41;1;1
-41;37;28;0;1
-18;21;63;1;1
-62;-13;28;0;1
-23;-22;40;0;1
-44;32;20;1;1
-30;33;49;1;1
-52;-23;32;1;1
-44;-24;45;1;1
-16;-17;15;1;1
-46;27;21;0;1
-34;-53;31;1;1
-49;40;23;1;1
-20;-7;56;0;1
-13;20;52;0;1
-38;-25;52;1;1
-35;35;35;0;1
-28;12;29;0;1
-16;22;26;1;1
-48;1;25;0;1
-59;-4;18;0;1
-20;-14;59;0;1
-21;15;54;0;1
-54;-23;17;0;1
-24;5;45;0;1
-51;-39;18;0;1
-17;21;50;1;1
-44;-38;39;0;1
-41;19;21;0;1
-30;11;39;0;1
-29;-3;19;1;1
-32;-9;34;0;1
-19;-26;19;0;1
-32;-33;45;0;1
-44;-24;14;1;1
-49;-2;41;0;1
-25;26;47;0;1
-36;41;15;0;1
-15;6;39;1;1
-37;-22;16;1;1
-39;-18;28;0;1
-40;37;31;1;1
-33;-31;38;1;1
-48;24;25;1;1
-41;9;29;1;1
-45;-2;40;0;1
-27;7;54;0;1
-12;19;35;0;1
-24;-7;16;1;1
-32;11;33;0;1
-26;18;57;0;1
-38;53;28;1;1
-57;11;26;1;1
-18;4;19;0;1
-18;31;57;0;1
-21;-5;47;0;1
-34;-47;28;1;1
-21;-13;12;0;1
-44;28;45;1;1
-27;-21;15;1;1
-40;-28;46;0;1
-38;0;15;1;1
-23;-3;11;0;1
-29;35;36;1;1
-41;33;46;1;1
-27;-21;40;0;1
-30;-13;31;1;1
-29;19;23;0;1
-29;19;21;0;1
-21;-29;33;1;1
-29;-3;33;0;1
-60;10;22;1;1
-26;-14;44;0;1
-32;48;20;0;1
-22;8;39;1;1
-27;44;30;0;1
-39;42;21;0;1
-27;-12;18;0;1
-24;10;33;1;1
-32;40;46;0;1
-36;1;12;0;1
-16;21;58;0;1
-34;-40;25;1;1
-24;15;49;0;1
-19;-6;24;0;1
-44;-16;18;0;1
-34;12;31;0;1
-13;-15;28;0;1
-29;-34;15;0;1
-37;-25;23;0;1
-27;-3;53;1;1
-18;20;10;0;1
-46;-37;21;1;1
-42;-7;21;1;1
-54;-15;34;0;1
-13;-20;17;0;1
-32;36;39;1;1
-20;2;47;0;1
-20;-21;52;1;1
-29;28;27;0;1
-29;16;43;1;1
-56;-13;25;1;1
-39;18;45;0;1
-16;-27;25;0;1
-17;-20;61;1;1
-27;26;40;0;1
-27;8;27;1;1
-33;-27;26;0;1
-53;-20;20;0;1
-45;2;14;1;1
-34;-6;30;1;1
-23;-1;44;0;1
-55;11;19;0;1
-26;-32;45;0;1
-44;36;20;0;1
-38;3;51;0;1
-18;11;20;0;1
-61;13;29;0;1
-24;-38;29;0;1
-54;0;21;0;1
-47;42;32;0;1
-29;-14;27;1;1
-61;-8;29;0;1
-44;-9;53;0;1
-49;19;41;1;1
-26;10;39;1;1
-21;-19;13;1;1
-36;-3;45;0;1
-34;-18;18;1;1
-21;24;42;0;1
-49;2;23;1;1
-33;-36;44;1;1
-22;9;38;1;1
-50;18;30;0;1
-17;-13;17;0;1
-38;-9;37;1;1
-30;-21;25;1;1
-32;8;33;0;1
-21;36;14;0;1
-46;-25;19;0;1
-31;-49;23;1;1
-12;16;52;1;1
-19;6;22;1;1
-37;-28;49;1;1
-17;-26;39;0;1
-19;16;53;0;1
-21;0;56;1;1
-34;52;27;0;1
-59;5;28;0;1
-26;-29;49;1;1
-55;-16;19;0;1
-32;-29;37;0;1
-51;-19;26;1;1
-23;-33;48;0;1
-35;-35;35;1;1
-63;16;20;0;1
-58;-14;30;0;1
-51;12;42;0;1
-23;-35;26;0;1
-46;20;19;1;1
-20;-27;55;0;1
-43;-4;42;0;1
-60;8;28;1;1
-44;-6;40;0;1
-55;37;19;0;1
-12;-11;40;0;1
-13;-17;43;0;1
-16;-19;40;0;1
-23;-34;14;1;1
-19;-30;11;1;1
-23;-6;60;0;1
-38;-23;21;0;1
-48;16;17;1;1
-31;-21;22;0;1
-32;-28;25;0;1
-46;24;24;0;1
-25;-12;38;0;1
-29;6;24;0;1
-40;-18;53;0;1
-43;11;14;1;1
-20;26;35;1;1
-39;-34;16;0;1
-37;-24;51;0;1
-24;32;36;0;1
-23;-16;52;0;1
-29;-6;33;0;1
-38;35;14;1;1
-58;9;29;0;1
-27;39;13;0;1
-18;17;64;0;1
-40;35;29;0;1
-34;-43;28;0;1
-24;-13;52;1;1
-28;-12;49;0;1
-40;54;20;0;1
-41;-47;27;1;1
-14;-22;38;0;1
-28;-9;32;1;1
-40;-21;42;0;1
-16;-17;25;1;1
-17;-17;30;0;1
-18;14;61;0;1
-26;15;51;0;1
-48;-33;22;0;1
-18;21;43;0;1
-26;-43;43;1;1
-39;31;44;0;1
-31;-33;28;0;1
-43;-26;28;0;1
-44;-6;38;1;1
-42;-11;48;0;1
-37;41;39;0;1
-23;19;47;0;1
-33;29;24;0;1
-40;23;37;1;1
-33;20;24;0;1
-20;6;30;1;1
-43;-40;37;0;1
-35;-3;38;0;1
-35;-6;42;0;1
-30;5;64;1;1
-16;-24;53;0;1
-44;6;35;0;1
-20;22;37;0;1
-32;11;34;0;1
-40;-19;13;1;1
-29;-48;17;0;1
-33;42;31;1;1
-45;3;14;0;1
-44;-17;42;0;1
-44;32;34;0;1
-54;38;19;0;1
-41;4;30;0;1
-38;54;24;1;1
-39;-21;34;0;1
-14;4;28;1;1
-29;11;40;1;1
-44;-8;54;1;1
-20;7;27;0;1
-53;0;33;0;1
-43;9;14;1;1
-21;-32;49;0;1
-23;-10;17;0;1
-35;10;48;1;1
-29;22;60;1;1
-17;12;20;0;1
-27;-33;54;1;1
-44;16;37;0;1
-40;-49;24;0;1
-22;23;35;1;1
-36;5;13;1;1
-26;0;20;0;1
-46;-11;35;0;1
-20;20;32;1;1
-40;46;33;1;1
-11;-15;22;1;1
-27;-44;45;0;1
-21;10;53;1;1
-29;-16;28;1;1
-30;-16;38;0;1
-53;-16;42;1;1
-21;-4;26;1;1
-40;29;45;0;1
-61;-1;26;1;1
-11;17;41;0;1
-46;-21;30;1;1
-52;21;34;0;1
-37;36;14;0;1
-48;44;24;0;1
-38;-21;30;1;1
-19;11;11;0;1
-29;15;44;0;1
-38;36;40;1;1
-39;48;33;0;1
-47;36;30;0;1
-24;4;33;0;1
-49;-13;40;1;1
-23;-18;38;0;1
-44;4;25;1;1
-29;-25;32;0;1
-28;-3;28;1;1
-38;-33;31;1;1
-46;19;38;1;1
-37;-17;51;0;1
-22;-29;60;0;1
-32;7;33;1;1
-19;8;28;0;1
-36;31;18;0;1
-57;19;22;1;1
-39;26;51;1;1
-41;-25;51;0;1
-23;-22;37;1;1
-29;-12;48;0;1
-42;-17;13;0;1
-65;0;18;1;1
-36;-12;58;0;1
-33;-42;33;0;1
-24;13;28;0;1
-35;51;19;1;1
-36;36;30;0;1
-22;4;25;0;1
-43;1;32;1;1
-55;25;32;0;1
-15;-22;37;0;1
-16;-2;27;1;1
-23;24;16;0;1
-40;-10;50;1;1
-21;-17;15;0;1
-27;-1;54;1;1
-31;21;32;1;1
-21;5;42;0;1
-19;-6;22;0;1
-30;31;38;0;1
-65;-3;20;1;1
-16;3;38;0;1
-26;37;14;1;1
-29;37;28;0;1
-16;10;25;1;1
-45;-31;22;0;1
-35;-1;60;0;1
-41;17;43;0;1
-27;-26;29;0;1
-39;38;19;0;1
-22;-7;37;0;1
-54;-39;24;1;1
-52;8;32;1;1
-63;2;21;0;1
-52;37;27;1;1
-39;30;41;0;1
-24;7;24;1;1
-42;-52;19;0;1
-38;1;58;0;1
-40;-28;51;1;1
-23;38;51;0;1
-23;17;29;0;1
-37;-33;47;0;1
-41;-32;28;0;1
-43;-4;49;0;1
-35;18;39;0;1
-63;-18;26;1;1
-45;-19;44;0;1
-57;37;19;0;1
-24;-28;13;0;1
-34;-7;43;1;1
-33;26;36;0;1
-36;-48;24;0;1
-47;-10;48;0;1
-29;-21;44;1;1
-40;50;18;0;1
-42;5;27;1;1
-23;-10;59;1;1
-31;-25;17;0;1
-31;-24;55;0;1
-62;-3;30;0;1
-50;-17;47;1;1
-49;-6;14;1;1
-18;-18;52;0;1
-43;-10;36;1;1
-20;34;11;0;1
-21;-23;10;0;1
-23;-2;22;0;1
-45;-17;47;0;1
-34;-12;53;0;1
-17;-29;19;1;1
-41;-5;40;1;1
-34;-49;25;1;1
-31;-3;55;0;1
-23;28;45;0;1
-46;25;46;0;1
-32;37;46;0;1
-36;-1;48;1;1
-38;5;28;0;1
-34;3;50;1;1
-46;17;36;0;1
-44;-1;34;0;1
-43;-9;48;1;1
-17;-18;31;1;1
-19;-8;51;0;1
-41;-17;43;1;1
-28;18;23;0;1
-17;15;46;1;1
-37;-24;21;0;1
-24;19;33;1;1
-54;-6;20;0;1
-12;-18;43;1;1
-26;13;13;0;1
-22;6;44;0;1
-41;9;37;0;1
-27;-15;55;0;1
-28;-2;36;0;1
-34;43;26;0;1
-58;-1;35;0;1
-38;33;48;1;1
-29;6;43;0;1
-45;-6;22;1;1
-7;11;30;1;1
-31;31;33;1;1
-21;1;14;0;1
-47;-23;32;0;1
-57;13;18;1;1
-21;27;21;0;1
-38;10;22;1;1
-37;35;28;1;1
-23;1;34;0;1
-20;-22;34;0;1
-37;39;42;1;1
-54;-11;16;1;1
-39;10;11;1;1
-24;30;25;0;1
-20;24;20;0;1
-45;44;19;0;1
-61;-13;22;0;1
-14;-24;11;1;1
-45;-14;51;1;1
-18;15;11;0;1
-37;-12;48;0;1
-35;-29;25;0;1
-37;-2;46;1;1
-16;-16;45;0;1
-30;-17;28;1;1
-28;-10;15;1;1
-43;-5;15;0;1
-50;-33;26;0;1
-31;-32;41;0;1
-56;-5;17;1;1
-38;52;28;1;1
-10;-14;41;0;1
-20;-25;55;0;1
-11;-14;26;0;1
-44;1;18;0;1
-27;3;44;1;1
-54;-5;32;0;1
-26;-6;35;0;1
-43;-43;17;0;1
-22;-23;52;0;1
-32;39;48;1;1
-12;10;39;1;1
-12;-17;31;0;1
-45;2;47;0;1
-31;10;34;0;1
-28;-48;35;0;1
-35;50;29;0;1
-32;-12;28;0;1
-22;-35;38;1;1
-36;-9;58;0;1
-34;-16;57;1;1
-54;14;29;1;1
-48;22;34;1;1
-26;26;30;1;1
-22;12;52;0;1
-31;-28;16;1;1
-47;-26;36;0;1
-18;11;31;0;1
-30;-21;41;1;1
-37;0;53;0;1
-30;-7;34;1;1
-43;-25;36;0;1
-20;-26;55;0;1
-25;-2;31;1;1
-34;-37;47;1;1
-36;-23;27;0;1
-45;2;31;0;1
-38;-31;18;0;1
-32;0;52;1;1
-47;35;21;1;1
-49;19;32;0;1
-41;24;24;0;1
-26;-2;56;1;1
-37;22;19;1;1
-39;36;40;0;1
-36;-49;35;0;1
-35;43;37;0;1
-47;-4;15;0;1
-38;-33;19;1;1
-15;-4;22;0;1
-47;7;42;1;1
-25;-30;50;1;1
-40;-23;49;1;1
-50;0;23;1;1
-30;-48;16;0;1
-41;12;43;1;1
-22;19;19;1;1
-50;34;19;1;1
-48;10;18;0;1
-27;7;30;0;1
-33;-3;58;1;1
-48;28;26;0;1
-51;13;22;0;1
-21;25;49;0;1
-45;-8;39;0;1
-41;-34;21;0;1
-50;-18;35;0;1
-44;19;23;0;1
-25;42;27;0;1
-49;9;32;0;1
-36;-26;53;0;1
-52;-18;23;1;1
-9;-10;32;1;1
-29;-21;20;1;1
-42;-37;25;0;1
-48;4;22;1;1
-38;-9;29;1;1
-24;-6;62;0;1
-39;25;31;1;1
-37;22;33;0;1
-53;8;40;0;1
-9;-15;35;1;1
-32;17;29;0;1
-29;44;32;0;1
-45;-6;37;0;1
-20;8;25;0;1
-16;-20;42;0;1
-25;-38;39;0;1
-48;-42;30;0;1
-48;-6;27;1;1
-30;6;28;0;1
-54;19;42;0;1
-46;1;33;0;1
-21;35;58;1;1
-27;5;35;0;1
-12;-8;31;0;1
-46;-42;20;1;1
-20;-15;43;1;1
-47;43;18;0;1
-55;-6;16;1;1
-42;18;53;0;1
-45;6;36;0;1
-36;12;25;0;1
-45;-10;47;0;1
-32;-9;17;0;1
-53;-35;25;0;1
-25;-17;27;0;1
-26;-13;30;0;1
-20;-13;39;1;1
-36;-38;38;1;1
-16;-14;54;0;1
-56;30;21;1;1
-23;-28;27;1;1
-24;-13;12;0;1
-30;-7;52;1;1
-33;12;12;1;1
-29;19;19;0;1
-34;9;34;1;1
-29;26;44;0;1
-39;5;15;0;1
-39;46;25;0;1
-37;11;21;0;1
-53;-10;45;0;1
-30;-18;19;1;1
-31;-37;13;1;1
-40;41;29;0;1
-18;-19;56;1;1
-49;-18;39;0;1
-16;-18;16;1;1
-42;37;22;0;1
-13;2;24;0;1
-33;17;33;1;1
-31;22;47;1;1
-42;49;23;1;1
-51;19;31;1;1
-20;24;10;0;1
-31;2;13;0;1
-40;-7;15;0;1
-52;8;42;0;1
-50;9;32;1;1
-50;14;35;0;1
-45;49;22;1;1
-20;4;18;1;1
-25;10;37;1;1
-45;39;30;1;1
-32;0;50;1;1
-41;-10;36;1;1
-35;-42;19;0;1
-43;5;17;1;1
-48;34;34;1;1
-39;6;51;0;1
-26;-3;51;1;1
-45;38;23;0;1
-21;-8;36;1;1
-26;-14;30;1;1
-19;-8;44;1;1
-50;5;45;1;1
-21;3;29;0;1
-28;35;25;0;1
-46;-18;38;0;1
-47;15;30;0;1
-30;-20;16;0;1
-24;19;53;0;1
-31;14;25;0;1
-35;-40;20;0;1
-36;-13;17;0;1
-34;28;43;0;1
-34;31;33;0;1
-28;-44;16;0;1
-26;38;28;1;1
-15;-23;60;1;1
-41;6;19;0;1
-38;12;22;0;1
-33;-32;53;1;1
-45;-8;25;1;1
-50;8;20;1;1
-32;12;41;1;1
-39;-10;50;0;1
-39;39;28;0;1
-61;-8;22;0;1
-58;-13;18;1;1
-35;18;51;0;1
-19;-7;31;0;1
-24;-5;34;0;1
-16;4;36;0;1
-43;27;31;1;1
-42;17;42;1;1
-25;-7;16;0;1
-30;-19;48;0;1
-44;-1;41;1;1
-25;3;57;0;1
-25;-38;36;0;1
-28;27;26;0;1
-18;18;51;0;1
-15;-14;29;0;1
-32;40;30;0;1
-35;16;45;1;1
-41;-33;29;0;1
-41;-14;14;0;1
-22;-31;17;1;1
-57;2;32;1;1
-22;-14;9;0;1
-23;33;55;0;1
-32;13;49;0;1
-45;26;27;0;1
-57;1;35;0;1
-40;10;15;0;1
-25;-21;30;0;1
-29;-4;29;0;1
-31;17;44;0;1
-39;-25;18;0;1
-23;-15;27;0;1
-34;3;47;0;1
-28;-18;38;0;1
-48;-23;45;1;1
-25;-28;26;0;1
-26;-12;22;1;1
-63;-5;30;1;1
-29;25;43;0;1
-47;-28;22;0;1
-50;20;23;1;1
-24;-28;15;1;1
-18;-13;58;0;1
-37;0;12;1;1
-12;9;41;1;1
-45;11;36;0;1
-28;-23;14;1;1
-34;-35;46;0;1
-32;51;30;1;1
-27;-35;48;1;1
-27;-14;19;1;1
-44;23;22;0;1
-57;8;28;1;1
-31;-31;32;0;1
-13;-20;40;0;1
-45;26;31;0;1
-28;11;10;0;1
-39;-27;46;1;1
-32;5;26;1;1
-19;21;65;0;1
-16;-2;38;0;1
-31;-25;28;1;1
-51;-20;42;0;1
-61;-10;19;0;1
-18;-30;45;0;1
-15;9;25;1;1
-44;17;15;1;1
-62;20;18;1;1
-25;41;33;0;1
-45;10;50;0;1
-21;7;41;0;1
-35;-12;21;0;1
-28;35;37;1;1
-50;-39;27;0;1
-27;-33;39;0;1
-41;-43;21;1;1
-18;22;24;0;1
-37;6;21;0;1
-31;-25;49;1;1
-65;1;24;0;1
-37;10;12;1;1
-20;-13;7;0;1
-47;-6;18;0;1
-15;6;24;0;1
-18;-31;38;0;1
-52;-21;27;1;1
-25;1;32;0;1
-17;17;52;0;1
-27;-15;42;0;1
-16;-18;40;1;1
-55;25;35;0;1
-39;46;37;1;1
-34;-28;50;0;1
-25;10;32;1;1
-44;-4;38;0;1
-31;51;31;0;1
-28;-31;57;1;1
-19;-2;36;1;1
-33;-7;25;0;1
-59;-5;24;0;1
-12;-20;38;1;1
-29;17;24;0;1
-26;32;44;0;1
-40;5;14;1;1
-22;30;36;0;1
-45;35;23;0;1
-30;-44;44;1;1
-17;9;37;1;1
-19;2;23;1;1
-27;-10;54;1;1
-40;-49;32;0;1
-43;-21;34;1;1
-23;-13;40;0;1
-32;-5;27;0;1
-34;26;37;1;1
-54;-1;32;1;1
-38;6;53;1;1
-48;-16;44;0;1
-51;28;28;1;1
-23;15;57;0;1
-45;-13;15;1;1
-40;-36;29;1;1
-39;-42;33;0;1
-22;1;14;0;1
-49;15;48;0;1
-34;4;14;0;1
-13;19;55;1;1
-17;6;17;0;1
-19;10;19;1;1
-53;3;37;0;1
-28;-3;37;0;1
-60;14;25;1;1
-18;-24;9;1;1
-32;-30;51;1;1
-60;0;38;0;1
-24;30;17;0;1
-49;-37;31;0;1
-21;33;37;0;1
-50;-29;30;0;1
-27;-40;18;0;1
-33;33;37;0;1
-22;-9;22;1;1
-58;19;29;1;1
-8;9;25;1;1
-29;-13;27;1;1
-22;3;12;0;1
-31;33;19;0;1
-16;0;39;0;1
-43;-27;31;0;1
-48;-17;18;1;1
-46;10;20;0;1
-34;5;33;1;1
-24;-7;46;1;1
-26;-1;62;0;1
-22;-6;52;0;1
-28;29;55;1;1
-42;31;48;1;1
-18;-6;27;1;1
-47;-17;23;1;1
-39;-17;37;0;1
-43;-45;21;0;1
-28;17;33;0;1
-58;-10;16;1;1
-23;10;15;0;1
-60;16;25;1;1
-42;30;36;1;1
-39;22;51;0;1
-43;1;55;0;1
-33;5;59;1;1
-26;13;26;0;1
-16;0;38;0;1
-32;-34;21;1;1
-58;-31;19;1;1
-35;6;14;0;1
-42;-7;55;0;1
-37;7;13;0;1
-42;-20;48;0;1
-39;-33;36;0;1
-46;-7;20;1;1
-40;26;24;0;1
-18;7;50;0;1
-58;9;39;0;1
-27;-30;21;0;1
-25;-28;32;0;1
-19;13;47;1;1
-48;24;21;0;1
-43;19;36;0;1
-47;32;24;1;1
-26;8;23;0;1
-38;-52;21;1;1
-34;17;25;1;1
-44;-5;21;0;1
-27;-17;12;0;1
-23;-30;22;0;1
-36;-25;48;0;1
-20;-14;26;0;1
-24;36;30;0;1
-44;34;23;0;1
-13;-14;28;1;1
-40;12;20;0;1
-35;26;42;0;1
-40;-43;37;0;1
-36;7;37;0;1
-32;11;35;1;1
-45;13;48;0;1
-27;-10;55;1;1
-35;-18;20;1;1
-41;14;36;0;1
-36;11;54;0;1
-37;49;20;0;1
-38;44;26;0;1
-15;-17;43;0;1
-26;-11;11;1;1
-21;9;30;1;1
-35;-49;36;1;1
-45;-48;21;0;1
-11;-9;32;0;1
-41;24;38;1;1
-18;11;16;0;1
-20;-21;27;0;1
-60;-1;32;0;1
-48;18;38;0;1
-32;43;35;0;1
-49;-3;47;0;1
-45;45;23;1;1
-26;-24;26;0;1
-21;29;22;1;1
-43;-18;28;1;1
-58;-19;17;0;1
-36;-20;22;0;1
-29;8;60;0;1
-59;-17;34;0;1
-38;-18;20;0;1
-20;16;46;0;1
-20;31;31;1;1
-30;-13;49;1;1
-29;-36;52;1;1
-50;0;30;0;1
-33;-9;41;0;1
-45;-37;25;1;1
-26;44;45;0;1
-15;23;46;0;1
-24;-14;15;0;1
-41;-14;38;0;1
-13;15;36;0;1
-32;6;22;0;1
-32;-10;57;1;1
-21;-29;53;0;1
-39;-38;41;1;1
-46;42;33;0;1
-20;27;18;0;1
-34;-53;26;0;1
-39;-37;23;1;1
-51;-8;19;0;1
-41;7;25;0;1
-41;-50;19;0;1
-24;9;36;1;1
-42;2;18;0;1
-41;28;27;0;1
-32;-51;22;0;1
-22;31;41;1;1
-46;-32;25;1;1
-42;-37;18;0;1
-63;8;27;0;1
-23;-13;51;1;1
-39;26;25;0;1
-31;45;30;0;1
-21;-13;45;1;1
-13;-20;41;0;1
-21;27;47;1;1
-30;11;22;0;1
-20;-24;25;0;1
-22;-32;18;0;1
-26;-41;37;0;1
-50;13;25;1;1
-55;2;31;0;1
-37;32;24;1;1
-44;47;21;0;1
-48;30;21;0;1
-27;30;43;0;1
-48;17;32;1;1
-61;6;22;0;1
-17;-28;46;0;1
-22;31;20;0;1
-32;42;28;0;1
-48;-18;34;0;1
-27;23;14;0;1
-43;-18;53;1;1
-31;-6;44;0;1
-30;-44;24;0;1
-22;17;56;0;1
-40;13;50;1;1
-22;13;20;0;1
-12;5;30;0;1
-38;31;17;0;1
-32;-17;48;0;1
-27;14;25;0;1
-25;37;28;0;1
-33;17;13;0;1
-29;-13;53;0;1
-14;-21;18;1;1
-26;-41;24;0;1
-20;-9;36;1;1
-34;37;22;1;1
-29;-38;44;0;1
-61;-24;20;1;1
-28;25;30;1;1
-28;-22;61;1;1
-12;-14;31;1;1
-44;-2;50;1;1
-19;-6;17;0;1
-33;38;38;1;1
-51;-28;30;1;1
-29;-8;10;0;1
-39;13;26;0;1
-22;-25;23;0;1
-42;-10;44;1;1
-35;-26;43;0;1
-35;32;24;0;1
-29;10;9;0;1
-27;-35;21;0;1
-40;-9;17;1;1
-42;-28;39;1;1
-37;-42;38;1;1
-59;-30;20;1;1
-43;34;29;1;1
-58;-24;25;0;1
-22;19;59;0;1
-41;33;40;0;1
-30;32;31;0;1
-38;23;15;0;1
-28;24;15;0;1
-25;-3;54;0;1
-31;-44;44;0;1
-25;-14;42;0;1
-34;-24;36;0;1
-48;-27;33;1;1
-36;-7;53;0;1
-45;-13;23;1;1
-32;-10;11;0;1
-33;-28;47;1;1
-57;-21;24;0;1
-42;-25;14;1;1
-40;-6;30;0;1
-26;-32;53;0;1
-41;1;20;1;1
-45;0;24;1;1
-46;3;17;0;1
-29;16;48;0;1
-31;35;13;1;1
-43;-31;37;1;1
-44;7;51;0;1
-42;23;32;0;1
-19;9;37;0;1
-15;-10;35;1;1
-29;39;28;0;1
-36;-13;51;1;1
-34;-26;34;0;1
-35;36;41;0;1
-39;-25;49;0;1
-12;-13;44;0;1
-21;-10;23;1;1
-40;22;35;1;1
-38;3;43;0;1
-20;-23;63;0;1
-45;14;40;0;1
-23;-22;47;1;1
-31;-17;39;1;1
-19;15;23;1;1
-19;-11;46;1;1
-28;-7;50;1;1
-20;-28;27;1;1
-44;-45;31;0;1
-17;29;25;1;1
-50;-21;30;0;1
-29;7;35;1;1
-57;16;19;0;1
-15;-12;35;1;1
-27;32;19;0;1
-25;-38;21;1;1
-57;11;29;1;1
-21;-19;30;0;1
-46;-22;27;0;1
-25;-2;54;0;1
-39;9;15;0;1
-49;-31;32;1;1
-38;-6;23;0;1
-21;25;39;1;1
-30;25;20;0;1
-52;-40;27;0;1
-57;25;18;0;1
-27;16;46;0;1
-14;-16;20;1;1
-20;29;17;0;1
-31;-46;42;1;1
-28;29;16;0;1
-26;6;52;0;1
-18;-20;37;0;1
-34;-41;35;0;1
-34;-14;40;0;1
-33;48;25;0;1
-28;22;50;0;1
-41;34;45;1;1
-25;29;59;0;1
-17;18;14;1;1
-37;-11;43;0;1
-62;-16;22;1;1
-39;25;20;1;1
-24;-13;41;0;1
-40;-8;12;1;1
-30;-25;39;1;1
-34;-22;23;0;1
-23;-29;48;0;1
-25;6;45;0;1
-41;-34;35;0;1
-49;-6;47;0;1
-28;-26;16;1;1
-30;7;23;1;1
-60;-10;32;1;1
-26;19;50;0;1
-21;26;55;0;1
-16;-17;46;0;1
-15;23;22;0;1
-23;4;15;0;1
-21;-29;20;0;1
-14;-1;38;0;1
-19;30;49;0;1
-39;22;45;0;1
-38;11;59;1;1
-35;52;22;1;1
-17;-27;22;0;1
-49;16;22;0;1
-34;2;56;1;1
-45;-14;50;0;1
-46;13;34;1;1
-37;-44;20;0;1
-32;-50;20;1;1
-35;-16;15;1;1
-22;-19;23;0;1
-15;19;41;0;1
-50;-10;40;0;1
-61;-26;22;0;1
-53;-1;40;0;1
-42;-10;29;0;1
-33;8;32;0;1
-31;41;42;1;1
-18;8;19;0;1
-45;10;34;1;1
-31;42;41;1;1
-37;17;16;0;1
-61;1;29;0;1
-51;-10;34;1;1
-19;-29;12;1;1
-24;-34;54;0;1
-29;8;16;0;1
-30;-23;47;0;1
-26;-17;35;0;1
-33;45;29;0;1
-17;-23;49;0;1
-14;-6;41;1;1
-33;-13;33;0;1
-28;7;51;0;1
-12;-20;47;0;1
-41;-38;32;0;1
-37;33;41;0;1
-36;31;46;0;1
-10;-13;42;0;1
-31;0;26;1;1
-32;0;26;1;1
-18;8;53;1;1
-29;2;45;0;1
-46;-18;24;0;1
-23;-11;11;1;1
-55;4;35;0;1
-30;-25;16;1;1
-21;-21;30;0;1
-21;11;35;0;1
-27;-6;58;0;1
-42;3;26;1;1
-43;-22;14;0;1
-56;10;18;1;1
-27;-26;48;1;1
-23;-35;29;0;1
-13;-7;26;0;1
-35;-18;11;0;1
-23;25;24;1;1
-42;-20;47;0;1
-25;-25;44;0;1
-30;-13;30;0;1
-29;-19;35;0;1
-27;15;33;1;1
-66;17;20;1;1
-32;-12;48;0;1
-21;19;17;0;1
-35;-2;59;0;1
-34;-17;54;1;1
-58;-11;34;1;1
-23;13;64;1;1
-20;17;25;1;1
-54;-14;30;0;1
-30;-27;50;0;1
-39;-36;18;0;1
-27;16;32;0;1
-27;-26;32;0;1
-23;-27;59;1;1
-22;19;64;0;1
-40;4;34;1;1
-22;-26;32;1;1
-48;12;29;1;1
-23;3;26;1;1
-25;16;19;0;1
-60;-2;23;1;1
-44;-2;26;1;1
-28;31;12;1;1
-18;5;28;0;1
-21;-29;38;1;1
-19;-28;57;1;1
-64;-1;28;0;1
-21;19;10;1;1
-29;-43;45;0;1
-48;-21;28;0;1
-43;17;30;0;1
-13;9;19;0;1
-17;-14;43;1;1
-45;3;22;1;1
-29;-4;38;0;1
-28;36;39;0;1
-16;13;23;1;1
-29;-23;23;1;1
-51;-27;35;1;1
-23;16;61;0;1
-57;8;31;0;1
-22;-18;39;0;1
-46;28;26;0;1
-27;-41;38;0;1
-26;25;15;0;1
-11;-18;25;1;1
-52;21;18;1;1
-46;-36;23;0;1
-29;2;21;1;1
-34;-26;29;0;1
-34;-42;29;0;1
-31;-12;32;1;1
-23;20;27;0;1
-20;34;53;0;1
-28;28;54;1;1
-24;-1;31;0;1
-20;20;19;0;1
-16;19;63;0;1
-29;-6;15;0;1
-30;12;48;0;1
-59;2;31;1;1
-15;-12;27;1;1
-43;-4;55;0;1
-17;-22;10;0;1
-40;-18;29;1;1
-38;-34;38;0;1
-24;8;40;0;1
-35;-3;49;0;1
-48;-19;20;1;1
-48;-21;43;1;1
-37;-52;21;0;1
-46;-34;30;1;1
-56;-2;22;0;1
-10;17;23;0;1
-27;44;44;0;1
-45;-22;44;0;1
-59;3;38;0;1
-10;14;22;1;1
-47;27;29;1;1
-21;14;61;1;1
-24;13;31;0;1
-22;-8;26;1;1
-45;16;23;1;1
-50;30;39;0;1
-27;31;39;0;1
-26;-17;45;0;1
-47;-18;15;0;1
-57;-14;40;1;1
-31;-21;38;1;1
-20;-19;50;1;1
-23;9;34;0;1
-8;-9;26;1;1
-10;15;22;1;1
-33;14;37;0;1
-24;3;56;1;1
-52;-19;42;0;1
-31;-46;40;0;1
-42;39;29;0;1
-39;-13;47;0;1
-39;4;32;0;1
-45;-3;41;0;1
-28;7;52;0;1
-59;8;19;0;1
-35;44;16;0;1
-53;-35;29;1;1
-42;-19;45;1;1
-33;-7;32;1;1
-23;36;55;1;1
-47;-6;25;0;1
-35;-16;28;0;1
-25;-12;43;1;1
-19;-29;18;0;1
-24;-30;49;0;1
-24;33;21;0;1
-21;-34;35;0;1
-45;-7;46;1;1
-25;-32;56;0;1
-51;17;38;1;1
-45;24;24;0;1
-29;-14;14;0;1
-47;32;39;1;1
-26;44;29;0;1
-19;30;28;1;1
-41;-6;46;1;1
-38;-36;16;1;1
-37;-38;22;1;1
-46;-9;30;0;1
-32;24;31;1;1
-44;-44;33;0;1
-30;3;12;1;1
-28;31;23;0;1
-25;11;23;0;1
-28;-13;39;0;1
-21;-14;34;0;1
-29;10;61;0;1
-51;-13;23;0;1
-23;-26;45;1;1
-24;-16;52;1;1
-56;-13;22;0;1
-36;-39;16;0;1
-46;-9;32;0;1
-38;-5;59;1;1
-20;6;27;1;1
-51;-32;17;0;1
-50;-32;36;1;1
-17;-13;16;1;1
-44;19;27;0;1
-45;-2;53;1;1
-27;5;48;1;1
-32;42;37;0;1
-38;-6;29;0;1
-36;16;14;1;1
-55;-5;23;1;1
-25;-24;25;0;1
-48;-5;18;0;1
-33;-42;43;1;1
-24;-8;22;1;1
-25;-18;19;0;1
-52;-17;22;0;1
-27;43;26;0;1
-54;1;40;1;1
-14;-11;35;0;1
-31;27;20;0;1
-30;-30;35;0;1
-23;-15;24;0;1
-10;-15;30;1;1
-45;39;34;1;1
-17;-17;35;1;1
-49;5;48;0;1
-26;20;46;0;1
-36;34;28;0;1
-14;19;38;0;1
-55;-1;28;0;1
-22;-20;59;0;1
-36;-18;54;1;1
-22;-5;42;0;1
-20;-19;38;0;1
-23;-21;15;1;1
-47;-21;35;0;1
-35;-22;43;1;1
-49;-5;35;0;1
-12;-20;61;1;1
-20;-10;26;1;1
-27;0;62;0;1
-45;11;38;1;1
-44;-30;22;1;1
-27;-17;13;1;1
-17;-12;41;0;1
-27;-22;58;0;1
-50;-3;21;1;1
-39;8;41;1;1
-56;-35;20;0;1
-28;20;14;1;1
-39;35;38;0;1
-40;41;25;0;1
-44;-11;22;0;1
-23;25;36;1;1
-42;-3;51;1;1
-40;-5;18;0;1
-50;9;41;0;1
-27;32;21;0;1
-40;-2;17;0;1
-55;19;23;0;1
-14;17;54;0;1
-51;-20;27;0;1
-37;18;42;0;1
-38;-40;23;1;1
-43;-12;49;1;1
-41;15;39;0;1
-39;-9;46;0;1
-28;-47;21;1;1
-13;21;22;0;1
-31;-35;17;1;1
-28;3;13;0;1
-32;40;17;0;1
-52;-19;40;1;1
-52;-6;33;1;1
-19;27;34;0;1
-38;-53;21;1;1
-31;-35;51;0;1
-40;-38;37;1;1
-41;17;48;1;1
-44;21;46;1;1
-61;-6;26;1;1
-38;-47;19;0;1
-38;33;16;1;1
-41;16;55;1;1
-26;-6;32;1;1
-34;-23;11;1;1
-47;13;37;1;1
-62;18;27;1;1
-31;40;22;0;1
-35;18;37;0;1
-57;-33;18;1;1
-24;-27;28;0;1
-22;12;34;1;1
-18;18;26;0;1
-19;30;60;0;1
-31;10;35;1;1
-22;-1;18;0;1
-20;13;37;1;1
-36;-24;23;0;1
-29;-36;24;1;1
-40;-2;18;1;1
-34;49;19;1;1
-38;-1;32;1;1
-33;-35;42;0;1
-64;5;25;0;1
-22;-13;65;0;1
-44;-3;32;1;1
-50;12;20;0;1
-18;13;16;1;1
-17;-18;57;0;1
-24;19;37;1;1
-22;2;36;0;1
-38;27;53;0;1
-54;21;19;1;1
-56;-24;22;0;1
-30;28;38;0;1
-25;-25;60;0;1
-52;-26;28;1;1
-28;15;38;1;1
-23;-20;10;1;1
-51;31;36;1;1
-40;22;25;0;1
-56;31;21;0;1
-33;42;27;0;1
-33;10;56;0;1
-18;-20;40;0;1
-25;-27;20;1;1
-47;47;21;0;1
-46;32;43;0;1
-40;-8;41;1;1
-32;35;42;0;1
-27;18;55;0;1
-18;-22;63;1;1
-26;-38;27;0;1
-17;-15;16;1;1
-32;-36;49;0;1
-11;3;28;0;1
-19;10;13;0;1
-41;-5;20;0;1
-19;32;51;1;1
-44;-15;26;1;1
-57;23;35;1;1
-52;29;33;0;1
-28;22;13;0;1
-27;19;40;1;1
-45;27;38;0;1
-38;-11;48;0;1
-25;6;8;0;1
-20;-23;41;0;1
-42;36;36;0;1
-21;-1;36;0;1
-26;28;19;0;1
-46;47;20;0;1
-29;37;41;0;1
-34;29;39;0;1
-10;6;27;0;1
-36;19;36;0;1
-20;-27;43;0;1
-11;-17;54;0;1
-52;25;25;1;1
-53;-28;37;1;1
-57;4;22;1;1
-17;19;46;1;1
-30;-37;17;0;1
-38;-13;46;0;1
-53;-38;25;0;1
-17;-12;16;0;1
-27;16;63;0;1
-48;-4;50;1;1
-32;-26;22;0;1
-29;-24;28;1;1
-21;2;43;1;1
-23;13;49;1;1
-24;-4;53;0;1
-32;45;37;1;1
-54;-35;26;0;1
-45;21;49;0;1
-37;2;12;0;1
-21;-26;56;0;1
-42;17;28;1;1
-32;-29;22;1;1
-11;3;27;0;1
-40;27;22;0;1
-17;-19;61;0;1
-34;12;26;0;1
-22;36;30;0;1
-34;-8;43;1;1
-43;12;32;1;1
-46;33;29;0;1
-17;14;52;1;1
-53;16;31;1;1
-50;7;39;0;1
-18;-15;63;0;1
-46;-23;34;1;1
-22;-20;44;1;1
-47;24;34;0;1
-51;37;25;0;1
-32;-34;49;0;1
-42;29;48;1;1
-30;28;16;1;1
-41;10;31;1;1
-27;12;61;0;1
-31;32;54;0;1
-40;9;16;0;1
-27;-17;32;1;1
-7;-10;31;0;1
-17;2;21;1;1
-35;-20;15;0;1
-53;-18;35;1;1
-36;-34;25;0;1
-24;13;24;0;1
-59;1;23;0;1
-60;-13;30;1;1
-26;-24;33;0;1
-30;-46;41;0;1
-52;-36;25;1;1
-26;13;10;0;1
-63;5;26;0;1
-52;-20;20;0;1
-32;22;40;0;1
-30;39;28;0;1
-28;12;12;0;1
-34;-4;24;1;1
-44;-2;22;0;1
-36;28;40;0;1
-34;6;16;1;1
-16;16;59;0;1
-30;22;13;0;1
-15;12;16;0;1
-39;45;37;0;1
-15;-13;53;1;1
-26;-29;16;1;1
-51;-22;42;0;1
-44;-46;23;0;1
-12;-18;41;1;1
-21;3;15;0;1
-37;50;34;0;1
-64;-10;22;0;1
-44;13;33;0;1
-34;15;33;0;1
-18;9;32;1;1
-59;1;34;0;1
-47;-21;48;0;1
-23;1;48;1;1
-48;-39;20;0;1
-55;-30;29;0;1
-51;-31;16;0;1
-46;0;24;0;1
-29;-30;47;0;1
-26;11;60;0;1
-34;-20;36;0;1
-51;-12;16;0;1
-36;2;48;1;1
-25;26;35;0;1
-9;14;19;0;1
-28;-7;20;0;1
-46;27;25;0;1
-40;46;23;0;1
-19;32;52;0;1
-46;-29;34;0;1
-56;11;35;1;1
-40;-20;26;0;1
-34;51;29;0;1
-25;-36;33;0;1
-34;-46;29;1;1
-55;18;35;1;1
-17;-13;24;1;1
-23;8;49;1;1
-26;37;48;0;1
-25;7;39;1;1
-27;8;54;1;1
-26;-1;30;0;1
-24;8;49;0;1
-29;-28;29;1;1
-29;43;40;1;1
-31;30;42;0;1
-34;0;17;0;1
-27;19;50;1;1
-54;22;29;0;1
-38;-8;36;0;1
-38;-12;56;1;1
-25;11;41;0;1
-11;-3;30;0;1
-44;6;27;1;1
-19;13;44;0;1
-21;-18;39;1;1
-42;-35;27;1;1
-38;-32;45;0;1
-44;-29;43;0;1
-40;11;31;1;1
-29;37;30;1;1
-54;-15;25;0;1
-51;-33;29;1;1
-57;13;30;0;1
-36;2;39;1;1
-30;-28;37;0;1
-32;7;39;1;1
-35;-3;31;0;1
-40;-9;54;1;1
-53;-18;17;1;1
-49;-20;17;0;1
-40;-38;20;0;1
-34;-4;37;0;1
-20;34;26;1;1
-59;-13;28;1;1
-24;2;52;0;1
-39;-12;20;1;1
-22;-11;41;0;1
-52;39;28;1;1
-36;-12;19;1;1
-48;25;44;1;1
-33;38;43;1;1
-43;-13;42;1;1
-32;-52;18;0;1
-22;15;61;1;1
-40;-35;42;0;1
-40;22;40;0;1
-43;-25;27;1;1
-21;-13;51;1;1
-29;28;17;1;1
-23;19;52;0;1
-31;-39;36;1;1
-31;-8;19;1;1
-37;-31;40;1;1
-52;8;27;0;1
-29;-50;38;0;1
-30;11;27;0;1
-26;28;51;0;1
-47;25;29;1;1
-56;-35;24;0;1
-58;-10;22;0;1
-59;-21;22;1;1
-38;-46;31;0;1
-9;-11;26;0;1
-44;-39;16;0;1
-56;-7;22;1;1
-43;10;21;0;1
-51;-12;39;1;1
-45;-36;24;1;1
-51;32;23;1;1
-34;28;16;0;1
-35;22;56;0;1
-43;-9;45;1;1
-22;-20;42;0;1
-48;-18;27;1;1
-51;-2;21;0;1
-22;9;23;0;1
-30;-18;26;1;1
-45;37;27;1;1
-52;42;23;0;1
-43;-26;26;0;1
-42;15;43;0;1
-29;-24;38;1;1
-27;34;15;1;1
-42;28;26;0;1
-30;-13;21;0;1
-24;-29;36;0;1
-53;-12;27;0;1
-24;15;53;1;1
-36;-17;32;1;1
-48;12;35;1;1
-29;15;32;1;1
-29;6;54;1;1
-56;9;37;0;1
-38;37;41;1;1
-49;-28;41;1;1
-48;-46;19;0;1
-43;3;26;1;1
-41;-47;21;0;1
-24;7;31;0;1
-56;-6;43;1;1
-45;-2;25;1;1
-58;25;25;0;1
-26;14;35;1;1
-49;-14;22;1;1
-39;-50;22;1;1
-41;-27;41;0;1
-24;-34;33;1;1
-44;-28;25;1;1
-11;-2;28;1;1
-23;-4;48;0;1
-63;9;26;1;1
-34;40;18;1;1
-54;0;44;1;1
-23;22;60;1;1
-24;-37;14;0;1
-36;-53;18;0;1
-27;-27;30;0;1
-26;-4;30;0;1
-28;-39;16;1;1
-41;-9;21;0;1
-47;-30;37;0;1
-39;-20;20;1;1
-23;-1;18;0;1
-15;20;38;1;1
-20;-12;54;1;1
-21;-20;24;0;1
-46;-3;19;1;1
-36;-4;19;1;1
-61;-2;32;0;1
-14;-17;46;1;1
-31;-18;33;0;1
-41;-28;43;0;1
-35;26;31;0;1
-56;-11;19;1;1
-59;24;26;1;1
-44;18;17;0;1
-18;-12;34;1;1
-32;40;18;1;1
-15;-8;21;0;1
-41;-37;38;0;1
-66;5;18;1;1
-20;-25;53;1;1
-23;-26;31;0;1
-29;24;13;0;1
-48;-33;25;0;1
-50;26;41;0;1
-32;39;28;1;1
-43;-1;14;0;1
-29;31;18;0;1
-25;-24;60;1;1
-34;12;49;0;1
-31;-39;24;1;1
-28;1;57;1;1
-34;-53;32;0;1
-19;-14;44;1;1
-19;-32;29;1;1
-43;-31;29;0;1
-24;-18;47;0;1
-42;11;24;0;1
-33;-10;40;0;1
-52;-31;26;0;1
-40;7;19;1;1
-45;-24;43;1;1
-59;-32;20;1;1
-44;-35;36;1;1
-26;15;30;0;1
-59;-2;16;1;1
-60;-6;34;0;1
-24;2;23;0;1
-33;3;40;0;1
-33;13;24;0;1
-50;-42;21;0;1
-24;-18;9;0;1
-39;-15;44;0;1
-41;-15;32;0;1
-40;-27;39;1;1
-31;-7;62;1;1
-48;-20;32;0;1
-23;23;30;0;1
-25;-43;35;1;1
-42;21;37;1;1
-16;14;25;1;1
-23;1;25;1;1
-42;36;18;1;1
-34;-10;31;1;1
-64;8;27;1;1
-28;-26;30;1;1
-10;13;31;0;1
-47;-35;19;0;1
-48;-18;40;1;1
-10;-15;23;0;1
-49;-17;19;0;1
-43;16;43;0;1
-35;-23;21;1;1
-46;-12;24;0;1
-27;-22;26;0;1
-28;-29;40;1;1
-24;-30;50;0;1
-37;1;36;0;1
-35;-33;32;1;1
-52;19;32;1;1
-32;-41;30;1;1
-33;-51;34;0;1
-50;-36;24;1;1
-45;-10;42;0;1
-39;36;18;1;1
-23;12;25;0;1
-41;12;56;0;1
-48;14;31;0;1
-31;-9;10;1;1
-41;31;34;0;1
-53;12;39;0;1
-14;-22;44;1;1
-31;-11;31;0;1
-45;-5;13;0;1
-48;-33;20;1;1
-32;5;30;0;1
-17;8;29;0;1
-31;-50;29;1;1
-45;21;39;0;1
-55;25;27;0;1
-58;-14;35;0;1
-21;28;23;0;1
-30;34;31;0;1
-33;31;21;0;1
-38;-21;15;0;1
-20;-10;32;0;1
-41;35;15;0;1
-49;7;44;0;1
-29;7;63;1;1
-27;-12;9;1;1
-22;-22;24;0;1
-24;-15;48;1;1
-39;21;20;1;1
-29;-20;16;0;1
-24;-3;15;0;1
-35;-21;16;0;1
-28;47;32;1;1
-54;-26;30;1;1
-51;2;16;1;1
-45;-34;28;1;1
-40;39;22;1;1
-22;31;45;1;1
-29;-34;21;0;1
-21;23;51;0;1
-18;-17;12;0;1
-47;13;19;0;1
-26;-18;28;1;1
-45;42;25;1;1
-58;10;21;0;1
-50;20;36;0;1
-26;31;32;1;1
-46;13;47;1;1
-47;-20;39;1;1
-38;-9;58;1;1
-55;19;29;1;1
-27;-20;18;0;1
-19;17;12;0;1
-30;47;27;1;1
-21;22;53;1;1
-33;-28;46;1;1
-34;10;15;0;1
-48;-28;40;0;1
-32;19;57;0;1
-19;4;30;0;1
-33;-15;44;0;1
-40;26;36;1;1
-30;26;43;1;1
-15;-25;48;1;1
-35;7;30;1;1
-26;6;17;0;1
-20;24;48;0;1
-21;28;15;1;1
-36;26;35;1;1
-62;-2;27;1;1
-25;-6;32;0;1
-45;-45;21;0;1
-44;-2;47;0;1
-24;-22;63;0;1
-29;-16;20;0;1
-47;11;33;0;1
-48;-26;15;0;1
-53;-32;23;0;1
-52;37;26;1;1
-34;34;14;0;1
-15;24;32;0;1
-30;36;20;0;1
-30;-38;30;0;1
-12;15;37;0;1
-32;34;29;1;1
-53;-4;39;0;1
-31;-24;22;0;1
-56;14;33;0;1
-45;28;31;1;1
-29;-15;12;1;1
-25;-24;28;0;1
-47;-11;42;1;1
-42;15;54;0;1
-25;-28;15;1;1
-39;-15;28;0;1
-31;2;57;0;1
-30;-42;47;1;1
-24;-19;63;0;1
-24;26;29;0;1
-40;9;58;0;1
-43;22;41;0;1
-20;19;39;0;1
-24;15;48;0;1
-48;-2;31;1;1
-29;49;31;0;1
-20;-10;25;0;1
-36;36;16;0;1
-50;4;31;0;1
-11;16;41;1;1
-28;37;45;0;1
-39;-33;42;0;1
-37;-5;53;0;1
-57;12;24;0;1
-56;-28;22;0;1
-17;23;8;0;1
-18;-23;41;1;1
-24;-40;44;1;1
-29;-12;13;1;1
-37;-5;60;1;1
-38;-33;48;1;1
-49;32;32;0;1
-22;-11;14;0;1
-29;4;35;1;1
-22;-1;15;1;1
-42;14;55;1;1
-31;-27;29;0;1
-17;13;24;1;1
-33;11;11;1;1
-37;41;16;0;1
-56;-31;21;0;1
-30;25;16;0;1
-37;1;39;0;1
-41;30;18;0;1
-23;-30;12;1;1
-45;23;43;0;1
-53;-8;30;0;1
-21;-15;46;0;1
-36;-23;32;0;1
-39;-12;45;1;1
-27;14;52;0;1
-28;3;43;1;1
-36;-4;27;0;1
-55;8;43;1;1
-31;-10;24;1;1
-42;-15;27;0;1
-40;11;13;0;1
-50;-8;25;1;1
-44;-21;49;0;1
-23;23;18;0;1
-35;-14;51;1;1
-22;-5;27;1;1
-14;-6;39;0;1
-39;30;49;0;1
-37;25;26;0;1
-47;-28;42;0;1
-35;1;20;0;1
-44;24;41;0;1
-15;13;38;0;1
-19;-19;21;0;1
-54;20;38;0;1
-16;-9;43;0;1
-17;13;43;1;1
-26;40;37;1;1
-16;6;39;0;1
-55;-32;28;0;1
-16;16;15;0;1
-53;-10;17;1;1
-43;41;26;1;1
-22;33;37;0;1
-21;-3;31;1;1
-55;-34;18;0;1
-40;22;15;0;1
-42;-33;25;0;1
-26;12;36;1;1
-26;10;8;1;1
-25;-20;50;1;1
-25;20;37;1;1
-55;-21;35;1;1
-32;11;55;0;1
-15;19;58;0;1
-36;1;54;1;1
-27;32;56;1;1
-26;10;9;1;1
-14;-7;35;1;1
-44;-5;17;1;1
-28;-40;35;0;1
-58;25;18;0;1
-18;-2;24;0;1
-30;34;44;0;1
-24;22;31;0;1
-21;10;15;0;1
-19;-8;17;1;1
-32;15;39;1;1
-43;22;23;0;1
-25;39;33;0;1
-25;-23;46;1;1
-26;-17;25;0;1
-50;-7;24;1;1
-33;-26;51;0;1
-40;37;28;1;1
-44;11;39;0;1
-20;-9;52;0;1
-37;19;23;0;1
-14;-21;31;1;1
-38;50;17;1;1
-34;8;16;0;1
-27;29;28;1;1
-28;-20;56;0;1
-26;-43;16;0;1
-35;-24;12;1;1
-26;0;30;0;1
-47;1;53;0;1
-36;-43;25;0;1
-17;5;43;1;1
-28;8;39;0;1
-44;23;43;0;1
-45;-28;16;0;1
-24;-14;10;0;1
-26;-22;54;0;1
-36;-12;36;0;1
-18;-19;30;0;1
-47;12;19;1;1
-28;35;38;1;1
-56;-3;16;0;1
-9;-4;27;1;1
-47;-8;35;0;1
-23;3;39;0;1
-63;-21;21;1;1
-14;0;28;0;1
-12;14;31;0;1
-60;19;23;0;1
-29;-28;41;0;1
-31;-5;16;1;1
-46;12;51;0;1
-26;15;41;1;1
-31;1;11;0;1
-42;17;20;1;1
-24;-33;53;1;1
-31;33;29;0;1
-24;-27;15;1;1
-15;-12;46;1;1
-37;-12;11;1;1
-46;38;16;0;1
-48;-18;45;0;1
-55;-21;39;0;1
-28;29;15;1;1
-34;-43;31;1;1
-29;-17;50;0;1
-29;-44;45;0;1
-33;-7;45;0;1
-33;28;26;0;1
-16;25;61;0;1
-36;8;42;1;1
-54;0;17;1;1
-36;43;28;1;1
-56;7;20;1;1
-46;-10;41;0;1
-39;1;55;0;1
-14;-4;26;0;1
-46;34;17;0;1
-27;29;49;1;1
-27;7;15;1;1
-27;3;51;0;1
-26;7;30;1;1
-36;-25;41;1;1
-53;28;19;0;1
-29;-14;55;1;1
-45;-34;38;1;1
-46;40;33;0;1
-53;1;22;1;1
-14;-21;11;0;1
-35;21;52;0;1
-47;8;13;0;1
-15;-20;29;0;1
-34;-22;33;1;1
-33;-17;37;0;1
-13;13;33;0;1
-33;-12;44;0;1
-10;-9;31;0;1
-40;29;36;1;1
-26;7;32;0;1
-47;-32;38;1;1
-37;-10;55;0;1
-35;18;40;0;1
-34;-45;33;1;1
-54;29;23;0;1
-47;16;50;1;1
-34;17;56;1;1
-24;4;52;0;1
-28;13;27;1;1
-38;-24;36;0;1
-16;-12;45;1;1
-23;-1;11;1;1
-38;-23;36;0;1
-55;-15;39;0;1
-43;26;17;0;1
-26;17;23;1;1
-33;-37;40;0;1
-25;13;11;0;1
-14;22;13;0;1
-57;-27;30;1;1
-43;-9;19;0;1
-37;30;14;0;1
-33;44;15;1;1
-32;34;42;0;1
-56;6;29;1;1
-24;-9;52;0;1
-34;6;13;0;1
-30;32;55;1;1
-16;-11;15;0;1
-54;20;40;0;1
-27;42;47;1;1
-39;27;24;0;1
-29;16;34;1;1
-33;-40;42;1;1
-33;28;32;0;1
-42;17;43;0;1
-45;19;47;1;1
-44;21;35;0;1
-40;36;22;1;1
-18;20;11;0;1
-50;7;17;1;1
-35;-24;49;0;1
-31;-43;33;0;1
-26;43;21;1;1
-60;-5;32;1;1
-27;-37;24;0;1
-22;-4;39;0;1
-19;-6;15;0;1
-46;30;38;0;1
-23;-9;41;0;1
-34;-4;48;0;1
-24;-5;38;1;1
-60;-1;18;0;1
-42;44;20;0;1
-35;7;45;1;1
-24;4;22;1;1
-19;-22;42;1;1
-18;27;47;0;1
-37;36;34;1;1
-40;-16;46;0;1
-26;-15;38;0;1
-19;-13;9;1;1
-21;-31;37;0;1
-31;31;47;1;1
-27;-20;34;1;1
-31;40;19;1;1
-48;-10;50;1;1
-20;27;55;0;1
-32;40;47;0;1
-12;-15;43;1;1
-34;38;33;0;1
-43;-24;35;0;1
-37;17;50;0;1
-56;16;27;0;1
-18;22;41;1;1
-22;-15;36;0;1
-20;-21;18;1;1
-23;19;46;0;1
-32;-50;34;1;1
-37;-46;24;0;1
-15;-23;52;0;1
-30;13;42;1;1
-37;-9;30;0;1
-49;1;50;1;1
-30;25;41;1;1
-16;-23;22;0;1
-40;25;53;1;1
-40;45;27;1;1
-58;19;36;0;1
-25;43;39;0;1
-37;26;44;1;1
-41;32;26;1;1
-21;-21;27;0;1
-62;5;28;0;1
-46;23;49;1;1
-43;-27;30;1;1
-29;-25;53;1;1
-13;17;25;1;1
-57;7;38;0;1
-35;-20;43;0;1
-33;-1;25;0;1
-16;23;24;0;1
-40;32;20;0;1
-45;34;42;0;1
-41;-24;35;0;1
-45;30;36;1;1
-39;23;39;1;1
-14;13;40;0;1
-38;20;36;1;1
-28;-25;52;0;1
-18;18;20;0;1
-54;11;36;0;1
-37;-39;30;0;1
-60;-23;25;0;1
-38;4;52;1;1
-52;10;24;0;1
-34;9;46;0;1
-27;6;28;0;1
-13;-10;22;1;1
-25;16;22;0;1
-44;21;25;0;1
-22;23;46;0;1
-21;-31;30;1;1
-23;17;39;0;1
-31;21;60;1;1
-47;-9;43;0;1
-36;-22;28;0;1
-37;-30;33;1;1
-20;-32;22;0;1
-28;16;23;0;1
-46;-15;36;1;1
-19;-15;26;0;1
-25;38;45;0;1
-54;-10;45;1;1
-19;-11;11;0;1
-65;-10;23;1;1
-43;18;17;0;1
-48;33;17;0;1
-21;31;18;1;1
-38;6;42;0;1
-31;29;55;0;1
-38;-23;24;0;1
-15;22;12;0;1
-37;-9;28;1;1
-21;5;27;0;1
-40;6;14;0;1
-17;0;42;1;1
-22;-13;41;1;1
-29;50;40;0;1
-52;-7;31;0;1
-24;15;29;0;1
-16;-22;56;0;1
-65;13;23;0;1
-41;8;37;1;1
-46;9;44;0;1
-27;6;24;0;1
-51;-18;25;0;1
-32;7;43;0;1
-28;6;48;1;1
-51;4;17;0;1
-22;-28;12;0;1
-14;12;33;1;1
-51;-21;43;1;1
-25;-42;49;0;1
-35;-16;12;0;1
-59;-18;18;0;1
-40;14;45;0;1
-41;44;20;0;1
-49;-34;24;1;1
-38;-5;56;0;1
-21;0;32;1;1
-41;34;24;1;1
-21;-27;61;1;1
-30;5;26;0;1
-48;15;44;0;1
-19;-27;18;0;1
-20;15;36;1;1
-36;22;52;1;1
-15;18;9;0;1
-44;22;18;0;1
-43;-8;53;1;1
-30;44;30;0;1
-24;-31;42;0;1
-24;-36;20;0;1
-19;15;14;1;1
-43;18;38;0;1
-19;-27;51;0;1
-35;-29;23;0;1
-20;32;22;1;1
-46;-6;36;0;1
-19;19;21;1;1
-25;-31;28;1;1
-33;28;42;0;1
-25;-9;28;1;1
-31;15;14;0;1
-29;-45;39;0;1
-43;-13;50;1;1
-44;-20;21;0;1
-15;-7;43;1;1
-22;-9;46;1;1
-8;-11;24;1;1
-30;49;24;0;1
-27;-28;26;1;1
-43;19;35;0;1
-43;4;29;0;1
-35;16;18;1;1
-52;-12;23;0;1
-37;26;51;0;1
-50;31;27;1;1
-40;0;58;0;1
-22;-4;37;0;1
-27;-3;56;0;1
-30;-36;35;0;1
-37;37;44;0;1
-20;-10;27;0;1
-46;-2;29;0;1
-45;-33;22;0;1
-39;37;35;0;1
-21;-18;30;0;1
-47;8;31;1;1
-49;23;21;0;1
-19;9;29;1;1
-35;-45;39;0;1
-16;20;17;1;1
-34;11;52;0;1
-51;-9;22;0;1
-23;13;34;1;1
-52;-22;26;1;1
-60;12;31;0;1
-31;-21;28;0;1
-29;-9;50;1;1
-29;34;31;1;1
-34;8;52;0;1
-49;-28;37;0;1
-44;32;24;1;1
-28;-9;9;0;1
-16;-9;25;1;1
-34;32;26;1;1
-34;43;23;0;1
-36;16;24;0;1
-48;0;13;1;1
-34;-42;44;1;1
-41;9;24;1;1
-32;36;33;1;1
-38;29;32;0;1
-45;-42;19;0;1
-49;-20;27;0;1
-52;16;20;1;1
-20;30;32;0;1
-38;-14;19;0;1
-37;-7;29;0;1
-18;-28;42;1;1
-37;-6;41;1;1
-24;7;30;0;1
-28;26;25;1;1
-51;-26;23;0;1
-48;15;48;0;1
-25;-20;11;1;1
-23;-28;28;0;1
-49;-7;43;1;1
-28;28;55;0;1
-66;6;22;0;1
-38;24;31;0;1
-31;53;34;0;1
-26;-7;49;1;1
-47;-2;33;0;1
-46;-11;18;0;1
-35;-39;34;0;1
-48;0;27;0;1
-45;-31;27;0;1
-43;17;13;1;1
-26;42;33;1;1
-20;17;19;1;1
-37;12;37;0;1
-61;8;23;0;1
-27;10;50;0;1
-30;-47;32;1;1
-19;30;41;0;1
-31;-19;39;0;1
-42;-28;22;1;1
-13;-15;34;0;1
-27;27;28;0;1
-45;29;24;0;1
-28;9;31;0;1
-48;-18;29;0;1
-25;-37;52;0;1
-44;-11;40;0;1
-26;21;15;1;1
-34;2;26;0;1
-50;15;41;0;1
-34;3;57;0;1
-46;27;15;0;1
-26;-1;36;0;1
-39;-15;45;0;1
-24;14;59;0;1
-48;-7;25;1;1
-53;-19;35;0;1
-25;-31;51;1;1
-21;-1;21;1;1
-46;9;40;1;1
-62;-4;27;0;1
-26;-21;16;1;1
-16;19;49;0;1
-28;26;56;0;1
-52;20;23;0;1
-27;-14;58;0;1
-60;27;21;1;1
-10;16;35;1;1
-25;31;23;0;1
-13;16;56;0;1
-32;-15;33;0;1
-42;-26;43;1;1
-48;31;30;1;1
-33;0;13;1;1
-47;-33;32;0;1
-13;-14;41;1;1
-24;35;40;1;1
-25;-30;55;0;1
-36;-19;34;1;1
-12;1;27;0;1
-15;-25;64;0;1
-34;4;38;0;1
-14;-16;43;1;1
-59;-16;29;0;1
-25;-17;43;1;1
-56;7;18;0;1
-62;2;26;0;1
-32;-48;24;0;1
-29;35;47;1;1
-20;-20;8;1;1
-30;11;26;0;1
-20;-28;22;0;1
-56;-17;31;0;1
-39;21;36;0;1
-43;5;35;1;1
-42;-46;32;0;1
-25;33;14;0;1
-31;-1;15;0;1
-32;45;29;0;1
-34;12;32;0;1
-26;-36;35;0;1
-44;9;41;0;1
-14;22;63;1;1
-33;-11;48;0;1
-30;31;47;0;1
-46;30;31;0;1
-58;-21;22;0;1
-46;5;23;0;1
-48;38;20;0;1
-23;18;21;0;1
-38;44;32;0;1
-39;35;40;0;1
-41;10;22;0;1
-20;-18;51;1;1
-43;-7;54;1;1
-32;-12;20;1;1
-25;11;9;1;1
-18;30;39;1;1
-16;-26;27;0;1
-57;16;17;1;1
-28;32;37;0;1
-33;-8;20;0;1
-39;37;32;0;1
-19;19;58;0;1
-38;12;11;1;1
-27;-14;47;0;1
-45;6;16;0;1
-22;-6;20;1;1
-44;34;19;1;1
-18;0;33;0;1
-45;20;47;0;1
-45;-32;20;1;1
-47;-15;41;1;1
-16;-7;26;0;1
-42;15;49;0;1
-26;-14;34;0;1
-33;15;61;1;1
-35;14;22;0;1
-36;-4;20;0;1
-32;-42;40;1;1
-60;-23;29;0;1
-22;-12;63;0;1
-39;3;28;1;1
-21;-11;64;1;1
-34;-30;48;0;1
-44;0;52;0;1
-32;44;33;1;1
-46;-18;37;0;1
-52;-20;27;1;1
-25;-21;21;1;1
-32;-18;24;1;1
-21;-17;8;0;1
-29;33;29;0;1
-33;-28;48;1;1
-22;14;31;0;1
-46;-33;17;1;1
-19;-12;13;0;1
-54;2;43;1;1
-50;-29;29;0;1
-17;24;24;1;1
-11;-16;41;0;1
-45;8;35;0;1
-15;16;45;1;1
-43;35;37;0;1
-31;25;27;0;1
-47;-29;24;1;1
-47;2;53;0;1
-38;-17;52;1;1
-31;24;22;0;1
-31;-37;30;0;1
-61;3;24;0;1
-42;10;38;1;1
-34;29;34;1;1
-37;22;52;1;1
-59;-28;19;0;1
-21;29;25;0;1
-49;30;29;0;1
-32;-47;23;1;1
-36;-22;37;0;1
-49;-42;24;0;1
-50;-18;15;0;1
-60;5;28;0;1
-26;20;21;1;1
-33;33;50;0;1
-38;-2;48;1;1
-37;-42;31;0;1
-31;41;21;0;1
-27;-7;51;0;1
-51;-7;48;0;1
-53;15;41;0;1
-22;20;32;1;1
-36;29;48;0;1
-40;17;35;1;1
-33;-40;16;0;1
-32;4;62;0;1
-23;28;50;0;1
-20;-18;18;0;1
-54;33;19;1;1
-43;19;13;0;1
-41;-26;40;1;1
-56;2;35;0;1
-47;-11;49;0;1
-29;-2;64;0;1
-32;32;41;1;1
-26;4;19;0;1
-44;30;32;1;1
-39;-13;54;1;1
-45;36;38;0;1
-34;-27;26;1;1
-13;-18;15;0;1
-58;-1;24;1;1
-39;29;29;1;1
-28;20;13;0;1
-11;-18;35;0;1
-23;28;54;1;1
-14;-14;40;0;1
-33;-5;14;1;1
-36;41;20;0;1
-19;29;36;0;1
-47;12;17;0;1
-30;9;17;0;1
-33;-12;40;0;1
-43;-17;31;1;1
-34;0;39;0;1
-25;-18;44;0;1
-30;-30;33;0;1
-15;8;38;0;1
-10;-8;26;0;1
-20;21;29;0;1
-45;36;24;0;1
-10;-9;22;0;1
-55;23;32;1;1
-43;-2;12;1;1
-51;33;23;0;1
-54;33;26;1;1
-15;-12;22;0;1
-37;7;47;0;1
-48;26;42;1;1
-22;-27;49;0;1
-50;-15;36;0;1
-57;-32;21;0;1
-39;2;23;0;1
-46;30;17;1;1
-49;-12;16;0;1
-56;-10;18;0;1
-35;47;31;1;1
-24;33;14;1;1
-39;-17;21;0;1
-26;-43;42;0;1
-31;33;43;0;1
-41;-30;33;0;1
-36;-15;26;0;1
-47;40;34;0;1
-54;11;30;1;1
-26;-29;39;0;1
-31;-38;38;0;1
-17;11;15;0;1
-49;-22;19;1;1
-22;-3;35;0;1
-50;-28;35;0;1
-41;-39;42;0;1
-39;13;24;0;1
-39;25;51;0;1
-44;24;25;0;1
-13;22;14;1;1
-14;20;39;0;1
-52;-15;32;0;1
-32;1;63;0;1
-18;-6;17;0;1
-21;33;38;0;1
-31;-18;50;0;1
-40;35;26;0;1
-29;20;17;0;1
-24;2;54;1;1
-49;-28;18;1;1
-44;35;32;0;1
-41;-23;17;1;1
-51;-35;17;1;1
-36;0;13;0;1
-43;24;22;0;1
-22;-21;30;0;1
-30;45;40;1;1
-41;-21;31;0;1
-41;-35;24;0;1
-16;-22;32;0;1
-31;20;30;1;1
-19;-13;59;0;1
-47;-11;36;0;1
-36;-5;55;0;1
-32;-16;34;1;1
-60;4;30;1;1
-43;2;55;0;1
-39;16;16;0;1
-27;2;21;0;1
-21;-17;37;1;1
-27;25;14;0;1
-10;4;22;0;1
-14;-9;26;0;1
-48;9;49;0;1
-53;-15;31;0;1
-38;-35;29;0;1
-44;3;32;0;1
-35;-34;30;1;1
-21;10;45;0;1
-61;-15;19;1;1
-14;-20;35;0;1
-23;1;60;0;1
-36;-3;56;1;1
-16;6;34;0;1
-35;-1;14;0;1
-43;-10;35;0;1
-22;-7;10;0;1
-26;24;47;0;1
-32;55;22;1;1
-40;-36;39;1;1
-27;15;38;0;1
-56;2;23;0;1
-55;-19;32;1;1
-41;38;20;0;1
-37;22;29;0;1
-53;-15;21;1;1
-17;-4;31;0;1
-51;-23;36;0;1
-38;-7;35;1;1
-22;31;21;1;1
-41;-14;49;0;1
-12;-10;19;0;1
-15;-16;48;0;1
-17;29;21;0;1
-35;0;26;1;1
-43;-20;25;0;1
-40;29;50;0;1
-16;25;14;0;1
-39;-45;25;0;1
-18;-15;31;1;1
-31;15;41;1;1
-48;4;19;0;1
-35;4;14;0;1
-42;-12;19;1;1
-13;-12;39;1;1
-23;-30;45;0;1
-35;12;18;0;1
-44;6;29;0;1
-13;-13;30;0;1
-42;-26;38;1;1
-45;-35;25;0;1
-32;24;12;1;1
-22;-36;38;0;1
-38;-37;42;0;1
-49;7;41;0;1
-29;29;17;1;1
-17;29;13;0;1
-28;-7;26;1;1
-24;-12;26;1;1
-68;4;19;1;1
-35;-29;42;0;1
-50;-20;25;0;1
-55;18;18;0;1
-61;-13;29;1;1
-26;26;37;1;1
-13;22;51;0;1
-21;8;38;0;1
-33;-45;21;0;1
-34;20;57;0;1
-46;-6;22;0;1
-17;-1;43;0;1
-20;22;30;1;1
-38;12;13;0;1
-28;-7;36;0;1
-25;29;22;0;1
-33;52;23;0;1
-30;26;50;1;1
-23;-14;49;0;1
-39;-37;26;1;1
-29;9;43;0;1
-29;22;53;1;1
-27;1;34;0;1
-49;-42;18;0;1
-52;-22;30;1;1
-29;-22;41;0;1
-24;-23;51;0;1
-47;-20;29;0;1
-30;-33;21;0;1
-23;-28;23;0;1
-22;11;23;0;1
-40;-8;18;1;1
-27;11;44;0;1
-47;12;21;0;1
-39;-46;26;1;1
-35;13;15;0;1
-35;-34;42;0;1
-53;28;33;0;1
-36;39;44;0;1
-31;-15;28;0;1
-10;12;22;0;1
-16;-2;41;0;1
-14;-15;33;0;1
-24;-30;29;0;1
-24;28;29;1;1
-39;6;59;1;1
-39;-34;20;0;1
-48;3;15;1;1
-49;36;36;1;1
-29;-15;27;0;1
-29;15;11;1;1
-59;-10;20;0;1
-49;-15;23;0;1
-41;23;16;1;1
-50;7;45;0;1
-38;-17;12;1;1
-24;-4;31;1;1
-11;-8;21;0;1
-13;-16;24;0;1
-37;4;21;0;1
-14;-14;21;0;1
-23;33;14;1;1
-43;1;43;0;1
-26;15;43;0;1
-28;46;38;0;1
-19;-32;56;0;1
-44;-4;16;0;1
-27;15;34;1;1
-58;6;32;0;1
-46;-28;44;0;1
-41;4;12;1;1
-36;1;40;0;1
-48;10;26;1;1
-45;32;19;1;1
-39;-12;13;0;1
-27;25;16;0;1
-27;-35;44;0;1
-17;20;37;1;1
-38;-31;33;1;1
-25;28;48;0;1
-42;-22;37;0;1
-30;-8;41;0;1
-60;-25;24;0;1
-14;14;26;0;1
-49;24;31;1;1
-23;-2;53;0;1
-47;-5;24;0;1
-38;2;19;0;1
-57;29;22;0;1
-14;24;41;0;1
-27;42;33;1;1
-35;8;41;0;1
-51;37;22;1;1
-58;-24;29;1;1
-30;12;20;1;1
-46;-35;26;0;1
-27;-9;44;1;1
-44;36;29;0;1
-53;-11;40;1;1
-18;-18;61;0;1
-51;-9;18;0;1
-28;7;36;0;1
-50;-33;34;0;1
-14;-14;34;0;1
-41;45;17;0;1
-46;8;29;1;1
-20;0;39;0;1
-17;-18;62;1;1
-14;-3;39;0;1
-35;-27;16;1;1
-26;-25;15;0;1
-21;-16;30;0;1
-29;-4;43;0;1
-45;24;48;0;1
-50;-25;30;0;1
-38;-16;41;0;1
-23;-30;49;1;1
-41;-36;45;1;1
-31;-10;25;0;1
-19;-27;17;0;1
-27;46;17;1;1
-20;-4;18;0;1
-29;37;48;1;1
-55;19;38;1;1
-33;-26;36;1;1
-21;25;51;0;1
-41;-2;34;1;1
-50;-3;44;0;1
-29;13;54;0;1
-49;34;37;0;1
-62;-20;22;1;1
-36;-10;47;0;1
-21;-4;30;0;1
-34;-50;34;0;1
-29;27;30;1;1
-29;-9;39;0;1
-34;-52;25;0;1
-56;26;21;1;1
-28;-1;43;1;1
-15;-4;36;0;1
-17;19;51;1;1
-43;11;42;0;1
-37;47;26;1;1
-30;41;31;0;1
-43;47;23;1;1
-20;-17;28;1;1
-21;-23;40;1;1
-18;-19;35;0;1
-18;18;39;1;1
-44;-47;26;1;1
-37;43;42;1;1
-38;32;15;0;1
-27;14;22;0;1
-45;-30;26;0;1
-46;20;37;1;1
-43;-26;23;0;1
-61;11;22;0;1
-56;-7;30;0;1
-35;32;47;0;1
-35;46;21;1;1
-18;-17;16;0;1
-25;-12;50;1;1
-42;37;34;0;1
-22;-23;60;0;1
-36;23;49;0;1
-42;-11;13;0;1
-9;-7;26;0;1
-49;40;32;1;1
-30;-4;19;0;1
-33;-3;55;1;1
-18;-2;26;0;1
-26;35;26;1;1
-28;-30;18;1;1
-29;-40;48;1;1
-15;-13;46;0;1
-36;21;34;1;1
-35;-7;18;1;1
-59;-20;26;0;1
-23;29;35;1;1
-28;-33;28;1;1
-61;-24;23;1;1
-37;12;31;1;1
-45;13;17;1;1
-37;-3;14;1;1
-25;17;44;0;1
-29;13;32;1;1
-25;0;63;1;1
-29;13;50;1;1
-43;9;24;0;1
-38;16;38;0;1
-30;17;43;1;1
-37;42;31;0;1
-30;11;48;0;1
-47;25;43;0;1
-57;34;19;0;1
-46;-21;24;0;1
-13;-13;28;0;1
-30;27;34;0;1
-47;-36;19;1;1
-10;-15;47;0;1
-20;-4;35;1;1
-27;-8;43;0;1
-41;10;43;1;1
-37;8;17;1;1
-40;-5;46;1;1
-27;32;53;0;1
-25;13;65;1;1
-54;-16;18;0;1
-43;14;21;1;1
-24;24;47;1;1
-23;33;30;0;1
-10;-16;23;0;1
-43;-19;22;1;1
-22;13;13;0;1
-35;-13;46;0;1
-33;-41;24;1;1
-33;8;35;0;1
-19;21;47;0;1
-55;-6;29;0;1
-22;-33;37;0;1
-32;16;37;1;1
-38;-22;43;0;1
-19;30;10;0;1
-45;-24;25;0;1
-18;10;43;0;1
-34;48;36;0;1
-51;24;30;0;1
-35;7;49;0;1
-31;-17;49;0;1
-24;-29;46;0;1
-35;26;22;1;1
-21;19;58;1;1
-20;-28;51;1;1
-22;-21;42;1;1
-23;-35;48;0;1
-40;51;27;1;1
-52;-28;38;0;1
-22;10;42;0;1
-54;-21;26;0;1
-56;-34;27;0;1
-19;6;39;0;1
-28;29;46;1;1
-38;-36;24;1;1
-34;31;31;1;1
-31;40;42;0;1
-29;-49;20;1;1
-48;-32;23;1;1
-24;41;42;1;1
-25;6;17;0;1
-31;-29;51;1;1
-27;11;13;1;1
-54;18;23;1;1
-32;5;55;1;1
-38;-22;33;0;1
-35;-4;13;0;1
-33;-51;20;1;1
-23;-18;45;1;1
-53;16;16;1;1
-33;-39;29;1;1
-21;-25;33;0;1
-31;13;48;0;1
-42;23;36;1;1
-33;26;28;1;1
-33;3;55;1;1
-41;36;43;0;1
-15;18;11;0;1
-50;22;45;1;1
-35;-26;34;0;1
-58;21;30;1;1
-51;-31;29;0;1
-37;-7;13;0;1
-27;29;38;0;1
-22;1;44;1;1
-62;6;29;1;1
-17;-12;49;1;1
-19;-19;27;0;1
-65;2;26;1;1
-37;15;31;0;1
-29;40;24;1;1
-41;-20;33;0;1
-40;33;27;1;1
-39;-21;39;1;1
-26;21;19;0;1
-65;9;24;0;1
-55;16;30;1;1
-38;14;38;0;1
-41;23;39;1;1
-34;22;18;1;1
-39;28;45;0;1
-42;15;40;0;1
-31;-36;45;0;1
-64;-13;26;1;1
-40;-10;51;0;1
-44;12;41;1;1
-34;7;56;1;1
-30;13;38;0;1
-49;-4;34;0;1
-20;-23;51;0;1
-47;-20;43;1;1
-29;-2;46;1;1
-34;-24;13;1;1
-26;10;40;1;1
-25;-1;9;0;1
-29;15;43;0;1
-48;-30;18;1;1
-10;13;19;1;1
-43;20;47;0;1
-32;-43;44;1;1
-35;-12;41;0;1
-31;23;22;0;1
-34;37;45;0;1
-38;16;54;0;1
-35;16;19;1;1
-46;-5;41;0;1
-33;-35;41;1;1
-45;27;32;0;1
-31;18;45;1;1
-33;13;32;1;1
-36;54;20;0;1
-16;-18;22;0;1
-28;-19;14;0;1
-28;-5;20;1;1
-53;-16;22;0;1
-24;-21;12;0;1
-31;-24;49;0;1
-37;-23;24;0;1
-38;-27;45;0;1
-31;30;52;0;1
-32;-11;49;0;1
-40;-20;19;0;1
-25;-12;54;0;1
-49;-1;19;1;1
-45;46;18;1;1
-62;0;20;0;1
-22;27;35;1;1
-29;-1;43;0;1
-30;49;29;0;1
-53;-11;29;1;1
-21;17;48;0;1
-54;-11;33;0;1
-51;-10;20;1;1
-23;-12;8;1;1
-58;-7;34;0;1
-23;-14;11;1;1
-23;10;48;0;1
-47;-35;31;0;1
-32;40;36;1;1
-50;-37;30;0;1
-25;22;58;0;1
-43;-8;36;0;1
-59;-26;21;0;1
-29;37;13;0;1
-36;-28;30;1;1
-44;17;48;0;1
-13;18;34;0;1
-22;16;62;0;1
-29;8;35;0;1
-12;-18;56;0;1
-55;27;32;1;1
-24;0;59;0;1
-29;12;16;0;1
-27;27;17;0;1
-10;-16;32;0;1
-50;-15;17;0;1
-21;-1;35;0;1
-39;-24;44;1;1
-49;18;47;1;1
-35;-29;49;0;1
-38;-5;45;1;1
-19;-31;21;0;1
-29;-17;21;0;1
-34;11;49;1;1
-28;43;28;0;1
-38;-47;37;0;1
-22;8;62;1;1
-20;-14;9;1;1
-29;-32;30;0;1
-41;-7;12;0;1
-14;-11;29;0;1
-38;29;35;0;1
-21;16;8;0;1
-44;14;21;0;1
-21;-32;31;1;1
-42;-21;21;1;1
-41;-43;17;0;1
-52;-28;22;1;1
-25;-20;46;1;1
-12;19;49;0;1
-58;-16;27;0;1
-65;3;23;0;1
-9;11;29;1;1
-29;16;57;0;1
-61;-17;23;0;1
-54;24;25;1;1
-35;-13;58;0;1
-36;-3;51;0;1
-23;11;34;1;1
-18;19;54;1;1
-15;-24;30;0;1
-35;-4;33;0;1
-60;-17;18;1;1
-52;5;19;0;1
-24;-38;27;0;1
-20;22;39;0;1
-28;-39;22;0;1
-32;28;44;0;1
-14;24;58;0;1
-56;-10;19;1;1
-36;-5;35;0;1
-51;5;40;1;1
-46;47;25;1;1
-40;-5;42;1;1
-61;-9;28;1;1
-27;22;21;1;1
-17;-15;25;0;1
-38;37;20;1;1
-20;-14;52;0;1
-26;23;21;0;1
-21;-16;60;0;1
-25;17;11;1;1
-29;-28;15;1;1
-48;11;24;1;1
-37;26;23;0;1
-38;-17;54;0;1
-19;-22;31;0;1
-11;7;22;0;1
-34;-47;35;0;1
-30;-35;52;1;1
-17;-27;30;0;1
-37;-20;37;0;1
-55;-14;35;0;1
-26;-16;52;0;1
-39;19;32;0;1
-33;10;26;0;1
-39;41;38;0;1
-25;15;27;0;1
-34;38;36;0;1
-14;-19;62;0;1
-29;39;24;0;1
-25;34;27;0;1
-50;-16;34;0;1
-27;-17;57;1;1
-31;-12;43;0;1
-17;-16;27;1;1
-23;9;46;1;1
-27;-26;22;0;1
-29;-38;31;0;1
-40;7;44;1;1
-48;-2;33;0;1
-55;-16;42;0;1
-31;1;50;0;1
-54;3;24;0;1
-54;-25;36;0;1
-46;10;39;0;1
-21;-10;17;0;1
-20;-25;52;0;1
-26;-40;27;1;1
-38;24;23;0;1
-10;-9;36;1;1
-28;-3;25;1;1
-54;-2;37;0;1
-38;44;21;1;1
-49;-38;28;1;1
-59;-7;17;1;1
-56;-15;35;0;1
-33;-4;34;0;1
-14;24;46;0;1
-33;-2;25;0;1
-40;2;57;0;1
-47;-20;36;0;1
-19;31;52;0;1
-18;-18;38;0;1
-54;17;41;0;1
-53;-12;23;1;1
-29;-26;40;1;1
-16;7;30;1;1
-30;36;42;1;1
-34;33;29;0;1
-31;32;55;1;1
-46;24;20;0;1
-38;9;45;0;1
-50;34;33;0;1
-36;-20;41;0;1
-21;29;59;1;1
-22;38;19;0;1
-11;-19;47;0;1
-29;20;26;1;1
-49;26;17;0;1
-27;-22;48;1;1
-33;-7;54;0;1
-57;-5;37;0;1
-52;35;20;0;1
-14;20;14;0;1
-12;17;23;1;1
-27;-30;26;1;1
-25;15;21;0;1
-32;-2;43;0;1
-32;-14;52;1;1
-20;4;52;1;1
-42;28;46;0;1
-26;-18;53;0;1
-52;9;28;0;1
-66;-2;25;0;1
-11;-13;45;0;1
-48;25;45;0;1
-28;47;16;0;1
-9;15;33;1;1
-11;-17;52;0;1
-30;-19;56;0;1
-18;-19;24;0;1
-43;-39;30;0;1
-46;27;38;1;1
-22;-30;31;0;1
-23;-11;35;1;1
-42;-28;33;0;1
-16;9;21;0;1
-14;16;32;0;1
-42;34;25;0;1
-46;5;35;0;1
-55;7;20;1;1
-19;-26;20;0;1
-22;0;18;0;1
-21;-23;37;0;1
-22;16;63;0;1
-50;-6;31;1;1
-23;-16;55;0;1
-16;-23;20;0;1
-52;-34;25;1;1
-36;-32;26;0;1
-20;29;21;0;1
-37;11;53;1;1
-54;-18;28;0;1
-29;6;13;0;1
-42;24;42;0;1
-33;-14;44;0;1
-42;-30;41;0;1
-50;26;20;0;1
-36;22;22;0;1
-27;0;36;1;1
-48;-6;35;1;1
-11;2;26;0;1
-28;-26;52;0;1
-31;0;9;1;1
-24;30;44;1;1
-43;-16;50;1;1
-21;-3;40;1;1
-41;-2;38;0;1
-47;-2;25;0;1
-26;5;59;1;1
-25;-14;51;0;1
-24;34;14;0;1
-44;28;36;1;1
-40;12;51;0;1
-23;14;65;0;1
-37;47;27;0;1
-19;8;43;1;1
-42;-38;22;0;1
-47;-8;41;0;1
-20;-21;21;0;1
-38;34;46;1;1
-25;-6;37;0;1
-18;-14;42;0;1
-31;14;30;1;1
-26;20;26;0;1
-33;-45;40;1;1
-47;-25;29;1;1
-30;-44;38;0;1
-33;39;39;0;1
-42;11;35;1;1
-67;1;21;0;1
-23;32;22;0;1
-32;-5;16;0;1
-29;-50;23;1;1
-58;1;39;0;1
-54;10;26;0;1
-44;-22;44;0;1
-43;-32;45;0;1
-56;14;35;1;1
-31;6;28;0;1
-42;39;26;1;1
-34;9;13;1;1
-24;-41;49;0;1
-38;42;16;1;1
-27;12;18;1;1
-52;-33;27;1;1
-48;-27;43;0;1
-25;23;42;0;1
-22;38;34;0;1
-19;-29;33;0;1
-29;-20;54;1;1
-66;8;20;0;1
-15;25;44;0;1
-31;33;33;0;1
-41;-25;47;1;1
-36;6;54;0;1
-53;-11;42;0;1
-54;-25;17;0;1
-21;25;56;1;1
-42;-4;30;1;1
-54;9;19;0;1
-43;-2;29;1;1
-23;-20;17;0;1
-18;-25;21;1;1
-26;4;38;1;1
-17;29;11;0;1
-44;12;52;0;1
-29;45;34;0;1
-42;43;36;0;1
-26;23;26;0;1
-47;-8;16;1;1
-29;37;36;0;1
-45;-26;24;1;1
-29;-34;26;1;1
-31;4;43;1;1
-18;-10;19;1;1
-12;13;29;0;1
-33;24;20;1;1
-19;2;33;0;1
-29;-13;62;1;1
-40;42;33;0;1
-36;15;41;0;1
-24;-35;25;0;1
-28;-24;10;1;1
-27;-44;34;0;1
-8;13;27;0;1
-21;11;9;1;1
-15;25;62;0;1
-41;35;43;0;1
-29;-39;30;1;1
-10;-13;32;0;1
-48;-21;44;1;1
-37;6;54;0;1
-23;-34;11;0;1
-34;25;35;1;1
-59;5;33;0;1
-26;-28;18;0;1
-20;-29;17;1;1
-27;-16;14;1;1
-24;-26;14;0;1
-20;-28;60;0;1
-33;53;18;1;1
-35;4;44;1;1
-51;-20;16;0;1
-26;-39;29;0;1
-12;-7;37;1;1
-23;-5;34;0;1
-39;-15;35;1;1
-63;0;29;1;1
-37;-18;16;0;1
-35;-28;27;0;1
-31;23;30;1;1
-47;33;30;0;1
-44;-35;29;0;1
-16;21;17;1;1
-28;-9;13;0;1
-33;-4;53;0;1
-49;-41;25;1;1
-44;-41;33;0;1
-26;8;25;1;1
-53;-20;35;0;1
-42;10;54;1;1
-40;-6;22;1;1
-27;-2;24;1;1
-25;-36;21;1;1
-61;10;30;1;1
-44;-22;17;0;1
-36;25;51;0;1
-50;-38;18;0;1
-32;-3;52;0;1
-46;10;25;0;1
-50;-10;35;1;1
-21;-3;18;0;1
-50;-8;44;0;1
-24;-1;65;1;1
-22;-2;15;0;1
-13;17;24;0;1
-28;-38;40;0;1
-15;-18;9;0;1
-27;14;40;0;1
-45;-47;18;0;1
-33;-32;40;0;1
-15;-13;21;0;1
-17;-18;30;0;1
-48;11;43;1;1
-36;-22;51;0;1
-13;-19;25;1;1
-48;40;18;0;1
-21;-13;29;0;1
-21;-7;47;0;1
-32;-33;37;0;1
-31;-17;14;0;1
-29;5;20;1;1
-14;-2;36;0;1
-27;-37;45;1;1
-31;17;52;0;1
-46;-13;37;0;1
-24;27;57;1;1
-37;-50;17;1;1
-27;-13;41;0;1
-25;36;24;0;1
-39;19;27;0;1
-45;8;52;1;1
-34;-17;14;1;1
-46;-34;35;0;1
-40;-48;18;0;1
-25;-10;20;0;1
-56;15;36;1;1
-34;-52;17;0;1
-50;-23;36;0;1
-27;-26;33;0;1
-20;10;55;0;1
-46;-33;39;1;1
-32;25;50;1;1
-33;-16;20;0;1
-30;-20;54;0;1
-40;31;49;0;1
-37;23;22;0;1
-33;18;21;0;1
-41;6;56;1;1
-57;13;27;1;1
-56;33;21;1;1
-30;7;40;0;1
-42;18;42;0;1
-63;2;22;0;1
-28;-26;33;0;1
-33;-9;34;0;1
-19;-26;36;0;1
-35;28;14;0;1
-46;-29;29;0;1
-29;-12;36;0;1
-46;12;24;0;1
-43;-27;33;1;1
-42;-39;20;1;1
-16;-5;30;0;1
-20;-31;58;0;1
-42;-14;27;1;1
-34;-17;43;1;1
-25;-33;38;0;1
-21;34;13;1;1
-27;16;60;0;1
-18;26;52;1;1
-26;-10;52;0;1
-26;2;45;1;1
-48;11;27;1;1
-28;20;56;0;1
-38;-27;33;0;1
-54;18;19;1;1
-35;29;22;0;1
-54;19;16;0;1
-44;-9;17;1;1
-23;-3;15;0;1
-43;4;49;0;1
-54;28;28;1;1
-29;12;42;0;1
-27;21;49;0;1
-24;-15;40;1;1
-16;-12;54;0;1
-35;48;29;1;1
-32;46;23;0;1
-22;-18;61;0;1
-20;-22;42;0;1
-30;10;38;0;1
-42;-29;36;0;1
-33;1;22;1;1
-34;-37;30;0;1
-29;-29;35;1;1
-17;-4;28;0;1
-30;41;40;0;1
-28;-11;64;0;1
-41;29;28;0;1
-20;-10;17;0;1
-27;2;34;1;1
-28;27;57;1;1
-29;-13;17;0;1
-50;26;39;0;1
-39;18;22;1;1
-19;11;44;0;1
-51;10;47;1;1
-39;0;29;0;1
-42;-16;17;1;1
-36;-8;59;1;1
-36;-38;20;0;1
-38;16;13;0;1
-15;22;59;1;1
-21;-35;18;1;1
-16;21;24;1;1
-48;24;40;0;1
-28;-25;44;0;1
-43;-51;19;0;1
-53;31;19;0;1
-39;-32;43;0;1
-63;4;19;0;1
-47;-20;44;0;1
-58;21;26;0;1
-21;-34;31;0;1
-41;44;34;0;1
-36;21;19;0;1
-46;8;17;0;1
-26;-34;24;0;1
-57;-8;17;0;1
-35;-22;17;0;1
-34;-18;58;1;1
-22;-11;44;1;1
-24;17;58;1;1
-38;3;28;0;1
-52;28;38;0;1
-30;12;52;0;1
-35;42;20;0;1
-34;34;50;0;1
-40;22;52;0;1
-20;26;29;0;1
-22;-1;46;0;1
-51;-7;43;1;1
-42;-31;21;0;1
-38;50;18;0;1
-35;-40;40;0;1
-45;-3;54;0;1
-40;-39;36;1;1
-27;-7;42;0;1
-32;-29;41;1;1
-35;-28;15;1;1
-42;-11;18;0;1
-39;27;52;0;1
-31;-37;15;0;1
-13;-22;16;0;1
-21;31;12;0;1
-33;-7;23;0;1
-29;-9;25;0;1
-23;-6;62;0;1
-22;21;45;0;1
-17;5;47;0;1
-27;13;22;1;1
-36;-13;25;0;1
-41;3;51;1;1
-21;-32;54;0;1
-15;-12;21;0;1
-30;24;59;0;1
-29;-47;43;0;1
-30;-44;46;1;1
-26;39;34;1;1
-39;-23;37;1;1
-26;-9;17;0;1
-49;29;23;1;1
-17;-22;48;1;1
-45;19;24;1;1
-32;-34;50;1;1
-19;32;16;1;1
-18;-1;34;0;1
-28;6;65;1;1
-37;-46;21;0;1
-53;31;34;1;1
-51;-3;23;0;1
-32;-42;29;0;1
-48;32;30;0;1
-30;21;36;0;1
-48;17;39;0;1
-51;-2;34;0;1
-43;0;43;1;1
-23;28;58;1;1
-32;-37;51;1;1
-30;26;37;1;1
-12;-20;55;0;1
-27;-17;31;1;1
-28;47;23;0;1
-37;33;36;1;1
-47;20;38;1;1
-37;-20;57;0;1
-22;-16;50;0;1
-35;-36;39;0;1
-36;45;28;1;1
-21;-6;20;1;1
-29;-48;35;0;1
-25;-5;44;0;1
-15;23;31;1;1
-47;6;48;1;1
-25;5;13;0;1
-51;40;22;0;1
-35;-38;14;0;1
-40;11;37;0;1
-35;-29;51;1;1
-15;22;18;0;1
-30;20;27;0;1
-14;12;32;0;1
-37;1;25;1;1
-25;-24;59;0;1
-22;-28;33;0;1
-48;-10;25;0;1
-43;-35;15;0;1
-26;-18;46;1;1
-28;30;53;1;1
-21;-24;16;1;1
-39;-25;31;0;1
-22;-23;13;1;1
-56;3;19;0;1
-51;6;20;0;1
-38;-38;46;0;1
-59;-3;31;1;1
-34;24;37;0;1
-33;-2;21;0;1
-58;-8;27;0;1
-50;-3;32;1;1
-54;33;29;1;1
-35;30;54;0;1
-45;-8;38;1;1
-32;49;32;0;1
-34;20;40;0;1
-38;21;36;1;1
-31;4;17;0;1
-11;-5;25;1;1
-20;0;22;1;1
-57;-18;23;1;1
-27;-18;28;0;1
-17;29;10;0;1
-39;23;16;1;1
-31;8;39;0;1
-66;10;19;0;1
-62;3;34;0;1
-42;-24;33;0;1
-16;3;33;1;1
-30;25;21;0;1
-60;1;23;1;1
-49;-17;23;0;1
-52;30;25;0;1
-23;-31;26;1;1
-30;33;35;1;1
-33;-42;27;0;1
-23;28;17;1;1
-27;-7;13;0;1
-21;-6;40;1;1
-22;6;31;1;1
-26;-3;53;0;1
-29;43;45;1;1
-16;-13;24;0;1
-41;-50;23;1;1
-41;40;21;1;1
-20;32;39;1;1
-49;-44;20;0;1
-25;34;37;0;1
-21;31;43;1;1
-44;13;37;0;1
-36;0;22;0;1
-30;2;42;0;1
-43;14;17;1;1
-21;-4;50;0;1
-29;-15;15;1;1
-48;-27;15;0;1
-36;-51;19;0;1
-35;-3;48;0;1
-34;29;48;0;1
-51;-2;30;0;1
-39;3;38;0;1
-24;-23;48;1;1
-32;48;19;0;1
-18;1;23;0;1
-62;-4;19;1;1
-11;-10;33;1;1
-13;8;23;0;1
-27;2;45;0;1
-29;-35;15;1;1
-56;-15;20;0;1
-27;14;30;0;1
-26;-17;44;0;1
-25;-26;22;0;1
-48;25;26;0;1
-49;40;26;1;1
-37;25;31;0;1
-25;8;55;0;1
-29;50;33;0;1
-57;-23;20;0;1
-27;46;37;0;1
-20;-4;48;1;1
-43;24;14;1;1
-36;-8;44;0;1
-26;-40;37;0;1
-47;-19;45;0;1
-36;11;26;0;1
-19;-14;60;0;1
-43;42;24;1;1
-48;-9;45;0;1
-35;-18;31;1;1
-54;25;35;1;1
-39;-4;39;0;1
-47;37;36;1;1
-26;45;41;1;1
-34;-46;32;1;1
-15;2;39;1;1
-53;-13;42;0;1
-59;-1;17;1;1
-42;-5;25;0;1
-40;-3;55;0;1
-18;-20;50;0;1
-35;18;19;1;1
-50;21;35;0;1
-23;17;63;0;1
-31;-26;33;0;1
-25;-43;43;0;1
-20;15;52;0;1
-53;17;37;1;1
-27;10;30;0;1
-45;-39;24;0;1
-36;-25;15;1;1
-24;33;45;1;1
-37;27;41;0;1
-23;9;32;0;1
-43;-19;24;0;1
-53;-23;23;0;1
-40;23;44;1;1
-20;-32;36;1;1
-25;-27;55;0;1
-30;-34;22;1;1
-52;20;15;0;1
-26;-8;55;0;1
-33;42;45;1;1
-48;4;24;0;1
-13;-16;34;0;1
-40;40;39;0;1
-33;18;51;0;1
-64;-12;28;0;1
-26;-18;31;0;1
-46;14;52;1;1
-40;-21;26;1;1
-26;0;49;1;1
-39;30;20;1;1
-26;27;44;1;1
-23;14;39;1;1
-37;13;40;0;1
-50;-12;35;1;1
-29;8;36;0;1
-49;-46;19;0;1
-35;4;59;1;1
-31;-10;26;1;1
-23;-10;65;0;1
-30;-30;17;1;1
-15;2;32;0;1
-59;-19;31;1;1
-41;12;52;0;1
-16;15;46;0;1
-37;-17;46;1;1
-34;-39;19;0;1
-38;23;18;1;1
-29;-13;49;0;1
-44;-18;47;0;1
-41;1;19;0;1
-26;-41;41;0;1
-45;-1;39;0;1
-46;-33;38;0;1
-16;5;36;1;1
-13;-16;20;0;1
-22;28;40;1;1
-45;3;16;0;1
-46;47;22;0;1
-20;-1;38;0;1
-37;-34;39;0;1
-34;2;50;0;1
-19;19;28;0;1
-26;2;18;1;1
-36;-31;38;1;1
-27;28;51;1;1
-8;5;24;0;1
-21;27;52;1;1
-15;21;50;0;1
-26;-6;45;0;1
-26;14;40;0;1
-42;-29;47;0;1
-60;-22;29;1;1
-40;-25;42;1;1
-51;23;30;0;1
-31;8;37;0;1
-50;21;41;0;1
-28;39;35;1;1
-37;-14;35;0;1
-51;6;27;1;1
-32;2;38;0;1
-40;-20;55;1;1
-30;-30;53;1;1
-53;-18;33;1;1
-37;17;39;1;1
-28;32;49;0;1
-33;-28;18;0;1
-30;28;53;0;1
-35;58;20;1;1
-48;-30;31;1;1
-23;27;13;0;1
-17;-11;50;0;1
-44;24;17;0;1
-26;-30;57;0;1
-37;-12;39;0;1
-52;5;23;0;1
-55;-33;28;0;1
-40;-26;33;0;1
-19;19;11;0;1
-43;-38;28;1;1
-37;-11;57;0;1
-29;-13;19;1;1
-36;-2;32;0;1
-18;27;48;0;1
-33;46;25;1;1
-59;-7;31;0;1
-27;-21;49;0;1
-18;-17;26;0;1
-55;21;39;0;1
-38;-15;41;0;1
-21;-17;10;1;1
-48;-12;21;0;1
-22;21;50;1;1
-53;6;24;0;1
-40;0;53;0;1
-55;16;19;0;1
-18;-27;32;0;1
-23;39;27;1;1
-41;3;21;1;1
-24;-29;47;0;1
-46;-39;22;1;1
-37;-20;38;0;1
-38;32;27;0;1
-23;22;53;1;1
-18;12;17;0;1
-23;9;19;0;1
-59;-17;28;0;1
-40;-11;32;0;1
-17;3;44;0;1
-61;-5;32;0;1
-33;-3;27;1;1
-22;3;47;1;1
-24;31;15;1;1
-49;-7;25;1;1
-26;38;36;1;1
-17;-18;56;1;1
-18;-28;41;1;1
-27;-25;45;0;1
-31;3;10;1;1
-38;2;15;1;1
-11;9;32;1;1
-30;14;62;1;1
-32;-7;20;0;1
-53;34;25;1;1
-40;-13;37;1;1
-28;-43;31;1;1
-52;-42;24;1;1
-49;28;43;0;1
-38;-9;50;0;1
-40;2;23;1;1
-46;34;26;1;1
-43;-5;54;0;1
-62;16;18;0;1
-50;18;16;0;1
-56;17;39;1;1
-65;-5;24;0;1
-44;-15;51;0;1
-29;9;24;1;1
-64;-2;27;1;1
-25;-30;28;1;1
-66;-2;22;1;1
-39;2;52;0;1
-13;17;36;0;1
-56;-23;35;0;1
-20;3;50;0;1
-61;-7;22;0;1
-38;46;21;1;1
-27;-8;11;1;1
-38;-16;36;0;1
-37;31;17;0;1
-47;-33;23;1;1
-45;18;20;0;1
-44;-4;51;1;1
-17;25;23;0;1
-24;3;47;1;1
-30;-8;28;1;1
-20;-8;33;1;1
-42;29;45;0;1
-34;-11;11;0;1
-43;34;45;1;1
-26;-32;14;0;1
-19;-29;30;0;1
-15;-2;35;0;1
-30;4;10;0;1
-22;-18;65;1;1
-44;43;34;0;1
-23;34;11;1;1
-28;-42;23;0;1
-53;-16;19;0;1
-26;28;53;0;1
-27;6;44;0;1
-43;49;20;1;1
-27;-45;38;1;1
-21;-2;29;0;1
-38;-3;58;0;1
-28;-46;15;1;1
-29;-1;26;0;1
-34;1;56;0;1
-44;-29;40;0;1
-41;6;45;1;1
-43;-26;31;1;1
-36;-25;18;1;1
-23;-20;30;0;1
-14;-2;25;1;1
-49;25;23;1;1
-12;16;45;0;1
-61;18;18;1;1
-53;-18;39;1;1
-38;-15;43;0;1
-34;-43;15;0;1
-49;-26;18;1;1
-15;-22;48;0;1
-49;11;43;1;1
-25;3;56;0;1
-59;-21;17;0;1
-50;-27;42;0;1
-37;-2;48;1;1
-38;21;37;1;1
-44;15;17;1;1
-29;-22;19;0;1
-45;-14;21;0;1
-25;31;30;1;1
-30;-9;44;1;1
-28;-1;34;0;1
-25;-31;39;1;1
-18;3;44;0;1
-31;-27;45;0;1
-37;-9;26;1;1
-31;-32;30;1;1
-50;-21;20;0;1
-14;23;23;1;1
-38;20;14;0;1
-56;4;35;1;1
-48;34;37;0;1
-62;16;23;0;1
-42;-4;52;1;1
-53;9;23;0;1
-11;-7;30;0;1
-35;-33;29;1;1
-22;29;10;1;1
-45;42;23;0;1
-26;21;60;0;1
-43;43;27;0;1
-29;-12;22;0;1
-31;35;50;0;1
-25;0;62;0;1
-51;11;37;0;1
-17;27;9;1;1
-22;-13;7;0;1
-44;41;32;0;1
-44;1;15;0;1
-44;12;30;0;1
-44;-1;17;1;1
-29;-22;24;1;1
-53;-1;36;0;1
-33;-6;16;0;1
-22;32;14;1;1
-50;1;24;0;1
-44;-4;22;1;1
-44;44;34;1;1
-36;7;44;1;1
-29;-1;56;0;1
-32;-12;47;1;1
-44;18;30;0;1
-33;-29;39;0;1
-24;-8;35;1;1
-19;17;33;0;1
-12;-19;18;0;1
-25;-42;40;0;1
-25;35;47;0;1
-59;33;20;1;1
-37;46;31;1;1
-16;5;23;1;1
-36;-32;15;0;1
-37;-49;29;0;1
-33;-27;34;1;1
-34;-5;54;0;1
-13;-12;27;0;1
-54;-14;40;0;1
-11;11;39;0;1
-23;-16;49;1;1
-29;11;56;1;1
-30;-26;27;0;1
-41;12;38;0;1
-19;15;52;0;1
-25;-27;18;0;1
-49;-22;40;0;1
-35;-40;22;1;1
-54;19;28;0;1
-33;7;31;0;1
-35;1;28;1;1
-14;-20;60;0;1
-25;43;16;1;1
-46;-22;32;0;1
-37;-8;43;0;1
-30;32;49;1;1
-47;12;48;1;1
-60;9;33;0;1
-51;15;33;0;1
-22;-3;25;0;1
-21;21;20;0;1
-49;-35;26;1;1
-46;27;30;0;1
-55;-20;33;0;1
-45;-23;49;1;1
-22;31;30;0;1
-41;1;30;0;1
-22;15;58;0;1
-45;42;31;0;1
-30;-12;37;0;1
-60;19;24;0;1
-20;-28;42;1;1
-56;1;23;1;1
-44;44;20;1;1
-35;38;27;0;1
-23;29;45;0;1
-58;-9;19;1;1
-45;26;14;1;1
-39;16;14;1;1
-24;22;37;0;1
-29;-14;38;0;1
-35;-14;19;0;1
-18;-22;26;0;1
-45;-24;36;0;1
-41;-27;35;0;1
-54;-17;18;0;1
-28;27;38;0;1
-25;20;44;0;1
-61;0;31;0;1
-23;-22;53;0;1
-40;-46;30;1;1
-35;1;53;1;1
-21;35;42;1;1
-43;3;50;0;1
-49;-27;21;1;1
-28;-21;40;0;1
-36;-16;53;0;1
-32;-47;33;1;1
-53;18;24;0;1
-55;-31;28;0;1
-36;-6;24;0;1
-40;-18;27;0;1
-45;-23;42;1;1
-34;41;19;0;1
-34;10;38;1;1
-30;11;9;1;1
-18;-3;29;1;1
-33;-16;36;0;1
-25;-15;64;0;1
-30;7;24;0;1
-31;8;13;0;1
-14;-21;53;1;1
-27;-30;57;0;1
-39;-6;57;1;1
-46;-12;33;0;1
-37;-2;21;1;1
-44;16;36;1;1
-10;5;23;0;1
-24;9;33;0;1
-50;36;23;0;1
-48;6;21;0;1
-31;-16;15;1;1
-23;37;26;0;1
-35;-26;54;1;1
-42;-19;32;1;1
-31;27;27;0;1
-65;-14;24;1;1
-23;15;36;0;1
-52;19;23;0;1
-22;7;13;1;1
-38;19;12;1;1
-33;23;13;0;1
-50;1;17;1;1
-41;-41;20;1;1
-39;-5;17;1;1
-41;-20;27;1;1
-44;-15;53;0;1
-37;22;35;0;1
-25;-18;39;0;1
-26;-33;25;0;1
-48;36;32;0;1
-48;-22;43;0;1
-62;-7;31;0;1
-36;-13;48;0;1
-45;-14;32;0;1
-39;19;49;0;1
-23;-25;37;0;1
-33;-10;24;1;1
-55;-20;19;0;1
-25;15;51;0;1
-37;7;16;1;1
-36;6;32;0;1
-24;-25;39;0;1
-15;16;29;0;1
-18;-26;44;1;1
-20;4;17;0;1
-33;36;14;1;1
-24;13;26;1;1
-45;-13;36;0;1
-18;19;46;0;1
-30;4;40;0;1
-52;21;28;0;1
-37;-15;27;0;1
-18;30;33;0;1
-45;-9;27;0;1
-56;-19;26;0;1
-22;34;34;0;1
-38;11;51;1;1
-5;8;23;0;1
-18;-17;55;0;1
-48;4;15;0;1
-21;-14;35;0;1
-43;15;42;1;1
-55;15;38;0;1
-14;19;20;0;1
-64;9;18;0;1
-32;37;43;0;1
-38;22;43;0;1
-44;-40;30;0;1
-17;-10;25;0;1
-23;4;10;1;1
-33;-30;21;1;1
-25;-9;48;0;1
-38;-38;40;0;1
-36;-33;31;1;1
-15;9;22;1;1
-24;-13;45;0;1
-47;-16;17;0;1
-37;-12;19;1;1
-34;14;60;0;1
-23;-33;26;0;1
-34;-53;22;0;1
-46;-40;26;1;1
-22;14;10;0;1
-52;-4;48;1;1
-55;-13;39;1;1
-24;-2;63;1;1
-52;-15;19;0;1
-46;22;16;1;1
-48;-7;14;0;1
-32;-23;43;1;1
-37;12;35;0;1
-33;-10;31;0;1
-48;-2;36;1;1
-31;39;46;1;1
-31;3;14;0;1
-48;2;22;1;1
-27;14;19;0;1
-11;-11;19;0;1
-19;19;51;0;1
-40;-34;26;0;1
-50;23;25;0;1
-32;12;28;0;1
-41;-27;40;0;1
-51;1;37;0;1
-52;-29;35;0;1
-38;-3;27;0;1
-59;1;26;0;1
-33;-37;45;1;1
-43;18;26;1;1
-41;-35;26;0;1
-28;-5;64;0;1
-12;-5;23;1;1
-33;27;32;0;1
-51;16;20;1;1
-26;-29;47;0;1
-28;-20;30;0;1
-35;-35;40;0;1
-14;20;58;0;1
-18;-6;44;0;1
-44;17;13;1;1
-35;-16;32;0;1
-47;-21;40;0;1
-55;2;24;0;1
-37;-29;39;1;1
-37;-45;39;1;1
-10;15;25;1;1
-31;14;49;0;1
-23;-10;49;0;1
-21;29;30;0;1
-23;-7;27;0;1
-54;-24;19;1;1
-47;42;30;1;1
-33;-2;12;0;1
-48;14;27;1;1
-28;-27;22;0;1
-17;19;27;0;1
-18;-29;25;1;1
-26;-14;18;0;1
-64;-17;20;0;1
-27;30;22;1;1
-25;-11;27;1;1
-30;26;42;0;1
-16;18;12;0;1
-20;16;61;1;1
-19;-22;53;0;1
-36;-11;23;1;1
-11;2;22;1;1
-57;-27;32;0;1
-19;-19;10;1;1
-17;-6;47;1;1
-26;43;40;0;1
-26;26;58;1;1
-53;-31;26;0;1
-28;-13;12;0;1
-20;21;23;0;1
-14;-18;39;0;1
-34;-25;37;0;1
-18;0;49;1;1
-25;-22;18;1;1
-52;2;31;1;1
-22;-38;53;1;1
-44;21;28;1;1
-28;-16;25;0;1
-34;-13;12;0;1
-45;5;16;1;1
-35;27;31;1;1
-34;-14;49;0;1
-39;-5;25;0;1
-34;-7;19;1;1
-24;23;14;1;1
-25;40;22;0;1
-25;5;9;0;1
-14;-2;37;1;1
-45;-28;45;0;1
-33;9;29;0;1
-21;12;55;1;1
-44;-14;51;1;1
-46;-3;34;0;1
-33;21;38;0;1
-14;16;47;0;1
-64;6;24;0;1
-32;-29;46;0;1
-18;18;48;0;1
-17;27;34;0;1
-55;-4;18;0;1
-39;21;19;0;1
-52;14;15;0;1
-20;-14;11;0;1
-41;-19;23;0;1
-27;4;44;0;1
-35;8;34;0;1
-10;-17;15;1;1
-13;9;33;1;1
-18;-12;59;0;1
-19;9;32;0;1
-34;30;24;0;1
-15;21;46;1;1
-34;-55;28;0;1
-28;-12;52;0;1
-36;-30;48;1;1
-15;-21;42;1;1
-28;-38;14;1;1
-31;2;28;1;1
-52;18;23;0;1
-48;35;18;1;1
-12;14;43;0;1
-24;-29;52;0;1
-20;28;32;0;1
-50;24;41;1;1
-60;7;30;1;1
-25;-33;52;1;1
-42;-30;35;0;1
-37;-37;27;1;1
-24;-5;14;0;1
-52;-32;34;0;1
-42;-11;42;0;1
-40;32;24;0;1
-26;25;10;0;1
-37;33;28;1;1
-20;3;49;1;1
-39;16;54;1;1
-29;-21;60;1;1
-57;27;18;1;1
-23;11;64;0;1
-40;-34;46;0;1
-24;-15;28;0;1
-24;-3;65;1;1
-55;-30;28;0;1
-40;-2;44;0;1
-60;-25;28;1;1
-19;13;31;1;1
-24;13;58;0;1
-31;-48;28;0;1
-52;-31;19;0;1
-61;11;32;0;1
-38;-31;48;1;1
-14;-17;39;1;1
-23;34;41;0;1
-24;-16;10;1;1
-54;24;35;0;1
-30;22;37;0;1
-44;-20;48;0;1
-26;42;29;1;1
-42;-33;45;0;1
-15;22;31;1;1
-47;3;40;1;1
-30;20;41;1;1
-45;-25;41;1;1
-22;-36;36;0;1
-29;-49;38;0;1
-49;30;18;0;1
-44;4;44;0;1
-56;2;40;0;1
-23;-19;16;0;1
-55;-27;20;0;1
-40;15;19;1;1
-30;-16;48;1;1
-24;19;13;0;1
-23;-5;57;0;1
-37;52;24;0;1
-45;7;19;1;1
-27;36;34;0;1
-32;35;28;0;1
-51;-6;33;1;1
-50;28;21;0;1
-15;22;9;0;1
-26;41;21;1;1
-41;-41;40;1;1
-25;16;14;0;1
-25;-16;20;0;1
-40;-35;40;1;1
-32;-9;45;0;1
-14;-22;11;0;1
-40;3;29;1;1
-43;12;31;1;1
-51;23;34;0;1
-19;31;58;0;1
-23;-37;36;0;1
-21;-8;43;0;1
-50;16;15;1;1
-48;-31;28;1;1
-31;-53;20;0;1
-43;-6;42;1;1
-26;23;45;0;1
-20;16;16;1;1
-28;-11;39;0;1
-26;9;28;1;1
-24;8;47;1;1
-58;-30;24;1;1
-27;26;16;0;1
-24;38;51;0;1
-47;44;19;0;1
-62;-1;29;1;1
-39;-15;37;0;1
-20;-7;57;1;1
-18;20;28;1;1
-27;18;33;0;1
-30;41;19;1;1
-50;14;26;1;1
-67;-7;20;0;1
-35;26;33;0;1
-41;19;16;1;1
-34;-30;18;0;1
-54;-25;22;1;1
-41;-48;21;0;1
-29;-5;11;0;1
-42;0;37;1;1
-25;-20;22;0;1
-32;-54;29;1;1
-16;15;29;0;1
-36;37;44;0;1
-22;-16;21;0;1
-16;-21;22;0;1
-28;5;19;0;1
-43;-14;18;0;1
-27;-32;19;0;1
-36;32;37;0;1
-21;-34;30;0;1
-44;38;40;0;1
-34;32;20;0;1
-44;23;49;1;1
-15;16;22;1;1
-43;-3;24;0;1
-56;-21;23;0;1
-15;13;39;1;1
-50;-22;18;1;1
-33;41;47;1;1
-29;-31;35;0;1
-35;55;23;0;1
-39;10;32;0;1
-36;31;23;1;1
-42;26;33;0;1
-28;-25;45;0;1
-21;-8;12;1;1
-27;-18;50;1;1
-21;25;38;1;1
-54;10;17;0;1
-47;10;41;0;1
-36;-3;42;1;1
-44;34;40;1;1
-38;-24;25;1;1
-12;7;29;0;1
-44;29;20;1;1
-53;23;39;0;1
-43;-21;29;0;1
-14;16;20;0;1
-43;-5;37;0;1
-39;33;36;1;1
-53;4;19;1;1
-46;-39;23;0;1
-34;-16;20;0;1
-20;-20;44;1;1
-39;34;36;1;1
-28;-19;36;1;1
-24;-24;35;0;1
-33;-5;56;1;1
-57;19;37;1;1
-36;-28;48;1;1
-51;14;25;1;1
-48;5;32;0;1
-52;-3;30;0;1
-27;-43;21;0;1
-43;18;48;0;1
-48;21;31;0;1
-33;-4;51;0;1
-49;5;43;0;1
-48;13;26;0;1
-53;23;41;0;1
-12;-19;38;0;1
-37;20;38;0;1
-30;-11;39;0;1
-43;-32;43;0;1
-37;17;11;0;1
-67;14;19;0;1
-51;22;44;0;1
-43;10;35;1;1
-26;1;9;0;1
-48;0;31;0;1
-23;25;12;1;1
-11;-9;37;0;1
-20;19;47;0;1
-48;-16;15;0;1
-32;-47;42;0;1
-42;-22;16;0;1
-19;-20;61;0;1
-31;39;41;1;1
-17;23;26;1;1
-8;-5;25;0;1
-54;25;37;0;1
-48;23;34;1;1
-23;23;28;1;1
-28;30;18;1;1
-55;-15;18;0;1
-43;2;19;0;1
-49;-11;40;1;1
-26;-25;37;1;1
-26;30;47;1;1
-54;-6;41;0;1
-30;-18;13;0;1
-52;11;18;0;1
-23;24;25;0;1
-48;-2;35;0;1
-38;18;23;1;1
-27;10;53;0;1
-30;18;19;1;1
-45;18;13;0;1
-35;0;36;0;1
-39;31;33;1;1
-32;-38;50;1;1
-33;-49;18;0;1
-23;16;30;1;1
-19;7;47;1;1
-29;-15;33;1;1
-50;3;21;1;1
-41;-25;19;0;1
-16;18;66;1;1
-49;-10;44;0;1
-11;12;42;0;1
-42;41;18;0;1
-17;24;49;1;1
-45;5;51;0;1
-48;22;29;0;1
-62;-13;25;1;1
-22;-18;16;1;1
-30;43;33;0;1
-17;23;62;1;1
-47;26;32;0;1
-49;-7;14;0;1
-20;-24;41;1;1
-36;-14;55;0;1
-32;23;27;1;1
-29;28;26;0;1
-31;33;30;0;1
-27;46;46;1;1
-47;32;23;0;1
-26;-9;26;0;1
-23;-30;13;0;1
-21;-9;57;0;1
-27;-20;27;1;1
-28;8;29;0;1
-50;-35;20;1;1
-31;13;55;0;1
-34;-18;23;0;1
-30;-18;18;0;1
-38;-7;48;0;1
-18;29;57;0;1
-57;-19;28;0;1
-16;-23;44;0;1
-14;-1;32;1;1
-46;12;40;1;1
-31;-30;32;1;1
-25;-20;41;0;1
-23;-13;54;1;1
-28;21;23;0;1
-19;0;41;0;1
-29;21;50;0;1
-49;19;23;0;1
-31;15;33;1;1
-54;-3;35;1;1
-27;-27;52;1;1
-58;-18;23;0;1
-41;14;14;1;1
-33;-15;58;0;1
-52;1;41;0;1
-15;-1;37;0;1
-48;2;13;1;1
-41;28;14;0;1
-17;7;36;0;1
-16;24;45;0;1
-30;-13;60;0;1
-48;-10;51;0;1
-41;14;40;1;1
-40;-42;17;0;1
-29;38;31;1;1
-23;39;49;1;1
-28;-4;46;1;1
-26;-44;41;0;1
-36;-6;31;0;1
-36;44;22;0;1
-27;44;28;0;1
-19;0;25;1;1
-43;-12;24;0;1
-47;4;20;1;1
-28;2;38;1;1
-20;11;30;0;1
-22;-9;31;0;1
-21;16;38;1;1
-17;-22;18;1;1
-22;-18;56;0;1
-31;-21;15;1;1
-31;-34;25;0;1
-45;-40;29;0;1
-24;-9;15;0;1
-66;17;19;0;1
-29;-11;11;0;1
-22;6;28;1;1
-55;0;18;1;1
-38;-12;36;0;1
-29;46;15;0;1
-46;38;23;0;1
-30;24;31;0;1
-51;18;31;1;1
-11;-6;31;0;1
-38;-5;35;0;1
-58;19;21;0;1
-44;45;26;0;1
-36;-43;30;0;1
-49;17;15;1;1
-20;-24;35;1;1
-44;-18;28;0;1
-16;-12;15;0;1
-25;-24;26;1;1
-50;5;21;1;1
-38;29;48;0;1
-23;-9;28;1;1
-23;-30;44;0;1
-50;-37;27;1;1
-21;27;23;0;1
-44;-6;16;0;1
-50;32;18;0;1
-40;-28;35;0;1
-37;-19;21;1;1
-51;-16;16;1;1
-38;42;35;0;1
-58;-17;30;0;1
-15;1;36;0;1
-32;34;52;0;1
-41;42;37;0;1
-61;-22;18;0;1
-11;-19;20;0;1
-30;-33;39;0;1
-40;-7;41;0;1
-23;-12;25;1;1
-44;-42;31;0;1
-53;10;24;0;1
-24;-1;10;0;1
-43;37;22;0;1
-22;-22;40;1;1
-29;-36;14;1;1
-29;-16;53;0;1
-37;-3;18;0;1
-26;-45;38;1;1
-56;25;30;0;1
-31;36;14;0;1
-29;-1;50;0;1
-22;29;30;0;1
-54;-3;31;0;1
-38;10;13;1;1
-45;-17;37;1;1
-21;-6;33;0;1
-27;40;41;1;1
-45;-6;21;1;1
-50;12;14;1;1
-33;-28;32;1;1
-19;19;17;1;1
-46;37;38;0;1
-63;-16;23;0;1
-30;23;50;1;1
-40;45;18;1;1
-53;-1;34;0;1
-26;-20;53;0;1
-52;-8;47;0;1
-50;15;45;0;1
-20;23;17;0;1
-28;-7;56;1;1
-29;-39;48;0;1
-16;18;33;0;1
-18;-2;37;1;1
-42;49;27;1;1
-60;-4;26;0;1
-33;16;38;1;1
-40;-39;24;0;1
-44;0;13;1;1
-29;-13;50;0;1
-25;6;62;1;1
-29;1;36;0;1
-40;29;27;1;1
-32;3;57;1;1
-24;-4;60;1;1
-45;-40;31;0;1
-19;-32;43;0;1
-48;21;39;0;1
-52;-21;42;0;1
-47;-16;40;0;1
-41;-45;27;0;1
-38;-28;52;1;1
-47;43;29;1;1
-42;27;19;0;1
-39;-41;24;1;1
-19;-3;45;0;1
-24;-23;37;0;1
-28;43;19;1;1
-34;-25;21;0;1
-32;-51;28;0;1
-17;-22;9;0;1
-41;-17;42;0;1
-31;-16;53;0;1
-47;43;26;0;1
-17;18;52;0;1
-62;-13;31;1;1
-19;0;49;0;1
-47;-34;28;0;1
-53;-19;41;1;1
-46;-42;27;1;1
-40;0;44;1;1
-38;10;19;0;1
-12;-19;42;1;1
-33;26;37;0;1
-24;-11;38;0;1
-43;29;46;1;1
-20;34;55;0;1
-34;-29;41;0;1
-21;-4;25;1;1
-50;-21;18;1;1
-45;-13;49;0;1
-32;-7;45;0;1
-65;-16;23;0;1
-15;25;46;0;1
-31;43;37;0;1
-42;9;53;0;1
-36;-14;44;1;1
-28;5;28;0;1
-31;-2;48;0;1
-37;27;15;0;1
-43;38;40;0;1
-21;20;36;0;1
-21;12;11;0;1
-26;21;43;1;1
-26;-17;12;0;1
-35;-41;35;0;1
-55;-17;33;0;1
-49;-13;20;0;1
-29;-42;24;1;1
-24;-40;16;1;1
-40;-2;45;0;1
-26;-24;50;0;1
-54;27;27;1;1
-18;16;64;1;1
-21;31;33;0;1
-17;-26;26;1;1
-37;-51;22;0;1
-27;-19;43;1;1
-32;-25;53;1;1
-54;-33;28;1;1
-63;6;20;0;1
-42;17;32;1;1
-22;29;22;1;1
-39;-18;36;0;1
-41;12;54;1;1
-38;29;15;0;1
-41;-26;39;1;1
-30;22;51;0;1
-29;-36;30;0;1
-28;-26;57;0;1
-30;-11;43;0;1
-44;-32;15;1;1
-29;-46;21;0;1
-27;-7;64;1;1
-17;3;47;0;1
-34;-3;27;0;1
-32;-6;17;0;1
-43;16;27;1;1
-22;-11;61;1;1
-40;-25;44;0;1
-46;11;32;0;1
-25;-19;49;0;1
-20;-9;21;0;1
-53;-7;34;0;1
-23;31;39;1;1
-33;24;39;1;1
-35;-6;36;1;1
-53;22;31;1;1
-52;20;41;1;1
-28;34;54;1;1
-18;-28;44;0;1
-25;29;24;1;1
-50;-24;21;0;1
-34;44;17;0;1
-37;-7;52;1;1
-12;7;22;0;1
-61;28;19;0;1
-33;-26;18;0;1
-37;35;19;0;1
-40;-21;16;0;1
-49;-9;32;0;1
-35;33;17;0;1
-32;-9;44;1;1
-14;17;47;0;1
-48;-16;33;1;1
-53;29;20;0;1
-53;7;22;0;1
-37;14;25;0;1
-11;-19;16;1;1
-38;-8;47;1;1
-38;23;27;1;1
-50;-41;26;1;1
-20;-5;27;0;1
-46;40;27;0;1
-20;22;46;1;1
-42;-2;25;0;1
-36;-3;40;1;1
-25;2;62;0;1
-32;24;41;0;1
-23;2;44;0;1
-16;-21;21;0;1
-46;7;46;0;1
-33;-45;35;0;1
-15;-16;56;0;1
-25;32;33;1;1
-21;11;38;0;1
-52;7;21;1;1
-51;4;20;0;1
-42;0;26;0;1
-16;13;30;1;1
-35;18;13;0;1
-59;23;22;0;1
-20;-31;20;1;1
-34;51;22;1;1
-47;-33;33;0;1
-25;11;46;0;1
-46;-9;19;1;1
-19;31;37;1;1
-17;23;31;1;1
-26;-6;12;0;1
-36;-5;24;0;1
-57;-4;38;1;1
-52;32;28;1;1
-25;-5;22;0;1
-42;5;47;0;1
-24;21;16;0;1
-19;3;16;0;1
-17;-17;51;0;1
-29;-5;53;1;1
-51;7;16;0;1
-31;-20;11;0;1
-42;11;16;0;1
-15;20;58;1;1
-29;-15;35;0;1
-37;-50;30;1;1
-16;23;29;0;1
-14;18;31;0;1
-30;-32;40;0;1
-45;1;27;1;1
-40;-37;29;0;1
-11;19;26;0;1
-13;-5;36;1;1
-51;38;25;0;1
-57;-10;39;1;1
-17;-27;26;1;1
-39;-8;28;1;1
-42;-39;31;0;1
-38;-19;48;1;1
-59;32;22;1;1
-50;-10;36;1;1
-54;25;23;0;1
-32;-15;28;0;1
-22;-20;15;0;1
-21;-13;44;1;1
-38;-23;19;1;1
-19;6;31;1;1
-53;18;23;1;1
-24;-10;11;1;1
-28;46;37;0;1
-13;15;28;0;1
-14;-22;48;0;1
-47;20;41;0;1
-33;-39;46;0;1
-48;-7;30;0;1
-38;24;48;0;1
-47;-31;29;0;1
-54;-1;26;0;1
-44;-11;53;0;1
-52;12;24;1;1
-44;-32;39;1;1
-24;28;31;0;1
-29;-30;23;0;1
-27;-17;20;1;1
-29;-35;37;0;1
-26;20;28;1;1
-35;-7;36;0;1
-17;4;42;1;1
-55;-22;26;0;1
-22;12;28;0;1
-16;-15;46;1;1
-33;-22;50;1;1
-33;27;50;1;1
-19;-4;33;0;1
-34;47;25;0;1
-58;-18;27;0;1
-59;-27;28;0;1
-34;-17;19;1;1
-51;13;35;0;1
-43;-36;25;0;1
-33;-17;25;0;1
-21;28;25;0;1
-46;30;32;1;1
-17;-17;15;0;1
-44;17;45;0;1
-39;26;19;1;1
-22;-35;57;0;1
-34;-8;56;1;1
-14;-14;47;1;1
-28;36;37;1;1
-25;10;20;0;1
-42;-48;29;0;1
-58;-24;28;1;1
-43;20;13;1;1
-22;-38;37;0;1
-39;19;39;0;1
-34;-36;31;0;1
-20;-26;61;0;1
-46;-9;33;0;1
-51;20;23;0;1
-17;-18;32;0;1
-14;-5;34;0;1
-59;-5;26;0;1
-16;12;33;1;1
-25;-14;48;1;1
-34;-12;19;0;1
-35;-31;45;1;1
-41;-1;48;0;1
-65;16;19;1;1
-50;-26;32;0;1
-39;14;25;0;1
-26;-25;25;0;1
-14;-24;28;1;1
-12;20;13;0;1
-30;27;29;0;1
-38;20;27;0;1
-31;6;33;0;1
-26;-43;48;0;1
-36;21;48;1;1
-43;-15;27;0;1
-18;23;49;0;1
-13;-9;28;0;1
-14;-15;43;1;1
-37;-3;50;0;1
-54;11;37;0;1
-28;41;26;0;1
-35;52;28;0;1
-43;-28;45;0;1
-54;7;37;0;1
-50;24;21;1;1
-31;5;40;0;1
-47;-45;21;0;1
-42;-13;18;1;1
-8;13;31;1;1
-40;24;50;1;1
-32;10;49;1;1
-22;10;53;0;1
-43;32;43;0;1
-47;21;38;0;1
-24;8;29;0;1
-17;-28;10;0;1
-33;-16;57;1;1
-34;-20;27;1;1
-21;-16;15;1;1
-41;25;44;0;1
-58;11;24;0;1
-41;33;25;1;1
-57;20;17;0;1
-28;25;11;0;1
-36;-6;37;1;1
-23;-8;65;0;1
-24;27;34;0;1
-36;-7;55;1;1
-16;21;43;1;1
-45;-38;23;0;1
-16;27;38;0;1
-66;7;20;1;1
-29;24;41;0;1
-20;-13;55;0;1
-55;-2;34;1;1
-63;16;26;1;1
-46;-37;32;0;1
-45;18;29;0;1
-20;14;42;0;1
-31;-18;55;0;1
-47;2;26;0;1
-36;-6;33;0;1
-14;-20;17;0;1
-28;1;18;0;1
-55;-12;18;0;1
-31;-13;61;0;1
-41;-8;16;0;1
-33;6;30;0;1
-28;41;37;1;1
-39;-33;24;0;1
-37;30;20;0;1
-33;-25;26;1;1
-50;-27;16;0;1
-53;-3;38;0;1
-58;9;34;1;1
-39;13;30;1;1
-36;-37;46;1;1
-30;-9;34;0;1
-28;10;56;0;1
-39;-4;31;1;1
-23;7;20;0;1
-25;37;29;1;1
-40;29;29;0;1
-23;-7;32;0;1
-37;-46;34;1;1
-32;5;34;1;1
-47;34;20;0;1
-37;24;45;1;1
-51;13;32;0;1
-24;-21;34;0;1
-25;-43;14;0;1
-42;-4;28;0;1
-30;37;41;0;1
-42;-15;38;1;1
-50;-15;44;0;1
-29;-19;40;0;1
-39;7;53;0;1
-37;-8;47;0;1
-30;5;38;1;1
-20;-2;30;1;1
-34;27;49;0;1
-43;21;36;1;1
-24;-17;62;0;1
-30;23;19;0;1
-23;32;20;1;1
-35;-23;18;1;1
-19;-27;14;0;1
-32;20;39;1;1
-22;11;20;0;1
-26;11;55;0;1
-30;2;43;0;1
-30;16;58;0;1
-31;6;43;0;1
-33;40;33;0;1
-24;5;14;0;1
-36;22;54;1;1
-53;-3;47;0;1
-48;35;31;0;1
-43;21;45;0;1
-32;-25;30;0;1
-38;-8;57;0;1
-19;28;47;0;1
-37;-37;30;0;1
-18;17;24;0;1
-29;-15;44;0;1
-50;-10;32;0;1
-19;30;19;1;1
-21;26;42;0;1
-14;-16;51;0;1
-36;-7;33;1;1
-66;6;20;0;1
-61;-8;26;0;1
-10;17;47;0;1
-23;7;33;1;1
-20;-10;11;1;1
-32;-20;42;1;1
-11;19;16;0;1
-25;-12;10;0;1
-11;-15;31;0;1
-16;22;21;0;1
-28;27;19;0;1
-28;-15;29;0;1
-30;-22;55;1;1
-37;22;44;0;1
-48;-10;31;1;1
-51;29;38;0;1
-26;8;51;0;1
-53;-15;44;1;1
-33;9;37;0;1
-26;-41;45;1;1
-32;-25;23;1;1
-47;-1;40;0;1
-50;8;18;0;1
-55;11;18;0;1
-34;38;15;0;1
-30;1;24;0;1
-19;-31;53;0;1
-21;27;31;0;1
-12;14;41;0;1
-27;-25;34;1;1
-31;-46;20;0;1
-60;14;33;0;1
-30;-46;19;0;1
-37;-11;20;1;1
-26;7;14;1;1
-31;41;38;1;1
-30;34;17;0;1
-24;28;17;1;1
-28;18;10;1;1
-44;-5;37;1;1
-35;-37;16;0;1
-39;26;32;0;1
-47;13;42;1;1
-40;-16;43;0;1
-20;10;57;1;1
-25;-33;27;0;1
-41;11;19;1;1
-12;10;26;1;1
-25;29;39;0;1
-33;-43;42;0;1
-36;-28;19;1;1
-22;-28;16;0;1
-39;-42;35;1;1
-43;24;32;0;1
-18;-28;43;1;1
-22;13;35;0;1
-19;-1;49;0;1
-17;17;20;1;1
-41;0;25;0;1
-43;26;43;0;1
-28;5;45;0;1
-49;-30;34;1;1
-25;33;53;1;1
-41;51;22;0;1
-37;-29;21;1;1
-29;37;39;0;1
-55;-5;34;0;1
-46;-42;19;0;1
-26;-43;15;0;1
-30;-33;27;0;1
-33;34;15;1;1
-16;3;32;0;1
-36;9;30;1;1
-42;-27;34;0;1
-43;-17;15;1;1
-48;28;36;0;1
-9;7;30;0;1
-22;-14;57;1;1
-46;12;26;1;1
-24;3;14;0;1
-42;32;25;1;1
-19;23;37;1;1
-52;2;21;0;1
-34;29;17;1;1
-43;-14;44;1;1
-25;22;35;1;1
-27;18;57;0;1
-40;-41;37;1;1
-33;-21;48;1;1
-19;20;53;0;1
-27;40;23;0;1
-27;-5;26;0;1
-34;-29;47;1;1
-37;-24;27;0;1
-30;-37;28;0;1
-41;-8;34;0;1
-29;-47;16;1;1
-20;22;50;0;1
-17;29;23;0;1
-44;-30;31;1;1
-28;20;27;0;1
-51;-6;45;1;1
-42;28;37;0;1
-48;-4;44;1;1
-13;21;24;1;1
-34;-2;21;0;1
-38;12;53;0;1
-55;-6;18;1;1
-62;-27;20;0;1
-25;-32;43;0;1
-22;23;30;1;1
-54;-35;18;1;1
-25;-41;36;0;1
-32;7;22;0;1
-13;17;54;1;1
-24;-4;17;0;1
-58;-4;34;1;1
-43;3;29;0;1
-56;15;40;1;1
-28;-15;45;0;1
-15;-17;31;0;1
-25;42;33;0;1
-27;26;46;0;1
-22;-36;55;0;1
-19;20;32;0;1
-21;-8;42;0;1
-34;-45;18;1;1
-58;-22;26;1;1
-27;29;41;0;1
-15;12;40;1;1
-31;-12;9;0;1
-50;-25;15;0;1
-19;-10;27;0;1
-13;-15;40;0;1
-52;15;42;1;1
-47;-38;28;0;1
-30;28;35;1;1
-16;12;36;0;1
-33;9;30;0;1
-24;35;23;1;1
-38;-30;30;1;1
-29;-5;17;0;1
-41;6;31;1;1
-24;32;19;0;1
-55;-3;26;0;1
-29;-7;48;0;1
-15;19;42;1;1
-16;-19;29;0;1
-36;-34;22;0;1
-22;11;54;0;1
-43;13;38;0;1
-39;-1;16;0;1
-22;-15;43;1;1
-42;9;13;0;1
-42;9;34;1;1
-18;18;21;0;1
-36;1;44;0;1
-34;11;21;1;1
-42;-30;17;0;1
-49;-42;29;0;1
-62;-11;18;0;1
-39;-25;38;0;1
-38;2;43;1;1
-56;5;27;0;1
-48;4;32;0;1
-26;-33;55;0;1
-46;-40;35;1;1
-24;-39;53;0;1
-36;20;47;1;1
-23;39;28;0;1
-48;-22;17;0;1
-52;-24;19;1;1
-25;38;20;0;1
-42;9;12;0;1
-42;1;44;0;1
-40;2;39;0;1
-35;-21;32;1;1
-17;-27;33;1;1
-25;4;29;1;1
-42;-47;25;0;1
-19;-7;18;0;1
-32;-5;59;0;1
-29;-10;34;1;1
-20;23;18;0;1
-27;31;46;1;1
-45;-30;22;1;1
-40;-45;34;1;1
-30;12;14;0;1
-27;23;37;0;1
-46;-11;30;0;1
-25;31;15;1;1
-51;16;46;0;1
-27;-44;24;1;1
-38;-12;11;0;1
-24;-1;59;0;1
-60;-10;34;0;1
-44;31;27;0;1
-44;39;29;0;1
-29;-42;37;1;1
-38;-21;14;1;1
-36;13;52;1;1
-46;18;32;0;1
-33;-19;35;0;1
-29;-34;36;0;1
-28;26;52;0;1
-48;2;23;0;1
-30;15;57;0;1
-32;-22;41;0;1
-65;-16;18;1;1
-15;21;23;0;1
-35;38;23;0;1
-33;12;32;1;1
-25;24;14;0;1
-65;-6;28;0;1
-43;-7;41;0;1
-34;-5;17;0;1
-25;-41;48;0;1
-33;-8;58;1;1
-38;-31;50;0;1
-15;10;49;1;1
-38;29;51;1;1
-30;-7;63;0;1
-55;-23;22;1;1
-44;-13;23;1;1
-56;0;21;0;1
-58;-1;38;0;1
-36;17;13;0;1
-38;13;48;1;1
-33;40;25;0;1
-43;-5;30;0;1
-54;14;34;1;1
-46;-6;53;0;1
-41;5;31;0;1
-38;-15;11;0;1
-21;-2;27;1;1
-27;-7;24;1;1
-59;11;24;0;1
-63;-19;20;0;1
-45;-49;19;0;1
-32;-27;21;1;1
-29;-36;26;1;1
-23;-12;40;0;1
-30;6;18;1;1
-25;-12;46;1;1
-25;-7;20;0;1
-44;-9;33;0;1
-38;3;35;1;1
-28;39;36;0;1
-51;-14;36;1;1
-42;20;25;0;1
-41;-10;30;0;1
-25;12;60;1;1
-19;-11;32;0;1
-28;13;50;0;1
-12;20;26;0;1
-21;-10;34;1;1
-49;-28;39;0;1
-43;29;45;0;1
-31;-28;48;1;1
-29;-1;46;0;1
-25;-8;51;1;1
-45;9;47;0;1
-63;3;20;1;1
-25;22;55;0;1
-19;-28;52;1;1
-43;22;51;0;1
-46;32;22;1;1
-38;2;33;1;1
-48;-5;50;0;1
-31;46;28;0;1
-35;-22;35;0;1
-26;21;35;0;1
-41;-27;28;0;1
-21;-5;40;0;1
-39;-30;25;1;1
-30;6;11;0;1
-9;-11;25;0;1
-40;17;18;0;1
-33;-20;22;1;1
-22;12;37;0;1
-28;33;49;0;1
-24;5;59;0;1
-43;23;28;1;1
-44;-21;43;0;1
-15;24;53;0;1
-39;-40;29;1;1
-40;-34;42;0;1
-28;-14;43;0;1
-38;37;32;0;1
-65;-12;18;1;1
-32;4;36;0;1
-24;5;56;0;1
-35;-3;51;0;1
-30;-24;22;1;1
-23;7;10;0;1
-37;-33;15;0;1
-24;40;20;1;1
-21;34;38;0;1
-20;-22;19;0;1
-34;-36;27;1;1
-59;-16;36;0;1
-67;-3;23;0;1
-33;-17;13;0;1
-32;-2;56;1;1
-21;-1;50;0;1
-30;-33;35;1;1
-35;-21;28;0;1
-58;29;21;0;1
-40;-42;37;0;1
-37;-42;29;0;1
-21;5;32;0;1
-22;-16;34;1;1
-24;3;61;0;1
-25;-3;37;1;1
-14;-20;58;0;1
-14;20;7;1;1
-15;21;7;1;1
-24;36;40;0;1
-23;-11;45;0;1
-32;2;57;1;1
-15;-17;34;0;1
-31;-16;61;1;1
-11;17;39;0;1
-48;-15;19;1;1
-58;24;21;0;1
-27;-4;28;1;1
-43;21;46;0;1
-26;0;63;0;1
-57;-5;18;1;1
-15;-2;34;0;1
-22;9;44;0;1
-49;-16;41;0;1
-34;-17;24;1;1
-59;7;19;0;1
-23;2;25;1;1
-28;32;34;1;1
-43;21;21;1;1
-25;-19;35;1;1
-37;-25;52;0;1
-38;-3;41;1;1
-19;30;26;0;1
-42;-22;45;0;1
-40;21;26;0;1
-9;-8;27;0;1
-48;-16;39;0;1
-25;-31;46;1;1
-66;-15;21;1;1
-26;20;48;0;1
-29;10;55;1;1
-22;28;12;0;1
-36;29;33;0;1
-66;-9;23;0;1
-55;-10;38;1;1
-40;-20;12;0;1
-33;53;30;0;1
-34;-36;14;1;1
-63;9;30;1;1
-39;-31;15;0;1
-34;54;26;0;1
-48;-13;29;1;1
-40;-24;40;0;1
-25;0;28;1;1
-9;-5;27;0;1
-38;-39;28;0;1
-31;13;23;1;1
-26;-31;27;0;1
-40;41;31;1;1
-25;-8;19;0;1
-16;25;44;0;1
-41;-21;29;1;1
-26;-17;47;1;1
-45;33;37;1;1
-38;31;37;1;1
-36;-49;20;0;1
-28;-28;13;1;1
-27;-23;56;0;1
-45;45;21;0;1
-10;15;40;0;1
-67;-12;20;0;1
-40;-40;26;0;1
-27;-6;27;0;1
-32;45;31;0;1
-54;25;32;0;1
-45;6;28;0;1
-33;32;43;0;1
-22;7;9;0;1
-54;4;21;1;1
-49;32;26;0;1
-33;10;39;1;1
-40;-12;18;1;1
-28;2;11;0;1
-17;6;24;1;1
-44;-6;17;1;1
-44;-27;44;0;1
-56;-11;35;0;1
-48;-33;21;0;1
-42;-6;12;0;1
-14;20;38;0;1
-36;3;52;1;1
-35;33;42;0;1
-37;-37;18;0;1
-43;34;25;0;1
-24;22;27;0;1
-40;13;53;0;1
-51;29;33;1;1
-46;34;42;0;1
-29;-17;33;0;1
-28;-1;40;0;1
-27;-10;47;1;1
-21;21;64;0;1
-44;10;26;0;1
-62;23;24;1;1
-39;-32;48;1;1
-47;-15;35;0;1
-34;8;32;0;1
-24;19;19;0;1
-28;5;55;0;1
-24;34;32;0;1
-21;19;65;0;1
-24;-40;50;0;1
-29;-10;45;1;1
-47;5;48;0;1
-45;16;14;0;1
-29;-4;44;1;1
-28;-23;19;0;1
-23;-31;31;0;1
-11;14;17;0;1
-49;19;43;0;1
-39;31;47;0;1
-34;19;11;1;1
-37;-17;36;0;1
-43;5;18;1;1
-31;8;57;0;1
-32;8;26;0;1
-17;17;28;0;1
-37;45;33;0;1
-24;39;26;1;1
-24;-34;35;1;1
-52;-26;35;0;1
-41;23;46;0;1
-46;4;40;0;1
-36;4;54;1;1
-34;-10;44;0;1
-28;33;31;1;1
-54;19;26;1;1
-29;48;39;0;1
-30;-41;39;0;1
-56;19;22;0;1
-25;39;14;0;1
-42;12;44;0;1
-33;-14;39;0;1
-33;-14;58;1;1
-51;17;39;0;1
-27;-16;33;1;1
-21;6;47;0;1
-46;31;42;0;1
-57;-16;20;1;1
-49;11;44;0;1
-27;14;12;0;1
-39;-26;52;1;1
-45;-3;23;0;1
-34;-57;18;0;1
-41;-37;15;0;1
-46;-34;32;0;1
-35;3;18;0;1
-12;-13;47;0;1
-35;-16;46;0;1
-23;37;51;1;1
-43;-31;22;0;1
-55;23;33;0;1
-10;10;30;1;1
-18;-10;17;1;1
-27;-9;46;0;1
-32;7;21;0;1
-31;-53;17;1;1
-46;-29;22;0;1
-26;-9;57;1;1
-31;-15;19;0;1
-32;16;10;0;1
-64;16;19;1;1
-46;-7;23;0;1
-16;-27;10;0;1
-37;8;16;1;1
-54;-18;20;1;1
-12;7;31;0;1
-19;24;59;1;1
-49;-41;19;0;1
-19;27;18;0;1
-26;-41;20;0;1
-26;31;23;1;1
-38;-26;28;1;1
-29;11;46;0;1
-55;1;25;1;1
-24;-25;23;0;1
-53;8;23;0;1
-25;-4;58;0;1
-50;9;20;0;1
-42;15;34;0;1
-45;-41;23;0;1
-52;-10;40;0;1
-47;48;19;0;1
-23;-35;46;1;1
-22;-24;34;0;1
-27;-6;42;0;1
-42;40;41;0;1
-30;19;60;0;1
-22;26;40;0;1
-30;-37;50;0;1
-50;-33;17;0;1
-28;-8;51;0;1
-33;-19;26;0;1
-34;15;58;0;1
-29;-44;32;0;1
-27;-5;8;1;1
-49;-11;35;0;1
-42;29;15;0;1
-55;-18;18;1;1
-45;-1;30;1;1
-46;47;21;0;1
-31;-11;18;1;1
-21;2;36;0;1
-31;-32;31;1;1
-52;24;38;0;1
-32;-9;19;0;1
-26;-15;62;0;1
-38;-27;29;0;1
-21;-18;9;1;1
-17;2;46;1;1
-35;-19;27;0;1
-22;-4;21;1;1
-56;18;29;0;1
-36;-14;52;1;1
-39;1;43;0;1
-35;-48;33;1;1
-22;1;42;1;1
-36;-21;22;0;1
-51;26;23;0;1
-25;-40;47;1;1
-23;-17;12;0;1
-38;24;47;0;1
-55;-1;38;0;1
-31;-25;39;0;1
-24;10;19;0;1
-57;-6;36;0;1
-45;-4;27;1;1
-19;-8;54;0;1
-61;-11;31;0;1
-37;-44;22;0;1
-29;-41;44;0;1
-23;39;20;0;1
-27;-27;24;0;1
-17;-26;62;1;1
-54;-13;40;0;1
-28;-10;55;1;1
-43;2;42;1;1
-29;39;44;1;1
-27;-28;11;0;1
-42;-16;15;1;1
-13;8;27;1;1
-17;8;28;1;1
-24;6;57;1;1
-18;-7;31;0;1
-50;23;41;1;1
-41;27;37;0;1
-30;-13;42;0;1
-54;12;16;0;1
-50;14;17;0;1
-48;29;21;0;1
-20;-3;38;0;1
-25;-32;25;1;1
-48;8;40;1;1
-39;-37;35;1;1
-36;30;25;0;1
-22;34;12;0;1
-33;-48;26;0;1
-42;14;19;1;1
-23;-10;16;1;1
-55;-38;24;0;1
-40;-48;27;0;1
-22;15;41;0;1
-39;0;43;1;1
-35;-19;43;0;1
-41;36;39;1;1
-28;-28;54;1;1
-49;-18;17;0;1
-49;-12;20;0;1
-39;-14;39;1;1
-26;-22;45;0;1
-47;-4;37;0;1
-47;-1;46;0;1
-25;32;52;0;1
-21;17;58;0;1
-25;35;46;1;1
-20;-9;58;0;1
-29;-24;43;1;1
-48;1;38;1;1
-36;-17;29;0;1
-35;17;16;0;1
-35;12;16;0;1
-50;29;27;0;1
-25;32;53;1;1
-21;20;14;1;1
-32;-30;17;1;1
-19;3;17;1;1
-29;50;22;0;1
-40;21;24;0;1
-34;3;51;1;1
-44;44;23;1;1
-49;35;22;0;1
-13;10;32;0;1
-21;24;29;1;1
-29;-43;32;1;1
-14;-15;44;0;1
-49;29;32;0;1
-31;26;55;1;1
-40;-20;24;1;1
-30;-12;39;1;1
-33;-52;33;0;1
-48;13;39;0;1
-35;-20;13;0;1
-25;-6;31;0;1
-36;26;53;0;1
-11;16;18;0;1
-27;1;58;0;1
-13;20;50;0;1
-40;-23;29;1;1
-30;-9;61;0;1
-31;25;16;0;1
-45;-27;19;0;1
-40;14;56;0;1
-20;4;54;0;1
-40;13;36;1;1
-30;35;53;1;1
-47;-17;22;1;1
-54;-27;28;1;1
-33;-14;26;0;1
-17;-8;29;0;1
-36;6;11;0;1
-64;-6;25;1;1
-22;-14;29;1;1
-28;35;42;1;1
-52;-28;30;1;1
-32;37;15;0;1
-46;20;29;0;1
-40;23;41;0;1
-50;30;21;1;1
-19;3;44;0;1
-30;1;54;1;1
-42;25;30;1;1
-41;-29;32;1;1
-31;26;57;1;1
-17;17;57;0;1
-42;41;22;0;1
-63;10;24;0;1
-37;11;44;0;1
-40;-50;20;0;1
-20;-21;59;1;1
-21;13;50;1;1
-18;13;33;0;1
-40;-28;28;1;1
-25;10;51;0;1
-18;15;27;0;1
-58;-18;21;1;1
-22;24;38;1;1
-51;-28;37;1;1
-33;40;34;0;1
-64;-17;25;0;1
-23;-18;56;1;1
-54;11;29;1;1
-55;27;20;1;1
-37;0;26;0;1
-48;-3;36;1;1
-34;30;40;0;1
-39;20;42;0;1
-23;-23;14;1;1
-29;45;29;1;1
-19;10;24;0;1
-23;-15;37;1;1
-39;-2;32;0;1
-21;-1;24;0;1
-36;31;43;0;1
-9;8;27;0;1
-42;21;21;1;1
-17;-19;24;1;1
-24;-22;14;0;1
-16;2;39;0;1
-58;5;27;0;1
-30;3;50;1;1
-24;27;56;1;1
-24;-13;35;1;1
-28;-19;43;1;1
-54;-11;19;0;1
-33;47;36;0;1
-27;18;46;0;1
-55;25;34;1;1
-24;-23;39;0;1
-55;-34;19;0;1
-26;43;44;0;1
-53;20;27;0;1
-22;-9;60;0;1
-50;8;35;1;1
-52;-9;25;0;1
-33;24;37;0;1
-45;-11;22;0;1
-18;-29;36;0;1
-37;41;15;0;1
-36;47;21;0;1
-16;-15;53;0;1
-45;42;21;0;1
-24;6;47;1;1
-36;7;30;0;1
-55;30;30;0;1
-33;-41;36;1;1
-55;0;24;1;1
-19;-2;23;0;1
-25;20;21;1;1
-29;-5;49;1;1
-51;8;32;0;1
-55;7;24;0;1
-47;-38;19;1;1
-34;0;12;0;1
-37;31;46;0;1
-63;22;24;1;1
-40;-18;50;0;1
-36;0;59;0;1
-40;-6;13;0;1
-28;-27;48;0;1
-23;32;28;1;1
-42;15;30;0;1
-60;15;21;1;1
-31;31;20;0;1
-48;2;16;1;1
-27;34;33;1;1
-32;0;47;0;1
-26;-6;41;1;1
-40;28;36;0;1
-34;6;35;1;1
-55;19;32;0;1
-60;-20;19;1;1
-39;-14;40;1;1
-33;-22;27;0;1
-52;10;29;0;1
-38;-22;21;0;1
-63;-21;18;0;1
-40;20;37;0;1
-31;27;55;0;1
-30;-51;34;1;1
-35;4;18;1;1
-23;38;28;0;1
-40;4;50;1;1
-50;14;18;1;1
-16;22;28;0;1
-28;5;48;0;1
-17;-8;44;0;1
-40;28;38;1;1
-25;-36;51;0;1
-53;1;37;1;1
-46;-23;49;0;1
-23;-1;49;0;1
-31;18;43;1;1
-24;10;27;0;1
-29;41;15;1;1
-28;-6;38;1;1
-46;6;26;0;1
-46;-37;27;0;1
-43;17;24;0;1
-38;18;33;0;1
-14;-18;17;0;1
-39;40;22;1;1
-32;54;28;1;1
-43;12;33;0;1
-31;-48;40;1;1
-52;-32;29;0;1
-26;45;35;0;1
-27;-24;28;0;1
-38;2;36;1;1
-58;15;25;0;1
-65;6;24;1;1
-11;12;36;0;1
-21;33;30;0;1
-25;21;15;0;1
-47;41;33;1;1
-8;11;35;0;1
-15;24;22;0;1
-19;24;26;0;1
-29;28;31;0;1
-33;9;12;0;1
-24;21;27;0;1
-46;8;26;0;1
-12;-1;30;1;1
-44;21;39;0;1
-42;27;46;1;1
-42;-2;51;0;1
-35;-5;40;0;1
-31;43;28;1;1
-20;6;28;1;1
-35;8;36;0;1
-48;12;32;0;1
-22;-1;43;0;1
-55;6;39;0;1
-46;-22;33;1;1
-29;-9;32;0;1
-53;17;41;0;1
-43;-22;50;0;1
-55;-10;29;0;1
-30;-34;37;0;1
-21;17;10;1;1
-16;-23;14;0;1
-44;41;20;0;1
-14;-23;58;1;1
-27;9;8;1;1
-53;-17;37;0;1
-46;20;48;0;1
-16;8;34;1;1
-22;33;20;1;1
-31;42;34;0;1
-29;48;30;0;1
-27;37;45;0;1
-41;24;44;0;1
-31;-18;17;1;1
-24;-32;38;0;1
-30;51;21;0;1
-24;-16;62;1;1
-38;12;30;0;1
-41;12;30;1;1
-13;5;33;0;1
-42;-37;43;1;1
-28;-17;30;1;1
-49;-11;17;1;1
-22;-24;51;1;1
-17;-8;28;1;1
-19;-32;32;1;1
-47;28;28;0;1
-17;-4;23;0;1
-28;14;47;0;1
-50;-43;25;1;1
-52;-35;25;0;1
-25;25;17;0;1
-19;26;43;0;1
-41;19;37;1;1
-23;-13;63;0;1
-31;45;28;0;1
-32;-40;15;1;1
-44;18;40;0;1
-41;-16;53;0;1
-48;-31;22;0;1
-54;30;32;0;1
-39;-32;30;0;1
-29;2;8;0;1
-67;-6;22;1;1
-45;39;32;1;1
-24;-5;9;0;1
-20;-20;23;1;1
-43;-7;28;1;1
-40;-45;36;1;1
-30;-27;53;0;1
-20;-6;33;0;1
-26;18;35;0;1
-15;-20;26;1;1
-53;3;33;0;1
-41;38;22;0;1
-46;0;53;0;1
-23;-10;35;0;1
-35;-48;22;1;1
-58;-2;33;0;1
-22;-19;53;1;1
-18;-19;62;0;1
-42;11;41;1;1
-42;4;50;1;1
-26;-17;42;0;1
-34;5;24;1;1
-19;25;34;0;1
-23;27;16;1;1
-66;2;24;1;1
-24;25;20;1;1
-47;-28;45;0;1
-53;-27;20;0;1
-33;26;14;0;1
-54;9;41;1;1
-49;8;15;0;1
-19;24;34;0;1
-16;-27;32;0;1
-60;-14;27;1;1
-49;-12;21;1;1
-30;-46;45;0;1
-48;-25;23;1;1
-61;-11;20;0;1
-16;-26;47;1;1
-30;39;41;0;1
-55;30;32;0;1
-43;14;48;0;1
-38;24;46;0;1
-23;21;54;0;1
-23;33;31;0;1
-9;-9;25;0;1
-30;-24;23;0;1
-23;2;57;0;1
-53;-34;25;0;1
-46;21;24;0;1
-34;30;35;0;1
-43;-2;48;0;1
-23;24;43;1;1
-56;17;36;0;1
-17;-7;34;0;1
-33;40;21;0;1
-40;35;46;0;1
-14;-11;19;1;1
-20;-25;51;1;1
-34;14;54;1;1
-49;-36;33;1;1
-33;-21;26;1;1
-39;-11;18;1;1
-29;38;48;1;1
-23;20;31;0;1
-46;-4;45;0;1
-38;26;41;1;1
-47;-15;30;0;1
-28;-28;44;0;1
-20;-16;66;1;1
-19;-15;23;0;1
-23;5;46;1;1
-14;21;57;1;1
-27;-11;53;0;1
-45;-38;22;0;1
-35;-44;43;1;1
-52;-14;25;1;1
-53;21;19;1;1
-8;7;26;1;1
-64;0;30;0;1
-47;22;20;0;1
-38;31;28;0;1
-66;-9;19;0;1
-41;29;37;1;1
-30;-10;49;1;1
-19;20;61;0;1
-53;14;23;1;1
-20;25;16;0;1
-52;-2;20;0;1
-29;7;26;0;1
-44;30;46;0;1
-46;-13;31;0;1
-48;-10;30;0;1
-35;-18;39;0;1
-34;-50;36;0;1
-31;17;40;0;1
-17;-21;26;1;1
-25;27;33;1;1
-67;3;21;0;1
-30;27;42;1;1
-29;-28;13;0;1
-37;34;22;1;1
-49;7;25;1;1
-45;30;26;0;1
-40;-4;49;1;1
-26;-39;23;0;1
-42;42;31;0;1
-51;27;17;1;1
-21;25;62;0;1
-34;2;38;1;1
-36;-20;15;0;1
-44;12;38;0;1
-14;3;25;1;1
-21;28;48;0;1
-41;-17;55;0;1
-24;-20;24;1;1
-33;-24;21;0;1
-58;-20;19;0;1
-57;-17;16;0;1
-18;14;46;1;1
-52;18;21;0;1
-33;12;16;0;1
-54;-14;27;0;1
-61;-9;27;1;1
-29;-31;12;0;1
-27;8;45;1;1
-29;25;18;0;1
-32;-52;20;1;1
-45;-33;32;0;1
-28;-41;22;0;1
-32;-40;46;0;1
-39;13;52;0;1
-53;18;21;0;1
-37;-16;11;0;1
-37;-27;34;1;1
-24;40;17;0;1
-44;-14;23;0;1
-24;33;46;0;1
-11;-19;53;0;1
-18;-30;56;1;1
-30;17;21;1;1
-13;-20;49;0;1
-60;-20;17;1;1
-29;-4;35;0;1
-46;28;33;0;1
-64;-19;23;0;1
-44;-22;32;0;1
-41;33;42;1;1
-49;6;22;1;1
-26;1;64;0;1
-55;26;30;0;1
-19;-13;57;0;1
-26;-20;62;0;1
-53;18;32;0;1
-33;-35;46;1;1
-52;1;36;0;1
-40;30;35;1;1
-50;0;32;1;1
-29;-32;38;0;1
-28;-34;52;0;1
-55;-11;36;0;1
-24;13;50;1;1
-18;25;21;0;1
-45;-39;23;1;1
-15;22;19;0;1
-55;-7;22;1;1
-49;6;14;0;1
-31;12;11;0;1
-35;20;44;0;1
-33;52;30;0;1
-32;-46;18;0;1
-25;-36;26;0;1
-57;18;27;0;1
-49;9;45;0;1
-41;16;45;0;1
-50;20;38;1;1
-34;33;28;0;1
-35;5;47;0;1
-22;-15;60;0;1
-30;51;27;0;1
-35;-3;25;1;1
-40;-20;13;1;1
-38;-4;36;1;1
-33;-17;11;0;1
-31;9;28;0;1
-28;-27;41;0;1
-28;-1;29;1;1
-6;10;31;0;1
-18;-22;47;1;1
-42;34;46;0;1
-35;-30;25;1;1
-52;3;20;1;1
-48;-4;25;0;1
-39;-17;53;0;1
-21;-32;41;0;1
-21;-27;22;0;1
-56;17;17;1;1
-22;-12;16;0;1
-28;41;30;0;1
-49;-32;34;0;1
-20;-24;50;0;1
-28;35;53;0;1
-20;-32;29;0;1
-29;14;22;0;1
-47;25;32;0;1
-39;-10;48;0;1
-21;-29;34;0;1
-31;-40;42;1;1
-23;-13;18;0;1
-39;48;19;1;1
-29;-29;11;1;1
-19;-15;57;0;1
-40;-19;39;0;1
-64;-21;19;1;1
-47;48;20;1;1
-25;24;23;0;1
-37;-14;47;0;1
-37;36;39;1;1
-28;-31;25;0;1
-41;51;19;0;1
-36;-42;20;0;1
-49;6;17;1;1
-27;-28;28;1;1
-48;24;24;1;1
-54;-1;25;0;1
-36;-19;36;0;1
-31;-9;14;1;1
-26;-11;60;0;1
-40;-24;50;0;1
-34;-12;37;0;1
-54;-5;24;0;1
-27;-10;45;1;1
-23;-5;24;1;1
-27;-31;22;0;1
-24;-33;11;0;1
-23;-9;60;0;1
-34;-46;16;0;1
-25;25;45;0;1
-40;-45;25;1;1
-45;12;13;0;1
-22;-12;8;1;1
-52;-18;31;0;1
-45;-18;32;1;1
-32;3;51;0;1
-27;-15;61;0;1
-31;-6;40;0;1
-23;-23;62;0;1
-48;-23;22;0;1
-49;39;20;0;1
-53;-25;27;0;1
-36;38;44;1;1
-28;-7;11;1;1
-48;30;37;0;1
-39;5;35;0;1
-25;-29;57;0;1
-26;-4;53;1;1
-10;-12;20;0;1
-27;9;57;0;1
-32;54;18;1;1
-24;9;63;0;1
-23;-16;34;0;1
-50;-27;34;1;1
-44;-18;31;0;1
-41;28;43;0;1
-42;15;17;0;1
-16;-8;20;0;1
-53;8;42;0;1
-28;-6;26;1;1
-43;-30;40;0;1
-37;9;25;0;1
-42;-7;41;0;1
-28;-5;14;0;1
-53;30;18;1;1
-36;-16;33;1;1
-33;-16;40;1;1
-40;-43;38;0;1
-16;-15;35;0;1
-50;15;23;0;1
-33;-55;24;0;1
-33;24;22;1;1
-29;45;38;1;1
-37;11;50;1;1
-31;-52;18;1;1
-44;-16;26;0;1
-58;8;23;0;1
-36;6;52;1;1
-33;0;52;0;1
-36;50;21;0;1
-16;25;17;1;1
-57;-10;16;1;1
-23;13;46;0;1
-23;-22;21;0;1
-46;-16;29;1;1
-32;38;48;1;1
-36;41;41;1;1
-27;16;21;0;1
-20;10;18;0;1
-18;-1;21;1;1
-43;-26;33;0;1
-25;9;11;0;1
-34;-25;17;0;1
-50;5;47;1;1
-18;14;31;1;1
-24;-34;27;1;1
-22;-27;22;1;1
-23;-14;60;1;1
-31;-32;38;1;1
-25;41;23;0;1
-21;25;42;0;1
-37;48;25;0;1
-24;26;12;0;1
-20;-19;16;1;1
-46;-41;33;0;1
-58;-24;31;0;1
-50;-4;43;0;1
-38;25;45;0;1
-31;32;52;1;1
-7;12;21;0;1
-42;-39;22;0;1
-20;-20;47;0;1
-36;11;56;0;1
-28;4;22;0;1
-26;-8;41;0;1
-46;27;42;1;1
-30;42;15;1;1
-33;-41;22;1;1
-35;8;45;0;1
-32;41;31;0;1
-12;13;26;0;1
-22;0;46;0;1
-35;-9;35;0;1
-59;-1;32;0;1
-19;-6;38;1;1
-24;-30;14;1;1
-57;-29;27;0;1
-33;-9;11;0;1
-33;-40;45;0;1
-23;20;36;0;1
-36;5;50;0;1
-43;-18;22;0;1
-20;30;60;0;1
-24;-19;25;0;1
-30;-16;18;0;1
-32;-9;9;1;1
-42;-30;19;0;1
-16;5;28;1;1
-30;-6;10;0;1
-48;-16;32;0;1
-36;-31;33;0;1
-56;-10;41;0;1
-51;-32;36;0;1
-20;11;43;0;1
-29;30;41;1;1
-37;-16;33;0;1
-41;30;34;0;1
-22;7;16;0;1
-36;4;56;1;1
-26;-22;34;1;1
-49;-6;25;1;1
-41;33;20;0;1
-40;19;51;1;1
-64;18;21;1;1
-24;6;36;1;1
-59;13;30;0;1
-14;-10;47;1;1
-25;15;31;0;1
-13;4;28;0;1
-36;43;29;0;1
-10;-11;21;0;1
-29;10;47;0;1
-19;7;33;1;1
-23;-39;47;1;1
-31;22;48;1;1
-61;-15;31;0;1
-12;16;50;0;1
-27;-27;38;0;1
-55;-12;26;1;1
-47;-32;23;0;1
-16;-18;48;1;1
-27;-38;18;0;1
-18;-2;31;0;1
-41;-31;39;1;1
-50;-1;33;1;1
-17;25;64;0;1
-26;-9;39;0;1
-30;-34;16;1;1
-37;-7;36;1;1
-34;26;55;1;1
-35;-31;18;0;1
-45;27;29;0;1
-54;-3;33;0;1
-23;11;51;0;1
-28;0;34;0;1
-51;-4;31;0;1
-17;5;18;1;1
-20;11;35;0;1
-11;18;48;1;1
-31;-27;39;0;1
-31;15;12;0;1
-32;-15;22;0;1
-14;3;26;1;1
-49;42;29;0;1
-48;18;28;0;1
-23;-2;35;0;1
-48;22;46;1;1
-40;25;13;1;1
-41;-36;31;1;1
-29;-20;36;0;1
-37;41;31;0;1
-28;-43;39;0;1
-24;-31;34;0;1
-43;-23;46;1;1
-24;9;56;0;1
-34;-8;18;0;1
-37;28;15;1;1
-58;-12;18;0;1
-19;-28;41;1;1
-21;-10;37;0;1
-40;4;56;0;1
-38;14;41;0;1
-39;-19;48;0;1
-34;23;22;0;1
-10;12;30;0;1
-24;9;37;1;1
-32;48;41;0;1
-53;6;45;0;1
-50;-28;19;0;1
-35;15;37;0;1
-53;22;26;0;1
-51;7;35;1;1
-27;1;21;0;1
-33;4;31;0;1
-30;29;41;0;1
-37;12;17;0;1
-26;-12;41;1;1
-25;34;54;0;1
-50;-23;38;0;1
-39;-30;29;0;1
-24;-11;61;1;1
-38;-4;31;0;1
-42;40;21;1;1
-23;-26;38;0;1
-54;-4;35;0;1
-22;-37;51;1;1
-34;-27;37;1;1
-22;25;14;0;1
-60;28;18;0;1
-47;-25;18;1;1
-26;-2;14;0;1
-19;8;39;1;1
-11;17;36;1;1
-49;28;40;1;1
-44;-41;31;1;1
-46;-36;24;0;1
-47;21;30;0;1
-34;-8;38;0;1
-48;-11;45;0;1
-37;2;59;1;1
-44;9;33;0;1
-54;-1;40;1;1
-46;32;16;1;1
-21;-12;28;0;1
-32;-46;32;1;1
-41;-43;33;0;1
-15;25;51;0;1
-44;28;32;0;1
-28;-9;46;1;1
-38;-38;32;0;1
-24;24;33;1;1
-28;21;26;0;1
-18;22;25;0;1
-32;-4;53;0;1
-54;-2;15;0;1
-15;13;36;0;1
-53;-6;45;0;1
-31;-6;30;1;1
-37;35;44;0;1
-46;-50;19;1;1
-41;-24;24;0;1
-25;-35;44;0;1
-55;-17;25;0;1
-15;-5;37;0;1
-25;36;49;1;1
-46;37;19;0;1
-50;-16;26;1;1
-32;-24;56;1;1
-42;-3;32;0;1
-36;-53;29;0;1
-45;-5;36;0;1
-45;43;32;1;1
-30;-22;54;0;1
-25;-30;26;0;1
-52;-8;26;0;1
-27;4;42;1;1
-48;11;48;0;1
-35;4;52;0;1
-43;0;30;0;1
-23;-16;37;0;1
-21;17;20;1;1
-45;34;29;0;1
-47;-23;18;1;1
-28;34;40;1;1
-37;10;15;0;1
-57;8;35;1;1
-13;14;36;1;1
-35;14;24;0;1
-54;-10;26;1;1
-42;-18;24;0;1
-52;1;20;0;1
-29;0;59;0;1
-55;4;17;0;1
-13;-17;42;1;1
-52;10;26;0;1
-33;28;20;1;1
-62;7;28;0;1
-43;-9;29;0;1
-53;-10;37;0;1
-40;-43;20;0;1
-48;2;42;1;1
-36;16;31;0;1
-14;14;41;0;1
-44;-7;47;0;1
-49;-1;28;1;1
-32;30;35;1;1
-54;-38;21;1;1
-47;12;39;0;1
-36;27;46;1;1
-37;-15;38;0;1
-23;-9;58;0;1
-29;39;14;1;1
-41;5;36;0;1
-29;5;35;0;1
-39;-19;23;1;1
-55;15;34;0;1
-32;50;33;0;1
-37;3;38;0;1
-32;43;27;0;1
-26;-23;14;0;1
-44;-26;48;0;1
-27;-27;31;0;1
-35;-1;49;0;1
-64;-18;18;0;1
-41;27;47;0;1
-30;-1;60;0;1
-48;-17;45;0;1
-29;-21;15;1;1
-29;-3;8;0;1
-30;-28;14;0;1
-27;-39;15;1;1
-18;22;63;1;1
-38;-31;46;1;1
-16;25;53;0;1
-29;-6;11;0;1
-36;-34;44;0;1
-43;6;56;1;1
-16;9;39;0;1
-33;30;36;1;1
-20;-17;10;1;1
-13;14;20;1;1
-23;5;19;1;1
-60;-11;19;1;1
-27;0;35;1;1
-34;27;15;0;1
-34;-43;32;0;1
-40;-24;49;1;1
-35;-30;14;0;1
-29;13;31;0;1
-58;-32;22;0;1
-14;16;42;0;1
-29;-29;26;0;1
-26;-2;61;0;1
-37;-51;24;0;1
-54;33;28;1;1
-34;51;31;0;1
-13;22;37;1;1
-14;-14;36;1;1
-17;18;11;0;1
-31;-39;33;1;1
-38;39;35;1;1
-35;15;12;1;1
-31;-8;38;0;1
-21;24;17;0;1
-25;-27;33;0;1
-19;-22;12;1;1
-42;-46;22;0;1
-39;40;18;1;1
-65;15;23;1;1
-17;23;32;1;1
-22;-20;54;0;1
-29;-41;29;1;1
-19;0;33;0;1
-27;29;16;0;1
-25;-36;41;1;1
-35;-49;37;0;1
-28;-9;19;0;1
-24;21;10;0;1
-33;31;18;1;1
-21;8;26;1;1
-42;-19;50;1;1
-26;25;11;1;1
-11;4;32;0;1
-30;-22;15;0;1
-29;-13;35;0;1
-56;-10;26;0;1
-46;9;50;0;1
-13;22;25;1;1
-20;-8;22;0;1
-50;-16;33;1;1
-36;45;26;0;1
-41;-12;26;0;1
-62;-3;21;0;1
-14;1;27;0;1
-34;-21;39;0;1
-33;44;20;1;1
-44;-35;39;0;1
-47;-28;34;0;1
-15;11;51;1;1
-29;-41;37;0;1
-46;-7;31;0;1
-14;-22;36;0;1
-35;-51;23;1;1
-26;-28;45;0;1
-45;30;40;0;1
-39;22;38;0;1
-25;-21;54;1;1
-61;-4;31;1;1
-28;33;40;0;1
-28;-24;37;1;1
-21;11;64;1;1
-46;34;38;1;1
-35;-24;42;1;1
-54;38;26;0;1
-42;-10;47;0;1
-27;-41;51;1;1
-34;-40;38;0;1
-13;10;25;1;1
-44;-36;39;0;1
-27;-25;42;1;1
-27;-16;29;0;1
-42;51;19;0;1
-33;-27;49;0;1
-19;-27;59;1;1
-34;41;34;0;1
-33;9;27;0;1
-30;9;28;1;1
-17;-7;38;1;1
-45;-5;26;0;1
-46;22;32;0;1
-45;-44;26;0;1
-34;-17;55;1;1
-22;5;43;0;1
-18;10;34;1;1
-28;-20;28;0;1
-40;-36;28;1;1
-42;-8;17;0;1
-42;36;26;0;1
-39;49;26;0;1
-43;14;40;0;1
-40;-1;41;1;1
-47;13;30;1;1
-40;-39;28;0;1
-45;-6;40;1;1
-42;13;54;0;1
-44;-35;22;0;1
-20;-29;55;0;1
-17;27;23;0;1
-27;16;44;1;1
-22;-33;34;0;1
-57;34;25;0;1
-43;-15;30;1;1
-16;27;46;0;1
-42;3;40;0;1
-16;-12;43;0;1
-18;12;13;0;1
-35;26;21;0;1
-31;-5;18;1;1
-46;39;20;0;1
-26;19;52;1;1
-24;-15;39;1;1
-22;-22;35;1;1
-23;29;16;1;1
-35;19;21;0;1
-36;31;45;0;1
-38;-15;14;1;1
-37;-36;42;1;1
-32;11;12;1;1
-36;55;23;0;1
-14;-14;30;0;1
-37;-34;31;1;1
-47;-9;24;1;1
-29;-28;42;0;1
-14;19;17;0;1
-39;-9;36;0;1
-34;41;28;1;1
-13;12;22;0;1
-42;6;29;0;1
-30;-7;28;0;1
-43;8;44;1;1
-28;11;31;0;1
-27;-39;30;1;1
-44;-14;44;0;1
-37;54;22;1;1
-49;29;21;0;1
-15;16;26;0;1
-32;-17;13;0;1
-32;3;43;0;1
-13;-18;28;0;1
-25;5;52;1;1
-20;-22;20;0;1
-26;17;61;0;1
-54;19;17;0;1
-28;-17;39;0;1
-33;-9;30;0;1
-33;32;42;1;1
-38;32;47;0;1
-20;-18;47;0;1
-23;-22;23;0;1
-17;-27;23;1;1
-21;-1;41;0;1
-40;-40;20;0;1
-34;40;30;1;1
-25;-35;27;1;1
-36;-38;35;1;1
-20;31;23;1;1
-28;-34;14;0;1
-13;19;48;0;1
-16;-16;44;1;1
-35;-26;37;0;1
-16;-25;12;0;1
-47;-13;28;0;1
-13;-17;47;0;1
-15;-20;42;1;1
-56;17;34;0;1
-53;2;25;0;1
-31;27;39;0;1
-37;-43;19;0;1
-41;5;53;0;1
-34;0;32;0;1
-21;-1;42;1;1
-20;-32;58;1;1
-31;8;30;0;1
-26;-25;27;1;1
-52;13;19;1;1
-27;-16;58;1;1
-52;-29;34;0;1
-14;20;59;0;1
-35;39;17;0;1
-21;-33;46;1;1
-52;24;23;0;1
-51;4;44;1;1
-33;-26;34;1;1
-27;-9;21;1;1
-36;-14;28;0;1
-39;-33;16;1;1
-47;-14;27;0;1
-33;8;36;0;1
-9;15;34;1;1
-42;1;24;0;1
-41;50;18;1;1
-31;-42;22;1;1
-30;23;39;0;1
-32;-28;32;0;1
-22;-25;35;1;1
-27;-6;37;0;1
-25;19;19;1;1
-50;12;23;0;1
-30;-23;37;0;1
-36;-44;39;0;1
-16;22;12;1;1
-9;-14;27;1;1
-31;-37;49;0;1
-41;1;12;0;1
-54;-22;28;0;1
-11;-14;22;0;1
-25;32;14;0;1
-23;1;18;0;1
-29;-10;31;0;1
-25;8;42;0;1
-24;34;30;0;1
-27;-23;26;0;1
-33;22;58;1;1
-52;9;24;0;1
-40;47;30;0;1
-22;-9;38;0;1
-27;-6;18;0;1
-41;-34;25;1;1
-32;-30;38;0;1
-26;30;37;0;1
-18;29;23;0;1
-55;-15;16;0;1
-37;-31;32;0;1
-60;-5;20;0;1
-48;9;25;0;1
-42;30;23;1;1
-43;-31;33;0;1
-58;19;33;0;1
-19;26;29;1;1
-36;4;32;0;1
-16;-22;8;0;1
-14;-5;37;1;1
-38;22;30;1;1
-57;12;36;1;1
-19;11;38;0;1
-51;-22;28;1;1
-31;-2;58;0;1
-46;-13;21;1;1
-30;27;20;1;1
-36;30;26;1;1
-30;-4;39;1;1
-38;50;33;1;1
-19;20;43;1;1
-43;-4;30;0;1
-33;-6;39;1;1
-28;-34;13;1;1
-58;-7;39;0;1
-33;-33;35;0;1
-47;38;34;0;1
-10;15;45;0;1
-67;-13;19;0;1
-35;-9;57;0;1
-30;49;18;0;1
-20;16;45;0;1
-33;-19;43;0;1
-19;-18;14;0;1
-30;31;20;0;1
-32;-17;28;1;1
-50;26;23;1;1
-23;-13;37;1;1
-25;-3;42;1;1
-26;-7;9;1;1
-18;-19;10;0;1
-46;-29;44;0;1
-22;-25;36;0;1
-22;-10;18;1;1
-41;-46;26;1;1
-35;52;29;0;1
-45;-5;22;0;1
-45;27;46;1;1
-43;-50;19;1;1
-34;7;41;0;1
-27;30;26;0;1
-53;10;39;1;1
-50;-29;21;0;1
-32;-30;36;0;1
-47;-34;30;0;1
-50;7;27;0;1
-33;39;24;0;1
-32;-33;14;0;1
-43;-36;41;0;1
-24;-31;58;1;1
-21;35;22;0;1
-18;-22;65;1;1
-36;4;15;0;1
-34;8;39;0;1
-39;17;53;0;1
-33;18;22;0;1
-32;41;44;1;1
-63;-7;30;0;1
-33;1;54;0;1
-58;-32;21;1;1
-56;17;19;0;1
-22;4;23;0;1
-26;-29;28;1;1
-19;11;32;1;1
-34;28;27;1;1
-26;-33;16;1;1
-35;-7;53;1;1
-27;38;18;1;1
-39;-2;39;0;1
-31;22;30;0;1
-42;-1;56;0;1
-14;6;33;1;1
-25;26;56;0;1
-33;36;47;0;1
-24;-13;24;1;1
-33;30;16;0;1
-25;16;16;0;1
-13;9;42;0;1
-26;-11;50;0;1
-34;-28;48;0;1
-62;-22;23;0;1
-29;-34;24;0;1
-32;0;63;1;1
-12;-4;25;0;1
-20;-29;31;0;1
-66;-13;22;0;1
-24;6;24;0;1
-40;-2;47;0;1
-35;18;20;0;1
-23;-34;17;1;1
-17;-18;9;1;1
-46;49;20;1;1
-26;26;45;1;1
-45;-19;24;0;1
-36;-8;14;0;1
-20;32;50;1;1
-37;-23;47;1;1
-44;2;35;0;1
-58;-5;33;0;1
-34;-11;28;0;1
-27;6;51;0;1
-22;29;55;0;1
-47;-20;22;1;1
-27;-7;15;0;1
-34;-20;44;0;1
-19;13;46;0;1
-49;20;41;1;1
-18;17;52;0;1
-25;-41;45;1;1
-21;-7;38;1;1
-24;19;48;0;1
-31;22;58;0;1
-41;1;43;0;1
-58;-15;25;0;1
-60;-5;23;0;1
-35;-16;20;0;1
-42;4;39;0;1
-26;24;39;0;1
-59;13;26;1;1
-34;25;36;1;1
-16;-24;21;0;1
-50;-36;32;1;1
-44;-13;39;0;1
-31;15;30;0;1
-28;8;14;0;1
-55;26;34;1;1
-44;35;42;0;1
-32;-10;50;0;1
-53;33;21;1;1
-19;6;27;0;1
-51;33;30;0;1
-33;-11;35;0;1
-16;-1;22;0;1
-44;-42;18;1;1
-23;-6;9;0;1
-47;16;15;1;1
-36;37;43;0;1
-20;-19;45;0;1
-33;4;26;1;1
-14;16;26;0;1
-21;25;12;0;1
-20;-18;40;1;1
-30;23;35;0;1
-29;-11;46;0;1
-63;-8;27;0;1
-39;-17;36;0;1
-18;9;21;0;1
-27;1;53;0;1
-46;-49;21;0;1
-13;12;19;0;1
-30;-8;45;0;1
-27;-13;56;1;1
-46;25;45;0;1
-31;-52;34;0;1
-32;29;55;1;1
-31;-21;14;0;1
-30;-9;23;0;1
-30;38;46;1;1
-60;-10;35;1;1
-37;7;43;0;1
-28;-34;41;0;1
-29;-9;31;0;1
-22;-9;57;1;1
-21;-10;43;0;1
-26;19;43;0;1
-43;33;44;0;1
-29;38;24;0;1
-54;-21;23;1;1
-44;43;28;1;1
-21;-6;19;0;1
-62;-18;23;0;1
-36;-4;41;0;1
-46;40;23;0;1
-55;-2;15;0;1
-28;-44;17;0;1
-54;-27;30;0;1
-32;-45;43;1;1
-29;-22;21;1;1
-31;-9;31;0;1
-41;27;16;1;1
-48;6;44;1;1
-31;1;43;1;1
-39;-28;25;1;1
-51;13;40;0;1
-41;-33;21;1;1
-35;-18;49;0;1
-41;-17;17;0;1
-38;53;23;0;1
-27;10;38;0;1
-44;-33;33;0;1
-30;-2;41;1;1
-21;-33;32;1;1
-21;-19;18;0;1
-52;18;15;1;1
-40;-2;50;1;1
-44;-42;32;1;1
-57;-16;30;1;1
-24;1;62;1;1
-18;0;27;1;1
-25;12;36;0;1
-26;3;13;0;1
-21;-27;34;0;1
-36;25;37;0;1
-39;6;26;0;1
-14;7;20;0;1
-48;15;38;1;1
-34;-41;34;1;1
-49;-46;21;0;1
-18;27;22;0;1
-34;-28;39;0;1
-58;-25;18;1;1
-13;11;40;1;1
-57;-18;32;0;1
-26;12;30;1;1
-44;-5;36;0;1
-54;-13;27;0;1
-42;-9;41;1;1
-27;42;26;1;1
-32;26;12;0;1
-43;44;28;0;1
-14;24;55;0;1
-44;46;25;1;1
-37;-34;14;0;1
-61;-6;22;0;1
-44;27;23;1;1
-47;2;15;0;1
-30;-14;54;0;1
-52;-2;48;1;1
-25;12;64;1;1
-37;35;18;1;1
-59;-14;18;0;1
-24;-15;11;1;1
-26;8;53;0;1
-22;14;42;1;1
-30;17;57;1;1
-40;29;33;0;1
-50;3;48;0;1
-11;17;49;0;1
-49;44;19;0;1
-50;-24;39;0;1
-12;-20;18;1;1
-48;-25;38;1;1
-34;-14;29;1;1
-45;-23;18;1;1
-46;-18;45;1;1
-29;-14;37;0;1
-23;-14;14;1;1
-51;21;29;0;1
-20;20;54;1;1
-43;-39;37;1;1
-15;-2;25;1;1
-39;5;25;1;1
-45;9;24;1;1
-29;38;50;1;1
-24;22;52;0;1
-35;31;40;0;1
-35;-38;23;0;1
-36;-35;21;0;1
-52;19;28;1;1
-23;-22;45;0;1
-31;40;46;1;1
-38;-31;44;0;1
-37;-6;27;0;1
-33;-15;20;0;1
-35;-34;17;0;1
-42;-13;45;0;1
-43;19;21;1;1
-45;20;18;0;1
-51;-19;45;1;1
-18;-5;45;1;1
-16;22;52;0;1
-42;27;18;0;1
-32;9;17;1;1
-36;-29;24;1;1
-42;39;23;0;1
-22;-15;30;0;1
-24;26;45;0;1
-47;-15;25;1;1
-22;18;65;1;1
-29;11;35;1;1
-37;-13;25;0;1
-34;-37;24;1;1
-44;-21;25;0;1
-34;43;22;0;1
-35;21;13;0;1
-27;-7;16;0;1
-32;6;50;0;1
-54;-7;33;1;1
-57;12;37;0;1
-50;40;28;0;1
-19;26;60;1;1
-26;24;43;1;1
-19;-1;29;0;1
-38;-6;11;1;1
-32;48;16;0;1
-29;-31;36;0;1
-24;-10;64;1;1
-13;-10;41;0;1
-24;19;62;1;1
-17;-16;47;0;1
-39;16;39;0;1
-31;-8;11;0;1
-63;-4;24;0;1
-14;16;25;0;1
-41;14;22;0;1
-28;37;23;1;1
-22;-10;61;0;1
-22;-37;35;1;1
-39;-15;41;0;1
-14;-17;55;0;1
-27;23;41;0;1
-43;20;33;0;1
-30;-4;57;0;1
-34;0;35;0;1
-38;52;26;0;1
-52;35;21;0;1
-50;6;50;1;1
-18;12;45;1;1
-57;-21;27;0;1
-24;0;60;0;1
-25;8;40;1;1
-47;26;33;0;1
-47;-30;34;1;1
-13;-3;21;1;1
-63;20;23;1;1
-45;34;32;0;1
-37;11;42;0;1
-48;8;28;1;1
-20;16;52;1;1
-27;-11;39;0;1
-57;23;32;0;1
-23;28;11;0;1
-37;22;39;0;1
-18;1;32;1;1
-42;-31;15;0;1
-21;-20;15;0;1
-35;26;54;1;1
-43;30;36;1;1
-47;14;51;1;1
-23;11;26;0;1
-20;9;14;1;1
-25;-8;31;1;1
-25;-15;39;0;1
-53;-8;34;0;1
-35;-6;58;0;1
-29;16;45;1;1
-51;37;30;1;1
-37;14;59;1;1
-11;-19;28;0;1
-35;-44;37;1;1
-34;0;59;1;1
-20;-31;53;0;1
-17;25;62;1;1
-64;15;18;0;1
-47;-8;27;0;1
-48;14;36;0;1
-37;-49;27;1;1
-58;-30;25;0;1
-15;19;28;0;1
-54;13;16;0;1
-43;6;31;0;1
-28;-14;37;0;1
-16;-9;23;0;1
-27;-39;31;0;1
-18;22;58;0;1
-19;14;44;1;1
-20;-18;15;1;1
-27;25;43;1;1
-46;35;27;1;1
-31;-38;30;0;1
-28;-10;42;0;1
-20;13;21;0;1
-26;42;36;0;1
-43;-43;30;1;1
-18;-18;11;0;1
-64;7;23;1;1
-35;12;57;0;1
-53;-19;38;0;1
-32;-42;23;1;1
-38;26;19;0;1
-52;2;14;0;1
-7;-9;26;1;1
-47;-3;19;0;1
-36;7;35;1;1
-46;-10;28;0;1
-46;-11;42;0;1
-20;26;30;0;1
-37;0;29;1;1
-25;-33;23;1;1
-52;12;29;0;1
-35;-19;33;1;1
-36;0;19;0;1
-41;30;28;1;1
-52;9;35;0;1
-32;-4;60;0;1
-45;-2;35;0;1
-23;19;33;0;1
-55;-24;18;0;1
-47;-12;35;0;1
-31;-7;19;0;1
-24;19;61;0;1
-36;31;41;1;1
-46;-12;28;1;1
-36;23;41;0;1
-23;3;49;1;1
-29;-30;44;1;1
-50;0;46;0;1
-27;-2;11;0;1
-52;27;29;0;1
-47;-41;28;1;1
-26;6;51;0;1
-41;-4;34;1;1
-33;14;17;0;1
-31;26;42;0;1
-13;19;49;1;1
-43;10;12;1;1
-34;-45;19;0;1
-33;3;43;1;1
-34;-27;27;1;1
-26;13;31;1;1
-61;-13;20;0;1
-35;18;33;0;1
-14;3;22;1;1
-52;0;34;0;1
-52;20;34;0;1
-45;18;46;0;1
-31;-27;35;0;1
-29;-16;21;0;1
-26;19;19;0;1
-27;0;41;0;1
-46;42;20;0;1
-37;-22;28;1;1
-18;16;66;1;1
-14;-17;25;0;1
-29;-37;34;1;1
-27;-39;23;0;1
-23;35;41;0;1
-25;31;55;0;1
-29;42;15;0;1
-30;-33;43;0;1
-55;-9;37;0;1
-46;-35;37;0;1
-41;-43;30;0;1
-31;-40;17;0;1
-37;-20;36;0;1
-49;-10;16;0;1
-17;-29;30;1;1
-25;1;50;0;1
-50;-21;22;1;1
-42;-29;29;1;1
-24;-39;45;0;1
-42;36;25;0;1
-30;-8;29;1;1
-35;47;37;0;1
-32;33;27;0;1
-41;43;26;0;1
-34;-30;45;0;1
-53;23;21;0;1
-40;1;22;0;1
-31;10;49;0;1
-56;5;34;1;1
-33;21;48;1;1
-14;8;31;1;1
-36;5;29;0;1
-14;6;39;0;1
-40;-29;36;1;1
-37;-22;30;0;1
-31;-47;17;1;1
-14;-10;23;0;1
-41;23;21;0;1
-35;22;55;1;1
-26;33;46;0;1
-20;29;10;0;1
-19;12;42;0;1
-28;-11;13;1;1
-22;27;27;1;1
-48;7;34;1;1
-37;45;30;0;1
-26;0;28;0;1
-14;-12;38;1;1
-41;24;39;0;1
-22;9;30;0;1
-34;38;49;0;1
-35;-34;50;0;1
-17;27;45;0;1
-17;-13;37;0;1
-23;33;13;1;1
-35;-29;28;0;1
-36;-38;24;0;1
-41;-15;26;0;1
-46;-7;17;0;1
-26;-1;43;1;1
-36;-13;31;0;1
-55;3;15;0;1
-32;-28;39;1;1
-31;-46;39;0;1
-45;38;38;1;1
-20;8;34;0;1
-30;-19;45;1;1
-54;-9;42;0;1
-24;-38;31;1;1
-38;-48;22;1;1
-24;32;15;1;1
-22;6;26;0;1
-22;-7;26;0;1
-59;4;30;0;1
-36;-28;13;0;1
-26;-14;63;0;1
-22;2;30;1;1
-26;36;44;1;1
-49;1;34;0;1
-56;15;27;1;1
-38;41;19;0;1
-38;-40;34;0;1
-43;0;45;1;1
-44;1;50;0;1
-60;-7;24;0;1
-32;-48;20;0;1
-33;-33;29;1;1
-57;-11;19;0;1
-33;28;53;1;1
-15;-10;44;0;1
-50;21;19;1;1
-28;37;32;0;1
-51;-25;23;0;1
-24;-41;14;0;1
-41;-16;32;0;1
-22;-34;23;1;1
-39;44;37;1;1
-52;-33;18;1;1
-30;11;12;1;1
-41;-7;15;1;1
-22;22;17;1;1
-29;29;16;0;1
-45;-35;32;0;1
-15;-20;14;1;1
-57;-19;23;0;1
-27;-24;37;0;1
-29;17;52;0;1
-18;-21;20;1;1
-33;-17;53;1;1
-52;-26;27;0;1
-29;12;25;1;1
-27;46;34;0;1
-49;16;21;0;1
-50;38;21;1;1
-40;-9;13;0;1
-56;6;30;1;1
-22;-22;23;0;1
-42;30;15;0;1
-32;-23;53;0;1
-26;-11;39;0;1
-38;-24;35;0;1
-32;24;19;1;1
-31;-14;52;0;1
-23;32;24;0;1
-45;35;34;0;1
-51;-28;29;0;1
-26;-6;30;0;1
-55;-21;18;0;1
-25;-8;57;0;1
-29;-32;37;1;1
-39;-23;33;0;1
-26;35;21;1;1
-51;28;33;0;1
-21;20;18;0;1
-44;-10;49;0;1
-24;-32;23;1;1
-49;28;31;1;1
-41;38;21;1;1
-46;-21;27;1;1
-39;4;28;1;1
-19;30;11;1;1
-30;15;47;1;1
-32;25;32;0;1
-36;-25;51;1;1
-40;-10;53;0;1
-35;-37;47;1;1
-33;18;17;1;1
-13;-10;20;1;1
-36;7;22;0;1
-44;9;30;1;1
-9;-4;23;0;1
-54;-32;26;0;1
-31;11;57;1;1
-19;29;21;1;1
-16;-20;58;1;1
-42;1;19;1;1
-55;35;28;0;1
-37;32;48;1;1
-26;36;28;0;1
-16;-19;32;0;1
-14;16;16;1;1
-31;1;57;0;1
-48;2;19;0;1
-19;17;44;0;1
-24;-27;57;1;1
-18;13;31;0;1
-31;21;45;0;1
-41;4;40;1;1
-18;-5;50;0;1
-31;15;24;0;1
-18;1;40;0;1
-33;-38;35;0;1
-53;20;36;0;1
-47;-16;38;0;1
-22;-13;22;1;1
-24;11;28;0;1
-7;12;22;1;1
-49;-24;30;0;1
-34;-4;58;0;1
-23;-16;35;0;1
-30;10;32;0;1
-25;-7;31;0;1
-29;40;30;0;1
-34;53;20;0;1
-29;-19;17;1;1
-42;-43;33;1;1
-49;17;31;1;1
-44;-39;20;0;1
-17;-28;25;1;1
-15;17;30;0;1
-27;1;17;0;1
-25;21;63;0;1
-30;-7;23;0;1
-43;8;54;1;1
-38;36;27;1;1
-40;8;17;0;1
-36;35;29;1;1
-28;5;52;0;1
-28;36;13;0;1
-36;-34;28;1;1
-20;21;31;0;1
-45;-50;19;0;1
-55;14;22;0;1
-20;-18;50;0;1
-40;42;27;0;1
-33;-24;13;0;1
-12;-18;28;1;1
-37;-29;50;1;1
-54;21;24;1;1
-48;5;44;0;1
-42;2;37;0;1
-17;29;47;0;1
-16;-27;42;0;1
-16;-11;21;0;1
-40;36;25;1;1
-44;-23;36;1;1
-17;29;14;0;1
-27;-28;21;0;1
-42;-29;22;0;1
-34;15;53;1;1
-24;-23;25;0;1
-39;-24;29;0;1
-37;-36;34;1;1
-15;-17;38;0;1
-19;16;57;1;1
-48;-18;25;0;1
-18;3;30;0;1
-21;-25;58;0;1
-23;6;10;1;1
-34;12;48;0;1
-40;24;31;1;1
-39;-14;25;1;1
-34;-4;32;1;1
-55;-25;21;0;1
-17;-24;21;1;1
-37;-42;34;0;1
-28;38;41;1;1
-23;-39;52;0;1
-48;-37;25;0;1
-51;-1;43;0;1
-42;45;30;1;1
-24;-12;29;0;1
-49;1;37;0;1
-25;36;48;0;1
-27;-20;53;1;1
-24;-40;22;0;1
-22;-7;44;0;1
-28;12;36;0;1
-17;16;59;1;1
-49;21;36;0;1
-37;-7;49;0;1
-24;0;28;0;1
-38;22;42;0;1
-47;-8;46;1;1
-28;23;15;0;1
-32;-27;52;0;1
-22;10;22;1;1
-51;23;21;1;1
-14;23;37;0;1
-47;-18;26;0;1
-30;3;9;1;1
-49;-2;43;1;1
-30;13;28;0;1
-30;10;55;0;1
-21;-24;53;0;1
-16;-11;36;0;1
-35;-2;23;0;1
-20;15;50;0;1
-61;14;20;0;1
-15;-22;63;0;1
-31;9;22;0;1
-49;21;34;0;1
-33;24;51;0;1
-48;-41;30;0;1
-46;-24;42;0;1
-9;6;28;1;1
-46;-17;26;0;1
-28;-33;18;0;1
-42;-24;15;0;1
-50;33;18;1;1
-39;-12;24;0;1
-44;44;30;1;1
-18;11;39;1;1
-28;-36;37;0;1
-53;-24;31;0;1
-31;10;23;0;1
-14;5;38;1;1
-41;-11;39;0;1
-37;9;32;1;1
-37;-43;30;1;1
-31;14;18;1;1
-32;23;12;1;1
-22;-21;47;0;1
-12;-16;39;1;1
-32;-54;18;0;1
-49;-15;30;1;1
-48;-16;45;0;1
-32;49;36;0;1
-17;-22;15;0;1
-25;5;50;0;1
-41;-12;45;0;1
-15;-22;29;0;1
-29;43;22;1;1
-12;-17;14;1;1
-30;-32;19;0;1
-44;31;29;1;1
-43;-44;17;1;1
-45;28;38;0;1
-12;20;27;1;1
-28;36;40;0;1
-40;20;43;1;1
-47;-12;51;0;1
-21;21;45;1;1
-21;-30;27;1;1
-21;-30;26;0;1
-39;-8;37;0;1
-44;8;37;0;1
-14;-23;22;0;1
-33;16;33;0;1
-43;21;30;1;1
-13;-17;53;0;1
-49;21;20;0;1
-35;49;31;1;1
-29;26;16;1;1
-38;7;48;1;1
-60;8;31;0;1
-39;-23;23;0;1
-32;-1;24;1;1
-29;36;27;1;1
-57;17;19;0;1
-21;-14;32;0;1
-28;-18;42;1;1
-25;-34;42;0;1
-32;0;13;0;1
-21;-6;50;1;1
-37;-1;40;0;1
-29;-36;29;1;1
-17;19;38;0;1
-56;0;19;1;1
-21;-3;36;1;1
-40;-23;35;0;1
-25;6;43;0;1
-40;-50;26;0;1
-25;6;59;1;1
-56;4;16;1;1
-37;-29;30;0;1
-26;-44;42;0;1
-13;22;26;1;1
-49;8;35;0;1
-47;-31;22;0;1
-18;-3;32;0;1
-46;7;44;0;1
-58;-12;23;0;1
-28;-1;48;0;1
-24;9;26;1;1
-49;-1;51;1;1
-34;5;12;1;1
-64;-9;19;1;1
-30;25;39;1;1
-31;-20;53;0;1
-18;-6;19;0;1
-26;15;38;0;1
-30;-11;24;0;1
-16;-11;19;1;1
-22;34;53;0;1
-27;14;46;1;1
-35;2;61;0;1
-41;38;29;0;1
-10;-14;24;0;1
-36;17;30;0;1
-25;-3;43;1;1
-41;45;22;1;1
-18;-9;27;0;1
-27;-23;16;0;1
-15;-25;13;0;1
-44;-23;30;1;1
-21;-9;19;0;1
-25;-31;57;1;1
-31;28;47;1;1
-12;20;19;0;1
-40;16;54;0;1
-38;-36;27;0;1
-38;43;18;0;1
-35;27;43;1;1
-49;-4;27;0;1
-29;34;50;0;1
-29;-48;37;1;1
-54;-30;23;0;1
-24;12;11;0;1
-27;34;28;0;1
-17;-16;54;1;1
-30;41;42;1;1
-40;-5;15;1;1
-33;-32;49;0;1
-16;-6;46;0;1
-30;34;38;0;1
-49;4;29;0;1
-38;14;11;0;1
-18;25;41;0;1
-38;-10;33;0;1
-16;6;18;0;1
-38;27;49;0;1
-11;-15;25;0;1
-26;29;25;1;1
-36;54;18;0;1
-30;-14;62;0;1
-41;-11;38;0;1
-38;-41;21;1;1
-26;-6;62;0;1
-32;-2;31;1;1
-41;23;43;0;1
-24;-25;38;1;1
-36;15;48;0;1
-29;-17;39;1;1
-45;46;27;1;1
-32;8;32;0;1
-40;8;42;1;1
-50;-7;35;0;1
-23;-4;17;1;1
-46;-27;35;1;1
-54;-8;34;0;1
-38;17;16;0;1
-32;27;45;0;1
-41;-9;27;0;1
-33;15;44;0;1
-50;-14;42;1;1
-11;10;38;0;1
-37;13;58;0;1
-25;-1;46;1;1
-39;-38;18;0;1
-53;-35;26;1;1
-35;22;42;1;1
-22;-5;45;1;1
-46;12;28;1;1
-57;-3;35;0;1
-15;-18;47;0;1
-38;11;53;1;1
-27;-43;29;1;1
-60;-22;28;1;1
-31;-27;55;1;1
-40;33;20;1;1
-44;28;34;0;1
-38;-28;23;1;1
-44;-19;13;1;1
-38;25;54;0;1
-48;-3;23;0;1
-47;-19;19;1;1
-26;-5;25;0;1
-42;-43;19;0;1
-37;-4;22;0;1
-42;-12;15;0;1
-61;-3;27;0;1
-30;-14;19;1;1
-26;28;52;0;1
-41;-29;50;0;1
-31;-19;41;0;1
-21;-7;49;0;1
-27;17;49;0;1
-46;25;38;0;1
-41;25;51;0;1
-30;20;18;0;1
-18;-28;26;0;1
-29;14;17;0;1
-38;-26;50;0;1
-35;-5;28;1;1
-21;30;23;1;1
-16;15;22;0;1
-45;41;33;0;1
-31;17;22;0;1
-42;-1;30;0;1
-48;-18;33;0;1
-28;25;38;1;1
-52;30;28;0;1
-44;-21;30;0;1
-20;-16;64;0;1
-21;-28;12;0;1
-62;1;31;1;1
-41;31;16;1;1
-17;-17;26;0;1
-39;-1;39;0;1
-15;5;34;0;1
-42;6;26;0;1
-50;10;28;1;1
-40;52;21;1;1
-55;-27;33;0;1
-55;-6;40;0;1
-20;19;61;1;1
-52;-37;30;1;1
-18;15;41;0;1
-34;27;41;0;1
-52;39;23;0;1
-27;34;41;1;1
-35;32;29;1;1
-26;9;12;0;1
-15;17;38;0;1
-35;-52;24;0;1
-29;-16;51;0;1
-7;8;22;0;1
-23;-23;55;1;1
-32;-11;39;0;1
-45;15;42;1;1
-15;-14;18;0;1
-50;20;35;0;1
-11;15;37;0;1
-44;2;38;1;1
-29;-20;29;0;1
-18;20;61;1;1
-39;25;27;0;1
-20;-13;54;0;1
-35;44;19;0;1
-32;32;22;1;1
-32;-24;29;0;1
-24;13;34;0;1
-20;-21;10;0;1
-39;28;13;1;1
-40;-25;52;1;1
-24;-6;19;1;1
-42;39;22;0;1
-41;6;27;0;1
-38;36;47;0;1
-12;-9;26;1;1
-21;12;13;1;1
-40;-21;51;0;1
-54;27;31;0;1
-48;33;37;1;1
-34;-39;28;0;1
-46;-2;21;0;1
-37;-12;50;0;1
-42;-10;54;0;1
-36;-20;43;0;1
-45;-22;31;0;1
-62;7;21;0;1
-32;-21;16;1;1
-38;46;22;1;1
-50;-24;15;1;1
-65;6;21;0;1
-49;-6;29;0;1
-49;-15;29;1;1
-52;-21;41;0;1
-35;-19;52;1;1
-48;-38;19;0;1
-33;15;54;1;1
-44;-5;46;0;1
-35;-28;16;0;1
-16;20;59;0;1
-30;-41;24;1;1
-17;6;21;0;1
-30;33;40;0;1
-39;16;19;0;1
-29;42;45;1;1
-27;-9;8;0;1
-40;6;46;0;1
-26;-44;14;1;1
-37;-6;22;1;1
-31;-51;23;0;1
-38;13;37;1;1
-29;18;29;0;1
-56;-19;23;1;1
-22;9;52;0;1
-24;19;23;0;1
-36;-28;16;1;1
-33;19;23;0;1
-54;5;34;0;1
-35;-44;31;0;1
-43;-34;16;0;1
-32;-12;54;0;1
-7;-6;24;0;1
-38;26;44;0;1
-25;-18;53;0;1
-39;15;25;0;1
-47;-40;17;1;1
-29;-15;14;1;1
-46;-38;33;0;1
-20;-16;16;0;1
-44;-49;22;0;1
-34;-36;25;0;1
-30;44;21;1;1
-19;-26;47;0;1
-49;-38;34;1;1
-30;-16;47;0;1
-32;31;34;0;1
-30;-1;62;1;1
-58;24;30;0;1
-28;-31;30;0;1
-25;15;50;0;1
-19;5;50;1;1
-40;-23;17;0;1
-50;-6;17;1;1
-21;-15;33;0;1
-25;34;12;0;1
-38;0;39;0;1
-53;12;44;0;1
-40;-3;22;0;1
-40;9;25;1;1
-59;-15;34;0;1
-28;-26;29;0;1
-36;26;34;0;1
-23;17;27;1;1
-46;-28;38;1;1
-37;43;33;0;1
-30;-38;37;0;1
-32;17;57;0;1
-19;-30;33;1;1
-67;-4;18;1;1
-35;39;43;0;1
-56;19;20;1;1
-50;21;45;0;1
-21;-13;53;0;1
-48;27;16;1;1
-54;19;38;0;1
-24;22;12;0;1
-24;-34;57;0;1
-18;31;22;0;1
-44;-36;36;0;1
-45;28;34;0;1
-22;20;42;0;1
-34;-27;45;0;1
-36;46;25;1;1
-26;-31;38;1;1
-38;-35;36;0;1
-45;-27;24;1;1
-20;19;21;0;1
-32;36;37;1;1
-12;-1;27;0;1
-12;-18;37;0;1
-54;13;22;1;1
-41;-40;37;1;1
-20;0;15;0;1
-21;-35;24;0;1
-30;-28;56;1;1
-58;-22;23;0;1
-22;-17;61;1;1
-27;7;51;1;1
-25;-21;32;0;1
-64;15;24;0;1
-64;-18;22;1;1
-26;33;18;0;1
-58;23;20;1;1
-47;-10;31;0;1
-27;5;49;0;1
-25;38;38;1;1
-34;10;24;0;1
-14;-18;49;0;1
-24;-28;33;1;1
-13;16;41;1;1
-29;-2;21;0;1
-47;-7;27;1;1
-53;28;35;1;1
-52;2;29;0;1
-46;27;34;0;1
-48;40;19;0;1
-9;-10;35;1;1
-52;-21;20;0;1
-22;36;46;0;1
-46;-3;50;0;1
-26;14;10;0;1
-10;14;30;0;1
-19;27;21;0;1
-61;21;21;0;1
-38;28;39;1;1
-24;8;21;0;1
-42;-26;29;0;1
-63;-18;25;0;1
-30;-30;22;0;1
-57;-7;23;1;1
-14;-16;27;0;1
-55;12;42;0;1
-47;13;34;1;1
-45;18;50;1;1
-45;9;30;1;1
-52;4;43;1;1
-36;13;16;0;1
-43;0;52;0;1
-61;-26;18;1;1
-29;-22;45;0;1
-25;-20;33;0;1
-18;17;29;1;1
-23;5;28;0;1
-64;0;19;0;1
-39;27;35;1;1
-18;-12;33;0;1
-46;-7;38;1;1
-24;-11;55;0;1
-29;0;62;0;1
-36;-45;28;0;1
-58;7;36;0;1
-26;8;39;1;1
-20;-26;41;0;1
-32;-16;36;1;1
-41;-38;35;0;1
-63;12;30;0;1
-22;31;42;0;1
-61;26;25;0;1
-23;14;8;0;1
-17;-24;57;0;1
-34;-12;48;0;1
-34;-12;10;0;1
-38;5;55;1;1
-26;-1;7;0;1
-61;-28;20;0;1
-31;-39;38;0;1
-10;16;44;1;1
-20;27;42;0;1
-19;-9;26;1;1
-52;0;20;0;1
-25;15;61;0;1
-25;1;10;1;1
-54;31;23;0;1
-45;-26;42;0;1
-34;-33;23;1;1
-22;-33;49;0;1
-46;8;51;1;1
-19;11;53;0;1
-28;35;24;0;1
-34;5;61;0;1
-31;12;22;1;1
-33;20;28;1;1
-38;35;45;0;1
-48;34;17;0;1
-64;10;18;0;1
-43;-42;32;1;1
-45;-17;27;0;1
-28;6;44;1;1
-17;29;57;0;1
-45;-32;23;0;1
-42;-13;54;0;1
-37;30;26;1;1
-35;40;40;0;1
-52;-13;36;0;1
-49;-39;30;0;1
-43;-18;18;0;1
-32;-9;61;0;1
-53;-34;19;1;1
-11;15;27;0;1
-22;-34;27;1;1
-18;11;37;0;1
-40;1;54;0;1
-19;-21;37;0;1
-33;49;35;0;1
-27;-28;44;1;1
-41;1;15;1;1
-29;18;10;0;1
-28;-27;44;0;1
-56;25;29;1;1
-34;27;51;0;1
-22;-24;53;0;1
-16;10;31;1;1
-39;28;33;0;1
-40;-49;28;0;1
-39;-10;36;1;1
-14;-11;17;0;1
-53;6;46;1;1
-46;23;36;0;1
-26;-19;29;1;1
-24;6;33;1;1
-39;-44;26;0;1
-39;-34;42;1;1
-16;17;64;0;1
-27;-30;50;0;1
-22;28;45;0;1
-40;29;49;1;1
-42;-26;24;1;1
-12;8;29;0;1
-54;-40;23;0;1
-45;-11;25;0;1
-42;-29;41;0;1
-51;4;19;0;1
-18;-23;22;1;1
-20;-15;27;0;1
-31;30;32;1;1
-44;18;27;0;1
-29;41;20;1;1
-20;3;38;0;1
-33;-26;31;1;1
-26;-16;56;0;1
-29;-7;60;0;1
-31;19;47;1;1
-30;-2;62;0;1
-35;-34;48;1;1
-37;10;49;1;1
-40;55;19;1;1
-57;24;30;1;1
-49;8;17;1;1
-24;-31;39;0;1
-47;-12;18;1;1
-48;-5;27;0;1
-40;5;11;0;1
-38;26;25;0;1
-45;20;42;0;1
-34;-49;26;0;1
-31;3;31;1;1
-38;38;19;1;1
-46;31;44;1;1
-26;-44;18;0;1
-39;-52;24;0;1
-59;-11;17;0;1
-28;-17;20;0;1
-31;16;36;1;1
-21;13;54;0;1
-45;-14;29;0;1
-27;29;46;1;1
-58;25;23;0;1
-33;-28;54;0;1
-25;8;48;0;1
-52;6;24;0;1
-40;2;29;0;1
-45;41;22;0;1
-26;-8;39;0;1
-7;-12;25;0;1
-49;-7;40;0;1
-24;9;7;1;1
-25;29;32;0;1
-33;-27;52;0;1
-43;40;28;0;1
-34;28;52;0;1
-42;10;16;0;1
-50;-42;23;0;1
-44;-37;17;1;1
-18;-31;20;1;1
-56;-21;22;0;1
-15;-23;20;1;1
-25;-2;28;0;1
-27;-21;60;1;1
-37;-25;44;0;1
-63;-2;25;0;1
-20;-17;59;0;1
-36;11;31;0;1
-48;23;21;1;1
-48;-9;18;1;1
-27;-20;29;0;1
-13;5;31;0;1
-66;-3;23;1;1
-25;38;37;0;1
-45;41;17;1;1
-26;11;19;0;1
-41;-26;27;0;1
-31;-43;31;0;1
-37;36;36;0;1
-28;-6;12;0;1
-21;33;45;1;1
-16;-12;30;0;1
-29;-5;31;0;1
-38;31;31;0;1
-54;-1;37;0;1
-26;-27;31;0;1
-22;10;58;1;1
-19;5;25;0;1
-16;8;23;0;1
-46;30;25;1;1
-56;-12;36;1;1
-18;5;47;1;1
-36;-31;39;0;1
-27;-15;63;0;1
-23;3;22;1;1
-43;51;24;0;1
-15;15;52;0;1
-38;-21;45;1;1
-52;19;19;1;1
-25;-16;27;0;1
-44;30;34;0;1
-18;-23;58;0;1
-56;10;28;0;1
-32;28;40;0;1
-40;-3;41;0;1
-48;35;37;1;1
-24;5;39;1;1
-9;15;23;1;1
-42;-33;32;0;1
-31;-29;55;1;1
-46;-30;39;1;1
-25;-14;19;0;1
-26;18;10;0;1
-31;53;22;0;1
-57;-30;28;0;1
-51;4;23;0;1
-40;-3;27;0;1
-39;10;34;1;1
-30;4;57;0;1
-27;40;40;0;1
-47;38;25;0;1
-13;-11;45;0;1
-34;36;19;0;1
-14;-9;24;0;1
-52;22;40;0;1
-24;14;24;0;1
-31;-20;24;0;1
-40;-1;37;0;1
-15;24;34;1;1
-15;25;37;0;1
-24;-17;56;0;1
-17;20;15;0;1
-35;-22;20;1;1
-27;-5;45;1;1
-37;15;22;0;1
-15;13;32;1;1
-19;-23;17;0;1
-54;-6;28;1;1
-56;11;23;0;1
-18;12;33;1;1
-16;-19;48;0;1
-22;17;54;0;1
-29;-29;37;0;1
-38;32;18;0;1
-62;8;20;0;1
-40;-9;51;0;1
-46;-44;24;0;1
-21;-12;20;1;1
-29;29;42;0;1
-27;-21;38;1;1
-16;26;23;1;1
-30;24;23;0;1
-24;24;59;0;1
-36;-46;18;1;1
-32;19;32;0;1
-42;-29;43;1;1
-37;27;46;0;1
-53;37;22;1;1
-36;44;32;0;1
-31;-26;26;0;1
-29;-31;26;1;1
-35;-42;22;1;1
-58;7;26;0;1
-41;50;22;0;1
-23;19;31;1;1
-43;26;16;1;1
-42;21;24;0;1
-58;-20;28;0;1
-47;-23;26;0;1
-53;-5;45;0;1
-44;10;22;1;1
-44;45;31;0;1
-41;-33;37;0;1
-27;25;42;0;1
-24;-11;41;0;1
-38;-24;20;1;1
-39;35;39;0;1
-52;18;33;0;1
-15;-16;37;0;1
-23;-19;57;0;1
-31;44;44;0;1
-26;40;50;1;1
-27;38;53;0;1
-42;13;32;0;1
-62;5;23;0;1
-48;-46;23;0;1
-49;37;34;0;1
-59;6;34;0;1
-50;28;33;0;1
-50;-2;39;0;1
-32;35;48;0;1
-23;-26;30;1;1
-28;-39;38;1;1
-33;-15;18;0;1
-41;-33;26;0;1
-34;55;25;1;1
-23;-23;39;1;1
-41;-10;48;0;1
-30;-25;13;1;1
-25;36;43;1;1
-58;-9;22;0;1
-49;35;37;0;1
-28;26;45;0;1
-32;26;29;0;1
-36;25;47;0;1
-26;-38;43;0;1
-41;20;29;1;1
-54;35;18;0;1
-28;4;40;0;1
-47;-31;19;0;1
-17;-29;25;0;1
-41;-5;54;1;1
-49;1;21;0;1
-28;3;56;0;1
-13;20;62;1;1
-19;22;49;0;1
-25;32;46;0;1
-24;-23;20;0;1
-41;-9;51;0;1
-28;-30;21;0;1
-51;-30;20;0;1
-43;-17;27;0;1
-18;-20;17;1;1
-57;-17;32;0;1
-32;23;19;1;1
-35;25;14;1;1
-30;50;37;0;1
-23;4;17;1;1
-37;-15;22;1;1
-43;33;15;0;1
-30;-29;45;0;1
-56;18;22;0;1
-33;50;18;0;1
-46;0;42;0;1
-25;29;47;0;1
-36;-4;16;0;1
-56;26;24;0;1
-49;8;43;0;1
-21;31;47;1;1
-40;-30;39;0;1
-21;20;62;1;1
-55;28;18;1;1
-38;13;31;0;1
-14;-1;29;0;1
-45;-4;26;0;1
-44;28;25;1;1
-29;33;40;0;1
-11;-16;16;1;1
-32;-37;45;0;1
-37;10;19;1;1
-25;25;43;1;1
-60;18;29;0;1
-7;12;37;1;1
-16;25;10;0;1
-28;-46;36;1;1
-23;-21;42;0;1
-43;-9;40;1;1
-29;-19;29;0;1
-66;-6;18;1;1
-13;-5;23;1;1
-53;-9;15;0;1
-33;31;13;0;1
-27;23;16;1;1
-38;55;20;0;1
-30;-16;57;0;1
-20;-28;15;0;1
-23;-27;27;0;1
-15;-18;29;1;1
-18;11;34;1;1
-31;-33;15;0;1
-21;-30;58;0;1
-30;11;52;1;1
-18;4;26;0;1
-12;6;26;1;1
-23;11;20;0;1
-58;4;19;1;1
-19;-27;9;0;1
-16;-14;13;1;1
-22;32;35;0;1
-41;-18;46;1;1
-22;28;36;0;1
-29;-2;11;1;1
-43;37;32;1;1
-10;-8;22;1;1
-32;-54;17;0;1
-31;-20;19;1;1
-56;20;36;1;1
-31;36;16;0;1
-31;-10;42;0;1
-14;0;30;0;1
-48;16;16;1;1
-35;-27;18;0;1
-49;4;30;1;1
-19;-22;11;0;1
-44;-37;27;0;1
-40;18;53;0;1
-38;30;51;0;1
-10;-16;40;0;1
-38;-1;43;1;1
-38;-44;38;1;1
-35;45;37;0;1
-27;16;36;0;1
-54;10;18;0;1
-13;-21;46;0;1
-31;20;34;0;1
-49;-2;40;1;1
-51;25;17;1;1
-61;-12;23;0;1
-49;9;46;0;1
-30;13;11;0;1
-18;14;16;0;1
-40;-15;52;0;1
-23;-3;52;1;1
-26;-15;16;0;1
-49;3;23;0;1
-34;-53;29;1;1
-43;-45;24;0;1
-26;-41;50;0;1
-20;9;15;0;1
-59;0;16;0;1
-23;11;15;0;1
-46;19;40;0;1
-38;47;33;1;1
-16;21;57;1;1
-38;52;22;0;1
-37;-54;20;1;1
-35;-6;34;0;1
-60;27;19;1;1
-24;-32;34;1;1
-35;43;26;0;1
-28;11;20;1;1
-19;-1;26;1;1
-31;-13;31;0;1
-35;43;38;1;1
-21;-22;35;1;1
-49;-44;21;0;1
-32;21;33;1;1
-41;-18;37;0;1
-36;-14;31;0;1
-38;0;34;1;1
-36;40;29;0;1
-57;-33;25;1;1
-36;5;47;0;1
-14;-8;24;0;1
-56;-1;29;0;1
-21;17;9;0;1
-28;6;43;0;1
-35;-24;27;0;1
-25;-20;56;0;1
-24;-1;46;0;1
-54;23;17;0;1
-27;20;56;1;1
-50;-26;19;0;1
-39;-22;33;0;1
-31;10;45;0;1
-43;3;41;0;1
-41;-9;26;0;1
-50;24;33;0;1
-30;-34;30;1;1
-47;15;31;0;1
-26;-37;51;0;1
-53;26;33;0;1
-43;19;23;0;1
-27;15;23;1;1
-16;22;10;0;1
-60;-11;35;0;1
-24;-8;32;0;1
-40;0;51;0;1
-20;22;31;0;1
-63;-6;32;1;1
-17;8;31;0;1
-15;-1;28;0;1
-42;-20;29;0;1
-34;41;31;0;1
-30;1;25;0;1
-24;-37;50;0;1
-23;-39;21;0;1
-36;-5;21;1;1
-19;9;36;0;1
-32;16;40;0;1
-25;-11;58;0;1
-64;0;23;1;1
-41;-17;30;1;1
-11;13;26;0;1
-38;25;24;1;1
-14;22;34;0;1
-24;-16;29;0;1
-45;-6;52;0;1
-18;-29;17;0;1
-31;26;45;0;1
-21;-3;33;1;1
-37;19;22;0;1
-26;15;55;0;1
-44;-8;46;0;1
-27;-8;27;0;1
-39;-28;14;0;1
-23;-33;12;1;1
-25;13;9;0;1
-61;10;31;0;1
-59;16;32;0;1
-53;-25;29;1;1
-40;10;37;0;1
-31;30;21;0;1
-26;39;19;1;1
-21;-1;28;1;1
-50;-5;49;0;1
-36;-51;27;0;1
-29;38;46;1;1
-25;36;35;1;1
-22;2;49;1;1
-34;8;44;0;1
-19;-26;63;0;1
-43;-36;31;0;1
-57;-30;22;0;1
-35;0;39;0;1
-27;32;25;0;1
-23;17;44;1;1
-42;-23;44;1;1
-41;4;41;0;1
-13;4;33;1;1
-43;24;18;0;1
-32;26;20;0;1
-36;16;56;0;1
-41;-23;41;1;1
-48;21;46;1;1
-33;37;47;0;1
-44;-3;37;1;1
-58;1;21;0;1
-22;-9;32;1;1
-43;-22;41;1;1
-13;-10;19;0;1
-58;-16;28;1;1
-37;14;45;0;1
-20;-32;46;0;1
-35;10;51;1;1
-37;15;38;0;1
-36;17;45;0;1
-31;37;19;0;1
-49;9;44;1;1
-43;-31;44;0;1
-31;-28;31;1;1
-51;31;19;0;1
-34;-37;26;1;1
-54;2;46;0;1
-53;8;43;0;1
-14;-3;21;1;1
-49;40;21;0;1
-27;-29;26;0;1
-23;-18;26;1;1
-11;-15;50;1;1
-32;30;22;1;1
-33;-7;46;0;1
-36;47;27;0;1
-57;-12;29;1;1
-24;13;9;0;1
-32;20;20;0;1
-18;-21;12;0;1
-42;-6;25;1;1
-31;-40;15;1;1
-40;-13;12;0;1
-19;28;54;0;1
-38;-1;12;1;1
-22;18;23;1;1
-33;-41;46;0;1
-21;12;14;1;1
-35;-19;22;0;1
-34;-22;34;0;1
-37;-10;54;0;1
-30;-20;45;1;1
-57;5;29;0;1
-43;6;15;1;1
-45;6;15;1;1
-50;-36;18;0;1
-56;-25;33;0;1
-36;-21;14;1;1
-49;-24;18;0;1
-54;-16;27;1;1
-39;9;30;1;1
-46;21;47;1;1
-46;24;39;1;1
-38;-42;16;0;1
-31;3;55;0;1
-43;-16;52;0;1
-22;30;38;0;1
-26;-2;60;1;1
-34;-39;21;1;1
-30;12;63;0;1
-39;34;19;0;1
-53;-27;27;0;1
-17;-29;12;0;1
-33;-2;17;1;1
-49;22;46;1;1
-60;-1;27;0;1
-22;35;25;0;1
-39;30;25;1;1
-47;3;14;1;1
-41;-7;49;0;1
-13;-10;40;0;1
-44;-14;39;1;1
-28;-19;48;0;1
-34;41;24;1;1
-24;-16;23;1;1
-54;37;20;0;1
-25;-1;42;0;1
-25;-29;25;0;1
-40;-4;52;0;1
-38;18;42;0;1
-38;39;25;0;1
-29;9;61;1;1
-29;10;14;1;1
-34;-47;40;1;1
-32;34;31;0;1
-54;-27;17;1;1
-39;-9;41;0;1
-14;-24;45;1;1
-40;5;43;1;1
-51;11;47;1;1
-9;-8;26;0;1
-23;-8;7;0;1
-38;6;14;1;1
-21;20;42;0;1
-51;-14;34;1;1
-41;37;32;1;1
-27;-20;59;1;1
-32;20;41;1;1
-52;30;30;0;1
-46;-15;43;0;1
-41;-19;22;0;1
-26;-45;40;0;1
-44;-3;48;0;1
-21;4;24;0;1
-52;-2;45;0;1
-51;3;39;1;1
-31;-16;43;0;1
-26;18;23;0;1
-30;35;40;0;1
-34;10;37;1;1
-33;39;17;1;1
-52;-13;25;0;1
-38;32;46;1;1
-53;-8;18;1;1
-45;-18;35;1;1
-25;-10;12;0;1
-35;23;19;0;1
-35;-15;20;1;1
-14;-19;40;0;1
-54;4;38;0;1
-27;-9;37;0;1
-20;19;62;0;1
-59;-2;34;0;1
-55;-30;21;0;1
-41;7;35;0;1
-47;17;47;0;1
-20;-16;44;0;1
-23;22;12;0;1
-38;9;34;0;1
-35;-19;47;0;1
-37;36;28;1;1
-46;-21;46;1;1
-29;-14;56;0;1
-50;-13;37;0;1
-54;28;29;0;1
-27;28;58;1;1
-37;-39;15;1;1
-23;-16;27;0;1
-38;-37;36;0;1
-36;10;24;0;1
-33;22;20;1;1
-29;28;23;1;1
-39;13;17;0;1
-21;13;29;1;1
-30;20;43;1;1
-18;-27;31;0;1
-37;15;27;0;1
-42;29;43;1;1
-29;31;43;1;1
-38;22;31;0;1
-20;-32;48;1;1
-45;37;34;1;1
-30;-42;35;0;1
-59;-13;36;1;1
-33;39;18;1;1
-36;9;26;0;1
-28;37;43;0;1
-47;-25;41;0;1
-32;4;61;1;1
-17;-20;20;1;1
-43;1;50;1;1
-24;-7;38;1;1
-39;-50;18;0;1
-48;-20;18;0;1
-54;-30;32;0;1
-40;-6;53;0;1
-34;7;55;1;1
-43;-15;52;0;1
-64;-1;18;0;1
-32;-38;49;0;1
-39;-20;48;0;1
-27;-19;18;1;1
-54;29;30;1;1
-32;-10;49;1;1
-31;0;20;0;1
-57;-10;34;0;1
-33;29;37;0;1
-47;22;43;1;1
-35;31;30;1;1
-37;32;44;0;1
-23;-25;11;0;1
-31;17;30;0;1
-48;5;49;0;1
-9;-5;26;1;1
-30;-4;41;0;1
-47;7;14;0;1
-29;-30;26;1;1
-30;-16;32;1;1
-29;-40;27;0;1
-28;8;23;0;1
-60;14;35;1;1
-45;-20;46;0;1
-44;44;25;0;1
-35;-14;24;0;1
-48;23;44;0;1
-24;-32;11;0;1
-41;-31;29;0;1
-46;-22;15;0;1
-24;21;55;0;1
-42;-12;44;1;1
-36;-40;37;0;1
-49;9;15;0;1
-42;8;24;0;1
-52;42;21;0;1
-58;-9;18;1;1
-47;-6;20;0;1
-49;-14;32;1;1
-57;15;38;0;1
-35;50;31;1;1
-34;-20;51;0;1
-18;27;49;0;1
-34;-6;35;0;1
-26;16;54;0;1
-50;-16;39;1;1
-50;18;25;0;1
-27;25;35;0;1
-30;6;12;0;1
-39;-28;13;0;1
-31;5;20;0;1
-19;21;38;1;1
-26;7;39;0;1
-19;28;10;1;1
-28;-21;45;0;1
-39;5;17;1;1
-33;-32;39;0;1
-50;-6;32;1;1
-36;3;41;0;1
-29;40;42;0;1
-38;-45;28;0;1
-22;-12;52;1;1
-24;-38;28;1;1
-40;-12;14;1;1
-36;-35;28;0;1
-47;13;15;0;1
-10;15;20;0;1
-29;29;11;0;1
-42;29;47;0;1
-56;-4;41;0;1
-14;-22;9;0;1
-36;-44;34;1;1
-58;-1;21;0;1
-31;-4;31;0;1
-50;-44;23;1;1
-50;27;41;0;1
-25;17;48;0;1
-32;48;23;1;1
-33;-25;53;0;1
-51;14;17;1;1
-41;37;29;0;1
-34;3;26;0;1
-48;-34;29;0;1
-15;8;21;1;1
-29;14;63;0;1
-19;-14;30;0;1
-31;3;32;1;1
-32;-53;27;0;1
-33;-6;21;1;1
-16;-23;45;0;1
-29;-34;17;0;1
-18;13;38;0;1
-24;-31;12;0;1
-33;5;55;1;1
-27;19;31;0;1
-28;3;24;0;1
-26;42;51;0;1
-30;-12;30;0;1
-55;-29;21;1;1
-32;-15;31;0;1
-50;10;18;0;1
-33;-11;44;1;1
-37;4;39;1;1
-32;16;34;1;1
-38;28;42;0;1
-49;26;31;0;1
-21;36;47;1;1
-49;3;22;0;1
-24;15;9;1;1
-33;1;18;0;1
-30;50;25;0;1
-15;-15;52;1;1
-29;24;52;0;1
-41;13;37;1;1
-40;-8;58;0;1
-19;-7;38;1;1
-28;9;44;0;1
-23;22;41;0;1
-26;-45;41;0;1
-32;-1;31;1;1
-29;-13;39;1;1
-34;-19;19;0;1
-50;-19;28;1;1
-39;23;25;0;1
-35;-26;44;0;1
-56;-32;24;1;1
-28;25;49;0;1
-32;-17;55;0;1
-19;-24;10;0;1
-34;-25;23;0;1
-36;-34;35;1;1
-49;24;40;0;1
-34;24;23;1;1
-14;24;54;0;1
-11;-18;42;0;1
-22;-22;41;0;1
-54;7;29;0;1
-29;-19;62;0;1
-31;17;10;0;1
-34;-15;56;0;1
-59;-24;19;0;1
-36;-24;29;1;1
-24;-33;30;0;1
-8;-13;33;0;1
-40;-7;53;1;1
-28;34;44;1;1
-42;-15;42;0;1
-35;-17;59;1;1
-47;17;43;0;1
-22;-35;31;0;1
-8;-12;30;1;1
-17;8;19;1;1
-18;-28;30;1;1
-32;-24;22;1;1
-18;27;19;0;1
-28;25;52;1;1
-38;5;46;0;1
-57;-14;28;0;1
-52;-41;24;0;1
-40;18;18;0;1
-34;50;34;0;1
-40;-10;18;0;1
-42;-36;38;1;1
-41;-19;47;1;1
-53;9;26;0;1
-35;11;46;0;1
-35;35;24;1;1
-28;29;17;0;1
-40;-19;38;1;1
-33;26;23;1;1
-23;39;24;0;1
-58;0;24;1;1
-44;-49;26;0;1
-45;4;49;0;1
-33;0;37;1;1
-46;2;50;0;1
-26;38;16;1;1
-50;-8;47;0;1
-59;8;30;1;1
-23;-25;13;1;1
-24;36;41;0;1
-45;-19;38;1;1
-39;-18;52;0;1
-55;37;24;0;1
-34;-17;21;0;1
-34;49;28;0;1
-43;-6;23;1;1
-14;-21;21;0;1
-56;6;22;1;1
-40;0;19;0;1
-36;24;20;1;1
-59;29;22;0;1
-33;51;34;0;1
-44;6;34;0;1
-12;1;23;1;1
-26;-9;43;0;1
-49;-2;22;0;1
-35;10;56;0;1
-18;9;43;1;1
-20;17;53;0;1
-46;5;37;1;1
-29;-24;54;0;1
-50;-24;18;0;1
-27;-31;27;0;1
-66;-4;21;0;1
-14;-22;30;1;1
-26;-40;28;1;1
-27;-14;60;1;1
-61;17;26;0;1
-26;9;11;1;1
-16;12;26;0;1
-44;33;25;0;1
-62;-6;26;0;1
-40;-42;20;1;1
-31;-30;44;1;1
-42;-5;16;0;1
-13;21;60;1;1
-46;-2;46;1;1
-22;22;61;1;1
-30;16;17;0;1
-46;-4;24;0;1
-33;-13;35;0;1
-30;31;21;1;1
-10;16;32;0;1
-54;27;26;0;1
-24;14;41;0;1
-33;38;31;0;1
-11;2;28;0;1
-44;-1;22;0;1
-23;32;44;0;1
-56;-18;27;0;1
-43;27;17;0;1
-45;22;30;0;1
-48;0;52;0;1
-30;-47;38;1;1
-48;-12;25;1;1
-53;-12;20;0;1
-27;-18;20;0;1
-55;26;24;0;1
-33;25;13;0;1
-23;17;57;0;1
-30;-42;22;0;1
-16;7;46;0;1
-39;-12;55;1;1
-38;44;40;1;1
-47;23;22;1;1
-60;-19;25;0;1
-46;25;23;0;1
-27;13;32;0;1
-26;-14;49;0;1
-25;-26;51;0;1
-15;-18;8;1;1
-29;27;24;0;1
-41;14;26;0;1
-27;-32;20;0;1
-26;-29;18;1;1
-62;-25;23;0;1
-50;1;26;0;1
-30;-19;35;0;1
-44;-21;17;0;1
-35;-39;42;0;1
-26;-4;42;0;1
-36;53;28;0;1
-45;2;22;1;1
-28;17;62;0;1
-27;-18;63;0;1
-60;-18;24;1;1
-21;24;51;0;1
-25;-4;11;0;1
-37;-19;34;1;1
-46;-36;36;0;1
-41;5;44;0;1
-50;-17;21;1;1
-41;23;28;0;1
-23;38;19;1;1
-29;-16;15;0;1
-31;-3;45;0;1
-43;-2;17;0;1
-29;-45;31;0;1
-18;-27;62;1;1
-25;29;53;1;1
-41;41;24;0;1
-41;4;14;0;1
-32;-3;12;0;1
-54;-21;19;0;1
-52;16;33;0;1
-29;35;28;0;1
-17;-18;14;0;1
-33;-48;30;1;1
-19;-9;43;0;1
-49;12;45;1;1
-15;18;51;1;1
-53;-17;42;1;1
-21;-6;51;0;1
-54;-26;31;1;1
-53;0;16;1;1
-49;-19;44;0;1
-26;36;22;0;1
-27;22;49;0;1
-26;7;62;0;1
-48;2;38;1;1
-47;-34;26;0;1
-34;-27;34;0;1
-42;48;24;0;1
-33;16;42;1;1
-36;-6;34;0;1
-22;12;38;0;1
-40;-10;19;0;1
-33;-10;58;0;1
-56;-23;26;0;1
-50;14;19;0;1
-24;-32;33;0;1
-32;-44;34;1;1
-27;35;43;0;1
-34;22;22;0;1
-50;-15;43;1;1
-37;13;22;1;1
-18;2;17;0;1
-49;-10;17;1;1
-31;-40;43;0;1
-58;12;35;1;1
-52;11;27;1;1
-39;18;27;1;1
-20;-34;53;0;1
-44;22;49;0;1
-44;-9;52;0;1
-45;-3;16;0;1
-42;35;29;1;1
-44;-10;29;1;1
-26;13;48;1;1
-34;-16;44;0;1
-21;11;42;1;1
-31;17;32;0;1
-18;-21;39;0;1
-25;-12;63;1;1
-31;25;55;0;1
-21;5;22;1;1
-62;-4;18;1;1
-60;-25;23;0;1
-28;-1;17;1;1
-42;21;48;1;1
-41;35;35;0;1
-36;-43;26;1;1
-35;-37;25;1;1
-25;33;22;0;1
-37;-8;55;0;1
-36;26;45;1;1
-37;-16;46;0;1
-39;11;54;1;1
-15;-24;13;0;1
-27;18;35;1;1
-44;4;15;0;1
-31;33;35;0;1
-50;18;40;0;1
-27;-29;28;0;1
-56;19;25;1;1
-22;10;10;1;1
-29;-12;54;0;1
-57;0;42;0;1
-42;-13;37;0;1
-46;25;17;0;1
-32;-13;47;0;1
-53;-13;31;0;1
-23;1;63;0;1
-31;49;25;0;1
-42;49;22;0;1
-47;7;28;1;1
-29;6;50;0;1
-14;-20;37;0;1
-18;30;46;0;1
-42;25;18;0;1
-37;-30;17;0;1
-19;-7;52;1;1
-33;-50;21;0;1
-43;30;20;0;1
-25;-20;14;0;1
-27;34;18;1;1
-18;31;54;0;1
-52;13;22;0;1
-21;19;11;0;1
-23;37;50;0;1
-22;20;53;0;1
-16;-7;31;0;1
-42;40;33;1;1
-60;18;32;1;1
-44;-11;52;1;1
-43;44;30;0;1
-36;34;18;0;1
-45;41;19;0;1
-27;-24;34;0;1
-24;-27;38;1;1
-45;19;22;0;1
-14;14;15;0;1
-25;25;31;0;1
-35;-20;57;0;1
-24;-23;13;0;1
-45;24;46;0;1
-29;1;63;0;1
-20;-2;47;0;1
-35;15;42;1;1
-45;-15;50;0;1
-22;-22;52;1;1
-36;36;15;0;1
-35;-45;20;0;1
-28;19;52;1;1
-41;-25;40;1;1
-39;24;32;0;1
-54;21;31;0;1
-20;21;17;0;1
-16;18;62;0;1
-38;-20;53;0;1
-18;7;48;1;1
-33;20;15;1;1
-46;4;41;0;1
-34;-16;22;0;1
-38;29;52;0;1
-30;1;15;1;1
-23;19;43;0;1
-24;1;41;0;1
-39;-20;21;1;1
-60;-15;24;1;1
-25;34;47;0;1
-37;-7;27;1;1
-42;27;35;1;1
-48;-22;44;0;1
-55;-19;39;1;1
-36;0;46;0;1
-50;29;37;0;1
-57;5;19;0;1
-33;12;33;0;1
-33;-7;62;1;1
-55;6;16;0;1
-57;29;23;1;1
-28;-8;10;0;1
-29;28;12;0;1
-10;14;29;0;1
-37;-45;16;0;1
-33;-34;16;1;1
-29;26;53;0;1
-25;-14;44;0;1
-19;-18;64;0;1
-47;24;41;1;1
-31;2;18;0;1
-42;19;17;0;1
-41;5;49;1;1
-21;25;17;1;1
-26;4;31;0;1
-24;4;15;0;1
-42;-36;26;1;1
-55;-23;33;0;1
-48;-11;21;0;1
-36;6;60;0;1
-20;-13;14;1;1
-33;42;39;0;1
-36;31;22;1;1
-34;-43;20;0;1
-37;44;30;1;1
-49;3;21;0;1
-42;2;20;0;1
-30;3;56;1;1
-20;24;39;1;1
-45;0;41;0;1
-59;21;19;1;1
-39;33;39;0;1
-36;48;23;0;1
-41;-7;20;0;1
-20;-27;15;1;1
-20;7;36;0;1
-31;13;28;0;1
-34;1;35;0;1
-10;17;50;0;1
-52;-28;29;0;1
-48;10;35;1;1
-59;13;24;0;1
-35;50;22;0;1
-21;-14;24;1;1
-47;7;29;1;1
-51;-21;38;0;1
-12;11;35;0;1
-41;30;23;0;1
-39;15;27;0;1
-28;25;16;1;1
-20;13;38;0;1
-12;18;43;1;1
-39;2;40;0;1
-54;-3;34;0;1
-45;-46;21;0;1
-32;-8;49;1;1
-45;-15;31;0;1
-48;4;45;0;1
-30;-33;52;0;1
-44;7;50;0;1
-45;-9;47;0;1
-58;-17;31;0;1
-20;-9;35;1;1
-28;25;55;1;1
-49;26;33;1;1
-46;32;24;0;1
-21;23;31;1;1
-65;9;25;1;1
-10;13;23;0;1
-21;15;35;1;1
-46;-14;38;1;1
-23;3;59;0;1
-55;5;20;1;1
-55;-17;17;0;1
-43;9;53;0;1
-22;30;53;0;1
-56;-13;35;0;1
-30;12;32;1;1
-42;16;22;1;1
-41;-12;33;1;1
-48;3;42;0;1
-13;-20;43;0;1
-44;13;39;0;1
-45;-35;24;1;1
-39;10;30;1;1
-57;12;23;0;1
-63;-3;25;0;1
-39;41;34;0;1
-53;8;16;0;1
-40;-10;12;0;1
-28;-4;34;0;1
-37;16;56;1;1
-18;-26;40;1;1
-24;-24;54;1;1
-19;-11;26;0;1
-50;-8;45;1;1
-47;-43;29;0;1
-22;-35;43;1;1
-27;8;30;0;1
-13;12;44;1;1
-43;21;52;0;1
-12;-17;21;0;1
-40;-34;34;1;1
-33;5;57;0;1
-35;48;24;1;1
-54;-15;16;0;1
-17;-20;64;1;1
-42;22;47;0;1
-22;1;49;0;1
-38;31;30;0;1
-34;-4;26;1;1
-29;-18;26;1;1
-19;-14;28;1;1
-42;16;49;0;1
-54;-14;43;0;1
-44;33;19;0;1
-23;12;46;1;1
-28;-4;51;1;1
-41;21;47;1;1
-52;7;20;0;1
-46;-5;35;0;1
-34;30;26;0;1
-18;29;25;0;1
-27;-25;27;1;1
-46;-17;37;0;1
-23;4;48;0;1
-18;-29;37;0;1
-41;43;32;0;1
-47;7;24;0;1
-50;-1;47;1;1
-28;6;14;0;1
-43;-35;26;0;1
-17;-24;29;0;1
-41;22;51;1;1
-59;32;18;0;1
-47;16;30;0;1
-28;7;23;0;1
-25;-8;8;0;1
-25;28;50;1;1
-42;-11;26;0;1
-50;2;35;1;1
-25;-41;16;0;1
-32;28;33;1;1
-26;0;36;0;1
-21;13;44;0;1
-59;18;29;1;1
-32;-36;48;1;1
-29;-34;49;0;1
-27;-1;22;1;1
-29;41;32;1;1
-40;37;37;0;1
-32;-45;44;0;1
-33;-38;34;0;1
-31;52;23;0;1
-23;-37;17;1;1
-24;38;30;0;1
-55;0;40;0;1
-28;-21;38;1;1
-41;49;27;0;1
-27;-24;58;1;1
-47;-3;25;0;1
-30;32;45;1;1
-52;6;22;0;1
-27;13;52;1;1
-25;-19;31;1;1
-45;51;20;0;1
-26;-20;27;0;1
-31;21;48;0;1
-43;-37;34;0;1
-19;21;32;0;1
-30;-6;26;1;1
-55;-32;19;0;1
-18;1;20;1;1
-59;2;35;1;1
-13;-15;43;0;1
-34;-11;34;0;1
-16;26;14;1;1
-46;19;44;0;1
-22;35;46;1;1
-48;-9;49;0;1
-43;40;35;0;1
-42;12;48;1;1
-29;32;18;0;1
-32;40;38;1;1
-23;17;21;0;1
-50;0;21;1;1
-24;-26;29;0;1
-40;44;21;0;1
-32;-12;60;0;1
-43;0;15;0;1
-51;4;33;0;1
-63;10;26;0;1
-36;-17;40;0;1
-54;-25;32;0;1
-52;-30;25;1;1
-32;-22;51;1;1
-29;-10;47;1;1
-20;-14;62;0;1
-12;-20;53;1;1
-29;-18;52;0;1
-40;26;29;0;1
-15;5;39;0;1
-38;-50;20;1;1
-23;-3;35;1;1
-57;-23;31;0;1
-42;-26;35;0;1
-29;-12;41;1;1
-35;49;27;1;1
-30;46;40;0;1
-41;0;12;1;1
-21;-25;20;0;1
-20;0;30;0;1
-22;3;41;0;1
-49;20;42;0;1
-37;18;18;0;1
-18;-25;9;1;1
-13;-17;35;0;1
-31;-24;36;1;1
-19;15;62;0;1
-30;11;21;0;1
-34;-18;48;1;1
-38;-32;38;0;1
-58;13;36;0;1
-10;-17;42;0;1
-24;27;27;0;1
-30;-39;31;1;1
-28;-27;15;0;1
-21;-31;55;0;1
-16;-16;55;0;1
-35;-25;26;1;1
-20;-21;38;0;1
-53;-24;35;0;1
-45;30;45;1;1
-45;-32;37;0;1
-21;-34;28;0;1
-40;-37;21;0;1
-17;-1;18;0;1
-21;12;19;1;1
-33;-10;26;0;1
-32;-40;36;1;1
-33;19;50;1;1
-42;41;29;0;1
-25;-21;48;0;1
-44;-40;28;0;1
-36;5;51;0;1
-43;-13;36;0;1
-46;-25;15;1;1
-43;41;25;1;1
-27;-34;23;1;1
-46;4;43;0;1
-31;-24;24;0;1
-55;-27;35;1;1
-13;-20;62;1;1
-38;23;54;0;1
-49;-18;24;1;1
-14;19;26;0;1
-18;27;20;0;1
-38;-11;11;0;1
-61;-18;22;1;1
-35;35;43;0;1
-29;25;57;0;1
-23;-6;28;1;1
-32;-15;48;1;1
-48;-2;24;0;1
-35;-20;58;0;1
-25;30;24;0;1
-28;-47;25;0;1
-30;39;36;1;1
-40;-10;55;0;1
-53;-3;26;1;1
-13;6;23;0;1
-50;-19;32;1;1
-56;-21;30;0;1
-38;-31;42;0;1
-53;-28;20;0;1
-47;11;30;0;1
-29;46;18;1;1
-22;-12;50;1;1
-31;0;47;0;1
-33;37;41;0;1
-37;-39;16;1;1
-38;1;20;0;1
-48;-11;29;0;1
-25;-6;23;1;1
-19;13;45;0;1
-23;10;63;0;1
-51;-8;25;1;1
-21;13;24;0;1
-55;4;31;1;1
-20;-3;23;0;1
-37;15;18;0;1
-31;-44;35;0;1
-22;35;41;1;1
-58;20;24;0;1
-19;26;9;0;1
-25;-32;20;1;1
-24;-9;17;0;1
-31;3;24;0;1
-23;-19;13;0;1
-27;0;24;1;1
-29;-14;16;0;1
-30;-20;49;1;1
-15;-24;27;0;1
-30;-48;26;0;1
-45;33;23;0;1
-36;12;52;0;1
-63;4;21;1;1
-30;36;35;1;1
-41;-21;30;0;1
-14;-20;18;0;1
-40;21;29;0;1
-52;-12;30;1;1
-22;-30;48;0;1
-33;-28;28;1;1
-54;-29;32;1;1
-43;-7;43;1;1
-29;13;59;0;1
-23;16;23;0;1
-42;-16;21;1;1
-28;0;9;0;1
-29;28;29;0;1
-23;8;42;0;1
-32;9;62;0;1
-35;29;50;0;1
-27;16;10;1;1
-36;-5;54;0;1
-41;-8;29;0;1
-62;-14;28;0;1
-34;-19;49;1;1
-39;39;39;0;1
-36;-4;25;0;1
-55;21;28;0;1
-59;-21;30;1;1
-19;1;50;0;1
-18;-15;56;1;1
-23;32;18;0;1
-36;12;39;1;1
-30;-43;46;0;1
-33;4;22;0;1
-35;23;42;0;1
-23;-15;32;1;1
-33;9;10;0;1
-32;43;41;0;1
-52;31;30;0;1
-32;-12;29;0;1
-41;5;15;0;1
-25;26;44;1;1
-40;14;25;0;1
-14;21;40;1;1
-29;42;27;0;1
-52;-23;21;0;1
-14;3;28;1;1
-42;42;35;0;1
-50;2;25;0;1
-57;8;33;1;1
-22;25;53;0;1
-57;14;29;0;1
-34;18;42;1;1
-18;-31;32;1;1
-23;36;50;0;1
-50;-11;27;0;1
-8;-12;35;0;1
-50;3;20;1;1
-16;-5;26;1;1
-32;3;63;1;1
-43;7;13;1;1
-55;30;24;1;1
-17;-4;47;0;1
-30;12;40;1;1
-42;-31;42;1;1
-22;37;14;0;1
-57;-7;35;0;1
-42;31;34;0;1
-22;3;52;1;1
-20;13;44;1;1
-51;25;40;1;1
-44;30;36;0;1
-36;16;18;0;1
-17;28;23;0;1
-38;26;34;0;1
-27;-6;35;0;1
-13;-18;13;0;1
-57;-25;33;0;1
-21;-9;29;1;1
-43;11;31;0;1
-35;26;34;0;1
-23;-28;56;0;1
-18;-25;25;0;1
-21;-13;23;0;1
-54;-11;38;1;1
-24;-35;39;0;1
-16;24;53;1;1
-27;19;30;1;1
-26;-8;34;0;1
-40;16;24;0;1
-23;-9;43;0;1
-38;11;55;0;1
-29;-37;24;1;1
-31;22;53;1;1
-42;-39;26;0;1
-44;-23;19;1;1
-22;24;54;1;1
-25;-15;26;0;1
-26;-37;17;0;1
-22;-24;37;0;1
-56;-29;26;0;1
-27;-13;35;0;1
-34;-18;25;0;1
-43;26;41;0;1
-17;18;27;1;1
-31;50;34;0;1
-29;-9;54;1;1
-31;-28;22;0;1
-33;18;26;1;1
-50;-40;30;0;1
-48;-25;29;1;1
-15;14;22;0;1
-41;-29;19;0;1
-27;-15;59;1;1
-54;-7;40;0;1
-34;2;27;0;1
-47;-24;15;1;1
-53;-25;40;0;1
-32;-43;26;1;1
-33;50;37;0;1
-19;-2;52;1;1
-39;38;25;1;1
-30;-36;19;0;1
-34;26;19;1;1
-54;8;40;0;1
-25;23;26;0;1
-29;38;15;0;1
-20;-17;60;1;1
-28;21;52;1;1
-49;11;39;1;1
-20;-29;27;0;1
-44;8;44;1;1
-39;-5;36;1;1
-59;-9;27;1;1
-45;-41;21;1;1
-23;-18;25;0;1
-41;18;16;1;1
-29;26;48;1;1
-18;21;37;0;1
-33;-35;26;0;1
-50;5;22;1;1
-37;-39;23;1;1
-47;-32;28;1;1
-30;-42;19;1;1
-48;41;18;1;1
-21;-22;19;1;1
-54;34;27;0;1
-16;-11;47;0;1
-33;-40;36;1;1
-23;1;28;1;1
-56;3;27;1;1
-25;8;18;1;1
-46;40;31;0;1
-47;-21;28;1;1
-17;10;15;0;1
-27;41;17;1;1
-53;20;19;0;1
-11;-17;24;0;1
-47;21;27;0;1
-47;5;47;1;1
-16;26;54;0;1
-24;-6;43;1;1
-18;-27;58;1;1
-38;-42;28;1;1
-42;-38;26;1;1
-17;-16;29;0;1
-30;43;28;0;1
-43;23;42;0;1
-34;-50;29;0;1
-41;-38;33;1;1
-47;-40;26;0;1
-32;28;42;0;1
-47;-23;45;1;1
-60;11;29;1;1
-37;-45;33;0;1
-33;-41;21;1;1
-47;19;49;0;1
-66;1;25;0;1
-40;-36;42;0;1
-44;36;36;0;1
-28;28;57;1;1
-26;-27;46;0;1
-38;-46;29;0;1
-20;18;64;0;1
-53;17;16;1;1
-51;-8;27;0;1
-59;6;25;0;1
-48;44;23;1;1
-52;17;40;0;1
-33;33;30;0;1
-27;31;49;1;1
-40;-14;14;0;1
-35;-20;19;0;1
-25;-24;34;0;1
-31;-39;16;0;1
-38;-9;25;1;1
-34;55;23;0;1
-22;-15;65;0;1
-41;31;49;0;1
-43;-19;20;0;1
-45;35;39;1;1
-22;9;17;1;1
-34;-31;38;0;1
-46;14;19;0;1
-29;-13;15;0;1
-33;19;35;1;1
-31;-3;47;0;1
-47;6;22;0;1
-23;-6;41;0;1
-36;11;60;0;1
-33;1;59;0;1
-53;12;18;1;1
-27;-30;51;0;1
-16;10;35;0;1
-32;-54;23;0;1
-44;31;43;0;1
-37;-1;31;1;1
-60;27;18;0;1
-42;-40;23;0;1
-48;-40;20;0;1
-19;8;45;0;1
-36;35;41;0;1
-48;-23;35;1;1
-15;-12;31;1;1
-30;26;11;0;1
-21;35;11;1;1
-52;-20;24;1;1
-35;-12;28;0;1
-34;-16;24;1;1
-61;-17;26;0;1
-65;-8;19;1;1
-38;3;17;1;1
-27;33;43;0;1
-55;-28;32;0;1
-61;14;26;0;1
-21;8;40;0;1
-44;-37;19;1;1
-48;-18;32;0;1
-43;-31;25;0;1
-30;-48;20;0;1
-31;-43;23;0;1
-21;28;60;0;1
-38;35;16;0;1
-27;-8;53;0;1
-63;5;31;1;1
-30;13;25;0;1
-28;-3;57;0;1
-33;-2;41;0;1
-46;32;32;1;1
-41;15;52;1;1
-13;-13;31;0;1
-34;-55;23;1;1
-32;18;44;0;1
-49;39;27;1;1
-38;-23;38;1;1
-23;4;13;1;1
-28;24;49;1;1
-33;55;22;1;1
-30;20;34;0;1
-24;7;62;0;1
-36;-38;36;0;1
-51;-4;22;0;1
-26;1;21;1;1
-24;24;12;0;1
-36;3;54;1;1
-50;4;37;0;1
-37;6;23;0;1
-29;-49;19;0;1
-17;-12;34;1;1
-27;-5;41;0;1
-61;-16;19;0;1
-44;6;39;1;1
-24;40;32;1;1
-27;31;43;1;1
-30;33;51;0;1
-58;-15;24;0;1
-57;32;20;1;1
-34;6;53;0;1
-16;12;17;0;1
-65;11;20;0;1
-46;7;15;0;1
-30;-4;50;0;1
-44;12;49;0;1
-48;16;36;0;1
-57;-18;35;1;1
-32;8;10;0;1
-21;-18;13;0;1
-32;4;16;1;1
-26;-40;29;0;1
-44;-41;29;0;1
-47;8;33;0;1
-26;1;51;1;1
-31;-16;23;1;1
-34;17;40;0;1
-48;8;27;1;1
-36;39;25;0;1
-49;-27;37;0;1
-29;-32;19;0;1
-43;-28;35;0;1
-19;-23;61;0;1
-46;-8;31;1;1
-58;29;27;0;1
-30;-21;44;1;1
-32;-19;20;0;1
-42;43;17;0;1
-25;-9;60;0;1
-27;26;24;0;1
-21;30;38;1;1
-31;-49;21;0;1
-40;21;22;0;1
-25;11;42;0;1
-47;-7;29;1;1
-30;-43;23;0;1
-30;8;53;0;1
-31;1;60;0;1
-22;18;36;1;1
-19;-30;24;0;1
-32;19;58;0;1
-25;-24;19;0;1
-19;16;52;1;1
-41;-14;45;1;1
-20;9;33;1;1
-18;31;27;0;1
-27;32;38;0;1
-33;-39;31;0;1
-41;20;43;1;1
-27;1;36;0;1
-41;-41;32;0;1
-32;-32;48;0;1
-48;23;25;0;1
-18;-29;19;1;1
-35;-46;20;1;1
-44;-34;35;0;1
-55;-24;23;1;1
-22;-27;21;0;1
-48;-22;41;1;1
-64;3;21;0;1
-26;13;32;0;1
-19;-22;61;1;1
-41;37;40;0;1
-21;25;50;0;1
-12;15;20;1;1
-11;-19;52;0;1
-38;-36;45;1;1
-34;31;50;0;1
-65;12;24;0;1
-50;-17;17;1;1
-14;-10;31;1;1
-17;-11;37;0;1
-39;-19;17;0;1
-31;-9;16;0;1
-30;19;52;1;1
-19;2;17;1;1
-38;-44;24;0;1
-31;50;23;1;1
-40;26;16;0;1
-50;-10;19;0;1
-18;-26;61;0;1
-59;12;36;0;1
-12;-2;27;0;1
-56;-27;31;0;1
-37;-10;43;1;1
-40;1;19;1;1
-38;25;25;0;1
-36;40;30;0;1
-41;-5;52;1;1
-15;-13;40;1;1
-33;39;19;0;1
-23;0;46;0;1
-37;23;43;1;1
-22;1;56;0;1
-48;-8;34;1;1
-28;38;42;0;1
-36;-32;44;1;1
-58;10;27;0;1
-40;-43;16;0;1
-19;-16;11;0;1
-32;50;17;0;1
-46;10;32;0;1
-34;48;17;0;1
-47;-2;43;0;1
-26;30;52;0;1
-38;-5;50;1;1
-47;3;31;1;1
-30;50;16;0;1
-41;-29;42;0;1
-31;-29;36;1;1
-20;15;16;0;1
-34;15;30;1;1
-34;-15;47;1;1
-59;-10;17;1;1
-51;-40;21;0;1
-27;0;20;1;1
-18;-28;34;1;1
-43;3;12;0;1
-35;2;17;0;1
-28;20;29;0;1
-30;33;47;1;1
-17;23;44;0;1
-47;30;35;0;1
-56;-9;37;0;1
-29;-41;23;1;1
-48;48;19;0;1
-33;20;45;0;1
-32;-23;28;1;1
-37;1;11;1;1
-16;-5;29;0;1
-34;-35;16;0;1
-40;-9;43;0;1
-43;23;46;0;1
-35;4;30;0;1
-30;-45;22;0;1
-26;-44;47;0;1
-32;20;25;0;1
-23;34;38;0;1
-40;33;46;0;1
-60;-4;18;0;1
-49;-14;18;0;1
-24;30;31;0;1
-49;-27;19;1;1
-25;28;52;0;1
-54;23;31;1;1
-59;25;19;0;1
-40;-34;29;1;1
-38;8;46;1;1
-26;-4;62;0;1
-34;8;42;0;1
-24;14;21;0;1
-48;-34;18;0;1
-30;-18;51;1;1
-28;12;32;1;1
-42;-18;29;1;1
-29;-4;10;0;1
-62;11;17;1;1
-36;45;39;0;1
-31;18;53;0;1
-32;37;31;1;1
-20;-12;35;0;1
-28;8;10;0;1
-46;42;22;0;1
-39;31;14;1;1
-53;-17;20;0;1
-32;31;27;0;1
-45;3;54;0;1
-60;-29;20;0;1
-35;-8;42;0;1
-36;-35;39;1;1
-50;41;21;1;1
-53;22;18;1;1
-17;14;60;0;1
-36;11;15;0;1
-33;26;24;1;1
-21;-29;61;0;1
-23;-9;38;1;1
-35;-34;15;0;1
-13;-8;22;0;1
-31;34;49;0;1
-20;-22;25;1;1
-50;24;36;1;1
-22;14;52;0;1
-17;-17;49;0;1
-48;22;25;1;1
-41;40;30;1;1
-25;-3;23;1;1
-29;-44;15;0;1
-47;-10;22;0;1
-14;-20;50;0;1
-27;0;16;0;1
-52;9;17;0;1
-44;-26;18;0;1
-23;-7;66;0;1
-48;4;28;0;1
-34;37;25;1;1
-31;3;39;1;1
-23;-18;24;1;1
-28;24;56;0;1
-32;8;17;1;1
-22;-3;54;0;1
-41;-29;43;0;1
-17;20;51;1;1
-41;-45;34;0;1
-39;-22;35;0;1
-27;-16;28;0;1
-44;-25;27;0;1
-48;-18;18;1;1
-49;-29;17;0;1
-35;-25;44;1;1
-21;-20;41;1;1
-31;26;15;0;1
-35;46;24;0;1
-9;-15;31;1;1
-27;31;35;1;1
-25;-40;21;1;1
-21;-20;40;0;1
-42;46;23;1;1
-47;40;21;0;1
-24;31;33;0;1
-22;-17;36;1;1
-29;-38;37;0;1
-21;10;63;1;1
-34;36;31;0;1
-25;-2;60;0;1
-58;-34;19;0;1
-20;-1;51;1;1
-50;27;34;0;1
-43;20;46;1;1
-60;5;23;0;1
-43;26;34;0;1
-65;2;19;0;1
-23;-24;43;1;1
-36;39;16;0;1
-24;-8;52;0;1
-31;-8;12;1;1
-45;-40;33;0;1
-32;-18;40;0;1
-31;32;47;0;1
-33;-47;37;0;1
-54;15;20;0;1
-31;33;54;1;1
-34;-39;47;1;1
-25;-6;34;0;1
-50;-26;17;0;1
-52;23;36;1;1
-28;-33;14;0;1
-44;-7;44;0;1
-52;-25;20;0;1
-35;-34;47;0;1
-28;13;37;0;1
-42;-17;28;1;1
-30;2;40;1;1
-19;7;51;1;1
-25;-23;12;1;1
-46;21;31;0;1
-35;-2;50;1;1
-36;51;19;0;1
-31;-24;29;0;1
-41;21;38;1;1
-22;-10;24;1;1
-53;25;24;0;1
-18;-27;44;0;1
-51;-3;30;1;1
-47;-6;43;0;1
-21;-30;51;1;1
-23;3;40;0;1
-59;-21;18;0;1
-44;-12;37;1;1
-50;-12;15;1;1
-33;20;30;1;1
-41;9;30;0;1
-26;22;47;0;1
-26;-39;15;0;1
-27;45;21;0;1
-44;-12;27;0;1
-49;-21;36;0;1
-51;-37;20;0;1
-38;-39;37;0;1
-29;18;48;1;1
-37;-16;17;1;1
-29;12;61;0;1
-58;7;20;0;1
-22;18;56;0;1
-38;-17;56;0;1
-11;15;47;1;1
-37;34;32;1;1
-18;-26;18;1;1
-26;0;44;0;1
-31;-25;34;1;1
-51;-31;33;0;1
-24;24;44;0;1
-13;-11;40;0;1
-43;35;16;0;1
-27;6;17;1;1
-11;-16;18;1;1
-27;-1;8;0;1
-39;10;27;0;1
-31;-30;47;1;1
-41;-24;50;0;1
-40;-34;27;0;1
-29;-32;50;0;1
-66;2;23;0;1
-14;23;62;1;1
-17;25;28;1;1
-39;8;11;0;1
-31;-14;26;0;1
-18;-17;62;0;1
-46;-29;21;1;1
-33;-54;23;1;1
-55;-31;22;0;1
-39;-27;24;0;1
-54;-22;40;1;1
-17;22;65;1;1
-17;-28;22;0;1
-47;20;45;0;1
-56;-10;30;1;1
-54;-24;26;0;1
-25;32;38;1;1
-47;40;28;0;1
-36;-10;11;1;1
-18;-28;17;0;1
-40;-17;37;0;1
-27;-4;60;1;1
-61;0;21;0;1
-25;15;15;0;1
-40;26;25;1;1
-35;-9;18;1;1
-62;0;31;1;1
-26;-2;9;1;1
-31;-28;42;1;1
-23;2;24;0;1
-31;-28;24;1;1
-55;5;19;0;1
-41;42;39;0;1
-23;-21;12;1;1
-29;8;40;0;1
-55;21;34;1;1
-19;29;57;1;1
-61;-6;35;1;1
-36;17;55;0;1
-33;8;41;0;1
-26;-13;26;0;1
-45;-12;22;1;1
-33;-46;22;0;1
-24;15;60;1;1
-26;-30;29;0;1
-57;-15;25;0;1
-39;13;47;0;1
-33;-36;41;1;1
-16;-23;58;0;1
-30;40;20;0;1
-30;36;32;1;1
-38;-29;17;0;1
-19;-31;35;0;1
-36;-14;39;0;1
-41;-44;36;1;1
-40;-8;27;0;1
-15;-5;24;0;1
-47;29;20;0;1
-61;6;20;0;1
-51;-28;32;0;1
-19;9;21;0;1
-34;19;47;0;1
-16;2;42;0;1
-42;-34;28;0;1
-23;-10;37;0;1
-64;12;21;1;1
-29;-20;43;0;1
-50;-1;44;0;1
-31;-11;42;0;1
-12;15;36;1;1
-47;-1;51;0;1
-25;-18;16;0;1
-24;-12;19;0;1
-18;28;35;0;1
-46;-32;40;0;1
-52;14;22;1;1
-47;16;22;1;1
-43;-38;33;0;1
-57;-21;17;0;1
-42;30;24;0;1
-52;-41;22;0;1
-33;34;34;1;1
-24;36;28;1;1
-15;-10;18;1;1
-47;22;15;1;1
-47;46;19;1;1
-46;-22;24;0;1
-19;25;21;0;1
-34;42;35;1;1
-41;0;55;0;1
-51;15;42;0;1
-26;-6;54;0;1
-8;13;21;0;1
-40;-19;48;1;1
-29;4;10;1;1
-45;0;49;0;1
-42;-9;15;0;1
-45;18;40;0;1
-12;3;22;0;1
-27;35;45;0;1
-36;12;60;1;1
-45;14;32;0;1
-16;-10;44;1;1
-15;-18;40;1;1
-36;1;21;0;1
-19;-27;28;1;1
-30;45;30;0;1
-14;-11;40;1;1
-44;-38;19;1;1
-47;25;25;1;1
-50;35;19;0;1
-26;-20;34;1;1
-49;-16;44;0;1
-25;-12;35;0;1
-62;15;26;0;1
-38;-15;35;0;1
-26;5;18;0;1
-11;3;25;0;1
-53;-22;30;0;1
-30;9;40;0;1
-22;-9;54;0;1
-25;-36;46;0;1
-28;-32;14;0;1
-43;-1;48;1;1
-20;5;36;0;1
-34;-14;38;1;1
-25;-14;9;0;1
-35;-48;26;0;1
-42;34;40;1;1
-13;-6;38;1;1
-22;38;21;0;1
-14;-13;43;0;1
-43;38;17;1;1
-39;12;36;0;1
-20;-14;41;0;1
-19;-31;29;0;1
-30;-41;31;0;1
-22;37;26;0;1
-32;-34;30;1;1
-41;31;14;0;1
-30;-34;25;0;1
-44;-25;48;1;1
-28;36;24;0;1
-41;7;41;1;1
-48;2;25;0;1
-36;-19;27;0;1
-31;-5;9;0;1
-43;37;40;1;1
-41;9;51;1;1
-43;-16;27;1;1
-33;6;14;0;1
-42;35;15;0;1
-50;28;28;0;1
-38;45;38;0;1
-19;-18;19;0;1
-26;-9;50;0;1
-30;-41;37;0;1
-27;-7;10;0;1
-53;-39;22;1;1
-15;-5;29;0;1
-49;-9;27;1;1
-48;18;45;1;1
-27;-20;51;0;1
-43;-10;12;0;1
-39;35;21;1;1
-47;-17;17;1;1
-36;30;49;0;1
-23;3;23;0;1
-20;31;40;0;1
-49;-31;27;0;1
-23;-5;11;0;1
-19;-8;20;0;1
-35;47;35;0;1
-24;35;49;0;1
-62;8;30;0;1
-30;-41;47;0;1
-56;31;20;0;1
-40;48;23;0;1
-53;25;20;1;1
-35;-21;14;1;1
-18;28;34;1;1
-35;44;18;0;1
-50;12;30;1;1
-59;32;21;0;1
-35;55;21;0;1
-32;14;49;1;1
-22;26;21;0;1
-19;-9;41;1;1
-34;-15;17;0;1
-49;31;36;0;1
-41;-35;22;0;1
-18;0;26;0;1
-25;23;46;1;1
-31;28;56;1;1
-48;7;47;1;1
-36;-35;23;0;1
-31;-19;48;0;1
-37;28;51;0;1
-15;-23;24;0;1
-11;-8;23;0;1
-12;20;28;0;1
-24;23;42;0;1
-37;-16;34;0;1
-48;2;34;0;1
-34;-48;27;0;1
-29;13;42;0;1
-22;26;55;0;1
-38;-48;26;0;1
-38;-8;15;0;1
-41;-17;47;0;1
-28;-20;12;0;1
-44;28;30;1;1
-30;-32;36;1;1
-28;-40;43;0;1
-58;0;34;0;1
-27;4;40;0;1
-59;18;34;0;1
-28;-39;30;0;1
-23;2;12;0;1
-22;11;21;1;1
-39;10;53;0;1
-31;-40;38;0;1
-40;-29;27;1;1
-26;34;21;0;1
-21;23;13;0;1
-19;2;18;0;1
-50;31;32;0;1
-19;21;16;0;1
-29;-39;21;0;1
-30;16;19;0;1
-60;-11;33;0;1
-28;5;53;1;1
-37;-30;47;1;1
-52;20;27;1;1
-35;26;49;0;1
-49;-32;32;0;1
-55;11;40;0;1
-13;-21;55;1;1
-31;13;24;1;1
-21;-6;17;1;1
-26;19;54;0;1
-35;37;49;0;1
-33;11;49;0;1
-47;-16;23;1;1
-33;8;44;1;1
-57;8;17;0;1
-40;-16;36;1;1
-52;15;33;0;1
-32;1;29;0;1
-34;15;40;0;1
-38;25;46;0;1
-17;-11;22;1;1
-29;-16;52;0;1
-50;-23;20;1;1
-29;44;27;0;1
-36;28;36;1;1
-35;9;31;0;1
-27;-14;63;0;1
-40;-31;30;1;1
-30;-39;21;0;1
-34;33;41;1;1
-16;-16;48;0;1
-24;-34;51;1;1
-24;25;39;0;1
-42;-21;40;0;1
-11;18;41;0;1
-20;-28;44;0;1
-34;-8;59;0;1
-47;-6;26;0;1
-18;-20;33;0;1
-29;-30;45;0;1
-55;-18;26;0;1
-55;17;38;0;1
-15;6;25;0;1
-52;10;35;0;1
-19;18;52;1;1
-58;20;26;1;1
-49;-33;17;0;1
-45;-38;20;0;1
-23;26;46;0;1
-31;-1;36;0;1
-59;8;25;0;1
-39;22;14;0;1
-50;-26;38;0;1
-45;-2;29;0;1
-52;6;46;0;1
-58;-14;36;1;1
-43;22;20;0;1
-34;-26;31;1;1
-60;15;17;1;1
-27;18;61;0;1
-37;-19;36;1;1
-28;6;39;1;1
-11;-11;26;1;1
-39;2;33;1;1
-23;-28;60;0;1
-26;7;16;0;1
-25;7;31;0;1
-18;-7;46;0;1
-33;43;31;1;1
-46;-20;30;1;1
-21;12;36;0;1
-17;18;49;1;1
-28;-47;29;1;1
-20;27;34;0;1
-40;-25;21;0;1
-21;27;30;0;1
-28;43;17;0;1
-60;-19;23;1;1
-25;29;34;0;1
-37;-25;34;1;1
-40;-43;17;1;1
-34;-48;16;0;1
-33;35;21;0;1
-61;-9;26;0;1
-35;16;36;0;1
-31;52;31;0;1
-29;11;10;0;1
-31;-30;15;1;1
-48;34;29;0;1
-15;14;52;0;1
-30;-10;28;0;1
-64;4;20;1;1
-49;26;34;1;1
-45;-26;34;1;1
-45;3;24;1;1
-37;40;38;1;1
-54;31;17;0;1
-30;28;47;0;1
-40;-3;49;0;1
-47;-6;45;0;1
-41;3;23;1;1
-44;1;39;0;1
-27;34;30;0;1
-30;38;50;1;1
-26;38;32;0;1
-52;16;41;0;1
-26;31;19;1;1
-43;-13;43;0;1
-18;-15;7;0;1
-43;-14;24;1;1
-38;-6;21;1;1
-44;16;29;1;1
-25;-32;24;1;1
-29;39;18;1;1
-38;-6;24;0;1
-17;22;14;0;1
-50;23;39;0;1
-13;-21;42;0;1
-19;28;34;1;1
-46;8;31;0;1
-53;-28;30;0;1
-47;14;22;1;1
-25;-11;53;1;1
-31;0;59;0;1
-30;32;29;0;1
-21;-7;26;1;1
-24;30;52;0;1
-36;1;36;1;1
-28;3;38;0;1
-18;17;22;1;1
-24;9;15;0;1
-55;-34;25;1;1
-26;-29;29;0;1
-31;7;63;0;1
-53;-4;41;0;1
-54;-7;23;0;1
-24;35;14;0;1
-18;27;41;0;1
-41;-18;52;0;1
-39;6;43;0;1
-20;-7;40;1;1
-38;-9;18;0;1
-28;9;39;1;1
-17;-22;53;0;1
-30;-36;29;1;1
-39;-2;42;1;1
-42;4;27;1;1
-33;40;24;1;1
-21;0;29;1;1
-41;-48;17;1;1
-42;-24;29;0;1
-51;-17;24;1;1
-26;5;63;1;1
-51;32;22;0;1
-53;26;30;0;1
-51;9;48;1;1
-33;-2;45;1;1
-50;-25;23;1;1
-66;1;24;1;1
-19;-7;34;0;1
-40;26;15;1;1
-41;-36;39;0;1
-30;26;57;0;1
-10;-14;29;0;1
-34;30;22;0;1
-41;31;30;1;1
-32;29;43;0;1
-48;-27;39;0;1
-32;34;41;0;1
-41;-23;25;1;1
-49;26;30;0;1
-45;28;37;1;1
-27;-21;20;0;1
-32;22;58;0;1
-39;-31;37;1;1
-26;17;24;1;1
-32;-16;28;0;1
-22;1;26;1;1
-12;1;31;0;1
-43;-9;23;1;1
-31;-22;25;0;1
-43;-10;30;1;1
-30;-25;26;1;1
-38;-56;20;1;1
-29;39;32;1;1
-28;7;13;1;1
-39;9;54;0;1
-31;33;38;0;1
-34;-20;26;1;1
-13;-21;56;0;1
-31;18;20;1;1
-28;-7;30;0;1
-18;23;55;0;1
-36;-36;38;0;1
-61;4;21;0;1
-31;10;59;0;1
-24;15;33;1;1
-28;36;41;1;1
-36;10;25;0;1
-42;-30;28;0;1
-22;-34;34;0;1
-51;35;19;1;1
-13;-10;43;0;1
-32;30;38;0;1
-50;37;31;0;1
-57;10;34;0;1
-35;-42;20;0;1
-48;20;16;0;1
-23;-21;29;0;1
-38;23;19;0;1
-30;-12;20;0;1
-27;31;32;1;1
-49;-13;19;0;1
-25;28;20;0;1
-40;1;56;0;1
-54;-7;41;0;1
-26;-1;55;0;1
-44;13;19;0;1
-39;29;44;0;1
-21;-18;33;0;1
-14;-23;27;0;1
-14;24;13;1;1
-27;15;56;1;1
-31;35;25;1;1
-25;-30;34;1;1
-33;-8;10;0;1
-40;-42;31;0;1
-43;-2;53;1;1
-32;-39;44;1;1
-24;26;42;0;1
-15;-25;54;0;1
-20;13;58;0;1
-37;-43;39;1;1
-26;6;38;0;1
-35;0;29;0;1
-36;30;34;0;1
-42;10;24;0;1
-58;16;32;0;1
-45;18;18;1;1
-30;-23;14;0;1
-45;-17;33;0;1
-47;12;36;0;1
-23;7;61;1;1
-53;11;38;0;1
-38;22;36;1;1
-19;-14;42;1;1
-33;-5;36;1;1
-48;5;35;0;1
-53;-1;23;0;1
-16;20;52;0;1
-20;-9;41;0;1
-32;-22;21;1;1
-41;12;35;1;1
-30;1;19;0;1
-40;-50;29;0;1
-21;-16;64;0;1
-35;-56;19;0;1
-37;-6;11;1;1
-22;10;51;0;1
-29;40;21;0;1
-25;-4;48;0;1
-47;5;39;1;1
-28;-18;15;0;1
-63;13;23;0;1
-36;39;23;1;1
-25;-39;43;0;1
-41;0;54;1;1
-36;30;40;0;1
-41;-31;46;0;1
-19;24;47;0;1
-23;10;41;0;1
-27;-43;22;0;1
-61;0;19;0;1
-24;23;59;1;1
-29;-5;50;0;1
-24;34;50;0;1
-47;-17;35;1;1
-30;-1;11;1;1
-46;-17;35;0;1
-21;15;65;0;1
-7;-10;26;1;1
-49;11;25;0;1
-48;22;28;1;1
-30;-43;45;0;1
-18;28;41;1;1
-36;-24;13;1;1
-31;-10;50;1;1
-23;11;18;0;1
-37;-9;56;0;1
-29;-17;45;1;1
-9;-12;27;0;1
-19;6;18;0;1
-45;15;31;0;1
-30;-17;52;0;1
-21;34;46;0;1
-59;7;18;1;1
-32;12;52;0;1
-23;-21;25;0;1
-28;14;56;0;1
-28;17;56;0;1
-31;45;38;0;1
-55;26;20;1;1
-20;25;43;1;1
-46;-5;44;0;1
-49;7;31;1;1
-46;-22;37;0;1
-33;7;22;1;1
-32;-3;63;1;1
-13;-4;23;0;1
-32;11;59;1;1
-28;20;61;0;1
-21;15;31;1;1
-46;12;52;0;1
-13;-2;27;1;1
-29;44;30;0;1
-30;-27;33;0;1
-62;1;30;0;1
-55;-15;24;1;1
-52;-23;25;1;1
-61;-4;32;0;1
-48;-7;48;1;1
-33;5;35;1;1
-58;-10;25;0;1
-27;-7;48;0;1
-18;-26;46;0;1
-18;18;10;0;1
-35;-23;42;0;1
-36;17;29;0;1
-17;-8;25;0;1
-30;-16;43;1;1
-44;-6;55;1;1
-37;-17;28;0;1
-16;-5;45;0;1
-32;7;57;1;1
-43;38;22;1;1
-17;22;44;0;1
-42;-4;53;1;1
-13;-19;44;0;1
-36;23;37;0;1
-26;32;12;0;1
-18;18;56;0;1
-60;22;22;1;1
-22;14;37;1;1
-20;-15;16;1;1
-15;25;21;1;1
-49;16;17;1;1
-27;9;25;0;1
-43;-48;18;1;1
-15;7;18;0;1
-43;34;35;0;1
-61;3;25;0;1
-34;-13;30;0;1
-27;13;34;1;1
-28;-41;44;0;1
-33;-38;18;0;1
-55;14;28;0;1
-59;24;27;1;1
-46;-24;41;0;1
-41;-1;44;0;1
-44;10;34;0;1
-25;40;42;0;1
-54;5;28;0;1
-29;-25;50;1;1
-38;44;27;0;1
-41;1;26;1;1
-43;24;16;0;1
-18;17;46;1;1
-28;45;35;0;1
-26;-4;36;1;1
-26;0;14;0;1
-41;14;15;0;1
-57;-34;21;0;1
-29;29;49;0;1
-38;19;38;0;1
-51;-41;20;1;1
-50;16;18;0;1
-27;24;41;0;1
-47;-7;38;0;1
-26;36;27;0;1
-25;27;39;0;1
-45;31;32;1;1
-46;-11;32;0;1
-34;-4;27;0;1
-28;5;64;0;1
-31;16;22;1;1
-24;-5;32;1;1
-26;5;13;1;1
-41;-13;46;0;1
-58;22;25;1;1
-46;-5;15;1;1
-19;31;46;0;1
-53;-21;20;1;1
-27;-34;14;0;1
-46;-31;22;1;1
-14;24;35;1;1
-21;-31;19;0;1
-36;-46;26;0;1
-36;37;36;0;1
-31;-26;57;0;1
-27;45;35;1;1
-44;18;45;0;1
-61;-4;21;0;1
-32;21;40;0;1
-44;28;26;0;1
-14;-17;47;0;1
-13;14;42;0;1
-21;9;46;0;1
-41;9;41;0;1
-32;-17;22;0;1
-39;48;30;0;1
-38;26;37;0;1
-20;-24;23;1;1
-34;-17;51;0;1
-31;-24;50;0;1
-62;18;26;0;1
-31;-37;36;0;1
-30;22;26;0;1
-14;-17;20;0;1
-22;0;12;0;1
-32;19;38;0;1
-31;-29;35;0;1
-29;-40;34;0;1
-29;4;46;0;1
-33;6;34;1;1
-22;-5;12;0;1
-45;8;39;1;1
-38;0;11;0;1
-35;-42;44;0;1
-37;43;19;0;1
-42;-1;25;0;1
-25;-42;23;0;1
-43;-21;19;0;1
-29;3;8;0;1
-60;13;25;0;1
-33;-12;58;0;1
-46;37;21;0;1
-28;9;62;0;1
-44;-18;49;1;1
-27;42;23;0;1
-30;0;31;0;1
-17;-14;21;0;1
-37;19;32;1;1
-24;17;34;0;1
-27;3;37;0;1
-22;2;22;1;1
-58;0;20;0;1
-29;-32;47;0;1
-51;-19;20;0;1
-47;-16;18;1;1
-36;-29;31;1;1
-44;-38;26;0;1
-35;2;57;0;1
-29;-6;14;1;1
-62;17;22;1;1
-50;38;19;0;1
-29;32;31;1;1
-37;-16;22;0;1
-59;13;32;1;1
-36;18;55;0;1
-25;12;53;1;1
-30;26;39;0;1
-37;12;27;1;1
-19;32;54;1;1
-43;-38;41;0;1
-28;-39;36;0;1
-50;-12;29;0;1
-44;-20;19;1;1
-35;-13;40;0;1
-56;-17;26;0;1
-22;-23;23;1;1
-18;-20;55;1;1
-38;-21;43;0;1
-43;43;33;0;1
-45;14;50;0;1
-29;1;53;0;1
-49;12;32;0;1
-21;2;50;0;1
-16;21;34;0;1
-27;42;32;0;1
-24;37;23;1;1
-29;-46;33;1;1
-43;12;12;0;1
-43;19;25;0;1
-10;12;32;1;1
-57;25;25;1;1
-42;-42;20;0;1
-29;33;41;0;1
-29;-50;31;0;1
-19;13;48;1;1
-20;24;21;0;1
-22;-8;43;1;1
-29;-1;59;0;1
-23;38;12;1;1
-15;5;43;0;1
-10;-16;30;0;1
-33;29;30;1;1
-33;12;25;0;1
-33;47;27;0;1
-58;30;18;0;1
-27;22;46;0;1
-22;-28;19;1;1
-48;3;21;0;1
-56;14;34;0;1
-38;-16;22;1;1
-33;41;24;0;1
-20;-5;17;1;1
-47;15;33;0;1
-37;-5;57;0;1
-37;-23;53;0;1
-11;7;32;1;1
-23;6;44;0;1
-35;1;12;1;1
-39;-32;26;1;1
-28;11;33;0;1
-50;2;18;0;1
-39;-30;37;1;1
-49;-42;22;0;1
-18;-14;29;1;1
-46;0;14;1;1
-38;-16;33;0;1
-33;-38;41;0;1
-29;7;47;0;1
-31;-13;41;0;1
-47;11;21;0;1
-10;16;27;0;1
-42;-13;24;0;1
-31;2;46;0;1
-40;-34;16;0;1
-44;-30;40;1;1
-52;21;42;0;1
-28;-37;26;0;1
-40;-14;41;1;1
-18;-14;58;0;1
-64;-2;26;1;1
-13;-22;29;0;1
-35;-25;47;1;1
-46;14;30;1;1
-18;-31;27;0;1
-34;-11;48;0;1
-47;43;20;0;1
-53;-24;28;0;1
-44;-10;47;0;1
-45;-11;24;1;1
-18;-18;50;1;1
-54;1;45;1;1
-39;54;18;1;1
-42;6;47;1;1
-49;1;26;0;1
-22;14;55;1;1
-28;-1;18;1;1
-38;8;18;1;1
-29;-37;49;0;1
-40;-15;28;0;1
-27;-20;45;1;1
-46;-33;16;0;1
-47;3;33;0;1
-30;33;52;0;1
-19;-27;21;0;1
-38;2;11;0;1
-44;17;51;0;1
-41;-22;33;1;1
-20;19;36;1;1
-48;16;40;0;1
-42;22;32;0;1
-39;3;12;1;1
-34;-25;32;0;1
-31;-42;16;0;1
-40;38;22;0;1
-27;18;13;1;1
-27;24;21;0;1
-50;33;19;1;1
-44;30;15;0;1
-36;-1;41;1;1
-63;7;30;0;1
-42;14;42;0;1
-43;8;55;0;1
-37;37;35;1;1
-28;30;44;0;1
-52;13;37;1;1
-29;35;40;1;1
-10;15;38;0;1
-36;-23;46;0;1
-33;-40;27;1;1
-30;-48;36;0;1
-25;-14;46;1;1
-59;-19;17;0;1
-67;-1;23;0;1
-45;43;33;0;1
-22;-5;21;1;1
-23;-5;26;0;1
-21;0;39;1;1
-40;9;12;0;1
-33;51;27;1;1
-44;-17;27;0;1
-19;30;47;1;1
-45;-7;48;0;1
-55;4;37;0;1
-17;28;30;0;1
-32;53;22;0;1
-30;47;21;1;1
-22;-17;54;0;1
-15;-20;25;0;1
-35;34;32;0;1
-50;5;42;1;1
-33;18;50;1;1
-50;-2;42;0;1
-47;22;46;0;1
-41;35;28;1;1
-37;-34;26;0;1
-16;-25;17;0;1
-24;26;21;1;1
-16;22;54;0;1
-24;20;45;1;1
-25;14;28;0;1
-44;48;18;0;1
-19;-20;39;1;1
-38;-2;57;1;1
-30;-18;45;0;1
-31;-27;16;0;1
-40;-13;25;1;1
-34;-27;47;1;1
-40;-2;36;1;1
-32;-53;19;1;1
-18;-21;29;1;1
-21;23;33;0;1
-22;-14;36;1;1
-25;-31;40;0;1
-46;-34;23;0;1
-51;-2;28;1;1
-55;2;18;1;1
-46;-25;26;1;1
-34;2;32;0;1
-51;-22;35;0;1
-33;-29;47;0;1
-22;24;19;0;1
-57;4;42;1;1
-15;21;18;0;1
-38;-43;20;0;1
-55;0;41;1;1
-30;17;28;1;1
-21;8;34;1;1
-27;29;47;1;1
-21;-7;13;0;1
-19;-4;52;0;1
-61;-23;20;0;1
-18;-23;14;0;1
-31;-22;22;1;1
-23;-31;40;0;1
-12;20;63;1;1
-62;27;21;1;1
-21;10;29;1;1
-34;3;31;0;1
-38;1;45;0;1
-44;-44;26;0;1
-50;21;43;0;1
-34;21;32;0;1
-36;4;12;1;1
-31;-1;38;0;1
-42;19;23;0;1
-26;-17;48;0;1
-37;24;18;0;1
-10;16;34;1;1
-46;-18;32;0;1
-40;-9;11;0;1
-25;5;65;0;1
-41;-38;30;1;1
-21;-27;55;0;1
-42;-30;46;0;1
-17;-18;28;0;1
-46;3;38;0;1
-17;-2;43;0;1
-62;-24;22;0;1
-33;57;25;0;1
-15;19;57;0;1
-34;-2;55;1;1
-23;-24;21;1;1
-34;24;21;0;1
-28;-44;45;0;1
-19;-9;22;0;1
-15;-3;22;0;1
-43;-17;38;1;1
-15;-23;25;0;1
-46;28;30;1;1
-52;-8;25;0;1
-45;25;27;0;1
-26;14;62;1;1
-52;15;24;0;1
-19;-2;37;1;1
-38;-47;24;1;1
-39;-41;32;0;1
-29;-1;49;0;1
-37;-23;55;0;1
-54;-1;19;1;1
-38;-31;45;1;1
-46;-24;14;0;1
-21;23;22;0;1
-33;-43;40;1;1
-33;30;30;1;1
-49;-7;22;1;1
-25;-36;14;0;1
-55;-7;23;1;1
-42;18;43;1;1
-20;-2;25;0;1
-23;-13;48;0;1
-53;24;20;1;1
-21;-24;21;0;1
-14;-21;55;1;1
-36;-22;40;0;1
-25;42;50;0;1
-39;20;47;0;1
-7;-8;23;1;1
-23;-5;55;0;1
-27;7;36;1;1
-40;34;41;1;1
-35;-11;38;0;1
-35;30;13;1;1
-23;-3;34;1;1
-53;23;31;0;1
-52;-25;36;1;1
-60;4;24;1;1
-47;27;25;1;1
-15;-18;10;0;1
-18;23;18;1;1
-31;52;29;0;1
-31;48;27;0;1
-32;-17;21;1;1
-16;-18;11;0;1
-48;-43;25;1;1
-24;-2;65;1;1
-29;27;20;0;1
-42;25;47;0;1
-13;-19;36;1;1
-34;52;22;0;1
-48;-25;32;1;1
-19;5;30;1;1
-14;23;54;0;1
-53;-38;23;1;1
-36;-14;18;1;1
-64;16;20;1;1
-37;-24;45;1;1
-24;-28;36;0;1
-27;22;37;1;1
-50;11;44;0;1
-63;-20;20;1;1
-39;-37;41;1;1
-21;-21;48;0;1
-26;6;33;1;1
-25;21;47;1;1
-17;-19;37;0;1
-25;-8;43;0;1
-56;14;24;0;1
-37;5;46;0;1
-36;-23;30;0;1
-51;17;35;0;1
-32;5;36;0;1
-51;6;29;1;1
-38;3;57;1;1
-42;12;13;1;1
-46;35;36;1;1
-31;2;35;1;1
-18;-18;40;0;1
-22;-35;26;0;1
-28;12;50;0;1
-51;8;27;0;1
-55;8;16;1;1
-59;-18;24;1;1
-41;-21;22;0;1
-32;-34;13;1;1
-35;-9;38;0;1
-34;0;43;0;1
-38;10;17;1;1
-38;-17;14;1;1
-53;-11;15;0;1
-26;-6;40;0;1
-42;-33;31;0;1
-33;-22;21;1;1
-22;-7;39;1;1
-18;-4;42;0;1
-44;9;20;0;1
-25;26;24;0;1
-22;10;48;0;1
-46;-45;27;0;1
-44;4;33;1;1
-59;-7;37;0;1
-31;24;28;0;1
-19;7;18;1;1
-31;-37;35;1;1
-38;-7;44;0;1
-29;-1;54;0;1
-24;11;11;0;1
-30;2;32;0;1
-23;30;53;1;1
-45;-20;39;0;1
-35;-34;34;1;1
-33;-51;33;0;1
-15;-10;37;0;1
-59;4;36;1;1
-62;25;21;0;1
-16;8;26;1;1
-41;32;47;1;1
-32;8;18;0;1
-47;22;35;0;1
-41;-27;20;0;1
-36;53;29;0;1
-39;25;15;0;1
-27;32;41;1;1
-40;-48;24;1;1
-26;12;37;0;1
-21;27;38;1;1
-58;-11;17;1;1
-41;10;19;0;1
-34;-23;52;0;1
-57;-27;18;1;1
-35;37;21;0;1
-25;30;27;0;1
-26;3;23;0;1
-31;3;20;0;1
-29;10;32;0;1
-32;38;39;0;1
-47;8;32;1;1
-34;-10;61;1;1
-17;12;37;0;1
-18;-7;52;0;1
-27;5;65;0;1
-19;4;18;0;1
-31;37;43;0;1
-48;-45;24;0;1
-28;-15;33;0;1
-45;-23;26;1;1
-40;-11;47;0;1
-34;-37;18;0;1
-23;22;37;0;1
-14;6;32;0;1
-17;28;29;0;1
-46;39;19;1;1
-29;33;39;1;1
-18;-28;9;0;1
-23;31;29;1;1
-27;-17;29;1;1
-19;-9;48;0;1
-31;24;32;0;1
-21;2;16;1;1
-32;-42;24;1;1
-30;-26;30;1;1
-35;37;34;0;1
-51;28;27;0;1
-24;-16;58;0;1
-24;-37;45;0;1
-26;-38;53;1;1
-23;-16;44;0;1
-38;39;37;0;1
-37;23;55;0;1
-34;-34;35;0;1
-24;-20;53;0;1
-21;-17;28;0;1
-29;-28;37;0;1
-42;13;33;1;1
-29;-28;39;0;1
-31;-36;25;0;1
-23;-29;51;0;1
-32;0;18;0;1
-27;-38;21;0;1
-33;-23;53;1;1
-32;-22;12;0;1
-31;13;20;1;1
-33;0;58;1;1
-33;3;18;0;1
-51;-14;35;1;1
-43;-15;54;0;1
-51;-16;45;0;1
-22;-6;21;0;1
-24;3;38;0;1
-15;0;39;1;1
-28;43;38;0;1
-29;-37;25;0;1
-29;44;31;1;1
-37;8;54;0;1
-40;-27;24;0;1
-45;4;24;0;1
-24;-2;28;0;1
-22;9;40;0;1
-37;17;40;1;1
-15;-7;45;0;1
-36;10;11;0;1
-16;-1;42;1;1
-55;-32;31;0;1
-40;15;14;0;1
-46;41;18;1;1
-53;31;31;0;1
-30;3;54;0;1
-39;2;20;0;1
-42;8;28;0;1
-44;50;20;0;1
-19;32;50;1;1
-39;-6;32;1;1
-18;4;49;1;1
-39;-30;40;0;1
-9;-15;24;1;1
-61;-18;23;0;1
-15;19;9;0;1
-29;-22;38;1;1
-28;-20;21;0;1
-33;-35;32;0;1
-30;-36;31;1;1
-13;-19;60;0;1
-29;-6;40;0;1
-35;10;19;0;1
-22;-33;13;1;1
-49;-6;28;0;1
-46;-1;34;0;1
-45;-30;35;0;1
-14;15;51;0;1
-37;-19;40;0;1
-23;1;41;1;1
-14;-14;23;0;1
-50;-5;29;1;1
-26;29;37;1;1
-55;30;31;1;1
-30;-10;18;0;1
-33;0;54;1;1
-47;-12;47;0;1
-41;-8;25;1;1
-61;1;28;0;1
-28;25;23;0;1
-24;1;64;0;1
-32;-10;41;1;1
-33;33;14;1;1
-56;5;20;0;1
-40;-27;34;0;1
-26;-5;33;0;1
-41;-27;22;1;1
-37;25;49;0;1
-41;-3;19;1;1
-43;21;15;0;1
-49;3;15;1;1
-47;-28;39;0;1
-18;16;59;0;1
-38;-19;14;0;1
-35;19;12;0;1
-40;-27;51;0;1
-30;47;36;0;1
-32;-32;22;0;1
-55;-28;35;0;1
-18;-26;48;0;1
-38;36;23;0;1
-38;33;37;0;1
-19;16;45;0;1
-35;19;47;1;1
-16;-20;49;0;1
-45;-6;20;0;1
-47;26;46;1;1
-42;-48;21;0;1
-37;20;24;1;1
-33;8;45;0;1
-23;-37;56;0;1
-40;-38;44;0;1
-29;10;34;0;1
-21;-11;53;1;1
-22;9;20;1;1
-35;-46;23;1;1
-52;4;21;0;1
-37;-5;12;0;1
-34;25;47;1;1
-35;-43;17;1;1
-18;3;37;0;1
-22;-33;17;1;1
-28;45;34;0;1
-50;-8;21;0;1
-28;-24;27;0;1
-23;-9;53;1;1
-45;17;28;0;1
-39;2;28;1;1
-29;-24;49;1;1
-42;-29;44;0;1
-18;-16;65;1;1
-28;5;46;1;1
-44;-1;43;0;1
-51;27;40;0;1
-42;-14;38;1;1
-38;22;41;0;1
-28;-24;42;0;1
-56;15;22;0;1
-50;-41;21;0;1
-52;-8;43;0;1
-33;45;24;0;1
-60;10;24;0;1
-66;8;18;0;1
-23;5;29;1;1
-34;23;20;1;1
-21;-23;48;1;1
-32;51;32;0;1
-55;25;30;0;1
-31;-52;20;0;1
-61;-2;27;0;1
-45;-16;51;1;1
-45;-39;21;1;1
-58;-5;27;0;1
-29;2;47;1;1
-10;-14;45;1;1
-30;-50;21;0;1
-26;32;26;1;1
-24;-11;17;1;1
-22;-2;24;0;1
-49;-5;29;1;1
-10;12;35;1;1
-21;-8;15;0;1
-28;10;51;1;1
-50;5;30;0;1
-29;-40;51;0;1
-50;-39;25;0;1
-54;0;20;1;1
-33;-11;29;0;1
-31;-10;10;0;1
-36;52;28;0;1
-23;18;31;1;1
-57;-16;21;1;1
-42;-25;32;0;1
-38;52;19;1;1
-17;-6;40;0;1
-19;-19;51;1;1
-23;39;16;0;1
-20;33;40;0;1
-28;-21;32;0;1
-22;-16;48;0;1
-44;1;31;0;1
-49;20;25;0;1
-23;28;14;0;1
-30;7;29;0;1
-56;10;35;1;1
-27;32;52;0;1
-29;-20;41;0;1
-29;-22;36;0;1
-50;-4;23;0;1
-26;-33;53;0;1
-28;34;53;1;1
-19;-1;25;1;1
-44;25;30;0;1
-13;22;52;0;1
-52;21;41;1;1
-27;5;43;0;1
-38;-10;38;1;1
-20;20;40;0;1
-47;5;13;1;1
-38;-52;28;0;1
-24;-24;30;1;1
-57;-6;41;0;1
-33;11;24;0;1
-51;-22;36;0;1
-45;14;24;0;1
-48;29;42;0;1
-16;-7;35;0;1
-28;2;10;1;1
-26;-16;13;0;1
-51;-14;26;0;1
-24;41;17;0;1
-21;15;43;0;1
-51;-6;29;0;1
-64;-11;28;0;1
-18;17;49;0;1
-21;8;57;0;1
-58;-5;36;0;1
-56;14;28;0;1
-54;-19;17;0;1
-17;-10;45;0;1
-33;7;27;0;1
-35;40;47;1;1
-38;-5;55;1;1
-20;5;24;0;1
-24;36;32;0;1
-18;30;36;0;1
-23;29;44;1;1
-41;-27;15;0;1
-42;-2;45;0;1
-44;5;43;1;1
-33;2;62;0;1
-16;-17;12;1;1
-27;37;31;1;1
-42;8;15;1;1
-56;-6;35;0;1
-46;-31;34;1;1
-28;-29;13;0;1
-27;24;33;1;1
-38;2;28;1;1
-19;15;53;0;1
-24;-27;47;1;1
-14;2;33;0;1
-18;30;40;0;1
-61;-12;34;0;1
-17;-7;21;0;1
-22;6;34;0;1
-24;15;15;0;1
-44;6;40;0;1
-55;20;37;1;1
-43;23;15;0;1
-28;-21;33;0;1
-41;41;39;1;1
-23;12;47;0;1
-43;15;16;0;1
-20;-33;36;1;1
-41;-42;31;0;1
-27;-19;44;1;1
-28;-13;38;1;1
-40;50;27;1;1
-41;25;47;1;1
-38;-14;48;0;1
-28;-28;37;0;1
-38;-5;54;0;1
-35;41;31;1;1
-30;41;33;1;1
-21;9;53;1;1
-49;30;31;0;1
-21;-21;26;0;1
-15;-10;25;1;1
-26;25;33;1;1
-46;8;37;1;1
-39;4;21;0;1
-27;13;49;1;1
-47;23;35;1;1
-48;9;47;1;1
-32;34;13;0;1
-31;-49;39;0;1
-39;22;48;0;1
-16;24;39;0;1
-15;25;39;1;1
-49;-13;17;0;1
-31;-10;53;0;1
-45;25;42;0;1
-62;17;25;0;1
-30;5;11;0;1
-46;-15;44;1;1
-49;-45;20;0;1
-36;13;56;0;1
-36;15;19;0;1
-24;0;65;1;1
-33;41;25;1;1
-10;16;26;1;1
-39;8;27;1;1
-55;-8;15;0;1
-33;42;30;1;1
-51;-20;33;1;1
-30;-7;55;0;1
-35;-7;52;1;1
-37;48;18;1;1
-54;-3;40;0;1
-28;41;36;0;1
-16;-11;41;0;1
-42;42;18;0;1
-39;18;43;0;1
-55;-23;24;1;1
-41;-32;46;1;1
-29;17;28;1;1
-29;-47;20;1;1
-52;-33;20;0;1
-41;18;48;0;1
-25;15;58;1;1
-40;-24;16;0;1
-26;-15;60;0;1
-38;15;53;1;1
-48;6;32;1;1
-22;-20;36;1;1
-36;-25;25;0;1
-39;30;37;0;1
-20;17;13;0;1
-37;43;29;0;1
-26;-12;19;0;1
-25;-33;24;0;1
-37;15;28;0;1
-47;22;30;0;1
-46;-6;51;0;1
-46;33;22;1;1
-8;13;35;1;1
-29;-8;38;0;1
-27;-38;17;1;1
-56;-18;31;0;1
-15;14;55;1;1
-52;-7;16;0;1
-16;26;52;0;1
-20;13;35;1;1
-41;-30;22;0;1
-45;-49;23;0;1
-42;-34;38;0;1
-20;23;30;0;1
-15;5;37;0;1
-41;-2;50;1;1
-31;10;38;1;1
-32;-11;32;1;1
-40;28;32;1;1
-51;28;40;0;1
-60;-18;19;0;1
-46;5;21;1;1
-41;-41;19;1;1
-13;-9;23;0;1
-18;-14;55;0;1
-26;6;28;0;1
-26;-39;24;0;1
-44;-15;42;0;1
-30;-38;35;0;1
-67;12;20;0;1
-38;-1;55;0;1
-16;12;19;0;1
-32;-8;25;1;1
-52;6;40;0;1
-48;-35;37;0;1
-20;-22;57;0;1
-41;-26;44;1;1
-63;-4;19;0;1
-16;15;50;0;1
-57;-28;24;1;1
-39;14;19;0;1
-28;-31;12;1;1
-38;-1;58;1;1
-21;-12;52;0;1
-53;-29;36;0;1
-15;21;16;0;1
-32;8;34;0;1
-32;42;35;0;1
-37;21;27;1;1
-31;6;22;0;1
-21;8;60;1;1
-47;-40;31;1;1
-37;-25;29;0;1
-42;4;40;0;1
-48;1;15;0;1
-9;14;41;0;1
-17;-25;49;1;1
-60;12;32;0;1
-26;34;17;0;1
-15;24;45;1;1
-39;36;19;0;1
-26;40;18;1;1
-33;45;20;0;1
-16;24;34;0;1
-33;-57;19;0;1
-39;18;56;1;1
-27;-9;51;1;1
-48;16;44;0;1
-26;16;57;0;1
-52;-39;19;0;1
-64;13;25;0;1
-31;-15;52;0;1
-30;-9;37;0;1
-42;40;34;0;1
-24;18;36;0;1
-38;26;54;0;1
-22;33;47;0;1
-35;13;11;0;1
-19;15;26;1;1
-16;25;40;0;1
-47;-40;20;0;1
-49;2;33;0;1
-21;-36;46;0;1
-62;24;19;1;1
-48;-26;44;1;1
-46;7;17;1;1
-32;45;27;0;1
-43;-30;19;1;1
-16;13;32;0;1
-48;-20;45;0;1
-16;17;51;0;1
-42;-48;20;0;1
-42;42;26;0;1
-12;9;28;1;1
-27;13;62;0;1
-29;32;20;0;1
-51;22;40;1;1
-36;16;40;1;1
-39;-18;25;1;1
-25;-15;28;0;1
-42;-1;41;1;1
-38;-12;27;0;1
-21;-19;37;0;1
-41;27;23;0;1
-31;-13;23;0;1
-42;12;42;0;1
-30;-36;46;1;1
-52;-2;33;1;1
-33;14;47;0;1
-23;-21;13;0;1
-48;34;20;0;1
-35;26;16;0;1
-50;32;29;0;1
-24;34;19;1;1
-23;-14;31;0;1
-45;-30;46;1;1
-19;25;32;0;1
-33;-9;32;0;1
-23;-12;28;1;1
-41;-42;38;1;1
-22;-27;17;0;1
-36;4;30;1;1
-45;50;20;1;1
-31;-31;40;0;1
-49;39;28;0;1
-25;4;61;0;1
-42;-43;25;1;1
-30;49;34;1;1
-30;38;16;1;1
-50;26;26;1;1
-43;6;19;0;1
-37;-7;23;1;1
-51;-22;25;0;1
-48;-26;16;1;1
-28;43;30;0;1
-23;38;48;1;1
-40;-46;25;1;1
-33;46;29;0;1
-35;13;38;1;1
-19;-29;14;1;1
-29;-9;29;0;1
-35;-18;58;0;1
-25;10;17;1;1
-48;-28;17;0;1
-11;7;31;0;1
-34;9;33;0;1
-50;-2;32;1;1
-33;27;21;0;1
-46;-5;53;1;1
-34;-17;26;0;1
-25;13;45;0;1
-29;-12;44;1;1
-28;-20;57;0;1
-56;-33;27;0;1
-17;11;16;0;1
-20;-29;15;0;1
-49;-22;45;1;1
-42;0;16;0;1
-49;37;18;0;1
-22;20;19;0;1
-62;4;33;0;1
-13;8;31;0;1
-33;-33;27;0;1
-38;3;15;1;1
-32;-43;43;0;1
-24;30;30;0;1
-39;-4;34;0;1
-12;-15;22;0;1
-51;-31;30;0;1
-12;3;30;0;1
-18;-22;52;0;1
-38;-4;43;0;1
-57;7;18;1;1
-18;25;25;0;1
-27;-20;38;0;1
-39;47;22;1;1
-27;21;20;1;1
-55;17;23;0;1
-31;3;63;0;1
-27;-21;39;0;1
-30;44;26;0;1
-24;-25;55;0;1
-37;39;17;0;1
-50;1;15;0;1
-37;-9;24;1;1
-28;-26;54;0;1
-24;-31;41;0;1
-56;24;21;0;1
-44;-14;41;0;1
-22;-14;54;1;1
-28;27;27;1;1
-59;22;20;1;1
-38;-32;44;1;1
-29;34;53;0;1
-20;-6;35;1;1
-28;-21;59;0;1
-15;-13;36;1;1
-38;-31;15;0;1
-29;42;34;0;1
-45;-12;44;1;1
-50;13;37;0;1
-49;18;25;0;1
-37;18;48;0;1
-45;-10;46;0;1
-31;37;28;0;1
-38;-19;27;1;1
-31;16;41;0;1
-25;-7;63;1;1
-38;16;48;0;1
-31;-2;10;1;1
-48;14;24;0;1
-54;-37;25;0;1
-26;19;28;1;1
-34;8;30;0;1
-45;-8;20;1;1
-43;3;14;0;1
-31;3;28;0;1
-38;-29;35;0;1
-13;21;49;0;1
-19;-14;38;0;1
-61;23;20;0;1
-42;29;36;1;1
-25;30;12;0;1
-41;-8;42;1;1
-40;-9;42;0;1
-20;3;47;0;1
-63;-12;18;0;1
-36;-35;35;1;1
-57;18;33;0;1
-59;-13;23;1;1
-37;54;20;0;1
-40;-10;33;0;1
-36;36;46;1;1
-39;5;53;1;1
-32;12;12;0;1
-35;12;45;1;1
-39;4;37;1;1
-46;-21;35;0;1
-31;-26;48;0;1
-59;-20;18;0;1
-54;-36;24;1;1
-61;9;26;1;1
-27;5;28;0;1
-27;-28;40;1;1
-28;-20;42;1;1
-30;-17;19;1;1
-40;-17;12;1;1
-19;-3;22;0;1
-36;-24;20;0;1
-30;25;57;1;1
-54;4;18;0;1
-30;-30;29;0;1
-37;-47;20;0;1
-24;-23;22;0;1
-46;-20;47;1;1
-21;21;51;1;1
-37;20;45;1;1
-52;12;34;0;1
-19;30;31;1;1
-26;14;11;1;1
-39;45;34;0;1
-49;41;19;0;1
-27;11;26;0;1
-39;2;50;0;1
-49;22;19;1;1
-21;15;58;0;1
-28;-43;18;1;1
-38;-36;17;1;1
-16;23;18;0;1
-24;-7;39;1;1
-18;20;34;1;1
-38;-7;24;0;1
-22;-17;47;1;1
-15;-9;26;0;1
-22;-23;30;0;1
-66;3;25;0;1
-30;42;32;1;1
-54;-12;27;1;1
-28;13;23;0;1
-25;-3;29;1;1
-32;28;50;1;1
-50;-39;23;1;1
-9;15;38;0;1
-35;-11;19;1;1
-15;-4;34;0;1
-22;38;25;0;1
-16;-13;31;0;1
-27;1;19;0;1
-48;-36;20;1;1
-27;37;19;0;1
-57;21;33;1;1
-44;30;27;1;1
-41;-5;43;0;1
-21;10;51;0;1
-27;-36;18;1;1
-17;-17;55;1;1
-40;46;27;0;1
-40;25;52;0;1
-33;42;38;0;1
-23;25;52;1;1
-15;-7;23;0;1
-15;20;24;0;1
-16;13;49;0;1
-28;16;41;0;1
-27;43;41;0;1
-26;-2;39;0;1
-24;31;27;1;1
-36;49;25;0;1
-15;-19;28;1;1
-46;-26;15;0;1
-44;13;34;0;1
-40;17;19;1;1
-35;-7;51;0;1
-48;-21;33;1;1
-48;23;20;0;1
-44;-7;28;0;1
-48;-29;27;0;1
-44;-8;29;1;1
-37;-1;47;0;1
-40;-3;32;0;1
-18;23;11;0;1
-15;24;55;0;1
-46;38;19;0;1
-43;-24;20;0;1
-26;7;28;0;1
-28;42;14;0;1
-55;23;25;0;1
-14;17;36;1;1
-42;6;40;0;1
-19;20;9;0;1
-28;47;40;1;1
-42;-21;35;1;1
-31;-22;21;1;1
-20;-21;62;0;1
-23;-16;39;0;1
-30;-17;10;1;1
-47;15;36;1;1
-39;-30;43;0;1
-24;-23;44;0;1
-44;23;44;0;1
-56;-13;16;0;1
-33;-30;26;0;1
-25;-8;61;0;1
-14;1;21;0;1
-35;-4;32;0;1
-26;41;42;0;1
-23;15;59;1;1
-49;-26;35;1;1
-27;-16;52;0;1
-36;24;54;0;1
-24;-8;43;1;1
-52;-10;33;0;1
-16;-19;31;1;1
-46;-17;14;0;1
-19;17;19;0;1
-10;-10;28;0;1
-25;38;30;0;1
-27;25;38;1;1
-15;-21;34;1;1
-59;-16;25;0;1
-29;48;29;0;1
-22;-24;16;0;1
-48;-43;28;0;1
-56;4;34;0;1
-32;-23;46;1;1
-14;18;54;0;1
-24;27;21;0;1
-30;-2;10;0;1
-38;4;12;0;1
-30;-42;26;0;1
-57;34;18;1;1
-22;4;42;0;1
-34;4;43;1;1
-49;43;21;0;1
-42;-41;19;0;1
-36;-49;24;0;1
-45;29;34;1;1
-44;25;37;0;1
-23;35;29;1;1
-11;13;33;0;1
-20;18;34;0;1
-17;26;61;0;1
-41;-40;39;0;1
-21;28;18;0;1
-50;-8;24;0;1
-31;1;40;0;1
-39;-28;21;0;1
-38;-45;18;0;1
-14;20;47;0;1
-23;5;51;0;1
-21;-2;14;0;1
-33;-36;48;1;1
-37;-17;58;0;1
-25;-27;40;0;1
-30;49;17;0;1
-44;39;25;0;1
-39;-23;15;1;1
-27;-12;20;1;1
-36;42;35;1;1
-34;13;32;0;1
-15;-16;32;0;1
-46;14;50;0;1
-24;10;58;0;1
-53;20;22;0;1
-38;24;44;1;1
-16;23;45;0;1
-29;-5;26;0;1
-23;-35;28;1;1
-17;14;30;0;1
-34;-8;61;0;1
-24;12;20;1;1
-33;-6;9;0;1
-19;9;31;1;1
-15;23;8;0;1
-48;-14;26;1;1
-26;-2;24;0;1
-33;27;45;0;1
-41;15;33;0;1
-17;20;55;1;1
-14;-8;34;0;1
-29;12;20;0;1
-37;43;37;0;1
-29;9;30;0;1
-30;-34;31;1;1
-25;16;27;0;1
-31;-29;49;1;1
-36;-6;29;1;1
-24;-26;30;0;1
-32;43;39;1;1
-60;-11;31;0;1
-55;18;16;1;1
-32;52;26;1;1
-22;-23;44;1;1
-40;-22;42;0;1
-58;19;24;1;1
-28;48;16;1;1
-48;-6;36;0;1
-46;-2;36;0;1
-34;-36;46;0;1
-47;24;15;0;1
-16;27;51;0;1
-31;-4;19;0;1
-36;49;31;1;1
-34;43;42;0;1
-60;-1;37;1;1
-40;38;30;0;1
-29;-39;49;0;1
-36;47;35;0;1
-31;4;47;1;1
-18;-14;43;1;1
-25;-11;18;0;1
-58;-18;36;0;1
-25;37;43;0;1
-34;-16;12;0;1
-20;-19;39;1;1
-32;9;25;1;1
-31;44;28;0;1
-47;14;39;1;1
-39;10;43;0;1
-22;30;54;0;1
-32;-55;18;1;1
-20;12;34;1;1
-44;-30;19;0;1
-18;-9;54;1;1
-37;25;39;1;1
-45;0;30;1;1
-26;-33;14;0;1
-31;9;35;0;1
-17;-22;8;0;1
-33;-43;31;0;1
-32;32;31;0;1
-40;-30;21;1;1
-21;-8;34;0;1
-25;14;35;1;1
-61;-5;18;0;1
-55;-21;28;0;1
-13;-7;38;0;1
-50;11;47;0;1
-31;-18;28;0;1
-37;26;38;1;1
-15;-25;23;0;1
-11;-19;51;1;1
-47;34;19;0;1
-28;-10;13;1;1
-41;-46;32;1;1
-59;24;24;0;1
-23;32;14;1;1
-40;35;16;0;1
-35;34;45;0;1
-33;-10;38;1;1
-53;-8;21;1;1
-13;21;7;1;1
-21;20;34;0;1
-28;-25;48;1;1
-28;48;24;0;1
-54;5;18;0;1
-40;28;18;0;1
-32;1;48;0;1
-53;-29;17;0;1
-22;-28;32;0;1
-28;-41;33;1;1
-57;-36;19;0;1
-32;-51;30;0;1
-55;24;38;0;1
-39;22;30;0;1
-36;-35;36;0;1
-46;-3;24;0;1
-63;-18;22;1;1
-35;14;39;0;1
-23;11;12;1;1
-31;1;12;0;1
-35;-27;23;0;1
-29;12;12;0;1
-15;-25;55;0;1
-19;-12;38;0;1
-32;0;36;0;1
-27;-5;11;1;1
-30;-33;25;1;1
-29;-37;18;1;1
-38;-5;49;0;1
-36;-26;49;1;1
-38;-45;29;0;1
-52;16;35;1;1
-36;-51;32;1;1
-37;26;47;1;1
-31;8;22;1;1
-34;-30;30;0;1
-46;-16;32;0;1
-54;-14;41;0;1
-16;9;25;0;1
-25;-14;15;1;1
-36;54;22;0;1
-57;17;29;0;1
-24;-33;49;1;1
-24;15;8;1;1
-18;-7;34;1;1
-35;51;25;0;1
-51;2;31;1;1
-41;-41;29;1;1
-19;-24;34;1;1
-21;-14;63;0;1
-23;10;39;1;1
-19;-19;9;0;1
-27;-38;31;0;1
-16;7;41;0;1
-28;-19;58;0;1
-39;10;36;0;1
-18;-10;51;1;1
-24;-5;46;0;1
-50;-4;32;1;1
-37;5;45;0;1
-25;43;23;0;1
-17;14;25;1;1
-26;11;64;0;1
-37;-36;15;0;1
-42;-15;45;0;1
-16;-6;45;0;1
-52;37;30;1;1
-28;41;50;0;1
-23;-5;41;0;1
-15;-25;42;1;1
-65;0;23;0;1
-16;-22;22;1;1
-33;34;17;0;1
-55;-19;35;1;1
-50;-23;44;0;1
-37;-18;20;1;1
-20;34;30;0;1
-47;-17;44;0;1
-12;-20;23;0;1
-55;20;26;0;1
-31;-11;15;0;1
-42;52;18;0;1
-25;-5;20;1;1
-32;5;38;0;1
-29;4;48;0;1
-34;16;27;0;1
-35;-56;26;1;1
-34;-18;43;0;1
-24;-3;41;1;1
-45;-12;50;0;1
-31;12;19;1;1
-36;29;53;0;1
-16;27;44;0;1
-32;10;42;1;1
-12;-11;20;0;1
-33;18;52;0;1
-39;-45;27;1;1
-38;-40;40;1;1
-34;53;27;1;1
-14;14;39;0;1
-39;22;47;0;1
-35;5;37;0;1
-33;-9;23;0;1
-16;-24;54;1;1
-21;-23;39;0;1
-20;-4;46;1;1
-39;54;19;1;1
-30;33;42;1;1
-22;-10;12;0;1
-43;-30;24;1;1
-34;-3;18;0;1
-25;-31;12;0;1
-23;-20;39;0;1
-56;25;28;0;1
-21;1;43;0;1
-35;24;17;0;1
-46;-36;20;1;1
-47;-23;21;0;1
-24;5;53;0;1
-23;5;25;0;1
-33;-27;14;0;1
-29;44;20;1;1
-18;-9;52;0;1
-31;26;58;1;1
-38;9;51;0;1
-31;16;19;0;1
-11;-12;42;0;1
-12;-20;24;0;1
-54;28;33;1;1
-29;-25;51;1;1
-56;-2;20;1;1
-33;10;47;0;1
-27;12;62;1;1
-62;-1;17;1;1
-26;21;9;0;1
-52;25;36;1;1
-23;-9;66;0;1
-23;37;32;0;1
-26;-12;55;0;1
-24;-5;48;0;1
-51;30;27;1;1
-21;-19;10;0;1
-28;31;24;0;1
-33;13;38;0;1
-25;3;21;0;1
-21;11;30;0;1
-28;-2;51;1;1
-19;0;43;0;1
-26;-29;48;1;1
-32;-47;38;1;1
-40;-11;16;1;1
-48;-6;45;1;1
-30;11;57;0;1
-26;-20;10;0;1
-34;-43;24;0;1
-26;37;45;0;1
-31;-45;36;1;1
-16;-26;44;0;1
-31;-30;40;0;1
-43;17;20;1;1
-19;-30;21;1;1
-38;31;14;0;1
-32;-49;37;0;1
-46;-5;46;1;1
-46;-17;40;1;1
-14;21;17;0;1
-58;14;36;0;1
-24;19;18;0;1
-39;-12;26;0;1
-25;-8;62;0;1
-27;-25;43;0;1
-37;-39;38;0;1
-34;-25;48;0;1
-65;11;23;1;1
-27;-34;48;0;1
-28;44;28;1;1
-13;2;30;1;1
-37;-30;51;1;1
-21;-13;52;0;1
-32;-5;38;0;1
-17;-13;42;0;1
-52;2;19;1;1
-42;2;46;0;1
-31;-11;29;0;1
-41;-41;24;1;1
-19;31;18;0;1
-18;29;39;1;1
-12;12;29;1;1
-32;35;47;0;1
-10;16;48;0;1
-31;-25;36;1;1
-20;-21;25;0;1
-44;43;29;1;1
-35;-38;37;0;1
-19;11;52;1;1
-25;11;44;0;1
-41;40;28;1;1
-35;42;35;0;1
-40;-33;30;0;1
-24;16;50;1;1
-23;38;41;0;1
-19;-13;42;0;1
-32;12;44;0;1
-14;11;33;1;1
-21;30;31;0;1
-16;-19;25;0;1
-27;34;35;0;1
-30;1;13;1;1
-59;5;30;0;1
-23;36;18;1;1
-25;28;39;0;1
-48;-14;14;0;1
-53;27;24;0;1
-60;-27;24;0;1
-39;-18;43;1;1
-24;24;15;0;1
-52;-3;22;0;1
-14;-16;44;0;1
-18;9;49;0;1
-41;-3;15;0;1
-56;-6;32;0;1
-56;5;42;0;1
-45;23;14;1;1
-39;5;37;1;1
-47;-17;37;0;1
-22;-1;32;0;1
-49;-30;33;0;1
-59;-4;38;0;1
-51;-1;48;0;1
-17;25;39;1;1
-39;12;28;0;1
-33;11;33;0;1
-54;-19;20;0;1
-55;-1;39;1;1
-25;-15;53;1;1
-58;-2;24;0;1
-31;-1;14;0;1
-40;-35;41;0;1
-26;7;18;0;1
-39;36;38;0;1
-46;15;16;0;1
-40;-24;46;1;1
-15;2;29;0;1
-25;22;27;0;1
-43;-43;29;0;1
-37;-12;41;0;1
-24;-5;53;0;1
-45;35;22;0;1
-52;-32;36;0;1
-51;-5;14;0;1
-28;-42;30;0;1
-39;7;20;1;1
-31;-21;45;0;1
-62;15;18;1;1
-26;17;43;1;1
-25;26;58;0;1
-28;16;16;0;1
-47;33;31;0;1
-23;-5;18;1;1
-58;-29;24;0;1
-23;6;46;1;1
-28;26;39;0;1
-34;-6;18;1;1
-52;2;32;1;1
-35;-7;12;0;1
-44;-10;42;0;1
-53;-18;20;0;1
-59;-28;25;0;1
-42;51;18;1;1
-41;13;32;1;1
-46;38;32;0;1
-23;-11;20;0;1
-43;-33;41;1;1
-32;39;18;0;1
-52;-21;18;1;1
-25;2;46;0;1
-52;16;25;1;1
-34;2;44;0;1
-52;-3;19;1;1
-23;-25;20;1;1
-56;-17;30;0;1
-17;-25;31;0;1
-16;-18;51;0;1
-66;1;18;0;1
-42;47;32;1;1
-66;6;25;1;1
-15;10;24;1;1
-56;21;20;0;1
-39;14;15;1;1
-12;20;17;0;1
-38;25;40;0;1
-38;7;20;0;1
-32;-22;28;0;1
-27;-12;8;0;1
-31;7;24;0;1
-32;24;27;0;1
-21;4;29;0;1
-21;26;13;0;1
-41;-29;24;1;1
-62;4;17;0;1
-41;28;37;0;1
-25;-5;23;0;1
-16;-12;25;0;1
-23;2;63;1;1
-18;16;28;0;1
-20;-34;13;0;1
-52;-9;33;1;1
-63;24;22;0;1
-17;-21;42;0;1
-13;18;36;0;1
-28;-36;35;0;1
-47;-15;20;0;1
-53;-16;35;1;1
-63;-20;26;0;1
-12;-9;20;0;1
-19;-22;22;0;1
-25;-27;46;0;1
-34;-10;33;1;1
-22;-10;41;0;1
-35;-12;33;0;1
-42;7;47;1;1
-60;15;33;0;1
-27;-16;61;1;1
-41;12;39;0;1
-17;12;40;0;1
-21;-25;19;0;1
-43;-1;51;0;1
-31;32;46;1;1
-12;-15;33;1;1
-31;-26;25;0;1
-18;-28;60;0;1
-43;-5;12;0;1
-47;20;25;1;1
-53;-7;28;1;1
-34;-25;29;0;1
-40;-19;46;0;1
-12;-17;47;0;1
-49;-19;28;1;1
-53;21;21;0;1
-35;-52;28;0;1
-18;-13;54;0;1
-16;20;23;1;1
-49;-17;14;0;1
-38;7;55;1;1
-39;-11;14;1;1
-46;21;44;0;1
-42;38;21;1;1
-33;52;34;1;1
-26;-42;22;0;1
-27;28;50;1;1
-22;1;58;1;1
-38;-30;13;0;1
-58;-13;29;0;1
-21;19;24;0;1
-25;-12;31;0;1
-42;12;22;0;1
-56;18;30;0;1
-29;22;27;1;1
-20;12;60;0;1
-54;-9;28;0;1
-30;0;28;0;1
-32;-29;19;0;1
-59;-2;22;0;1
-39;47;21;1;1
-54;20;28;0;1
-38;31;29;0;1
-10;-17;47;1;1
-8;8;30;0;1
-32;2;63;1;1
-28;30;56;0;1
-18;-21;13;0;1
-30;-30;18;0;1
-38;30;40;0;1
-38;-1;40;0;1
-32;39;40;0;1
-39;-34;30;1;1
-19;-5;40;1;1
-41;-12;31;0;1
-14;-19;43;1;1
-26;37;46;1;1
-32;23;40;0;1
-25;5;62;0;1
-19;-14;29;0;1
-42;47;31;1;1
-25;10;49;1;1
-32;-13;17;0;1
-45;9;14;0;1
-39;-37;24;0;1
-39;27;22;0;1
-47;32;28;0;1
-43;7;15;0;1
-39;3;50;0;1
-42;-13;41;0;1
-61;-6;23;0;1
-21;14;63;0;1
-38;5;34;1;1
-18;27;12;1;1
-23;-21;19;1;1
-41;-28;41;0;1
-14;-4;25;1;1
-45;-20;18;1;1
-41;-49;18;0;1
-12;17;51;1;1
-59;14;32;1;1
-23;4;60;1;1
-44;-21;38;1;1
-12;7;34;0;1
-28;35;41;0;1
-41;-9;22;0;1
-37;-26;47;0;1
-37;4;11;1;1
-24;-7;15;1;1
-27;-32;13;1;1
-49;-4;44;1;1
-32;-4;18;1;1
-20;-23;12;0;1
-28;-17;55;0;1
-25;11;16;1;1
-29;-3;9;1;1
-31;-46;17;0;1
-48;-6;34;0;1
-28;2;37;0;1
-28;-29;20;0;1
-39;-3;17;0;1
-37;6;45;0;1
-32;42;46;0;1
-41;18;37;1;1
-38;-32;19;0;1
-32;-19;60;0;1
-48;45;18;0;1
-36;10;50;0;1
-52;-9;31;1;1
-65;12;21;0;1
-9;13;28;0;1
-33;1;10;0;1
-43;-29;18;0;1
-24;-29;35;1;1
-21;22;18;1;1
-33;-26;29;0;1
-33;1;49;1;1
-32;43;32;0;1
-31;-20;32;0;1
-58;9;23;0;1
-14;12;40;1;1
-23;-7;43;0;1
-33;-24;56;1;1
-27;2;19;0;1
-50;-5;18;0;1
-34;15;57;0;1
-11;11;21;0;1
-25;-17;46;0;1
-48;44;18;0;1
-48;-8;25;0;1
-25;22;41;1;1
-23;31;19;0;1
-31;-10;36;0;1
-28;-4;33;0;1
-29;49;40;1;1
-29;29;32;0;1
-44;24;39;1;1
-17;14;55;1;1
-29;-12;17;0;1
-50;11;25;1;1
-50;-19;39;1;1
-14;-2;34;0;1
-41;-9;44;1;1
-24;-18;34;0;1
-27;-23;47;1;1
-28;-38;35;1;1
-42;8;13;0;1
-52;-1;39;0;1
-23;22;14;0;1
-44;11;51;1;1
-51;-14;43;1;1
-65;0;21;0;1
-30;33;54;0;1
-29;-30;19;0;1
-27;-11;44;0;1
-31;-13;49;0;1
-18;-11;49;0;1
-20;14;61;0;1
-47;-16;39;0;1
-19;-13;32;1;1
-32;15;32;0;1
-35;-33;24;0;1
-43;-7;20;1;1
-16;7;47;0;1
-43;5;25;1;1
-46;-12;27;1;1
-15;-22;24;0;1
-30;23;33;1;1
-51;0;35;0;1
-45;-10;31;0;1
-43;-13;44;0;1
-30;-37;40;0;1
-17;28;41;1;1
-36;-3;13;0;1
-18;28;43;0;1
-66;13;20;0;1
-34;29;45;1;1
-25;19;16;1;1
-63;-8;25;0;1
-34;43;38;0;1
-46;10;14;0;1
-19;10;46;0;1
-16;-22;31;0;1
-16;-26;49;0;1
-57;7;24;0;1
-25;13;31;0;1
-46;-11;13;1;1
-15;-15;41;0;1
-13;-4;34;1;1
-54;-6;27;1;1
-25;-15;9;0;1
-38;10;48;1;1
-25;37;42;0;1
-25;3;36;1;1
-30;1;42;0;1
-27;17;35;1;1
-26;-3;17;0;1
-39;47;24;1;1
-33;-34;17;0;1
-34;-10;55;0;1
-27;43;31;1;1
-27;3;24;0;1
-11;-19;26;1;1
-30;-37;49;1;1
-11;-18;29;0;1
-32;-11;57;0;1
-54;-28;28;0;1
-47;-1;53;0;1
-26;-22;12;0;1
-27;-17;59;0;1
-55;35;27;1;1
-48;-23;44;0;1
-20;-13;11;0;1
-27;17;36;0;1
-27;-3;52;1;1
-28;4;38;0;1
-33;8;53;1;1
-40;2;48;0;1
-19;21;50;0;1
-33;43;27;0;1
-6;7;25;0;1
-8;-13;38;0;1
-29;17;11;1;1
-58;12;27;1;1
-34;18;51;1;1
-19;-20;10;0;1
-21;-20;10;1;1
-46;-28;31;1;1
-21;-33;45;1;1
-45;38;19;0;1
-41;-27;48;0;1
-50;-19;19;1;1
-44;33;31;0;1
-32;-9;24;0;1
-23;23;9;1;1
-33;54;23;0;1
-18;-12;45;0;1
-39;2;54;1;1
-16;27;55;0;1
-33;32;18;0;1
-27;-40;22;0;1
-61;-25;22;0;1
-43;-48;29;0;1
-41;-10;23;1;1
-64;-14;21;1;1
-31;22;34;1;1
-33;36;49;0;1
-55;-23;17;1;1
-56;11;34;0;1
-16;16;50;1;1
-47;-22;43;0;1
-38;25;18;0;1
-34;-31;16;0;1
-13;20;48;0;1
-34;-9;13;0;1
-26;-38;38;0;1
-56;-20;34;0;1
-15;-24;15;1;1
-52;-30;34;1;1
-52;30;21;1;1
-26;-29;21;0;1
-19;-13;27;0;1
-39;6;56;0;1
-34;-18;31;0;1
-38;18;31;0;1
-16;26;49;0;1
-18;30;19;0;1
-40;7;53;0;1
-19;12;29;1;1
-48;-25;16;1;1
-24;-35;56;0;1
-48;-16;47;0;1
-38;23;40;1;1
-38;1;25;0;1
-21;34;53;0;1
-12;15;51;1;1
-25;40;30;0;1
-40;13;24;0;1
-58;-19;26;0;1
-18;31;58;1;1
-39;43;17;0;1
-24;21;49;0;1
-50;12;41;1;1
-19;15;48;0;1
-57;28;29;1;1
-17;-28;17;0;1
-28;17;36;0;1
-43;41;38;1;1
-56;-4;21;0;1
-52;1;48;0;1
-34;-41;43;1;1
-15;19;47;0;1
-43;-21;13;0;1
-21;-11;39;0;1
-22;10;7;0;1
-23;-10;47;0;1
-28;43;16;0;1
-24;33;40;0;1
-17;-10;37;0;1
-56;23;29;1;1
-28;21;28;1;1
-46;-38;31;0;1
-47;-24;43;0;1
-18;-15;36;1;1
-47;41;30;0;1
-61;-27;22;1;1
-67;0;21;0;1
-53;38;26;0;1
-50;-26;35;1;1
-34;49;30;0;1
-15;-22;49;0;1
-25;-34;52;0;1
-18;20;55;0;1
-47;12;22;0;1
-25;35;19;1;1
-17;19;17;0;1
-25;30;36;0;1
-35;36;49;0;1
-36;-7;31;0;1
-34;-55;27;1;1
-42;26;34;1;1
-28;-19;37;1;1
-42;-33;23;0;1
-23;-15;19;0;1
-27;33;15;1;1
-23;16;17;0;1
-18;14;48;1;1
-32;27;52;0;1
-31;-28;30;0;1
-55;-10;30;0;1
-40;-20;42;0;1
-13;3;31;0;1
-37;34;33;1;1
-13;13;38;0;1
-43;-15;39;1;1
-48;26;29;0;1
-30;5;33;0;1
-44;-14;37;1;1
-26;-25;32;1;1
-58;-24;23;0;1
-17;-29;10;1;1
-31;-8;52;0;1
-49;-25;30;0;1
-31;-3;12;0;1
-48;-36;34;1;1
-25;19;50;1;1
-57;-4;41;1;1
-55;12;39;0;1
-53;-2;16;1;1
-19;24;37;0;1
-58;12;29;1;1
-46;12;31;0;1
-39;10;58;0;1
-35;8;40;1;1
-24;27;52;0;1
-62;8;22;1;1
-17;-12;25;1;1
-37;-29;16;0;1
-45;-37;29;0;1
-37;-19;24;1;1
-52;33;32;1;1
-35;15;39;0;1
-32;17;25;0;1
-56;39;19;1;1
-47;-39;34;0;1
-13;-14;38;0;1
-40;-34;15;1;1
-16;-18;30;0;1
-17;26;18;1;1
-31;48;23;1;1
-40;23;18;1;1
-33;16;36;0;1
-24;-1;48;0;1
-37;-44;36;0;1
-31;-41;49;1;1
-25;-32;53;0;1
-33;-12;21;0;1
-26;1;13;1;1
-29;18;32;0;1
-15;-19;37;1;1
-25;41;50;0;1
-21;-7;30;1;1
-35;9;32;1;1
-28;37;47;0;1
-60;2;33;0;1
-51;2;47;0;1
-29;0;31;0;1
-15;15;32;0;1
-46;15;33;1;1
-44;10;25;0;1
-43;-35;39;1;1
-46;24;33;1;1
-60;0;31;0;1
-41;13;43;0;1
-17;19;13;0;1
-35;17;15;1;1
-60;-25;18;1;1
-54;15;33;0;1
-37;-29;14;1;1
-47;15;45;0;1
-36;7;52;0;1
-51;-18;41;0;1
-49;-35;20;0;1
-33;11;37;0;1
-31;-11;25;0;1
-32;-22;49;0;1
-35;-49;30;0;1
-14;9;30;0;1
-18;-8;36;1;1
-57;6;18;0;1
-33;12;44;1;1
-45;-29;18;1;1
-24;-3;34;0;1
-43;15;22;1;1
-28;-22;51;1;1
-42;-40;24;0;1
-66;11;23;1;1
-19;-24;48;0;1
-58;-12;27;0;1
-56;-4;32;0;1
-39;2;56;0;1
-38;-56;21;0;1
-25;-14;33;1;1
-27;26;59;1;1
-40;12;46;1;1
-50;-24;16;0;1
-34;29;15;0;1
-35;18;41;1;1
-35;29;45;0;1
-53;33;17;0;1
-26;-13;34;0;1
-36;-8;57;0;1
-40;-26;28;1;1
-35;-26;24;1;1
-33;49;22;0;1
-28;-48;31;0;1
-26;-28;30;1;1
-16;24;61;1;1
-52;2;41;1;1
-33;-35;40;0;1
-27;-4;8;0;1
-28;17;44;0;1
-56;-27;19;1;1
-49;42;22;0;1
-25;-19;54;0;1
-58;4;40;0;1
-35;-30;20;0;1
-24;-3;8;0;1
-28;33;16;0;1
-28;15;45;1;1
-35;11;25;0;1
-49;-11;45;0;1
-57;-19;31;0;1
-40;38;41;0;1
-21;-17;48;1;1
-55;-4;38;1;1
-38;27;52;1;1
-35;-2;57;1;1
-47;7;39;1;1
-36;32;40;1;1
-58;10;33;0;1
-12;-7;34;0;1
-33;-9;52;1;1
-22;-25;51;0;1
-39;-16;18;0;1
-53;-5;39;1;1
-19;29;16;1;1
-40;-23;27;0;1
-25;18;10;0;1
-64;20;18;0;1
-31;23;39;0;1
-56;9;28;0;1
-24;31;58;1;1
-32;15;47;1;1
-38;11;56;0;1
-27;39;41;1;1
-41;26;26;1;1
-31;36;46;0;1
-14;-20;8;1;1
-42;37;20;1;1
-27;11;10;0;1
-25;-29;45;1;1
-23;14;42;1;1
-22;-36;57;0;1
-28;-35;24;1;1
-31;-16;47;0;1
-38;15;49;0;1
-12;6;31;0;1
-29;-44;34;1;1
-35;7;27;1;1
-43;-11;23;1;1
-44;40;20;1;1
-24;-5;42;0;1
-27;-35;16;1;1
-35;17;19;1;1
-26;-33;15;1;1
-49;31;18;0;1
-44;28;40;0;1
-22;-14;23;1;1
-28;-32;24;1;1
-49;-6;50;1;1
-50;-42;24;0;1
-61;12;23;1;1
-28;11;16;0;1
-53;-25;19;0;1
-37;-6;57;1;1
-38;-11;15;0;1
-33;-8;25;0;1
-15;24;49;0;1
-49;-20;44;1;1
-24;-18;33;0;1
-22;-29;48;0;1
-34;46;40;1;1
-19;28;19;1;1
-24;-39;54;0;1
-40;-45;35;1;1
-47;24;27;1;1
-26;-22;26;1;1
-48;17;30;0;1
-23;-14;39;0;1
-26;5;60;0;1
-18;24;9;1;1
-26;4;25;1;1
-42;33;20;1;1
-24;-35;20;0;1
-40;0;23;0;1
-41;-21;15;0;1
-52;16;37;1;1
-54;32;33;1;1
-27;2;11;1;1
-32;11;44;0;1
-55;-12;33;0;1
-24;5;12;1;1
-40;-22;50;1;1
-49;-15;25;0;1
-31;-15;48;0;1
-26;-5;22;1;1
-49;-35;28;0;1
-26;33;51;0;1
-44;18;32;1;1
-47;38;28;0;1
-19;-31;17;0;1
-60;5;31;1;1
-34;-46;17;0;1
-26;-32;38;0;1
-35;-8;39;0;1
-24;-23;62;0;1
-20;18;24;0;1
-17;-17;65;0;1
-49;-19;47;1;1
-33;10;44;1;1
-35;5;43;0;1
-54;-1;23;1;1
-60;9;30;0;1
-16;-26;15;0;1
-44;-10;30;0;1
-36;-36;33;0;1
-25;-12;9;0;1
-18;-1;48;0;1
-24;-9;39;0;1
-52;-5;30;0;1
-43;24;44;1;1
-36;-11;27;1;1
-42;-10;42;1;1
-30;32;37;1;1
-27;40;44;0;1
-58;16;21;1;1
-47;-37;24;1;1
-25;42;34;0;1
-46;-34;25;1;1
-30;51;25;0;1
-57;-4;39;1;1
-12;-9;34;0;1
-17;13;58;0;1
-30;7;55;0;1
-21;-14;9;1;1
-19;6;17;0;1
-44;21;33;0;1
-30;-7;53;0;1
-41;0;42;0;1
-31;16;26;0;1
-36;8;38;1;1
-47;31;41;0;1
-16;12;43;0;1
-48;32;17;1;1
-53;-23;20;0;1
-11;-13;38;1;1
-25;10;22;0;1
-37;-40;26;1;1
-18;17;61;0;1
-49;-10;47;0;1
-13;7;39;0;1
-44;-5;23;0;1
-14;-22;31;0;1
-49;-28;30;1;1
-17;10;40;0;1
-35;5;10;1;1
-25;35;27;1;1
-20;-3;51;0;1
-64;-11;26;0;1
-37;34;21;1;1
-30;-36;50;0;1
-51;10;31;0;1
-25;-26;27;1;1
-32;0;20;0;1
-35;47;33;0;1
-34;-22;14;1;1
-49;24;43;0;1
-36;13;39;0;1
-53;32;29;0;1
-39;1;44;1;1
-48;44;25;1;1
-49;-35;22;1;1
-30;24;25;0;1
-46;-39;28;1;1
-27;-19;51;1;1
-54;-3;15;0;1
-34;7;12;0;1
-52;25;24;0;1
-33;43;36;1;1
-26;-8;59;0;1
-41;-3;39;1;1
-23;-15;43;0;1
-21;3;43;0;1
-57;-2;24;0;1
-29;32;50;0;1
-22;-16;36;1;1
-60;-16;26;1;1
-23;-17;21;0;1
-27;-24;48;0;1
-38;31;21;0;1
-50;34;18;1;1
-38;24;41;0;1
-30;-21;33;1;1
-19;29;46;1;1
-11;-12;38;0;1
-41;23;52;0;1
-35;31;29;0;1
-37;19;52;1;1
-26;-6;44;0;1
-29;-28;36;0;1
-21;-17;23;1;1
-41;32;17;1;1
-41;-34;18;0;1
-31;-15;20;1;1
-13;-8;39;0;1
-21;-16;9;1;1
-29;38;40;0;1
-24;15;35;1;1
-34;-41;36;0;1
-21;21;23;1;1
-13;-15;51;1;1
-28;-32;19;1;1
-39;-20;12;0;1
-41;-9;23;0;1
-52;27;27;0;1
-23;21;52;1;1
-42;-7;38;0;1
-27;1;15;0;1
-18;-9;31;1;1
-28;7;40;0;1
-35;-6;11;1;1
-38;-18;43;0;1
-24;-18;55;1;1
-26;12;61;1;1
-45;-28;28;0;1
-23;2;29;1;1
-31;-35;37;1;1
-26;1;18;0;1
-46;16;48;0;1
-38;-31;21;0;1
-29;-19;38;1;1
-54;-6;19;0;1
-37;6;47;0;1
-18;9;31;0;1
-20;24;51;1;1
-11;19;11;0;1
-34;45;32;0;1
-42;6;31;1;1
-54;-26;19;1;1
-23;23;26;0;1
-47;-22;29;0;1
-43;-18;48;0;1
-40;-31;28;0;1
-22;28;14;0;1
-37;45;23;0;1
-33;-33;48;0;1
-58;-5;31;0;1
-42;28;18;0;1
-23;-11;32;0;1
-47;47;25;0;1
-59;-2;33;1;1
-23;-26;12;0;1
-33;-12;32;0;1
-56;-31;19;0;1
-48;-1;37;0;1
-34;-48;32;0;1
-31;-35;46;1;1
-30;-44;42;0;1
-39;-3;38;0;1
-47;8;17;0;1
-42;5;32;0;1
-17;17;63;1;1
-31;3;35;1;1
-52;0;48;0;1
-44;-26;33;1;1
-18;-29;57;0;1
-44;7;39;1;1
-36;48;34;1;1
-36;12;15;1;1
-51;0;31;0;1
-41;15;25;0;1
-9;-5;28;0;1
-30;45;27;0;1
-52;7;40;1;1
-34;-2;36;0;1
-46;-12;47;0;1
-56;-27;30;0;1
-16;-23;55;0;1
-41;-1;47;0;1
-26;17;59;0;1
-24;-31;56;0;1
-43;31;24;0;1
-17;0;40;0;1
-62;4;26;0;1
-40;35;43;0;1
-21;-15;15;1;1
-31;28;16;0;1
-39;1;58;0;1
-25;18;37;1;1
-37;19;17;0;1
-36;49;35;0;1
-18;24;29;0;1
-16;-18;47;0;1
-19;21;58;0;1
-33;32;54;1;1
-43;-40;16;0;1
-27;25;13;1;1
-45;-16;38;1;1
-30;1;10;0;1
-33;27;31;0;1
-43;-2;18;1;1
-30;20;14;0;1
-20;-15;65;0;1
-27;-33;51;0;1
-19;-5;39;0;1
-58;-34;22;0;1
-47;-30;19;0;1
-37;0;47;0;1
-31;27;26;1;1
-14;19;15;0;1
-36;-40;30;0;1
-29;-2;45;1;1
-42;-4;45;1;1
-29;37;18;1;1
-36;14;47;0;1
-62;24;20;0;1
-64;-17;23;1;1
-31;-41;22;0;1
-24;14;9;0;1
-37;-11;31;1;1
-40;-9;18;0;1
-19;19;55;0;1
-26;-41;34;0;1
-60;-3;20;0;1
-27;-2;20;1;1
-37;-12;12;0;1
-55;-26;34;1;1
-26;24;12;0;1
-30;-19;10;0;1
-44;-34;28;0;1
-33;3;37;0;1
-21;-7;55;0;1
-39;-43;28;0;1
-23;-10;54;0;1
-35;14;38;0;1
-49;25;18;1;1
-37;29;29;0;1
-43;-22;42;1;1
-50;-5;46;1;1
-41;-8;43;1;1
-28;30;26;1;1
-47;-28;19;0;1
-24;39;43;0;1
-24;36;38;0;1
-11;18;54;1;1
-22;1;47;0;1
-29;29;35;1;1
-41;-8;32;0;1
-35;33;27;1;1
-33;-18;56;1;1
-44;28;37;1;1
-50;23;27;1;1
-35;-18;18;1;1
-46;-3;22;0;1
-46;-24;44;1;1
-38;-21;27;1;1
-18;8;46;0;1
-21;-17;49;1;1
-11;17;28;0;1
-34;29;31;1;1
-13;-13;48;0;1
-35;21;30;0;1
-22;-10;25;1;1
-39;-19;33;1;1
-35;25;33;1;1
-31;36;21;1;1
-42;13;21;0;1
-34;51;30;1;1
-47;-10;38;1;1
-42;-10;17;1;1
-29;-50;16;0;1
-24;-34;22;0;1
-36;-11;53;0;1
-34;-36;19;1;1
-25;-4;43;1;1
-49;4;38;0;1
-51;-11;20;1;1
-17;-11;18;1;1
-59;15;25;0;1
-20;1;42;1;1
-24;0;58;0;1
-24;-2;59;1;1
-43;-15;47;1;1
-53;-18;24;0;1
-12;18;46;0;1
-38;-7;16;1;1
-37;-23;49;0;1
-49;-37;29;1;1
-30;-1;36;0;1
-53;-5;25;1;1
-44;39;28;0;1
-31;26;27;0;1
-43;14;30;0;1
-28;-26;56;0;1
-40;9;40;1;1
-46;17;46;0;1
-38;-46;23;0;1
-36;26;15;0;1
-40;-32;18;0;1
-36;-34;45;0;1
-32;-7;36;1;1
-49;-40;31;0;1
-51;24;17;0;1
-47;15;39;0;1
-19;29;31;1;1
-33;-54;20;0;1
-26;21;26;1;1
-13;19;47;0;1
-35;45;27;0;1
-57;-10;28;0;1
-43;-18;36;1;1
-11;-17;41;1;1
-23;34;51;1;1
-50;-20;33;0;1
-25;-33;21;0;1
-45;-37;32;1;1
-46;18;44;1;1
-25;-28;48;0;1
-39;36;26;0;1
-53;-9;40;0;1
-47;11;28;0;1
-49;-14;19;0;1
-18;-18;29;1;1
-53;0;15;0;1
-59;-6;36;0;1
-58;-25;22;1;1
-34;36;37;0;1
-23;-32;55;0;1
-49;-29;35;1;1
-32;-11;27;1;1
-23;-12;51;0;1
-27;4;34;1;1
-30;30;28;0;1
-29;-12;25;1;1
-40;21;51;1;1
-29;5;48;1;1
-28;-31;55;0;1
-55;18;31;1;1
-46;-27;31;1;1
-34;48;27;0;1
-28;15;31;0;1
-36;-35;33;0;1
-27;-11;28;0;1
-32;45;42;0;1
-21;-16;34;1;1
-43;8;48;1;1
-24;23;20;0;1
-50;16;26;0;1
-17;-16;9;0;1
-51;5;36;0;1
-6;-8;24;0;1
-29;46;24;1;1
-54;-22;38;1;1
-44;-42;20;1;1
-44;-22;15;1;1
-37;-37;26;0;1
-44;11;33;0;1
-59;8;23;0;1
-49;35;35;1;1
-20;-15;13;1;1
-65;4;24;0;1
-16;-9;29;0;1
-21;-12;60;1;1
-16;-21;57;0;1
-43;4;41;0;1
-31;24;53;1;1
-38;33;24;1;1
-47;13;22;1;1
-23;18;27;0;1
-52;-8;35;0;1
-31;13;17;1;1
-50;10;29;0;1
-32;-4;62;0;1
-20;14;13;0;1
-36;20;42;1;1
-24;14;64;0;1
-34;-40;45;0;1
-39;7;13;0;1
-43;-14;54;1;1
-24;18;42;0;1
-43;22;31;0;1
-39;20;17;0;1
-20;-7;44;0;1
-60;-10;30;1;1
-32;-10;9;1;1
-49;12;23;1;1
-30;48;29;0;1
-38;5;26;0;1
-38;56;21;0;1
-16;19;47;0;1
-38;35;28;0;1
-29;-43;16;0;1
-17;-23;64;1;1
-40;35;34;0;1
-34;31;46;0;1
-26;40;39;1;1
-31;49;28;0;1
-25;21;38;0;1
-42;34;35;0;1
-43;16;46;0;1
-19;-21;22;0;1
-30;-18;10;1;1
-39;-40;43;0;1
-22;6;18;0;1
-32;52;36;1;1
-20;12;30;0;1
-52;0;23;1;1
-46;36;38;0;1
-23;20;44;1;1
-35;44;32;0;1
-17;-4;32;0;1
-19;18;51;0;1
-23;-37;45;0;1
-38;42;34;0;1
-30;2;38;0;1
-28;-7;29;1;1
-54;-16;32;0;1
-22;-7;47;1;1
-37;8;33;0;1
-51;-35;27;0;1
-14;11;24;0;1
-63;-11;22;1;1
-23;22;9;0;1
-20;-28;57;1;1
-26;29;23;1;1
-14;-20;40;0;1
-45;-1;13;1;1
-46;2;21;1;1
-38;15;51;1;1
-26;7;41;1;1
-46;-42;30;1;1
-25;-35;42;0;1
-55;-28;31;0;1
-10;-14;36;1;1
-19;24;16;1;1
-27;-10;35;1;1
-61;-20;23;0;1
-57;-20;35;1;1
-34;-16;45;0;1
-28;45;22;0;1
-57;3;34;0;1
-37;4;24;0;1
-31;46;30;0;1
-17;3;35;0;1
-61;25;22;1;1
-33;-50;23;0;1
-21;-27;44;0;1
-32;-11;60;0;1
-25;11;21;0;1
-21;-2;56;1;1
-28;-15;20;0;1
-24;4;62;1;1
-39;-24;26;1;1
-47;-6;21;1;1
-41;-15;44;1;1
-20;22;47;0;1
-23;-1;57;0;1
-34;16;36;0;1
-52;-13;34;0;1
-30;-12;57;0;1
-28;-8;34;0;1
-18;-5;33;0;1
-21;-36;55;0;1
-53;-14;23;0;1
-42;-24;43;0;1
-46;-8;49;1;1
-22;36;42;1;1
-23;-12;43;0;1
-33;-57;24;0;1
-17;-17;21;1;1
-29;31;50;1;1
-59;1;24;0;1
-39;-35;33;1;1
-25;1;44;1;1
-55;-25;20;1;1
-31;1;25;0;1
-36;16;32;1;1
-19;-29;23;1;1
-21;-21;15;1;1
-45;25;21;0;1
-50;-14;29;1;1
-27;19;58;1;1
-35;26;28;0;1
-32;13;18;0;1
-55;-10;20;0;1
-36;0;40;0;1
-38;29;23;0;1
-19;-5;41;0;1
-26;-44;46;0;1
-60;-21;24;1;1
-19;10;47;0;1
-32;-8;13;1;1
-16;25;28;0;1
-19;-1;28;0;1
-61;-15;21;1;1
-49;-10;19;0;1
-31;22;17;0;1
-34;45;21;0;1
-28;-6;18;1;1
-22;24;44;0;1
-28;48;19;0;1
-57;-8;31;0;1
-58;1;20;1;1
-22;19;42;0;1
-46;35;31;0;1
-29;-23;52;0;1
-36;2;35;0;1
-30;40;25;1;1
-51;0;24;1;1
-25;-8;63;0;1
-35;-42;45;1;1
-17;-26;42;1;1
-28;-1;24;0;1
-19;-27;19;0;1
-35;32;49;1;1
-14;-10;20;0;1
-35;-28;41;1;1
-42;41;25;0;1
-60;-20;21;1;1
-21;25;37;0;1
-22;-2;38;0;1
-16;26;45;0;1
-53;10;44;0;1
-34;-26;41;1;1
-59;0;17;0;1
-52;-7;41;1;1
-53;-12;38;1;1
-35;12;21;0;1
-26;36;40;0;1
-17;-16;12;0;1
-10;5;26;1;1
-16;6;32;0;1
-45;35;36;0;1
-63;4;27;0;1
-31;-19;55;0;1
-54;32;32;0;1
-28;-9;17;0;1
-28;-46;28;0;1
-40;26;13;0;1
-35;-5;15;1;1
-7;9;31;0;1
-24;39;41;1;1
-24;9;35;0;1
-14;-15;17;0;1
-30;-38;36;0;1
-13;-13;41;1;1
-19;-13;56;1;1
-55;8;21;1;1
-36;-6;22;0;1
-56;-10;21;0;1
-26;-20;59;0;1
-42;6;42;0;1
-34;-32;25;1;1
-23;30;21;0;1
-63;-1;31;0;1
-26;42;47;0;1
-15;13;27;0;1
-31;8;61;0;1
-23;4;26;0;1
-52;19;16;1;1
-32;-22;18;1;1
-13;-20;16;0;1
-19;6;49;1;1
-46;-1;35;0;1
-25;10;42;0;1
-33;-17;31;1;1
-27;26;36;0;1
-28;-29;36;0;1
-40;-27;43;0;1
-38;15;36;0;1
-40;-43;23;1;1
-22;-28;23;0;1
-15;24;52;0;1
-31;22;51;0;1
-21;27;15;0;1
-58;3;28;1;1
-47;-11;33;1;1
-50;-4;50;0;1
-19;17;29;0;1
-56;14;20;1;1
-45;7;31;0;1
-61;5;34;1;1
-59;11;31;0;1
-28;46;17;0;1
-45;-4;32;1;1
-26;10;11;1;1
-34;-33;24;0;1
-36;2;15;0;1
-67;2;18;0;1
-21;-11;63;1;1
-50;-11;38;0;1
-54;16;27;1;1
-21;17;63;1;1
-45;35;37;0;1
-17;2;43;1;1
-59;-12;17;0;1
-19;20;14;0;1
-31;11;18;0;1
-45;13;53;1;1
-54;15;26;1;1
-42;13;52;0;1
-44;7;27;0;1
-24;-38;13;1;1
-57;-14;22;0;1
-25;12;16;1;1
-18;-30;54;1;1
-40;-3;36;0;1
-18;-22;46;0;1
-15;0;23;0;1
-13;-20;11;1;1
-32;27;27;0;1
-22;22;32;0;1
-27;-5;22;0;1
-25;-9;57;0;1
-19;7;49;1;1
-33;5;58;1;1
-16;0;19;1;1
-45;10;29;0;1
-12;-5;29;1;1
-59;-21;26;0;1
-59;9;30;0;1
-43;18;41;1;1
-28;-31;41;1;1
-34;4;50;1;1
-43;-37;19;1;1
-44;-15;29;0;1
-14;-19;37;0;1
-25;-11;20;0;1
-28;-6;56;0;1
-22;13;15;1;1
-49;7;37;0;1
-29;-41;20;0;1
-18;19;52;0;1
-22;-19;9;0;1
-24;34;38;0;1
-12;-13;18;0;1
-43;46;22;1;1
-11;-3;31;1;1
-17;14;14;0;1
-40;-10;22;0;1
-37;-43;27;0;1
-31;21;52;1;1
-34;-15;29;0;1
-59;-5;39;1;1
-41;-33;24;1;1
-41;13;24;0;1
-37;11;31;0;1
-51;-14;39;1;1
-39;-34;33;1;1
-36;-41;38;0;1
-53;11;18;1;1
-27;-32;25;1;1
-30;-22;36;1;1
-46;-23;21;1;1
-57;9;16;1;1
-61;18;25;0;1
-30;12;50;1;1
-42;-39;24;0;1
-23;13;33;0;1
-33;0;36;0;1
-16;-14;57;0;1
-30;-5;57;0;1
-43;-46;30;1;1
-50;0;49;1;1
-22;17;45;1;1
-16;-17;16;1;1
-17;-28;63;1;1
-20;19;65;1;1
-15;24;38;0;1
-18;8;48;0;1
-44;10;53;0;1
-15;-11;51;1;1
-41;-23;39;1;1
-28;24;34;1;1
-28;-33;51;0;1
-35;30;21;0;1
-23;-3;21;0;1
-29;-37;52;0;1
-47;29;38;0;1
-16;24;30;1;1
-21;-28;46;0;1
-21;19;64;0;1
-37;-23;14;1;1
-44;-7;14;1;1
-25;-22;46;0;1
-34;-2;53;0;1
-60;-8;30;1;1
-26;23;59;0;1
-24;-7;11;1;1
-24;-25;26;1;1
-38;30;19;0;1
-8;7;29;1;1
-46;-23;24;1;1
-36;-22;23;1;1
-37;-49;34;0;1
-23;14;44;1;1
-40;-5;13;0;1
-39;-21;12;1;1
-45;-44;23;0;1
-39;39;40;1;1
-37;-26;42;0;1
-32;-5;23;1;1
-48;-40;21;0;1
-36;32;14;0;1
-47;-34;31;0;1
-49;-22;22;0;1
-38;1;29;0;1
-17;18;8;0;1
-31;-38;23;1;1
-30;-19;49;1;1
-44;-24;29;0;1
-11;-11;40;0;1
-54;34;26;0;1
-21;32;36;1;1
-27;-13;32;0;1
-53;-6;34;1;1
-46;4;52;1;1
-62;-5;22;0;1
-37;13;38;1;1
-39;-21;16;1;1
-18;23;53;0;1
-46;-3;39;0;1
-52;37;18;0;1
-46;17;22;1;1
-32;-38;30;0;1
-44;18;34;1;1
-24;-20;48;1;1
-19;-23;48;1;1
-42;-25;27;1;1
-21;15;47;0;1
-50;30;24;0;1
-35;-17;16;0;1
-37;10;43;0;1
-22;36;29;0;1
-31;-38;19;0;1
-41;-14;33;0;1
-27;35;34;0;1
-15;25;47;1;1
-55;-25;26;0;1
-30;-22;26;0;1
-52;12;25;0;1
-52;-30;35;1;1
-48;0;43;1;1
-47;-34;36;0;1
-32;-40;35;0;1
-37;-14;53;1;1
-17;-24;13;1;1
-39;-24;52;0;1
-25;18;15;0;1
-41;-11;13;0;1
-30;5;19;0;1
-41;34;28;0;1
-16;11;52;1;1
-20;10;46;1;1
-35;-10;52;0;1
-46;-23;45;1;1
-36;-1;59;1;1
-15;7;22;1;1
-18;23;38;0;1
-16;-25;15;0;1
-38;50;32;0;1
-33;-35;50;0;1
-28;5;24;0;1
-26;-3;64;0;1
-35;-5;18;0;1
-23;-14;62;0;1
-30;-26;46;1;1
-43;-11;37;0;1
-41;-12;51;1;1
-38;13;41;1;1
-37;-7;42;1;1
-44;17;22;0;1
-15;-7;36;0;1
-22;3;55;0;1
-44;3;14;0;1
-22;-6;13;1;1
-58;-31;23;1;1
-16;-13;41;1;1
-27;0;31;0;1
-50;-13;33;1;1
-40;8;33;0;1
-36;-38;16;0;1
-50;16;31;0;1
-13;5;29;0;1
-43;-34;17;1;1
-22;32;45;1;1
-33;-1;11;0;1
-32;4;30;1;1
-38;17;31;0;1
-39;38;22;0;1
-20;31;39;0;1
-25;7;51;0;1
-57;4;32;0;1
-50;0;34;0;1
-46;6;23;0;1
-29;-50;27;0;1
-35;-27;31;1;1
-35;15;30;1;1
-25;-39;51;0;1
-25;4;38;0;1
-22;-17;17;0;1
-28;25;22;1;1
-57;-21;31;0;1
-38;-32;17;1;1
-18;-11;38;0;1
-39;15;22;0;1
-39;45;25;1;1
-51;34;31;0;1
-29;16;28;0;1
-29;40;35;1;1
-48;-21;29;0;1
-34;36;21;1;1
-42;-28;20;0;1
-23;-23;33;1;1
-30;31;53;0;1
-13;-15;25;0;1
-38;-49;28;1;1
-27;-3;32;1;1
-35;18;47;0;1
-29;3;38;1;1
-42;-2;14;0;1
-57;13;35;1;1
-19;-27;53;1;1
-16;10;42;1;1
-33;-6;34;0;1
-28;19;29;0;1
-46;-17;18;1;1
-22;10;31;1;1
-29;-18;29;1;1
-29;23;53;0;1
-38;-11;16;0;1
-31;47;42;1;1
-45;-25;43;0;1
-16;20;26;0;1
-40;-21;29;1;1
-27;-42;15;0;1
-38;-11;38;0;1
-24;19;49;0;1
-54;-30;22;0;1
-18;-25;23;0;1
-34;-45;21;0;1
-38;34;33;1;1
-18;18;13;0;1
-25;22;49;0;1
-46;5;44;1;1
-38;37;21;0;1
-34;-46;38;1;1
-43;28;21;1;1
-32;-23;23;1;1
-44;-38;28;1;1
-44;36;25;0;1
-24;3;35;0;1
-7;-10;24;0;1
-52;-12;44;1;1
-35;23;26;1;1
-24;-7;28;1;1
-23;-18;64;1;1
-52;9;27;0;1
-20;-11;57;0;1
-44;22;29;1;1
-48;-21;16;0;1
-32;20;49;1;1
-33;0;47;0;1
-9;15;36;0;1
-43;25;30;0;1
-30;-45;39;0;1
-42;-8;46;0;1
-40;18;48;1;1
-35;42;28;0;1
-16;-5;39;1;1
-30;22;47;1;1
-30;-6;51;0;1
-30;41;20;0;1
-31;-11;32;0;1
-48;-32;32;1;1
-18;-27;18;0;1
-49;-33;24;0;1
-50;3;47;1;1
-25;8;59;0;1
-51;20;36;0;1
-46;-30;20;0;1
-17;26;31;0;1
-41;-44;33;0;1
-37;-43;23;1;1
-38;39;30;0;1
-30;39;39;0;1
-30;-51;22;0;1
-51;-21;42;1;1
-34;15;21;0;1
-31;-19;20;1;1
-19;-6;30;0;1
-43;33;24;0;1
-18;22;18;1;1
-21;-33;25;0;1
-25;5;31;0;1
-17;14;13;0;1
-19;-26;26;1;1
-18;25;20;0;1
-34;0;62;1;1
-29;-6;22;1;1
-52;18;37;1;1
-50;23;20;1;1
-23;36;24;0;1
-30;-9;16;1;1
-29;16;31;0;1
-28;8;55;1;1
-48;-22;39;0;1
-35;-53;20;1;1
-16;22;51;0;1
-31;-6;62;0;1
-29;-5;58;0;1
-28;1;30;1;1
-38;-32;47;1;1
-25;8;52;0;1
-56;-36;22;1;1
-44;-34;18;1;1
-43;-36;39;1;1
-51;12;39;0;1
-29;-27;31;1;1
-28;21;61;0;1
-66;-2;18;1;1
-48;10;34;0;1
-21;18;35;1;1
-18;6;19;0;1
-56;-14;37;0;1
-40;37;44;1;1
-27;4;58;0;1
-24;39;47;0;1
-22;20;44;1;1
-44;-23;24;0;1
-61;10;28;0;1
-44;-37;34;0;1
-28;4;11;1;1
-51;11;35;1;1
-62;16;20;0;1
-56;-3;34;0;1
-50;-21;31;0;1
-26;-19;12;0;1
-24;-10;53;0;1
-25;-18;27;0;1
-35;-15;39;0;1
-49;-29;41;0;1
-48;24;17;0;1
-17;-4;33;1;1
-16;-1;32;0;1
-44;-25;31;0;1
-18;-12;48;1;1
-48;38;27;0;1
-23;-35;15;0;1
-33;5;39;0;1
-27;-14;21;0;1
-24;-18;38;1;1
-41;-14;23;0;1
-22;13;65;0;1
-29;-10;50;0;1
-16;14;42;1;1
-42;44;17;1;1
-18;-24;29;1;1
-32;4;45;0;1
-41;-36;42;1;1
-13;-8;31;1;1
-38;30;21;0;1
-29;-20;38;0;1
-26;9;41;0;1
-32;25;26;0;1
-37;-25;14;1;1
-7;-11;34;0;1
-44;34;26;0;1
-25;-35;28;0;1
-9;-10;23;1;1
-52;1;26;1;1
-32;47;34;0;1
-39;40;33;0;1
-19;-3;32;1;1
-45;-24;14;1;1
-20;-10;20;1;1
-9;11;36;0;1
-17;14;17;1;1
-14;20;30;0;1
-22;20;22;1;1
-36;28;45;0;1
-33;11;23;1;1
-8;9;28;0;1
-40;-43;33;0;1
-31;-24;38;0;1
-43;16;32;0;1
-16;-25;39;0;1
-21;-24;22;1;1
-33;-21;40;1;1
-54;-18;40;0;1
-24;5;51;0;1
-44;-32;33;1;1
-48;5;33;1;1
-34;-43;34;0;1
-24;-19;16;1;1
-55;-10;25;0;1
-32;-31;26;1;1
-35;18;23;1;1
-38;14;47;0;1
-32;35;32;0;1
-44;-21;48;0;1
-28;12;13;0;1
-35;-16;59;0;1
-23;-22;18;0;1
-37;23;41;0;1
-50;-24;37;1;1
-37;-6;59;1;1
-36;-39;23;0;1
-29;-48;19;0;1
-24;-13;26;0;1
-16;23;25;1;1
-38;-32;39;1;1
-17;27;13;0;1
-26;16;62;1;1
-20;-13;46;0;1
-35;37;38;0;1
-38;38;29;1;1
-41;-2;55;1;1
-49;41;27;0;1
-42;1;50;0;1
-35;29;13;0;1
-48;13;23;0;1
-25;26;43;1;1
-28;-5;33;0;1
-44;-31;43;0;1
-20;29;41;0;1
-38;38;37;0;1
-19;26;36;1;1
-50;-19;16;0;1
-49;1;49;1;1
-40;39;18;1;1
-32;15;21;0;1
-32;38;44;1;1
-36;-10;43;1;1
-30;-10;43;0;1
-23;-37;32;1;1
-55;-16;27;1;1
-45;-8;37;0;1
-18;16;45;1;1
-36;16;46;1;1
-20;8;42;0;1
-33;35;15;1;1
-45;25;43;0;1
-25;16;17;1;1
-50;-1;15;1;1
-37;5;32;1;1
-41;-5;24;0;1
-35;-3;39;0;1
-30;48;21;1;1
-41;-30;40;0;1
-27;2;54;0;1
-45;23;16;0;1
-41;1;51;1;1
-52;-24;27;0;1
-53;-20;31;0;1
-55;-5;28;1;1
-18;22;42;0;1
-23;20;15;0;1
-31;-40;35;0;1
-32;-5;52;0;1
-25;18;13;1;1
-33;-6;36;0;1
-42;25;42;1;1
-35;31;52;0;1
-36;-4;40;0;1
-37;16;29;1;1
-22;7;61;0;1
-33;3;27;0;1
-51;38;19;0;1
-54;22;35;0;1
-37;-1;33;0;1
-48;20;25;0;1
-37;-19;31;0;1
-25;-33;40;1;1
-36;-34;34;0;1
-16;22;36;1;1
-16;20;8;0;1
-65;6;28;0;1
-33;40;41;0;1
-21;-33;18;1;1
-31;24;13;1;1
-16;-19;11;1;1
-42;19;39;0;1
-21;-22;42;0;1
-34;-45;24;0;1
-51;-24;20;0;1
-44;-1;52;0;1
-35;-9;23;0;1
-40;44;26;0;1
-32;-34;43;0;1
-20;15;23;0;1
-43;33;37;0;1
-28;39;48;0;1
-38;3;52;1;1
-27;23;11;0;1
-39;46;21;0;1
-44;-29;31;1;1
-24;-1;42;0;1
-40;-24;52;1;1
-25;-25;58;1;1
-30;-35;34;1;1
-23;7;65;1;1
-40;8;47;1;1
-32;-29;36;0;1
-18;-29;24;0;1
-33;18;40;0;1
-21;-30;13;1;1
-31;44;26;0;1
-27;8;43;0;1
-49;-20;40;0;1
-51;37;32;0;1
-18;12;30;0;1
-42;-4;31;1;1
-25;-41;28;0;1
-14;-15;48;1;1
-22;-18;9;1;1
-45;5;26;1;1
-35;5;56;1;1
-10;15;36;0;1
-41;42;34;0;1
-48;13;14;0;1
-38;-16;49;0;1
-48;47;20;0;1
-30;15;62;0;1
-45;-15;13;1;1
-50;4;15;0;1
-33;-8;56;0;1
-61;1;30;0;1
-58;-8;29;0;1
-56;-10;16;1;1
-26;12;27;0;1
-47;-6;50;1;1
-27;15;60;0;1
-23;3;34;1;1
-44;40;33;1;1
-23;-31;57;1;1
-30;41;22;0;1
-24;-11;57;0;1
-16;2;20;0;1
-15;12;36;0;1
-42;3;56;0;1
-28;24;11;1;1
-24;7;37;0;1
-46;-23;17;0;1
-37;6;22;0;1
-14;-16;18;1;1
-11;-8;37;1;1
-16;17;20;1;1
-36;-42;35;0;1
-19;-21;58;0;1
-49;-28;16;1;1
-23;-39;32;1;1
-24;14;52;1;1
-64;8;18;0;1
-31;-10;28;0;1
-45;-18;16;0;1
-29;-4;50;0;1
-25;-23;61;0;1
-41;39;21;0;1
-24;-1;26;0;1
-63;-4;27;1;1
-22;-11;25;1;1
-32;17;26;0;1
-29;18;37;0;1
-36;17;19;0;1
-16;26;59;1;1
-45;13;39;0;1
-34;27;54;0;1
-34;-11;52;0;1
-47;4;48;1;1
-46;17;33;0;1
-35;28;22;1;1
-33;28;22;0;1
-58;17;32;0;1
-59;2;25;1;1
-33;0;26;0;1
-30;28;43;0;1
-13;22;60;0;1
-46;-3;36;0;1
-43;-19;49;0;1
-49;-10;21;1;1
-31;-4;35;1;1
-30;36;30;1;1
-48;-20;42;1;1
-18;31;53;0;1
-16;-13;50;1;1
-37;44;25;0;1
-27;-2;18;1;1
-44;-31;42;0;1
-59;20;22;0;1
-48;-22;28;1;1
-19;-22;55;1;1
-35;-13;48;1;1
-47;-25;17;1;1
-15;-25;63;0;1
-34;-33;31;0;1
-51;11;42;1;1
-50;32;20;0;1
-24;-1;29;0;1
-35;15;28;0;1
-25;9;24;1;1
-33;-22;51;0;1
-34;-51;30;0;1
-44;-23;43;0;1
-27;-15;15;0;1
-27;3;17;0;1
-43;13;15;1;1
-25;-24;42;0;1
-13;7;38;0;1
-56;-12;21;1;1
-29;-38;29;1;1
-28;-26;14;0;1
-32;-15;26;0;1
-56;12;22;0;1
-29;-10;37;0;1
-35;-20;37;0;1
-46;35;19;0;1
-38;25;28;0;1
-26;20;23;1;1
-33;-43;37;0;1
-32;-3;37;0;1
-32;23;35;0;1
-43;-3;26;0;1
-35;-33;28;1;1
-60;-10;29;0;1
-40;2;36;1;1
-62;-8;21;0;1
-39;-30;21;1;1
-53;41;23;1;1
-31;-6;12;1;1
-37;-44;25;1;1
-34;-54;22;1;1
-45;-10;48;0;1
-25;16;50;0;1
-33;23;23;1;1
-28;-20;46;0;1
-52;-27;29;0;1
-38;-3;54;0;1
-34;16;41;1;1
-44;-19;15;1;1
-27;-19;21;0;1
-27;9;14;0;1
-26;-11;38;0;1
-47;-19;31;0;1
-36;-5;44;1;1
-33;32;27;0;1
-39;-3;46;1;1
-37;-33;18;0;1
-31;-25;57;0;1
-33;-23;30;0;1
-43;15;28;1;1
-25;6;22;1;1
-36;-6;46;0;1
-43;45;28;1;1
-17;2;18;0;1
-46;-8;29;0;1
-44;19;37;1;1
-60;-5;17;0;1
-45;-45;20;0;1
-39;2;17;0;1
-27;-35;29;0;1
-17;-5;33;0;1
-29;29;23;0;1
-36;-47;31;0;1
-27;-43;42;1;1
-49;-8;35;0;1
-36;6;23;1;1
-23;-6;48;0;1
-32;30;40;1;1
-13;3;23;0;1
-39;-3;39;0;1
-21;-20;25;0;1
-18;-24;23;1;1
-34;10;33;0;1
-22;17;17;0;1
-21;32;51;1;1
-21;-8;60;1;1
-54;21;18;0;1
-61;3;30;0;1
-33;0;25;0;1
-13;19;41;0;1
-29;2;43;1;1
-23;-16;53;1;1
-30;7;35;0;1
-41;-7;40;0;1
-28;-6;50;0;1
-58;31;25;0;1
-15;-19;47;0;1
-22;12;11;0;1
-40;-29;28;1;1
-37;9;14;0;1
-54;-23;29;0;1
-48;4;33;0;1
-50;15;18;1;1
-31;-1;26;0;1
-24;-32;17;0;1
-57;32;25;1;1
-41;-43;27;0;1
-33;7;37;1;1
-42;-6;52;0;1
-53;1;16;0;1
-31;-12;10;0;1
-21;15;38;1;1
-30;-37;38;1;1
-49;20;44;0;1
-36;11;58;0;1
-21;3;54;1;1
-16;15;40;1;1
-35;-16;55;0;1
-55;29;24;1;1
-39;37;36;0;1
-48;-10;41;0;1
-64;-8;23;0;1
-26;-17;23;0;1
-38;-6;31;0;1
-57;-6;26;1;1
-50;24;22;0;1
-58;-20;22;0;1
-51;-17;34;0;1
-61;-7;24;0;1
-52;3;16;0;1
-34;1;42;0;1
-14;22;47;1;1
-45;49;20;1;1
-31;25;49;0;1
-42;-20;27;1;1
-27;-33;30;1;1
-24;-3;44;0;1
-17;-16;62;1;1
-55;12;27;1;1
-23;28;32;0;1
-32;37;37;1;1
-31;25;14;1;1
-25;12;43;0;1
-36;-26;20;1;1
-36;-25;21;0;1
-23;-37;52;1;1
-46;14;37;1;1
-35;-23;31;0;1
-20;26;15;0;1
-22;-22;39;1;1
-52;-4;30;0;1
-33;-20;45;1;1
-25;36;47;0;1
-15;25;20;1;1
-44;11;28;0;1
-55;12;16;0;1
-35;38;32;0;1
-24;-2;62;0;1
-33;39;31;0;1
-29;-19;50;0;1
-61;-30;19;0;1
-47;-6;17;1;1
-34;47;32;0;1
-47;-23;46;1;1
-29;-38;35;0;1
-30;-5;23;0;1
-29;-13;48;1;1
-63;5;32;0;1
-19;-23;47;1;1
-24;-11;51;1;1
-54;6;42;0;1
-60;-16;31;0;1
-38;13;38;0;1
-42;-32;21;0;1
-22;-8;14;1;1
-30;-14;28;1;1
-43;24;29;0;1
-42;19;32;1;1
-15;16;59;1;1
-43;45;25;1;1
-16;-17;31;1;1
-30;-7;30;1;1
-44;14;50;0;1
-45;-38;33;0;1
-66;0;23;0;1
-12;-19;12;1;1
-45;9;18;1;1
-42;-42;29;0;1
-40;26;23;0;1
-46;27;26;0;1
-46;34;39;0;1
-7;10;29;1;1
-37;4;32;0;1
-35;5;27;1;1
-23;-16;31;1;1
-38;-22;46;1;1
-54;16;21;1;1
-31;3;11;1;1
-22;-26;31;0;1
-22;29;34;0;1
-48;-15;32;1;1
-46;-24;29;1;1
-31;8;55;0;1
-51;-20;28;0;1
-25;-19;48;0;1
-54;8;38;1;1
-51;31;18;0;1
-34;-7;30;0;1
-49;-8;42;0;1
-28;1;32;0;1
-22;-33;45;1;1
-47;-12;30;1;1
-22;-22;20;1;1
-43;-33;22;0;1
-27;6;31;0;1
-36;-1;43;1;1
-16;-2;43;0;1
-42;9;16;0;1
-47;-29;31;0;1
-29;28;13;0;1
-38;-8;48;1;1
-39;-2;18;0;1
-27;-7;37;0;1
-27;-24;40;0;1
-31;-37;18;0;1
-54;9;36;0;1
-29;0;49;1;1
-17;12;56;0;1
-34;26;44;0;1
-35;-20;34;1;1
-33;5;33;0;1
-26;-25;55;0;1
-34;-3;49;0;1
-50;-10;30;0;1
-52;32;23;0;1
-25;13;63;0;1
-60;-4;36;1;1
-50;-9;22;0;1
-34;4;26;1;1
-17;0;23;0;1
-20;-22;26;0;1
-25;21;57;0;1
-50;-38;26;1;1
-27;2;9;1;1
-37;6;35;1;1
-59;-12;27;0;1
-46;-32;21;0;1
-49;14;47;0;1
-24;23;31;1;1
-39;41;37;1;1
-36;16;58;0;1
-23;24;32;0;1
-37;-26;14;0;1
-47;-22;44;0;1
-35;8;46;0;1
-22;-10;16;1;1
-33;30;14;0;1
-18;-30;55;1;1
-31;-14;38;0;1
-28;-4;54;0;1
-35;18;43;0;1
-46;-4;47;0;1
-11;13;42;1;1
-26;-23;24;1;1
-49;-16;38;1;1
-52;14;38;0;1
-26;-25;60;0;1
-27;-3;43;0;1
-49;-23;35;0;1
-16;16;29;0;1
-37;5;48;1;1
-22;-22;49;0;1
-23;36;21;0;1
-43;-23;16;0;1
-24;35;37;0;1
-29;17;39;0;1
-45;23;23;1;1
-9;12;26;1;1
-42;-33;17;0;1
-32;-38;22;0;1
-19;13;49;0;1
-34;-22;25;0;1
-49;31;41;0;1
-50;-20;44;0;1
-62;22;25;0;1
-26;5;37;0;1
-41;22;34;0;1
-41;3;53;0;1
-27;-14;27;0;1
-41;-20;30;0;1
-45;32;20;0;1
-50;-13;38;1;1
-31;17;34;1;1
-21;-30;43;1;1
-35;57;22;0;1
-28;19;55;0;1
-24;-26;23;1;1
-36;0;36;0;1
-32;7;31;0;1
-41;-22;14;1;1
-40;19;29;0;1
-33;19;14;1;1
-63;-7;21;0;1
-21;-30;37;0;1
-14;-22;65;1;1
-29;0;27;1;1
-9;6;24;1;1
-49;-45;24;0;1
-37;4;41;1;1
-22;32;21;1;1
-30;-15;17;1;1
-33;43;21;0;1
-29;6;30;0;1
-58;-14;32;0;1
-24;-4;34;0;1
-12;20;32;0;1
-57;-15;35;1;1
-20;-2;18;0;1
-27;13;47;0;1
-36;29;47;1;1
-23;20;55;1;1
-37;-9;44;0;1
-65;9;21;0;1
-21;17;54;1;1
-26;23;35;1;1
-42;-29;14;0;1
-44;3;37;1;1
-13;-15;23;0;1
-23;-8;34;0;1
-51;1;29;0;1
-20;33;41;1;1
-23;25;14;1;1
-35;28;26;1;1
-13;12;32;0;1
-46;-24;38;1;1
-38;5;39;0;1
-35;45;36;0;1
-40;-5;34;1;1
-48;21;26;1;1
-37;-18;22;0;1
-26;16;24;0;1
-48;24;38;1;1
-18;-8;48;0;1
-21;26;9;0;1
-26;-1;65;1;1
-26;-4;24;1;1
-33;-6;54;1;1
-32;-4;46;0;1
-55;9;29;0;1
-34;2;11;1;1
-29;-25;42;0;1
-19;24;15;1;1
-25;12;39;0;1
-52;6;25;0;1
-33;-28;31;0;1
-16;-18;20;1;1
-33;7;21;0;1
-48;-4;13;1;1
-51;-9;44;0;1
-27;22;24;1;1
-38;37;15;1;1
-60;4;28;1;1
-39;11;15;0;1
-42;13;43;0;1
-15;8;37;0;1
-23;-1;38;1;1
-56;14;38;0;1
-28;-8;31;0;1
-21;10;49;0;1
-37;-50;26;0;1
-32;-47;34;0;1
-26;41;45;0;1
-26;-44;37;1;1
-41;-50;20;0;1
-26;37;26;1;1
-29;19;34;0;1
-33;-47;41;0;1
-49;44;21;0;1
-50;34;36;1;1
-63;2;24;1;1
-24;11;52;1;1
-26;-10;60;0;1
-18;-4;29;0;1
-41;20;46;0;1
-33;-11;20;0;1
-12;-3;27;0;1
-56;12;17;0;1
-39;26;22;0;1
-34;-6;42;0;1
-43;4;50;0;1
-20;12;19;0;1
-41;-2;49;0;1
-45;-44;28;0;1
-34;7;14;1;1
-63;10;21;1;1
-27;27;15;0;1
-22;4;45;1;1
-29;-8;15;0;1
-18;-27;38;0;1
-17;-16;19;0;1
-28;-10;61;0;1
-20;-22;37;0;1
-27;32;24;1;1
-27;6;30;0;1
-15;25;18;0;1
-19;27;10;0;1
-46;-4;25;0;1
-35;-7;31;0;1
-38;36;26;1;1
-20;22;34;1;1
-35;-44;27;0;1
-39;17;28;0;1
-60;-1;35;1;1
-52;15;38;0;1
-17;-10;22;1;1
-27;-3;48;1;1
-51;23;36;0;1
-57;-14;26;0;1
-23;-27;29;0;1
-13;-18;29;1;1
-25;-12;16;1;1
-26;-17;61;0;1
-48;41;22;0;1
-30;-30;54;1;1
-33;54;18;0;1
-45;9;35;0;1
-33;17;48;1;1
-45;-20;41;1;1
-42;5;13;0;1
-59;3;30;1;1
-22;-11;15;0;1
-19;-30;40;0;1
-43;2;52;0;1
-45;7;53;1;1
-39;53;24;0;1
-18;25;10;1;1
-62;12;23;0;1
-45;13;34;0;1
-39;3;31;0;1
-29;-38;27;0;1
-23;-17;52;0;1
-29;-45;29;0;1
-13;-9;40;0;1
-30;47;29;1;1
-22;13;19;0;1
-33;17;14;1;1
-42;-9;21;0;1
-52;4;24;0;1
-31;-9;63;1;1
-40;22;28;0;1
-31;8;26;0;1
-24;26;31;0;1
-21;-5;38;0;1
-17;14;49;0;1
-47;26;44;1;1
-15;-23;21;0;1
-27;15;20;1;1
-52;20;30;1;1
-48;-8;36;0;1
-25;4;12;1;1
-38;21;51;0;1
-12;18;55;0;1
-48;22;38;0;1
-39;11;30;0;1
-56;12;41;0;1
-31;1;17;0;1
-53;32;23;0;1
-22;-34;43;0;1
-25;24;12;0;1
-63;-3;26;0;1
-28;42;20;1;1
-18;-15;64;0;1
-26;-41;25;0;1
-48;32;39;0;1
-47;27;31;1;1
-51;30;35;1;1
-25;-18;12;0;1
-31;-1;54;1;1
-24;2;22;0;1
-63;-8;31;0;1
-16;23;12;0;1
-37;38;17;1;1
-28;1;14;0;1
-15;-7;32;1;1
-35;49;33;0;1
-58;6;36;1;1
-58;-13;31;1;1
-40;33;18;1;1
-59;18;19;0;1
-36;-32;45;0;1
-45;37;35;1;1
-18;16;42;0;1
-56;23;27;0;1
-29;-30;31;1;1
-44;-31;31;0;1
-23;26;26;0;1
-35;-41;32;0;1
-29;-4;59;0;1
-32;49;30;0;1
-43;-10;33;1;1
-36;-26;50;1;1
-34;-19;36;0;1
-39;37;23;0;1
-31;-37;33;0;1
-27;-44;40;0;1
-27;-43;20;0;1
-54;0;39;0;1
-27;-36;46;0;1
-25;7;17;0;1
-55;-14;38;0;1
-45;-6;27;1;1
-51;19;17;1;1
-39;-23;53;1;1
-49;30;32;0;1
-23;12;11;0;1
-13;-17;25;1;1
-40;31;26;0;1
-45;1;46;0;1
-19;13;23;0;1
-61;7;27;1;1
-32;-20;46;0;1
-24;-6;61;0;1
-24;22;25;1;1
-40;14;34;1;1
-23;-21;20;1;1
-24;-20;42;0;1
-21;2;53;0;1
-54;28;18;1;1
-16;14;19;1;1
-37;-42;18;0;1
-27;7;62;1;1
-52;37;23;1;1
-62;22;26;0;1
-33;6;23;1;1
-30;-7;21;1;1
-34;-28;29;1;1
-57;23;25;0;1
-52;-17;17;0;1
-42;14;33;0;1
-23;21;62;0;1
-14;-13;39;0;1
-38;-20;40;1;1
-30;5;30;0;1
-14;24;52;1;1
-46;2;15;0;1
-52;16;17;0;1
-31;4;30;0;1
-18;11;15;1;1
-22;8;38;0;1
-43;2;33;1;1
-34;-48;35;1;1
-45;16;19;1;1
-25;-8;39;0;1
-32;-15;29;0;1
-25;-25;23;0;1
-28;12;63;1;1
-26;-17;26;1;1
-59;-5;38;1;1
-24;20;37;0;1
-18;23;10;0;1
-22;31;19;0;1
-9;-14;24;1;1
-25;-22;31;0;1
-39;6;33;1;1
-38;26;51;0;1
-52;29;31;0;1
-52;15;44;0;1
-21;-19;22;0;1
-31;-6;51;0;1
-40;-3;13;1;1
-17;-6;37;1;1
-44;-12;41;0;1
-16;-15;48;0;1
-53;3;40;1;1
-56;8;26;1;1
-48;-14;48;0;1
-48;12;19;0;1
-23;34;48;0;1
-50;-9;36;0;1
-27;-9;41;1;1
-46;-37;30;0;1
-16;-16;15;0;1
-43;24;19;1;1
-27;4;59;0;1
-17;-2;47;1;1
-35;30;40;0;1
-38;7;23;1;1
-34;21;52;0;1
-23;-24;44;0;1
-16;-13;52;0;1
-24;14;48;1;1
-61;14;25;0;1
-40;14;42;1;1
-38;-2;21;0;1
-13;-15;21;0;1
-14;16;28;1;1
-28;-36;39;1;1
-44;28;46;0;1
-30;-18;57;0;1
-53;10;33;0;1
-68;-4;20;1;1
-25;-11;9;0;1
-39;-17;38;0;1
-33;-45;27;1;1
-39;-43;34;1;1
-44;-23;38;1;1
-42;28;43;0;1
-28;-25;35;0;1
-34;-22;55;1;1
-31;7;47;0;1
-34;37;36;0;1
-18;-15;52;1;1
-18;-13;21;0;1
-53;20;16;0;1
-26;36;21;1;1
-19;23;43;0;1
-25;-13;16;1;1
-57;0;26;0;1
-36;13;33;1;1
-17;-6;33;1;1
-25;-11;35;1;1
-29;-7;62;0;1
-56;-25;26;1;1
-29;15;16;0;1
-31;-27;26;0;1
-18;-13;17;1;1
-18;7;52;1;1
-31;-8;31;1;1
-51;8;39;0;1
-53;9;22;0;1
-33;56;23;1;1
-17;-3;47;0;1
-45;-16;44;0;1
-58;-4;35;1;1
-27;-9;33;0;1
-35;24;23;0;1
-30;-10;55;1;1
-24;19;32;0;1
-39;-19;49;1;1
-27;31;57;0;1
-47;-31;24;0;1
-25;-7;10;0;1
-62;3;25;1;1
-45;-12;40;0;1
-35;-20;42;1;1
-20;16;37;0;1
-51;11;20;1;1
-44;-7;13;0;1
-28;5;51;0;1
-54;12;28;0;1
-44;-8;17;0;1
-30;-2;43;1;1
-22;0;27;1;1
-27;-43;49;0;1
-39;41;24;1;1
-38;21;44;0;1
-27;-1;14;0;1
-26;26;55;0;1
-16;8;17;1;1
-36;47;16;1;1
-40;4;39;0;1
-25;-30;32;0;1
-32;-35;45;1;1
-38;23;55;0;1
-57;-3;28;0;1
-31;12;26;0;1
-27;20;28;1;1
-20;1;29;0;1
-36;-29;46;0;1
-43;10;28;1;1
-41;-1;45;1;1
-14;-15;56;0;1
-26;-14;25;0;1
-25;8;31;0;1
-25;33;45;0;1
-7;-12;32;0;1
-30;42;34;0;1
-21;-9;44;0;1
-47;5;28;1;1
-27;22;61;0;1
-23;-23;32;0;1
-27;-30;17;0;1
-18;16;38;1;1
-58;3;30;0;1
-20;-22;17;0;1
-17;20;65;1;1
-52;18;42;1;1
-32;39;29;0;1
-27;-6;64;0;1
-41;-18;29;0;1
-23;-30;31;0;1
-20;32;17;1;1
-21;-28;59;0;1
-18;11;47;1;1
-38;-35;34;0;1
-35;-12;39;1;1
-45;-40;20;1;1
-29;31;39;0;1
-48;23;23;1;1
-19;-23;18;1;1
-47;4;23;1;1
-43;-8;49;1;1
-22;11;15;0;1
-37;-21;23;0;1
-23;-34;33;0;1
-42;-21;22;1;1
-19;18;37;0;1
-54;-5;35;1;1
-17;-11;42;0;1
-39;49;27;0;1
-24;31;29;0;1
-21;6;48;0;1
-32;1;23;1;1
-43;-26;40;1;1
-28;10;40;1;1
-28;12;30;0;1
-22;6;30;0;1
-34;20;17;0;1
-32;-32;14;0;1
-51;9;29;0;1
-35;36;34;1;1
-49;-38;32;0;1
-47;18;42;0;1
-51;14;28;1;1
-34;7;36;1;1
-36;10;37;0;1
-50;-5;35;0;1
-23;18;38;0;1
-38;3;18;1;1
-41;-9;42;1;1
-23;0;21;1;1
-13;-3;29;0;1
-27;-35;38;0;1
-41;9;34;1;1
-33;-2;10;1;1
-32;-28;24;0;1
-21;33;35;1;1
-33;28;38;0;1
-43;8;36;1;1
-30;-36;22;0;1
-58;-5;16;0;1
-59;-11;26;1;1
-29;15;20;0;1
-40;-28;45;0;1
-32;-41;22;0;1
-16;-1;29;1;1
-39;-42;23;0;1
-30;-49;18;0;1
-43;-27;49;0;1
-26;1;43;1;1
-29;25;28;0;1
-25;-37;29;0;1
-52;32;24;0;1
-57;19;34;1;1
-36;-35;49;1;1
-58;27;24;0;1
-55;26;22;0;1
-26;-25;58;0;1
-18;25;46;0;1
-39;4;24;0;1
-49;-14;41;0;1
-53;20;26;1;1
-26;-17;19;0;1
-29;-5;43;0;1
-31;20;43;1;1
-23;30;19;1;1
-47;-35;38;1;1
-44;-27;37;1;1
-25;27;47;0;1
-50;-9;26;1;1
-22;-32;29;0;1
-41;1;21;0;1
-45;30;46;1;1
-16;20;58;0;1
-54;20;17;0;1
-36;26;25;0;1
-33;17;31;1;1
-20;16;24;0;1
-30;9;48;0;1
-32;28;51;0;1
-53;3;20;1;1
-31;-47;36;1;1
-32;33;25;0;1
-27;-46;36;0;1
-27;-36;53;0;1
-55;-3;36;0;1
-20;9;56;1;1
-29;-9;46;0;1
-19;17;34;1;1
-35;47;36;1;1
-35;10;54;1;1
-49;22;36;1;1
-30;32;43;0;1
-18;22;61;1;1
-35;-52;29;0;1
-16;26;36;0;1
-40;9;37;1;1
-64;19;18;1;1
-25;29;57;0;1
-25;-42;31;0;1
-24;3;18;0;1
-52;27;25;0;1
-21;-19;46;1;1
-51;26;34;0;1
-18;-1;30;1;1
-40;14;16;1;1
-33;-27;22;1;1
-48;10;39;0;1
-14;23;21;0;1
-12;3;28;0;1
-32;-16;15;1;1
-46;16;44;0;1
-52;0;19;0;1
-38;-22;14;0;1
-43;7;30;0;1
-30;-2;16;0;1
-32;45;24;0;1
-58;-17;20;0;1
-15;4;24;0;1
-33;-5;9;1;1
-16;-14;43;0;1
-31;-32;35;0;1
-39;-28;50;0;1
-42;6;15;0;1
-27;-17;16;1;1
-28;3;62;0;1
-26;-30;54;1;1
-40;-40;40;1;1
-33;-9;17;0;1
-50;27;22;0;1
-52;15;21;0;1
-33;-3;11;0;1
-51;24;42;0;1
-19;-31;39;0;1
-23;-29;10;0;1
-12;7;35;1;1
-26;26;31;1;1
-36;-5;26;0;1
-24;-3;58;1;1
-39;-33;33;0;1
-31;9;30;0;1
-26;-23;38;1;1
-28;-3;33;1;1
-18;13;55;1;1
-16;-15;37;0;1
-43;-23;30;0;1
-57;16;37;1;1
-44;-1;14;0;1
-28;-3;18;1;1
-21;16;63;1;1
-37;-10;31;0;1
-41;-43;16;1;1
-56;-7;32;1;1
-44;14;47;0;1
-23;-7;24;1;1
-45;-32;15;0;1
-24;7;55;0;1
-31;-38;43;1;1
-35;-13;43;0;1
-43;-28;26;0;1
-29;26;17;0;1
-47;14;50;0;1
-28;31;45;0;1
-21;-25;11;0;1
-19;-24;42;0;1
-60;-4;34;0;1
-54;20;35;0;1
-44;-46;30;0;1
-30;-18;32;0;1
-42;-8;35;0;1
-19;-26;9;0;1
-50;-34;22;1;1
-42;-23;34;0;1
-29;-32;28;0;1
-16;-1;30;0;1
-44;-9;22;0;1
-18;-2;43;0;1
-36;32;41;1;1
-39;-7;15;0;1
-36;-9;59;0;1
-30;29;53;0;1
-35;31;19;0;1
-28;41;34;0;1
-28;19;20;1;1
-25;13;46;0;1
-22;-6;58;0;1
-35;-3;21;1;1
-19;-15;48;0;1
-53;-12;42;0;1
-31;15;52;1;1
-45;-5;37;0;1
-48;3;36;0;1
-13;12;28;1;1
-33;14;18;0;1
-26;3;22;0;1
-38;35;19;1;1
-58;-1;30;0;1
-22;10;17;0;1
-59;-6;31;1;1
-18;24;28;0;1
-48;37;28;1;1
-22;18;28;0;1
-28;-7;59;0;1
-38;-3;16;0;1
-13;-22;26;0;1
-42;-33;33;1;1
-61;-3;34;1;1
-35;-29;16;1;1
-41;7;39;1;1
-31;-38;29;0;1
-41;17;41;1;1
-40;25;32;0;1
-46;29;43;0;1
-60;10;36;1;1
-28;-11;46;0;1
-48;31;38;0;1
-33;49;16;1;1
-65;6;22;0;1
-53;7;19;0;1
-55;-19;24;0;1
-31;27;36;0;1
-46;7;45;1;1
-49;-31;38;0;1
-61;0;26;0;1
-56;31;25;0;1
-26;11;43;0;1
-49;11;47;1;1
-24;-3;25;0;1
-18;-6;26;0;1
-31;-32;51;0;1
-46;-8;17;0;1
-53;-24;21;0;1
-37;17;36;0;1
-36;40;32;0;1
-43;-26;35;0;1
-23;-24;62;0;1
-22;-11;36;0;1
-41;-43;22;0;1
-27;27;33;1;1
-34;-31;35;0;1
-23;16;44;0;1
-63;-13;27;0;1
-31;39;48;0;1
-32;-1;51;0;1
-43;18;23;1;1
-19;1;37;1;1
-14;-24;55;0;1
-15;-9;42;0;1
-20;3;35;0;1
-32;13;48;1;1
-20;2;39;1;1
-58;-29;25;1;1
-25;-23;36;1;1
-14;18;56;0;1
-39;-44;32;0;1
-13;-21;44;0;1
-27;4;12;1;1
-29;26;18;1;1
-41;44;23;1;1
-43;-3;45;0;1
-51;25;26;0;1
-43;-8;55;0;1
-32;17;21;0;1
-25;43;28;0;1
-39;24;22;0;1
-45;14;48;0;1
-17;21;49;0;1
-24;19;42;0;1
-24;32;42;0;1
-20;11;25;0;1
-39;34;21;0;1
-44;-40;17;0;1
-40;-39;39;1;1
-29;-2;24;0;1
-43;40;29;0;1
-31;3;26;0;1
-29;6;52;1;1
-30;40;18;0;1
-24;-22;31;0;1
-47;-19;38;1;1
-24;-27;21;1;1
-46;3;44;1;1
-18;-20;36;0;1
-38;-37;33;0;1
-27;33;54;0;1
-48;-5;26;0;1
-39;29;39;0;1
-36;46;35;0;1
-52;-22;22;1;1
-42;6;34;0;1
-52;-10;37;1;1
-47;1;44;0;1
-12;-18;20;0;1
-36;21;22;0;1
-39;-3;22;1;1
-32;16;28;1;1
-34;-40;43;1;1
-22;33;45;1;1
-47;-5;26;1;1
-58;21;27;1;1
-15;23;10;0;1
-47;36;29;0;1
-47;-21;17;1;1
-8;-11;28;0;1
-47;1;47;1;1
-29;41;31;0;1
-26;36;50;1;1
-52;21;25;1;1
-26;-23;15;0;1
-24;26;36;0;1
-39;-11;46;1;1
-54;-12;40;1;1
-19;-29;46;1;1
-50;24;19;0;1
-33;-10;39;0;1
-17;0;29;1;1
-39;30;51;1;1
-47;-15;15;0;1
-56;19;17;0;1
-46;-21;48;0;1
-20;5;23;0;1
-34;42;22;0;1
-27;-25;19;0;1
-33;-56;26;1;1
-24;6;21;0;1
-47;-11;22;1;1
-43;-38;32;1;1
-19;-5;32;0;1
-42;-23;51;0;1
-25;-24;30;1;1
-52;-24;40;1;1
-23;21;43;1;1
-36;6;27;0;1
-26;18;41;1;1
-45;3;44;1;1
-31;3;30;0;1
-60;0;32;1;1
-18;-14;35;1;1
-47;10;28;0;1
-56;-4;35;0;1
-35;-32;29;0;1
-43;-28;21;1;1
-25;3;52;0;1
-40;4;37;0;1
-16;-10;49;0;1
-60;6;31;0;1
-41;13;45;0;1
-21;9;22;0;1
-17;21;57;1;1
-36;3;34;1;1
-47;8;42;0;1
-41;-47;17;1;1
-24;12;49;0;1
-12;20;41;1;1
-47;-14;46;0;1
-34;-45;29;0;1
-33;33;39;0;1
-27;7;48;0;1
-44;-20;49;0;1
-65;2;22;0;1
-38;56;20;1;1
-21;-11;26;0;1
-21;-22;29;0;1
-13;-12;45;0;1
-27;-17;55;1;1
-32;45;25;0;1
-28;-8;25;0;1
-48;-9;14;1;1
-17;-18;51;0;1
-16;4;34;0;1
-18;-22;21;0;1
-35;17;39;0;1
-10;9;31;0;1
-65;10;20;0;1
-24;-36;53;1;1
-29;-27;33;0;1
-24;-29;38;0;1
-39;-10;33;1;1
-31;-22;32;0;1
-25;12;44;1;1
-20;28;29;0;1
-37;25;42;1;1
-15;19;20;0;1
-21;23;14;0;1
-32;32;32;0;1
-22;-25;24;1;1
-59;-7;18;0;1
-35;-35;27;1;1
-32;7;23;0;1
-24;-33;55;0;1
-57;12;32;0;1
-39;-25;44;0;1
-27;-37;40;0;1
-47;-3;37;0;1
-27;-33;46;1;1
-30;39;16;0;1
-36;-23;42;1;1
-24;4;44;1;1
-28;0;18;0;1
-37;-41;28;1;1
-38;9;15;1;1
-49;-11;48;0;1
-17;14;39;0;1
-11;13;40;1;1
-32;-20;12;1;1
-25;-30;15;0;1
-41;-16;47;0;1
-24;2;26;0;1
-44;-13;21;0;1
-31;-2;25;0;1
-26;14;17;0;1
-48;36;36;0;1
-50;-30;20;0;1
-34;47;27;1;1
-50;0;24;1;1
-12;-17;27;0;1
-19;-13;51;0;1
-12;20;15;0;1
-36;7;50;0;1
-20;15;14;0;1
-33;39;25;0;1
-46;38;20;0;1
-29;5;51;0;1
-48;8;21;1;1
-19;17;45;1;1
-31;-26;30;1;1
-23;-4;45;0;1
-22;-5;47;0;1
-40;35;25;0;1
-49;-4;50;1;1
-46;-14;52;0;1
-11;4;30;0;1
-26;-43;47;1;1
-48;27;40;1;1
-38;-35;40;0;1
-25;-23;29;0;1
-34;7;21;1;1
-14;15;43;1;1
-40;-18;32;0;1
-22;12;39;0;1
-33;8;47;0;1
-43;32;17;1;1
-46;41;32;0;1
-13;-4;36;1;1
-58;8;30;0;1
-19;-21;27;0;1
-45;-5;28;0;1
-47;-15;32;1;1
-57;9;40;1;1
-27;31;12;0;1
-25;-34;39;1;1
-36;26;12;0;1
-39;-44;25;0;1
-23;-17;51;0;1
-20;20;61;0;1
-48;27;15;0;1
-33;52;27;0;1
-24;-9;19;1;1
-52;-12;18;1;1
-13;-12;42;0;1
-16;-5;28;0;1
-34;13;30;0;1
-36;15;44;1;1
-53;-8;29;0;1
-38;-19;47;1;1
-25;-34;25;0;1
-34;-9;54;1;1
-15;20;21;0;1
-50;-18;33;0;1
-37;15;34;0;1
-33;-29;18;1;1
-17;-25;17;1;1
-28;46;41;0;1
-30;50;28;1;1
-39;31;50;0;1
-43;-21;16;0;1
-7;11;34;1;1
-28;-3;40;1;1
-50;-28;16;0;1
-62;-15;23;1;1
-39;-36;39;1;1
-29;-32;22;1;1
-24;6;46;1;1
-28;-21;35;0;1
-36;-11;35;1;1
-24;-2;50;1;1
-28;-2;26;1;1
-18;23;25;0;1
-41;-7;57;1;1
-46;-15;16;1;1
-46;40;19;1;1
-26;42;19;0;1
-20;11;28;0;1
-39;-6;53;1;1
-19;-8;49;1;1
-60;17;32;1;1
-21;-13;57;0;1
-51;14;24;0;1
-30;37;30;1;1
-40;-37;22;1;1
-37;9;27;0;1
-43;9;23;0;1
-57;15;22;0;1
-28;-19;28;0;1
-46;-30;33;0;1
-22;-17;22;0;1
-24;10;65;0;1
-25;-17;34;0;1
-36;4;37;1;1
-29;-15;25;0;1
-48;29;31;1;1
-20;21;56;0;1
-29;37;25;1;1
-53;-6;44;0;1
-29;32;46;0;1
-40;1;31;0;1
-26;28;33;0;1
-23;-12;32;0;1
-27;-45;41;0;1
-30;37;52;0;1
-54;-23;26;1;1
-31;4;45;1;1
-28;13;41;0;1
-16;-21;38;0;1
-46;-11;16;1;1
-23;-39;17;1;1
-57;13;26;1;1
-40;-22;20;0;1
-25;-32;31;1;1
-40;23;46;0;1
-36;-30;45;0;1
-19;-16;28;0;1
-57;-10;36;0;1
-22;-14;35;0;1
-29;-40;15;0;1
-54;6;26;0;1
-31;-5;34;0;1
-51;20;16;0;1
-35;2;35;0;1
-29;-33;50;0;1
-9;-12;38;0;1
-17;-6;36;0;1
-34;16;37;1;1
-27;7;55;0;1
-60;8;22;0;1
-39;-45;35;0;1
-53;-12;21;0;1
-23;-37;47;0;1
-26;18;9;1;1
-31;-21;53;0;1
-41;26;44;0;1
-57;26;20;0;1
-35;5;17;0;1
-6;6;23;0;1
-44;15;13;0;1
-21;-14;58;1;1
-30;32;23;0;1
-51;0;18;1;1
-35;-10;46;1;1
-36;-35;24;0;1
-24;-7;13;0;1
-35;-10;18;1;1
-64;-9;29;0;1
-53;30;36;0;1
-46;9;14;1;1
-42;43;23;1;1
-22;27;18;0;1
-22;23;39;1;1
-34;-2;24;0;1
-31;-31;13;0;1
-24;-3;35;1;1
-30;8;20;1;1
-40;31;32;0;1
-56;-8;37;0;1
-29;-41;34;1;1
-49;28;18;0;1
-54;22;31;0;1
-13;-3;35;1;1
-18;14;30;0;1
-20;-16;57;1;1
-27;30;14;1;1
-42;-32;17;0;1
-30;32;38;0;1
-48;17;33;1;1
-60;-16;24;0;1
-38;-27;16;1;1
-36;5;57;0;1
-57;-9;41;1;1
-31;15;61;0;1
-24;31;56;0;1
-34;-14;45;1;1
-35;-17;12;0;1
-27;-25;53;0;1
-58;-7;33;1;1
-21;33;20;0;1
-32;39;43;1;1
-17;-22;19;0;1
-37;-33;17;0;1
-34;8;14;0;1
-25;-1;32;0;1
-33;19;18;1;1
-43;21;31;0;1
-41;-9;28;1;1
-48;-16;42;0;1
-23;15;34;1;1
-26;12;24;1;1
-26;27;26;0;1
-37;-2;44;0;1
-37;-30;13;0;1
-53;-6;43;1;1
-24;-26;37;0;1
-29;25;27;1;1
-45;-37;17;0;1
-30;-10;59;1;1
-25;-31;21;0;1
-34;35;25;0;1
-21;13;58;1;1
-21;-9;60;0;1
-54;-33;31;1;1
-21;-15;29;1;1
-20;1;21;0;1
-23;-30;20;0;1
-43;-15;46;1;1
-26;-11;49;0;1
-54;11;41;0;1
-40;-32;46;0;1
-17;12;27;1;1
-41;-21;41;0;1
-46;19;45;0;1
-55;-22;23;1;1
-44;-1;27;1;1
-27;39;46;0;1
-34;49;29;1;1
-47;-47;21;1;1
-39;-11;24;0;1
-36;4;40;1;1
-13;-13;40;0;1
-35;-24;41;1;1
-38;-6;27;0;1
-41;30;42;0;1
-28;-8;15;0;1
-59;-21;25;1;1
-28;10;44;0;1
-34;6;43;1;1
-61;13;17;0;1
-21;12;50;0;1
-44;-1;29;1;1
-54;23;23;1;1
-41;43;30;0;1
-38;-49;22;1;1
-26;-15;30;0;1
-54;5;20;1;1
-40;-29;33;1;1
-28;-15;62;1;1
-20;29;35;0;1
-25;-6;16;1;1
-63;6;29;1;1
-30;2;60;1;1
-54;13;28;0;1
-34;1;14;1;1
-23;-5;17;0;1
-36;-12;24;0;1
-46;-16;39;0;1
-40;10;12;0;1
-21;34;54;1;1
-55;-28;30;0;1
-50;41;25;0;1
-58;-6;32;1;1
-44;31;23;0;1
-41;-10;50;0;1
-33;35;40;0;1
-37;3;20;0;1
-34;-50;21;0;1
-24;-1;9;0;1
-47;27;33;1;1
-21;-16;31;0;1
-50;-42;26;1;1
-24;28;52;1;1
-27;13;64;1;1
-44;-5;44;0;1
-54;8;30;1;1
-21;9;50;1;1
-12;14;47;0;1
-21;6;54;0;1
-39;42;32;1;1
-48;-23;39;1;1
-38;6;36;0;1
-21;17;34;1;1
-41;-8;44;0;1
-29;-32;23;0;1
-36;-27;36;0;1
-38;13;18;0;1
-38;-33;25;1;1
-19;26;37;0;1
-32;-46;27;1;1
-44;-46;21;0;1
-21;-21;54;0;1
-40;11;34;0;1
-29;22;16;1;1
-15;25;34;0;1
-26;-9;58;0;1
-46;2;43;1;1
-21;-11;43;1;1
-62;0;30;1;1
-21;14;18;1;1
-41;5;26;0;1
-29;-29;45;0;1
-31;-32;19;0;1
-35;26;53;0;1
-58;-6;40;0;1
-29;-42;34;1;1
-44;-3;44;1;1
-18;22;12;0;1
-21;13;52;1;1
-37;4;28;0;1
-15;-24;12;1;1
-36;48;36;0;1
-39;13;56;1;1
-14;20;28;1;1
-27;43;40;0;1
-27;20;17;1;1
-41;-34;19;0;1
-25;6;18;0;1
-29;33;14;0;1
-19;-9;35;0;1
-49;-36;20;0;1
-58;-22;32;1;1
-31;27;28;1;1
-44;13;40;1;1
-14;-22;64;1;1
-66;4;18;1;1
-23;17;59;0;1
-49;-15;27;0;1
-25;-26;23;1;1
-32;-12;14;0;1
-19;-16;30;1;1
-64;10;24;1;1
-13;-19;42;0;1
-8;-13;29;0;1
-56;4;29;1;1
-32;33;47;1;1
-22;17;33;1;1
-37;-56;23;0;1
-43;14;34;0;1
-65;-10;18;0;1
-47;0;17;1;1
-34;-39;34;1;1
-33;52;22;0;1
-34;52;26;0;1
-31;41;25;0;1
-23;1;42;0;1
-34;5;15;1;1
-39;44;39;0;1
-16;-7;41;0;1
-42;-32;24;0;1
-36;-51;24;1;1
-35;33;21;1;1
-46;19;36;0;1
-50;-1;38;0;1
-26;-10;30;1;1
-43;43;36;1;1
-58;11;23;0;1
-40;-51;18;1;1
-33;-20;48;0;1
-58;-15;23;1;1
-22;-7;21;1;1
-53;19;27;0;1
-47;11;51;0;1
-40;-48;28;0;1
-33;54;21;0;1
-16;7;42;0;1
-34;-43;16;0;1
-39;22;28;1;1
-18;24;34;1;1
-49;4;26;1;1
-20;8;44;1;1
-18;13;18;0;1
-34;-9;58;0;1
-29;25;38;1;1
-26;-18;39;0;1
-27;-24;13;0;1
-33;27;24;0;1
-54;17;20;0;1
-28;40;23;0;1
-48;25;18;1;1
-32;-53;24;0;1
-36;41;24;0;1
-46;36;29;0;1
-35;12;41;0;1
-51;8;30;1;1
-36;-21;48;1;1
-23;39;35;0;1
-21;-2;57;0;1
-41;-34;15;1;1
-23;-2;28;0;1
-33;-3;32;0;1
-33;5;17;1;1
-19;4;41;0;1
-45;35;24;0;1
-47;44;23;1;1
-53;-11;25;0;1
-42;17;49;0;1
-46;36;31;0;1
-13;-14;48;0;1
-28;-43;15;1;1
-40;-4;37;0;1
-50;-30;19;0;1
-35;-7;19;1;1
-23;-3;62;1;1
-37;24;37;1;1
-33;-4;41;0;1
-12;19;45;0;1
-31;26;52;0;1
-36;14;17;1;1
-59;12;26;0;1
-24;-32;41;0;1
-14;-22;63;0;1
-28;-7;43;1;1
-40;25;37;1;1
-33;28;13;1;1
-38;11;49;1;1
-19;8;22;0;1
-25;-23;28;0;1
-46;-16;47;1;1
-52;-2;42;0;1
-50;22;40;1;1
-29;15;13;1;1
-55;-25;36;0;1
-51;25;19;1;1
-28;-28;49;0;1
-39;28;19;0;1
-60;-26;23;0;1
-43;-30;28;0;1
-35;-34;19;1;1
-29;-23;40;1;1
-37;-41;29;1;1
-41;23;36;1;1
-52;41;20;0;1
-60;13;24;0;1
-21;16;26;0;1
-37;-11;17;0;1
-11;-14;17;0;1
-36;-22;15;0;1
-57;17;23;0;1
-29;-27;18;0;1
-36;29;50;0;1
-44;-31;32;1;1
-37;43;22;1;1
-43;8;50;0;1
-58;-12;29;1;1
-32;38;36;0;1
-20;-13;31;1;1
-31;-33;26;0;1
-26;7;17;1;1
-22;-10;39;0;1
-46;8;50;1;1
-31;-23;48;0;1
-62;-11;30;0;1
-20;22;49;0;1
-33;-15;32;1;1
-26;-34;13;1;1
-55;-19;19;0;1
-40;11;25;0;1
-49;1;38;1;1
-57;16;31;1;1
-34;16;15;0;1
-25;-3;10;0;1
-50;1;21;0;1
-22;-3;38;1;1
-28;-18;9;1;1
-35;-24;40;0;1
-21;30;59;1;1
-29;3;48;1;1
-34;24;51;0;1
-51;14;47;1;1
-37;-29;47;0;1
-34;-36;44;0;1
-27;-4;14;0;1
-30;-38;31;0;1
-27;-36;43;0;1
-18;11;28;0;1
-45;-3;21;1;1
-23;36;51;0;1
-53;-22;20;0;1
-53;36;30;1;1
-33;-30;14;0;1
-34;-38;40;0;1
-32;17;15;0;1
-29;22;18;1;1
-36;-41;41;1;1
-21;-28;60;1;1
-41;-20;54;0;1
-44;6;24;0;1
-32;-34;24;1;1
-49;9;41;0;1
-40;28;31;1;1
-28;21;51;0;1
-42;-33;16;1;1
-68;3;20;1;1
-50;-8;18;0;1
-26;-25;11;0;1
-52;-20;36;0;1
-30;6;16;1;1
-29;-20;23;0;1
-30;-4;29;0;1
-26;-35;53;0;1
-44;-5;54;0;1
-55;3;18;0;1
-30;-8;30;0;1
-36;-10;38;1;1
-25;-8;36;0;1
-19;-19;20;0;1
-36;18;24;0;1
-46;10;53;0;1
-30;5;54;0;1
-34;1;55;0;1
-43;11;27;0;1
-44;20;22;1;1
-56;-31;27;0;1
-31;-42;43;0;1
-61;-21;29;0;1
-46;-17;34;0;1
-33;-15;24;0;1
-37;6;60;1;1
-22;-5;57;0;1
-49;6;28;1;1
-29;-33;37;1;1
-52;-16;23;1;1
-39;-43;20;0;1
-23;-7;17;1;1
-25;-11;22;0;1
-46;-6;50;0;1
-27;-4;18;0;1
-35;2;51;0;1
-13;-22;44;0;1
-22;-22;37;0;1
-29;-2;37;0;1
-47;27;34;0;1
-33;-52;20;0;1
-37;0;58;0;1
-43;14;32;0;1
-37;5;55;0;1
-15;-11;37;0;1
-46;49;22;0;1
-27;3;64;1;1
-15;8;23;0;1
-20;11;45;1;1
-58;-7;35;0;1
-17;24;28;0;1
-27;-33;53;0;1
-55;33;25;0;1
-36;-28;25;0;1
-45;6;48;1;1
-35;-10;27;0;1
-51;-14;47;0;1
-33;-6;25;1;1
-30;9;19;0;1
-46;-16;37;0;1
-23;34;53;0;1
-35;-25;38;0;1
-53;-25;21;1;1
-50;27;27;0;1
-25;-17;13;1;1
-22;-35;13;1;1
-27;31;44;0;1
-32;2;37;0;1
-46;6;18;1;1
-13;21;66;0;1
-44;-20;17;0;1
-23;-6;34;0;1
-20;-16;55;0;1
-54;-19;35;0;1
-25;42;21;1;1
-28;3;44;1;1
-42;44;30;1;1
-29;-20;22;0;1
-44;33;29;0;1
-41;-30;47;0;1
-26;37;20;1;1
-20;-5;37;1;1
-42;9;35;1;1
-31;31;16;1;1
-48;36;27;0;1
-27;-36;16;0;1
-26;23;36;1;1
-40;-36;37;1;1
-13;21;26;1;1
-44;-31;30;0;1
-39;-37;44;0;1
-34;-54;21;1;1
-45;-27;44;1;1
-36;5;59;0;1
-38;46;30;0;1
-57;14;35;1;1
-40;-41;39;1;1
-50;-34;24;1;1
-27;-26;15;0;1
-49;-4;39;1;1
-33;39;42;0;1
-49;-4;29;0;1
-24;-32;25;0;1
-19;13;63;0;1
-22;-30;52;0;1
-49;-28;33;0;1
-22;-12;32;0;1
-9;13;42;0;1
-27;-42;41;0;1
-31;8;20;0;1
-48;-21;31;0;1
-33;-30;55;0;1
-43;5;14;0;1
-41;4;57;0;1
-34;-12;31;0;1
-16;13;47;1;1
-48;-6;52;1;1
-33;12;45;0;1
-14;16;45;1;1
-55;-37;23;0;1
-53;-8;46;0;1
-38;4;56;1;1
-31;-20;41;0;1
-13;-19;21;0;1
-28;-38;42;0;1
-24;11;10;1;1
-31;40;15;0;1
-36;22;28;0;1
-27;28;52;0;1
-26;-21;22;1;1
-39;-40;30;0;1
-48;7;41;0;1
-16;26;42;1;1
-52;-14;16;0;1
-24;38;44;0;1
-31;31;35;0;1
-51;-39;22;0;1
-37;-15;31;0;1
-24;16;45;1;1
-59;-9;33;0;1
-20;-19;36;1;1
-26;32;23;1;1
-28;-9;20;0;1
-37;48;20;0;1
-55;28;26;1;1
-21;4;33;0;1
-46;31;31;0;1
-18;17;54;1;1
-15;3;32;0;1
-35;-21;54;1;1
-19;11;36;1;1
-22;-35;24;0;1
-48;-21;17;0;1
-29;-39;19;1;1
-56;10;24;1;1
-49;-16;35;1;1
-30;-17;61;1;1
-23;-23;59;1;1
-43;-40;25;0;1
-58;1;41;1;1
-31;0;56;1;1
-38;19;56;0;1
-41;23;15;0;1
-14;17;46;1;1
-44;-37;28;1;1
-10;9;24;1;1
-31;-33;35;1;1
-48;-15;14;0;1
-32;-23;22;0;1
-18;-14;53;0;1
-21;-28;50;1;1
-24;13;15;0;1
-25;17;22;0;1
-16;-6;30;1;1
-46;23;16;1;1
-38;-14;58;1;1
-25;-26;61;0;1
-49;0;18;0;1
-18;-17;32;1;1
-23;23;62;0;1
-31;-9;23;1;1
-27;-37;16;0;1
-34;3;33;1;1
-44;27;37;0;1
-22;-6;9;1;1
-32;-1;59;0;1
-64;13;20;0;1
-40;36;35;0;1
-58;25;28;1;1
-29;31;54;0;1
-11;-17;44;1;1
-40;10;23;1;1
-49;-5;48;1;1
-25;-15;23;1;1
-34;-52;18;0;1
-34;-5;48;0;1
-37;43;26;0;1
-27;4;54;0;1
-47;8;30;1;1
-54;-1;38;0;1
-42;30;20;1;1
-57;-4;37;0;1
-38;26;28;0;1
-57;35;19;0;1
-29;-23;13;1;1
-51;13;21;1;1
-55;-30;30;0;1
-45;17;27;0;1
-37;23;46;1;1
-27;26;19;1;1
-36;-29;49;0;1
-35;-34;18;0;1
-19;-8;53;1;1
-35;-3;36;0;1
-34;-5;47;0;1
-18;-26;54;1;1
-18;-16;13;0;1
-55;-13;25;0;1
-49;31;21;0;1
-26;-43;17;0;1
-11;-12;41;1;1
-45;7;15;0;1
-51;6;47;0;1
-19;32;58;0;1
-17;-26;20;0;1
-33;-10;32;0;1
-29;0;40;1;1
-62;-16;28;0;1
-34;-24;52;1;1
-25;-26;32;1;1
-14;-21;30;0;1
-57;-8;39;0;1
-14;8;23;0;1
-22;19;23;0;1
-33;13;25;1;1
-33;27;20;1;1
-42;28;27;0;1
-36;13;15;1;1
-29;22;49;1;1
-26;-43;19;0;1
-34;-18;12;0;1
-23;-15;44;1;1
-17;23;58;0;1
-39;15;51;0;1
-45;-5;18;0;1
-32;31;52;0;1
-35;-21;11;1;1
-26;-39;48;1;1
-43;-19;53;0;1
-31;14;61;1;1
-31;47;18;1;1
-39;-8;24;0;1
-32;-20;45;0;1
-34;31;54;0;1
-53;4;44;0;1
-55;6;42;0;1
-17;22;45;1;1
-34;25;50;0;1
-50;25;33;0;1
-51;-25;31;0;1
-33;-31;16;1;1
-57;24;22;0;1
-24;-38;40;0;1
-27;-2;57;1;1
-25;-19;59;0;1
-38;-9;17;0;1
-34;-6;45;0;1
-56;30;27;1;1
-16;12;24;1;1
-14;-7;28;1;1
-29;-41;16;0;1
-34;-26;32;1;1
-36;33;39;0;1
-35;25;42;1;1
-45;13;41;0;1
-46;16;39;0;1
-41;-47;18;0;1
-24;4;39;1;1
-27;-5;62;1;1
-38;-13;37;0;1
-56;14;16;1;1
-17;19;60;0;1
-24;-12;14;0;1
-18;-7;23;1;1
-49;9;36;0;1
-29;-28;30;0;1
-33;36;51;1;1
-34;-9;39;0;1
-25;-11;34;0;1
-35;-29;36;0;1
-30;-20;41;0;1
-23;29;57;1;1
-41;-38;38;1;1
-33;44;21;1;1
-46;-8;25;0;1
-36;-7;52;0;1
-59;22;22;1;1
-43;-36;19;1;1
-29;7;18;0;1
-21;17;21;1;1
-55;5;27;0;1
-38;41;31;0;1
-24;-22;40;1;1
-42;50;19;0;1
-14;-20;23;0;1
-52;26;31;1;1
-18;28;20;0;1
-55;12;31;0;1
-43;41;34;0;1
-19;12;45;0;1
-23;-39;53;0;1
-48;0;24;0;1
-22;-19;17;1;1
-24;11;17;0;1
-56;-22;27;1;1
-31;19;17;0;1
-41;-41;39;0;1
-21;25;10;1;1
-32;-13;56;0;1
-51;-1;18;0;1
-20;-30;51;0;1
-66;-5;25;1;1
-40;15;52;0;1
-33;-34;40;0;1
-38;7;18;0;1
-22;-17;25;0;1
-47;-6;15;0;1
-17;-23;44;0;1
-43;18;16;1;1
-23;24;45;0;1
-48;26;19;1;1
-58;25;17;0;1
-49;-31;37;1;1
-21;-22;13;1;1
-41;2;29;0;1
-27;-17;19;0;1
-47;-46;26;1;1
-34;-36;33;1;1
-16;22;47;1;1
-58;24;28;0;1
-26;-20;60;1;1
-35;-10;40;0;1
-45;-39;17;1;1
-21;13;55;0;1
-27;-46;38;0;1
-36;-4;61;1;1
-10;-16;43;1;1
-32;-29;14;0;1
-34;-46;35;0;1
-29;13;15;1;1
-50;-1;46;0;1
-47;22;45;0;1
-26;33;50;0;1
-33;5;22;1;1
-10;-13;28;1;1
-55;-1;34;1;1
-56;-3;20;0;1
-43;2;56;1;1
-17;-25;13;0;1
-49;15;27;0;1
-17;24;36;0;1
-9;5;26;0;1
-22;-27;36;0;1
-34;-33;34;1;1
-26;33;22;0;1
-25;-1;33;0;1
-60;-12;29;0;1
-13;14;40;1;1
-35;54;20;1;1
-38;16;12;0;1
-37;-1;37;1;1
-22;23;56;1;1
-18;6;44;0;1
-34;34;17;1;1
-36;-33;29;1;1
-37;20;25;1;1
-23;7;63;0;1
-34;19;37;0;1
-21;-28;23;0;1
-15;5;29;0;1
-22;8;16;0;1
-28;5;32;0;1
-35;-7;26;1;1
-29;47;42;0;1
-27;-41;34;0;1
-12;11;33;0;1
-40;-7;56;1;1
-29;30;57;1;1
-21;3;26;1;1
-44;-6;53;1;1
-29;-10;54;1;1
-18;30;61;0;1
-31;-34;39;0;1
-23;9;15;1;1
-51;-15;38;1;1
-26;-10;35;1;1
-28;-26;37;0;1
-25;11;25;0;1
-50;-30;31;0;1
-16;-26;60;1;1
-37;5;41;0;1
-61;-27;19;0;1
-56;31;19;1;1
-53;-8;24;0;1
-44;-45;32;1;1
-41;21;21;1;1
-42;3;32;0;1
-44;-29;28;0;1
-53;17;42;1;1
-30;-19;22;0;1
-42;-19;38;1;1
-31;19;39;0;1
-36;10;13;0;1
-14;-6;27;0;1
-40;27;39;1;1
-42;-15;31;0;1
-32;40;33;0;1
-48;33;21;1;1
-23;35;38;0;1
-25;-1;60;0;1
-36;-49;29;0;1
-37;-29;38;1;1
-50;18;33;0;1
-44;-35;31;0;1
-24;-9;27;0;1
-34;22;31;1;1
-42;-38;40;1;1
-51;-18;26;0;1
-38;7;28;0;1
-26;8;24;0;1
-24;-2;46;0;1
-56;-22;21;0;1
-39;41;19;1;1
-18;-16;28;1;1
-31;-43;41;1;1
-23;38;21;1;1
-30;-3;49;1;1
-38;-48;20;0;1
-37;34;41;1;1
-39;41;40;0;1
-26;-15;55;0;1
-53;17;26;0;1
-32;15;58;0;1
-43;-16;25;0;1
-14;-13;25;0;1
-57;8;41;1;1
-34;19;57;1;1
-30;-8;46;1;1
-35;31;14;0;1
-21;-7;40;0;1
-48;-26;24;0;1
-34;-20;11;0;1
-16;4;19;0;1
-37;-31;27;0;1
-33;42;28;0;1
-63;16;22;0;1
-19;-14;18;1;1
-21;-26;60;0;1
-40;12;13;1;1
-25;17;39;1;1
-58;-6;31;1;1
-48;21;36;0;1
-20;-27;41;0;1
-38;29;38;0;1
-22;27;39;0;1
-45;16;27;0;1
-45;-27;16;0;1
-32;-19;31;1;1
-37;50;32;0;1
-32;-13;13;1;1
-27;8;55;0;1
-47;20;31;0;1
-24;-5;25;0;1
-35;-33;43;1;1
-59;12;27;0;1
-40;-17;31;1;1
-21;33;49;0;1
-19;-10;32;0;1
-43;44;17;1;1
-26;10;49;1;1
-66;-14;19;0;1
-27;-2;64;1;1
-28;1;29;0;1
-32;10;38;0;1
-31;-35;53;0;1
-42;46;34;0;1
-51;-9;42;0;1
-13;-22;59;1;1
-38;27;14;0;1
-32;20;51;0;1
-17;-1;46;1;1
-24;-6;47;1;1
-59;22;27;0;1
-27;-44;39;1;1
-40;-8;15;1;1
-32;0;32;0;1
-44;5;24;0;1
-48;-27;31;0;1
-36;13;24;1;1
-25;11;33;1;1
-21;-9;47;1;1
-15;22;32;0;1
-47;-3;31;0;1
-16;-26;36;1;1
-48;-43;19;0;1
-13;-11;41;0;1
-26;8;56;1;1
-33;-36;32;0;1
-39;29;38;0;1
-46;0;30;1;1
-48;-18;41;0;1
-8;13;25;1;1
-31;-1;59;0;1
-29;-17;12;1;1
-25;15;56;1;1
-39;34;23;1;1
-33;33;44;0;1
-40;-30;34;1;1
-21;-34;13;0;1
-32;-1;49;1;1
-52;27;23;0;1
-44;15;41;0;1
-49;0;49;0;1
-20;23;38;0;1
-29;-48;34;1;1
-17;-2;29;0;1
-49;20;36;1;1
-53;31;21;0;1
-51;15;22;0;1
-33;-29;28;1;1
-54;21;38;1;1
-27;46;28;0;1
-35;4;31;1;1
-32;-21;48;1;1
-19;-31;25;0;1
-57;-19;33;0;1
-33;-22;49;0;1
-26;41;44;0;1
-38;33;14;0;1
-30;-42;39;1;1
-30;-50;37;0;1
-29;-11;52;1;1
-29;-30;54;0;1
-47;10;35;1;1
-38;28;48;1;1
-17;6;44;1;1
-46;-6;40;0;1
-36;-24;44;1;1
-17;15;29;0;1
-14;5;21;0;1
-61;-2;29;1;1
-17;0;33;0;1
-40;14;52;0;1
-19;32;31;1;1
-29;32;12;0;1
-30;7;28;0;1
-22;-15;10;0;1
-41;28;20;0;1
-40;-8;53;0;1
-44;-13;22;1;1
-22;17;22;0;1
-29;-18;59;0;1
-38;9;28;0;1
-20;-12;11;0;1
-51;3;29;0;1
-34;-48;33;0;1
-32;36;38;0;1
-58;-15;34;0;1
-25;17;30;0;1
-26;-30;32;1;1
-20;-15;54;1;1
-23;16;11;1;1
-16;-18;36;0;1
-43;-44;21;1;1
-15;18;38;1;1
-34;34;45;1;1
-29;20;58;0;1
-14;6;21;0;1
-34;32;15;1;1
-27;16;26;1;1
-25;-34;43;1;1
-25;-6;65;1;1
-48;29;30;0;1
-48;-37;17;0;1
-34;3;11;1;1
-48;-17;31;0;1
-38;-32;32;0;1
-31;-17;16;0;1
-18;-29;20;0;1
-42;-4;41;0;1
-44;-13;40;0;1
-46;-35;16;0;1
-37;-2;58;1;1
-49;10;45;0;1
-24;-10;52;0;1
-14;-4;39;0;1
-44;17;53;1;1
-24;-29;26;0;1
-55;-6;26;0;1
-17;-22;47;0;1
-38;11;45;1;1
-48;-10;34;0;1
-27;-12;21;0;1
-44;-43;25;0;1
-52;16;32;1;1
-45;20;35;0;1
-11;2;27;0;1
-54;16;22;1;1
-16;9;48;0;1
-49;-14;17;1;1
-14;19;11;0;1
-21;18;61;0;1
-22;16;30;0;1
-28;-45;15;0;1
-33;8;34;1;1
-53;-10;42;0;1
-35;-15;17;0;1
-45;11;43;0;1
-38;19;27;0;1
-15;25;24;0;1
-52;-6;40;0;1
-11;-9;36;1;1
-49;-27;27;0;1
-35;44;37;0;1
-35;45;29;0;1
-27;-39;37;1;1
-37;-7;50;0;1
-23;-15;49;0;1
-34;33;18;0;1
-10;-11;27;0;1
-44;48;24;0;1
-19;-28;53;0;1
-18;-19;16;0;1
-31;25;34;0;1
-41;22;39;0;1
-31;-2;31;0;1
-56;11;16;0;1
-16;18;45;0;1
-57;24;24;1;1
-43;-3;48;0;1
-48;42;21;0;1
-42;17;34;0;1
-29;-7;12;0;1
-24;-34;26;0;1
-41;38;43;0;1
-37;-41;38;1;1
-38;-13;42;0;1
-24;-6;49;0;1
-28;-35;34;0;1
-27;-24;46;0;1
-33;32;29;0;1
-61;29;19;0;1
-38;-1;59;1;1
-52;30;18;1;1
-22;-1;23;0;1
-37;-32;29;0;1
-61;12;31;0;1
-45;-22;42;0;1
-24;3;34;0;1
-36;53;26;0;1
-22;30;28;0;1
-46;21;30;0;1
-30;-4;17;0;1
-15;-20;34;0;1
-18;-26;20;1;1
-53;10;16;1;1
-15;-18;43;0;1
-43;-40;22;1;1
-40;17;29;0;1
-15;-22;20;0;1
-59;-11;23;0;1
-33;-4;47;0;1
-48;35;29;1;1
-51;29;29;0;1
-23;-9;56;1;1
-22;5;28;0;1
-38;-18;12;0;1
-37;-33;23;0;1
-49;24;35;0;1
-54;-9;43;0;1
-41;-13;37;0;1
-29;46;17;1;1
-49;-8;21;0;1
-22;4;14;0;1
-34;-8;10;0;1
-45;38;36;1;1
-33;-14;43;1;1
-23;3;53;1;1
-24;-17;55;0;1
-17;-16;64;0;1
-32;28;30;0;1
-21;17;57;0;1
-47;-11;21;0;1
-29;-29;17;1;1
-36;21;57;0;1
-14;19;61;0;1
-27;40;39;1;1
-27;-22;24;1;1
-20;-24;46;0;1
-45;9;19;1;1
-35;-40;24;0;1
-51;22;29;0;1
-36;22;37;1;1
-26;-44;32;0;1
-28;-25;38;1;1
-62;-22;20;0;1
-21;33;19;1;1
-43;-24;18;0;1
-40;-13;29;0;1
-8;6;24;1;1
-60;-29;23;1;1
-29;25;40;0;1
-56;27;26;1;1
-27;26;37;1;1
-49;-34;19;1;1
-46;-41;27;0;1
-56;18;26;0;1
-24;37;37;1;1
-34;-27;40;0;1
-27;-30;36;0;1
-30;-13;48;0;1
-48;-32;34;0;1
-34;47;29;1;1
-37;49;23;0;1
-37;11;41;0;1
-47;14;46;0;1
-40;12;14;0;1
-31;-19;35;0;1
-27;35;14;0;1
-22;12;36;0;1
-50;-36;34;0;1
-26;-36;27;1;1
-32;-2;12;0;1
-16;-22;52;0;1
-29;43;46;0;1
-47;-14;26;1;1
-46;23;32;1;1
-35;-2;29;0;1
-47;-28;30;0;1
-34;-54;30;0;1
-38;5;38;0;1
-43;-28;29;0;1
-34;-29;43;0;1
-24;-11;35;1;1
-18;-24;26;0;1
-18;31;10;1;1
-23;-12;36;0;1
-34;34;36;0;1
-34;-20;55;0;1
-44;18;16;1;1
-18;17;44;0;1
-17;-20;14;1;1
-46;13;48;0;1
-47;21;44;0;1
-29;26;15;1;1
-42;15;47;0;1
-29;23;31;0;1
-61;19;29;1;1
-41;-41;37;0;1
-35;24;22;0;1
-27;10;25;1;1
-41;-33;47;0;1
-31;-10;46;1;1
-33;-16;51;1;1
-20;33;19;1;1
-40;4;17;0;1
-52;-31;25;0;1
-50;-15;18;0;1
-56;-20;37;0;1
-14;-1;20;0;1
-11;-19;38;0;1
-29;-48;24;0;1
-30;24;34;1;1
-64;0;18;0;1
-41;-24;25;0;1
-39;-38;33;1;1
-27;20;60;0;1
-25;-9;35;0;1
-33;24;56;0;1
-34;36;26;1;1
-37;-2;25;0;1
-21;-3;34;1;1
-53;-23;37;0;1
-35;-9;54;0;1
-18;24;60;0;1
-45;-50;21;0;1
-33;-47;34;1;1
-39;-1;48;0;1
-41;0;29;0;1
-39;10;51;1;1
-32;41;17;0;1
-47;13;36;1;1
-48;-18;46;0;1
-26;22;13;0;1
-23;-22;33;1;1
-54;26;32;1;1
-27;32;12;0;1
-14;22;54;0;1
-19;5;28;0;1
-31;22;33;0;1
-22;3;53;0;1
-28;17;52;0;1
-36;41;21;0;1
-33;9;18;0;1
-43;-6;37;0;1
-41;-5;41;1;1
-40;-36;40;0;1
-46;-9;50;0;1
-19;20;20;0;1
-41;-38;16;0;1
-30;10;41;0;1
-18;-22;15;1;1
-33;0;46;0;1
-23;38;42;0;1
-56;29;32;0;1
-21;14;15;1;1
-46;48;20;0;1
-51;-22;37;1;1
-30;-8;22;0;1
-28;47;27;1;1
-21;-25;60;1;1
-25;37;45;0;1
-22;32;59;1;1
-26;-19;37;0;1
-36;-29;44;0;1
-23;37;23;1;1
-35;-9;36;1;1
-19;9;42;0;1
-45;24;33;0;1
-45;-19;51;1;1
-28;-8;61;0;1
-26;31;35;1;1
-21;21;16;1;1
-16;22;32;0;1
-27;-21;22;0;1
-25;14;12;1;1
-37;13;55;0;1
-31;37;40;0;1
-46;-24;23;1;1
-29;-36;34;0;1
-19;27;31;0;1
-41;-16;48;1;1
-35;21;45;1;1
-63;7;25;0;1
-24;-24;27;0;1
-28;-5;18;0;1
-27;-8;32;0;1
-39;28;18;0;1
-28;9;26;1;1
-16;1;35;0;1
-19;-32;40;0;1
-31;49;20;1;1
-38;14;14;0;1
-45;9;22;1;1
-25;10;15;1;1
-55;8;34;0;1
-21;-27;48;1;1
-25;-2;29;0;1
-53;18;33;0;1
-35;8;25;0;1
-21;34;56;0;1
-36;12;12;0;1
-13;-7;39;0;1
-27;-7;41;0;1
-28;-23;34;1;1
-19;-18;37;1;1
-57;29;26;1;1
-31;-2;54;0;1
-50;-8;28;1;1
-40;-17;27;0;1
-35;-36;34;0;1
-29;30;24;0;1
-17;-13;13;0;1
-12;-16;41;0;1
-24;28;20;1;1
-32;0;49;1;1
-42;46;19;0;1
-22;5;30;1;1
-15;-21;35;0;1
-24;11;30;0;1
-50;-33;27;0;1
-53;12;40;1;1
-44;-20;32;0;1
-42;23;18;0;1
-39;-38;24;1;1
-55;22;16;0;1
-39;-31;27;0;1
-29;14;21;1;1
-46;20;23;0;1
-30;35;14;1;1
-18;21;20;0;1
-27;-37;13;1;1
-34;13;12;0;1
-25;8;46;1;1
-24;-10;42;1;1
-35;49;29;0;1
-40;-2;52;0;1
-23;-26;32;1;1
-38;-26;47;0;1
-19;-27;12;1;1
-30;14;29;0;1
-51;-13;20;0;1
-44;-46;22;0;1
-40;39;27;0;1
-33;-35;47;1;1
-44;19;40;0;1
-28;23;33;0;1
-37;-3;44;0;1
-35;-14;33;1;1
-46;24;38;0;1
-23;-34;36;0;1
-62;8;29;0;1
-23;-3;25;0;1
-40;5;17;1;1
-40;16;16;1;1
-24;-10;23;1;1
-46;-9;46;0;1
-27;23;13;1;1
-39;-37;25;0;1
-31;27;32;0;1
-32;13;26;0;1
-36;-3;52;0;1
-39;43;35;0;1
-32;-31;32;1;1
-37;42;17;1;1
-24;29;50;0;1
-49;10;42;1;1
-47;-1;25;0;1
-45;9;52;0;1
-41;24;20;1;1
-45;-29;28;1;1
-33;9;42;1;1
-35;-3;32;0;1
-55;23;19;0;1
-48;22;27;0;1
-62;-15;18;0;1
-20;7;24;1;1
-18;-23;13;1;1
-23;-1;30;0;1
-52;-33;29;1;1
-37;48;23;0;1
-16;19;65;0;1
-47;-3;32;0;1
-7;-11;33;0;1
-22;33;43;1;1
-18;-29;52;0;1
-19;-17;66;1;1
-48;-31;27;0;1
-37;40;24;0;1
-67;-6;21;0;1
-43;45;26;0;1
-28;-48;30;0;1
-35;-34;44;0;1
-23;10;34;1;1
-39;-48;21;0;1
-47;-25;34;1;1
-24;-28;28;1;1
-26;-15;45;0;1
-17;13;36;1;1
-25;-38;51;0;1
-53;18;34;1;1
-34;1;47;0;1
-47;-9;28;1;1
-50;43;26;1;1
-10;11;32;1;1
-42;-49;29;0;1
-31;-1;21;0;1
-26;30;42;1;1
-48;-27;26;0;1
-40;-26;52;0;1
-18;-31;41;0;1
-41;-7;25;0;1
-18;-20;10;1;1
-44;20;37;0;1
-48;-6;42;1;1
-30;9;26;0;1
-44;29;47;0;1
-39;54;22;0;1
-26;-28;56;0;1
-33;26;57;0;1
-19;30;15;1;1
-10;-11;20;1;1
-24;21;29;0;1
-45;9;32;1;1
-58;15;33;0;1
-31;30;24;1;1
-55;5;44;1;1
-28;16;47;1;1
-25;-6;29;1;1
-10;10;22;1;1
-43;0;55;0;1
-48;-6;44;1;1
-13;-11;31;0;1
-55;-4;39;0;1
-65;4;22;1;1
-16;-23;28;0;1
-24;3;7;1;1
-58;15;23;0;1
-64;-6;21;0;1
-31;-18;23;0;1
-40;26;20;0;1
-48;-7;32;1;1
-7;5;23;0;1
-53;14;25;0;1
-52;15;32;0;1
-14;22;26;1;1
-25;8;49;1;1
-46;3;19;1;1
-29;28;54;0;1
-25;12;61;1;1
-16;-27;15;0;1
-37;-22;50;0;1
-64;-14;26;1;1
-37;42;19;1;1
-21;-32;38;0;1
-52;-7;29;0;1
-26;3;20;0;1
-15;25;42;0;1
-52;-22;43;1;1
-36;-15;57;0;1
-46;8;35;0;1
-18;12;22;1;1
-12;17;30;1;1
-48;2;41;0;1
-56;21;23;0;1
-25;-7;9;1;1
-40;9;19;0;1
-21;-24;20;0;1
-44;7;40;1;1
-44;-28;47;0;1
-21;-23;56;0;1
-46;22;26;0;1
-39;25;34;1;1
-49;-34;32;1;1
-47;11;35;0;1
-25;-10;34;1;1
-10;-2;28;1;1
-27;-5;42;0;1
-51;-8;41;0;1
-54;-34;26;1;1
-21;-15;8;0;1
-20;18;12;0;1
-60;9;35;0;1
-10;1;26;0;1
-55;-16;24;0;1
-20;10;45;0;1
-48;-28;32;0;1
-31;-5;23;0;1
-44;-2;28;0;1
-18;-6;25;1;1
-45;21;24;0;1
-22;-27;15;0;1
-16;20;50;0;1
-30;-26;22;1;1
-39;30;39;0;1
-36;1;51;0;1
-47;-12;20;1;1
-21;-14;17;0;1
-59;13;25;1;1
-38;-4;28;1;1
-28;-30;25;0;1
-18;12;51;0;1
-14;-18;58;0;1
-37;8;47;0;1
-18;16;7;0;1
-25;-28;58;1;1
-58;-14;23;1;1
-20;6;14;1;1
-44;-49;20;0;1
-52;-25;21;0;1
-52;30;37;0;1
-59;-1;29;0;1
-21;10;57;1;1
-60;11;32;1;1
-30;-25;29;0;1
-40;28;27;0;1
-19;-13;58;0;1
-10;-17;30;1;1
-52;-10;45;0;1
-46;-20;48;1;1
-31;36;36;1;1
-24;4;31;0;1
-30;6;34;0;1
-40;50;26;1;1
-63;-14;25;0;1
-60;17;28;0;1
-43;14;50;0;1
-24;23;43;0;1
-23;-20;35;0;1
-24;-15;30;1;1
-31;-28;35;1;1
-48;-26;26;0;1
-28;-17;62;0;1
-25;18;22;0;1
-36;21;33;1;1
-17;23;24;0;1
-18;16;40;1;1
-29;6;46;0;1
-53;-21;28;0;1
-39;-46;37;0;1
-21;-33;26;1;1
-41;-33;30;1;1
-40;42;30;0;1
-50;42;26;0;1
-23;14;23;0;1
-46;-29;38;0;1
-14;-4;35;0;1
-17;-21;52;0;1
-6;-10;23;0;1
-60;6;29;0;1
-32;30;24;0;1
-47;24;23;1;1
-25;-2;42;0;1
-21;-3;39;1;1
-23;19;57;1;1
-19;-26;61;1;1
-41;37;41;1;1
-29;6;28;1;1
-37;-17;44;0;1
-19;-12;50;0;1
-35;57;19;0;1
-43;29;37;0;1
-54;24;18;0;1
-34;-31;28;0;1
-32;25;19;1;1
-15;-7;30;0;1
-38;50;20;0;1
-52;-6;32;1;1
-30;3;19;1;1
-28;16;14;0;1
-36;-1;18;0;1
-43;-4;54;1;1
-18;9;29;1;1
-24;0;8;0;1
-38;-33;30;0;1
-42;11;42;0;1
-36;15;23;0;1
-35;18;25;0;1
-32;20;60;1;1
-22;1;20;1;1
-55;-16;18;0;1
-39;-12;18;1;1
-24;24;35;0;1
-24;-16;53;0;1
-45;-15;15;1;1
-38;-15;56;1;1
-36;-7;40;1;1
-22;-27;28;1;1
-15;-24;54;1;1
-31;-29;56;0;1
-29;-14;10;0;1
-42;16;39;0;1
-44;-26;22;0;1
-46;23;27;1;1
-20;29;40;1;1
-31;0;36;1;1
-45;-26;38;1;1
-20;11;41;1;1
-30;7;47;0;1
-21;15;36;0;1
-22;-27;46;0;1
-20;-3;28;0;1
-40;-9;47;1;1
-39;-21;44;0;1
-30;21;22;0;1
-42;31;20;0;1
-42;1;45;0;1
-13;-13;22;0;1
-34;-12;25;0;1
-33;25;33;1;1
-35;-14;12;1;1
-20;-28;18;0;1
-54;34;23;1;1
-31;48;18;0;1
-22;7;60;0;1
-51;15;23;0;1
-33;-47;22;1;1
-40;-2;54;1;1
-43;-7;35;1;1
-47;-32;39;0;1
-32;-21;27;0;1
-30;-50;23;0;1
-48;-40;24;0;1
-58;9;36;0;1
-58;10;17;0;1
-49;-31;28;0;1
-60;16;20;0;1
-26;-18;63;1;1
-19;20;50;1;1
-23;29;40;1;1
-55;31;21;0;1
-31;-2;28;1;1
-20;-8;38;0;1
-26;-34;15;0;1
-63;4;25;0;1
-46;11;33;1;1
-60;-11;21;0;1
-36;13;25;0;1
-48;-30;21;0;1
-17;17;35;1;1
-53;-1;47;1;1
-35;-3;45;0;1
-40;25;42;0;1
-36;20;45;1;1
-52;32;31;0;1
-24;0;35;0;1
-46;9;34;0;1
-28;3;28;1;1
-37;-51;29;0;1
-24;-32;53;0;1
-55;23;38;1;1
-19;11;40;1;1
-29;-38;23;0;1
-36;-6;39;1;1
-40;-26;45;0;1
-44;-46;25;0;1
-26;-4;21;1;1
-42;10;44;0;1
-41;6;18;1;1
-35;30;19;1;1
-43;13;22;0;1
-31;48;16;0;1
-54;21;30;1;1
-27;-16;38;0;1
-35;-28;19;1;1
-19;-4;46;1;1
-10;0;27;1;1
-37;-48;23;1;1
-31;14;39;0;1
-29;-17;44;0;1
-52;-30;37;1;1
-55;-9;27;0;1
-48;17;31;0;1
-40;18;46;0;1
-53;-31;31;0;1
-54;-3;38;0;1
-43;-47;28;0;1
-25;-33;15;1;1
-16;-23;56;0;1
-42;-10;20;0;1
-16;11;29;0;1
-38;1;37;1;1
-40;-32;25;0;1
-50;35;18;0;1
-25;-17;11;1;1
-47;16;39;0;1
-15;11;26;0;1
-35;-53;26;0;1
-38;18;52;0;1
-23;-22;36;0;1
-33;-40;19;1;1
-25;13;21;1;1
-50;-27;38;1;1
-26;-34;50;1;1
-28;44;24;1;1
-33;15;29;1;1
-38;-14;13;1;1
-28;16;33;1;1
-11;-4;29;0;1
-45;29;37;0;1
-24;20;52;0;1
-22;-4;61;0;1
-53;-35;28;1;1
-24;19;46;1;1
-28;13;12;0;1
-64;3;30;0;1
-26;37;22;1;1
-42;4;30;0;1
-39;-37;45;0;1
-44;12;36;1;1
-12;-17;55;1;1
-12;-2;25;0;1
-39;7;14;1;1
-60;20;22;1;1
-32;-50;16;0;1
-19;11;49;0;1
-43;17;49;0;1
-16;23;56;0;1
-15;-25;56;0;1
-43;4;28;0;1
-16;-27;28;1;1
-31;-28;45;1;1
-63;-15;28;1;1
-23;-9;42;0;1
-51;24;23;0;1
-39;26;53;1;1
-16;9;32;1;1
-34;-26;43;1;1
-28;43;18;0;1
-31;26;49;0;1
-26;0;29;1;1
-30;-8;23;1;1
-25;1;61;0;1
-26;-2;64;0;1
-33;-1;59;0;1
-50;-31;21;0;1
-42;50;20;0;1
-32;36;25;0;1
-34;11;30;0;1
-25;-36;40;1;1
-35;50;19;0;1
-27;-22;35;1;1
-52;-14;15;0;1
-50;44;20;0;1
-23;38;50;1;1
-33;21;14;0;1
-37;-30;37;0;1
-52;-16;29;1;1
-47;-18;19;1;1
-23;-36;34;1;1
-43;-36;23;0;1
-36;3;51;0;1
-26;11;39;1;1
-25;-19;52;0;1
-41;-28;33;0;1
-45;-9;43;0;1
-22;-25;41;0;1
-41;-16;35;0;1
-28;-9;52;0;1
-41;-7;56;1;1
-55;0;22;0;1
-43;-34;29;1;1
-29;-19;54;0;1
-24;8;27;0;1
-32;-6;16;0;1
-37;-34;42;0;1
-44;35;43;0;1
-28;-24;60;1;1
-32;-54;30;0;1
-37;-10;14;0;1
-30;10;30;0;1
-26;25;56;1;1
-35;33;46;0;1
-45;14;34;1;1
-23;13;47;1;1
-43;-1;55;1;1
-35;13;48;1;1
-20;18;48;1;1
-12;16;30;1;1
-29;-46;24;1;1
-14;16;36;0;1
-21;1;15;1;1
-41;-24;16;1;1
-19;11;15;1;1
-40;-3;16;1;1
-42;9;47;0;1
-19;-19;24;1;1
-63;-17;19;1;1
-36;-41;19;0;1
-41;-45;36;1;1
-40;-22;28;0;1
-10;4;24;1;1
-18;-22;12;0;1
-47;10;23;1;1
-28;16;61;0;1
-45;-11;31;0;1
-56;4;17;0;1
-40;33;25;1;1
-30;44;17;0;1
-36;-42;41;1;1
-43;45;27;1;1
-25;32;51;0;1
-31;52;33;0;1
-23;-28;53;0;1
-47;1;43;1;1
-32;-6;52;0;1
-14;9;40;1;1
-34;45;31;0;1
-16;-15;23;1;1
-58;-13;17;1;1
-24;-10;48;0;1
-16;4;30;0;1
-41;52;23;1;1
-58;11;32;1;1
-40;32;36;0;1
-45;45;28;0;1
-15;16;40;1;1
-25;-20;38;0;1
-35;-30;22;1;1
-43;-30;30;0;1
-33;12;43;0;1
-44;5;14;0;1
-44;-30;15;1;1
-44;-32;28;0;1
-54;-1;43;1;1
-30;31;41;0;1
-22;11;41;0;1
-42;-3;41;0;1
-31;-1;45;1;1
-30;-45;23;1;1
-46;9;18;0;1
-51;28;26;0;1
-43;17;41;0;1
-31;20;58;0;1
-39;-27;28;0;1
-45;6;44;1;1
-43;13;32;1;1
-33;27;34;0;1
-26;-4;15;0;1
-23;4;14;0;1
-40;-24;14;1;1
-37;-41;40;0;1
-54;-31;26;1;1
-38;12;26;1;1
-32;-8;15;0;1
-38;22;13;1;1
-27;2;33;0;1
-20;-18;62;0;1
-21;29;12;0;1
-36;19;31;0;1
-43;9;19;0;1
-40;13;16;0;1
-19;21;53;1;1
-39;26;45;1;1
-18;-5;25;0;1
-59;-12;24;0;1
-33;37;38;0;1
-39;3;34;1;1
-26;-15;20;0;1
-31;42;43;0;1
-26;16;60;0;1
-27;19;19;1;1
-17;20;20;0;1
-39;20;43;0;1
-21;-14;30;0;1
-28;-45;28;0;1
-27;-12;57;0;1
-25;17;31;0;1
-26;-25;24;1;1
-51;-11;17;1;1
-14;14;29;0;1
-35;-41;20;1;1
-60;-15;28;0;1
-28;0;62;1;1
-16;-21;63;1;1
-51;34;18;0;1
-48;10;21;1;1
-20;-32;13;0;1
-26;-29;45;0;1
-26;-30;31;0;1
-17;7;48;1;1
-14;-14;39;0;1
-36;14;15;1;1
-50;9;47;0;1
-40;-16;27;1;1
-20;31;21;1;1
-44;-23;44;1;1
-18;9;52;0;1
-27;-38;20;0;1
-41;40;38;1;1
-26;-17;39;0;1
-18;27;34;1;1
-22;-10;65;0;1
-50;-8;49;0;1
-54;-2;36;0;1
-29;28;37;0;1
-35;30;41;1;1
-26;30;54;1;1
-32;21;55;0;1
-19;31;32;0;1
-26;-12;51;0;1
-16;6;38;0;1
-48;-22;29;0;1
-25;0;12;0;1
-34;-54;25;1;1
-22;14;54;0;1
-41;14;29;0;1
-44;9;19;0;1
-36;-3;17;0;1
-23;-28;41;1;1
-20;4;23;1;1
-28;42;49;1;1
-28;0;47;1;1
-64;-6;24;1;1
-28;6;9;1;1
-24;-33;41;1;1
-43;-3;44;1;1
-23;11;30;0;1
-58;-29;19;0;1
-14;-7;20;0;1
-37;25;22;0;1
-24;20;22;0;1
-54;-21;22;0;1
-37;-41;18;0;1
-36;-54;27;0;1
-56;-15;34;0;1
-29;17;10;1;1
-19;27;26;0;1
-31;31;37;1;1
-41;-1;34;1;1
-28;34;19;1;1
-35;-13;30;0;1
-41;37;37;0;1
-22;-35;55;1;1
-10;8;29;0;1
-12;18;28;1;1
-22;-38;34;0;1
-27;44;46;0;1
-27;-36;14;1;1
-33;-22;18;0;1
-31;10;21;0;1
-10;-14;19;0;1
-34;12;27;1;1
-19;13;50;0;1
-35;-12;10;0;1
-58;-8;34;1;1
-43;9;32;0;1
-22;-24;12;1;1
-34;-8;13;0;1
-40;2;27;0;1
-38;3;27;1;1
-27;-44;19;0;1
-27;10;31;1;1
-30;-51;32;1;1
-34;30;47;0;1
-16;-17;37;0;1
-20;7;15;0;1
-24;23;22;0;1
-40;-3;52;0;1
-37;50;25;0;1
-46;-26;20;0;1
-36;-46;16;0;1
-28;44;44;0;1
-51;28;38;1;1
-51;3;47;0;1
-36;-27;16;0;1
-39;17;40;0;1
-21;23;47;0;1
-62;-15;24;0;1
-27;-35;35;0;1
-15;-10;19;0;1
-31;-2;62;1;1
-50;-30;35;1;1
-32;1;59;1;1
-37;-13;43;1;1
-36;-37;31;0;1
-42;31;15;0;1
-47;24;36;0;1
-16;13;26;0;1
-38;3;59;0;1
-23;10;25;1;1
-22;15;52;0;1
-36;-26;13;1;1
-43;-37;18;1;1
-17;19;10;0;1
-9;-10;26;1;1
-24;2;42;0;1
-25;-11;43;0;1
-40;-32;42;0;1
-56;21;36;0;1
-51;16;25;0;1
-59;6;35;0;1
-38;-13;19;0;1
-43;-3;55;0;1
-41;19;52;0;1
-49;43;18;0;1
-40;7;57;1;1
-39;46;24;0;1
-24;21;38;1;1
-59;1;29;0;1
-27;10;62;1;1
-36;-46;17;1;1
-23;16;22;1;1
-22;-24;49;1;1
-38;7;46;0;1
-22;-14;62;1;1
-32;20;57;0;1
-49;6;40;0;1
-47;15;46;0;1
-54;-24;37;0;1
-28;-14;49;1;1
-27;-4;55;0;1
-21;-27;50;0;1
-15;-11;35;0;1
-29;-13;32;1;1
-38;-6;42;0;1
-9;-11;36;1;1
-36;-29;18;1;1
-46;-13;35;0;1
-51;24;28;0;1
-28;3;30;1;1
-29;-1;57;1;1
-32;-8;51;0;1
-15;4;37;1;1
-32;49;25;1;1
-17;-18;43;1;1
-46;-19;43;0;1
-20;17;22;0;1
-44;-42;22;1;1
-44;11;16;0;1
-53;-9;30;0;1
-17;20;41;0;1
-36;-31;25;0;1
-18;18;61;0;1
-27;35;40;0;1
-38;25;29;1;1
-60;6;18;1;1
-29;-42;32;1;1
-20;32;41;0;1
-51;-2;22;0;1
-35;10;42;0;1
-29;-20;61;1;1
-32;44;44;0;1
-44;19;51;0;1
-36;-44;28;0;1
-35;-34;45;0;1
-46;7;38;0;1
-36;-14;47;0;1
-28;-37;38;0;1
-16;-12;41;0;1
-48;-19;33;1;1
-18;23;62;0;1
-48;5;46;0;1
-28;-8;49;0;1
-38;16;42;0;1
-55;-32;22;0;1
-19;-14;51;1;1
-21;12;30;1;1
-43;3;36;0;1
-35;22;54;0;1
-29;-17;48;1;1
-27;-21;28;0;1
-17;-8;24;0;1
-16;26;21;1;1
-11;-18;36;0;1
-26;34;34;0;1
-43;20;26;0;1
-17;2;20;0;1
-43;1;29;1;1
-44;0;12;0;1
-39;-6;29;1;1
-37;-50;33;0;1
-32;25;28;0;1
-54;9;42;1;1
-27;-43;39;0;1
-58;-10;20;0;1
-54;-21;40;0;1
-42;42;27;1;1
-32;13;60;1;1
-52;25;32;0;1
-26;26;44;1;1
-24;31;51;1;1
-44;-36;24;0;1
-41;-34;20;0;1
-54;18;30;1;1
-47;-14;44;0;1
-24;-1;13;0;1
-24;10;23;0;1
-32;-13;42;1;1
-29;21;49;0;1
-33;-20;28;0;1
-47;4;35;0;1
-39;7;33;1;1
-36;-32;14;0;1
-33;-22;14;1;1
-23;-23;28;0;1
-26;-38;48;1;1
-30;30;56;0;1
-43;-6;50;1;1
-26;-45;46;1;1
-47;-7;35;1;1
-42;-4;50;0;1
-48;-5;29;0;1
-37;13;31;0;1
-30;-15;16;0;1
-24;28;28;0;1
-38;-19;32;0;1
-53;-23;17;0;1
-12;-3;24;0;1
-39;-24;27;0;1
-11;-9;24;0;1
-30;-7;44;0;1
-41;11;23;0;1
-49;21;26;1;1
-25;16;12;0;1
-21;9;23;1;1
-35;-23;25;1;1
-29;16;27;1;1
-20;1;26;0;1
-22;-18;18;1;1
-15;21;27;1;1
-33;-35;25;1;1
-37;-22;19;0;1
-29;20;22;0;1
-25;2;17;0;1
-48;9;41;1;1
-58;-20;20;0;1
-50;-18;30;1;1
-30;-46;37;0;1
-19;3;48;1;1
-39;-26;47;0;1
-34;-27;46;1;1
-59;17;25;0;1
-21;16;12;0;1
-17;24;17;1;1
-35;-51;30;0;1
-29;-32;21;0;1
-22;31;46;1;1
-26;-11;56;0;1
-41;24;14;1;1
-22;-18;32;1;1
-27;-7;35;0;1
-23;-14;37;1;1
-47;38;29;0;1
-28;-28;42;0;1
-18;19;43;1;1
-19;-25;58;0;1
-46;1;45;0;1
-27;-19;58;1;1
-28;15;51;1;1
-39;-44;19;0;1
-55;6;29;0;1
-25;13;32;1;1
-35;-13;20;0;1
-25;4;25;1;1
-27;7;22;0;1
-19;8;34;1;1
-32;-4;28;0;1
-28;48;32;0;1
-36;-5;28;0;1
-25;3;18;0;1
-44;12;43;0;1
-33;-4;58;0;1
-52;-32;19;1;1
-67;-2;21;0;1
-33;36;18;1;1
-31;-20;60;0;1
-35;27;35;0;1
-45;22;20;0;1
-41;5;46;0;1
-44;-25;29;0;1
-29;-11;12;1;1
-17;7;35;1;1
-31;-29;44;1;1
-6;9;26;0;1
-42;-2;27;0;1
-26;9;51;1;1
-46;19;22;0;1
-11;-14;39;0;1
-22;36;43;0;1
-42;36;23;1;1
-21;-11;41;0;1
-35;7;47;1;1
-17;6;32;0;1
-32;45;26;0;1
-42;-22;29;1;1
-25;-17;37;0;1
-30;-23;51;0;1
-52;29;24;0;1
-44;38;37;0;1
-31;-40;44;1;1
-54;4;39;1;1
-48;-15;37;0;1
-42;6;33;1;1
-31;21;51;0;1
-31;13;41;0;1
-47;-41;30;0;1
-27;25;57;1;1
-47;36;22;0;1
-50;-35;17;1;1
-39;9;40;1;1
-36;-25;29;0;1
-13;14;51;0;1
-38;-10;42;0;1
-36;4;39;0;1
-26;34;52;0;1
-49;-9;14;0;1
-47;23;20;0;1
-35;-13;36;1;1
-35;24;20;0;1
-13;-18;54;1;1
-27;9;23;1;1
-32;38;22;0;1
-21;-5;59;0;1
-50;13;22;0;1
-18;-14;25;0;1
-23;-8;13;1;1
-30;-36;48;0;1
-32;49;22;1;1
-25;-26;41;1;1
-23;-7;37;0;1
-13;-15;47;1;1
-39;11;43;0;1
-13;18;21;0;1
-24;-37;41;1;1
-49;24;34;0;1
-35;22;28;1;1
-28;-28;45;0;1
-12;12;46;0;1
-36;21;52;1;1
-52;21;27;1;1
-60;-11;23;0;1
-62;20;21;0;1
-20;-3;35;1;1
-34;-8;30;0;1
-20;27;29;1;1
-20;-9;34;0;1
-54;35;27;0;1
-33;-32;35;1;1
-21;-35;26;0;1
-50;-11;16;0;1
-32;29;30;1;1
-50;40;21;1;1
-28;-7;22;1;1
-42;-15;30;0;1
-20;19;55;0;1
-32;-7;19;0;1
-40;-11;33;0;1
-49;1;30;0;1
-27;-28;19;0;1
-23;-23;42;0;1
-30;-10;32;1;1
-49;-38;33;1;1
-35;34;47;0;1
-39;-44;29;0;1
-38;20;26;1;1
-55;-9;35;1;1
-7;-9;22;0;1
-29;-7;31;0;1
-42;-22;48;1;1
-43;12;40;0;1
-33;-12;47;1;1
-46;14;28;0;1
-61;-22;26;0;1
-39;11;56;0;1
-15;-16;15;1;1
-27;-40;41;0;1
-27;13;26;0;1
-38;-43;38;1;1
-43;18;32;0;1
-58;11;26;1;1
-26;-12;25;1;1
-53;-24;17;0;1
-26;37;24;0;1
-30;12;30;1;1
-44;24;31;1;1
-21;-22;57;1;1
-26;-14;17;1;1
-26;-18;24;0;1
-19;-10;54;1;1
-29;-5;24;0;1
-50;24;37;1;1
-33;-41;16;0;1
-41;51;20;1;1
-28;-5;41;0;1
-33;33;31;0;1
-19;-5;42;0;1
-31;-33;48;1;1
-32;-32;47;0;1
-52;-33;22;0;1
-22;-26;42;1;1
-20;-6;56;0;1
-35;45;26;0;1
-45;24;21;1;1
-31;10;24;0;1
-29;12;13;0;1
-39;-24;32;0;1
-51;31;22;1;1
-41;-16;21;1;1
-40;10;30;1;1
-46;10;35;0;1
-21;23;60;1;1
-14;-22;42;1;1
-19;0;34;0;1
-29;26;31;0;1
-54;1;28;1;1
-33;-4;33;0;1
-36;-16;59;0;1
-20;2;43;0;1
-53;24;40;0;1
-32;39;16;0;1
-38;-45;36;0;1
-41;-14;27;0;1
-25;5;18;0;1
-28;5;22;0;1
-50;-39;32;0;1
-63;-11;24;0;1
-19;17;48;0;1
-38;-25;44;0;1
-21;-14;55;1;1
-55;-11;28;0;1
-51;-12;46;1;1
-48;-16;22;0;1
-43;33;33;1;1
-35;14;59;0;1
-47;-7;21;0;1
-44;12;16;0;1
-20;-5;32;0;1
-49;25;24;0;1
-13;-14;29;1;1
-18;-11;50;0;1
-26;6;47;0;1
-37;24;22;0;1
-38;2;34;1;1
-27;2;30;1;1
-24;27;45;0;1
-47;-11;46;0;1
-29;-38;22;0;1
-27;6;43;0;1
-31;23;35;1;1
-62;-18;25;1;1
-35;46;27;0;1
-27;33;18;0;1
-36;19;16;1;1
-31;-51;28;0;1
-35;-23;44;0;1
-31;-1;40;0;1
-25;-29;48;0;1
-31;18;46;1;1
-35;-28;25;1;1
-29;-11;49;1;1
-35;3;45;1;1
-24;-19;37;1;1
-35;34;35;1;1
-43;19;18;1;1
-53;-10;33;1;1
-27;25;27;0;1
-27;44;24;1;1
-36;12;33;1;1
-35;3;48;0;1
-21;-8;49;0;1
-28;-22;16;1;1
-43;42;28;1;1
-19;23;56;0;1
-46;-26;35;0;1
-21;-11;10;0;1
-15;20;50;1;1
-17;8;26;0;1
-56;4;41;0;1
-19;-13;23;1;1
-15;-20;61;0;1
-37;-5;55;0;1
-46;41;24;0;1
-23;13;40;1;1
-22;26;31;1;1
-30;22;15;1;1
-36;-3;27;0;1
-25;-18;14;0;1
-26;24;46;0;1
-62;-16;27;1;1
-29;-23;15;1;1
-33;25;52;0;1
-41;-44;24;0;1
-26;4;12;0;1
-39;16;22;0;1
-35;-8;50;0;1
-15;14;24;1;1
-16;27;53;0;1
-51;-24;29;0;1
-30;-2;39;0;1
-53;-29;19;0;1
-34;18;39;1;1
-47;6;15;1;1
-44;-32;22;0;1
-25;-4;19;0;1
-38;-20;18;0;1
-46;-11;53;0;1
-23;25;18;0;1
-44;3;23;0;1
-26;16;49;1;1
-34;32;27;0;1
-28;-33;41;0;1
-27;-35;37;1;1
-27;29;19;1;1
-33;-35;17;0;1
-45;12;16;1;1
-44;32;16;1;1
-14;-12;27;0;1
-28;-48;27;0;1
-28;31;28;0;1
-28;39;19;0;1
-14;-22;25;0;1
-13;18;58;0;1
-36;-26;44;0;1
-21;-7;48;0;1
-40;-6;50;1;1
-39;12;25;1;1
-31;-19;42;1;1
-32;11;19;0;1
-25;22;21;0;1
-19;-8;34;0;1
-62;-13;23;0;1
-22;-10;47;1;1
-35;49;17;0;1
-23;18;44;1;1
-35;38;28;0;1
-45;-8;43;0;1
-13;21;37;0;1
-56;28;28;0;1
-35;17;14;1;1
-37;19;54;0;1
-29;8;41;0;1
-34;46;37;0;1
-65;-9;26;0;1
-32;-38;44;0;1
-13;2;27;1;1
-21;18;18;0;1
-30;24;45;0;1
-45;-19;46;0;1
-50;6;19;1;1
-46;22;39;0;1
-10;-12;23;0;1
-41;20;47;1;1
-35;-6;32;0;1
-17;26;53;0;1
-50;-30;32;0;1
-33;3;17;1;1
-24;4;40;0;1
-37;-24;15;0;1
-37;47;35;0;1
-62;24;21;1;1
-28;-43;41;0;1
-43;9;21;0;1
-33;-44;42;0;1
-21;-27;41;0;1
-34;-7;48;0;1
-21;-36;54;1;1
-46;25;20;0;1
-19;27;54;0;1
-59;23;31;1;1
-64;-5;21;0;1
-43;40;25;0;1
-18;-12;36;0;1
-47;-1;39;0;1
-43;-4;26;0;1
-58;3;24;1;1
-34;-38;32;1;1
-13;7;21;1;1
-19;31;11;0;1
-20;4;19;0;1
-34;-5;50;1;1
-24;-39;33;1;1
-39;-13;43;0;1
-37;22;31;0;1
-32;14;51;0;1
-19;19;48;0;1
-26;-11;34;0;1
-38;-44;18;0;1
-32;0;53;0;1
-27;-28;49;0;1
-15;17;16;0;1
-35;-2;58;1;1
-30;-22;33;0;1
-28;-5;10;0;1
-35;-36;38;0;1
-24;10;16;0;1
-38;-32;28;0;1
-9;10;29;0;1
-48;42;18;0;1
-57;-1;26;0;1
-49;-6;24;1;1
-28;-31;23;1;1
-26;2;64;0;1
-47;-5;30;0;1
-50;-18;24;1;1
-16;-4;36;0;1
-53;7;31;0;1
-50;-20;36;1;1
-46;-25;33;0;1
-19;20;30;1;1
-28;18;39;0;1
-32;-5;19;1;1
-20;25;10;0;1
-32;-21;42;0;1
-16;-18;38;0;1
-43;28;27;0;1
-41;-33;46;0;1
-20;-26;31;0;1
-15;18;16;1;1
-16;16;36;0;1
-24;27;47;0;1
-34;-44;18;0;1
-27;-31;24;1;1
-45;17;22;1;1
-54;7;25;1;1
-31;-31;25;1;1
-27;3;13;1;1
-43;-24;47;1;1
-25;9;31;1;1
-34;40;42;0;1
-27;-18;33;0;1
-34;-26;48;1;1
-22;-37;37;1;1
-21;22;32;1;1
-26;31;54;1;1
-21;-12;46;1;1
-58;23;28;0;1
-48;11;28;0;1
-42;-5;36;1;1
-30;25;44;0;1
-23;26;51;1;1
-31;41;49;0;1
-48;28;29;0;1
-28;-20;20;1;1
-62;-2;26;1;1
-36;-9;30;0;1
-30;-45;16;1;1
-56;12;35;1;1
-26;23;48;0;1
-47;-17;14;0;1
-34;-16;29;1;1
-33;10;36;1;1
-58;24;32;0;1
-44;-27;26;0;1
-42;-19;13;0;1
-27;-2;47;0;1
-13;-17;28;1;1
-34;25;54;1;1
-52;-13;35;1;1
-31;28;44;1;1
-43;-6;26;0;1
-21;-2;47;0;1
-37;-39;28;1;1
-26;-15;22;1;1
-45;-5;30;0;1
-47;30;40;0;1
-25;-17;47;1;1
-60;-6;32;1;1
-22;-17;32;1;1
-52;-27;28;1;1
-45;23;39;1;1
-50;-20;37;1;1
-31;41;16;1;1
-39;14;37;0;1
-49;-25;36;1;1
-46;-13;42;1;1
-41;-17;19;0;1
-60;9;29;0;1
-45;-37;33;1;1
-28;16;44;0;1
-13;2;32;0;1
-29;1;30;1;1
-32;4;13;0;1
-31;-5;60;1;1
-61;-14;27;0;1
-48;2;24;0;1
-36;13;49;0;1
-31;26;36;1;1
-31;28;29;0;1
-58;5;40;0;1
-20;9;22;0;1
-31;-29;38;0;1
-55;-4;41;0;1
-26;-9;21;0;1
-39;-9;15;0;1
-14;-19;30;0;1
-47;39;23;1;1
-34;-41;29;0;1
-36;9;46;0;1
-22;30;17;0;1
-27;40;47;0;1
-31;-23;14;0;1
-43;-38;21;1;1
-29;-11;51;0;1
-15;9;36;1;1
-39;-8;12;1;1
-16;-19;46;0;1
-27;27;21;0;1
-53;-4;40;0;1
-54;3;44;0;1
-38;31;48;0;1
-15;-23;16;1;1
-42;-6;20;0;1
-35;-30;26;0;1
-30;16;50;1;1
-29;36;20;1;1
-41;6;52;1;1
-22;29;39;0;1
-27;18;41;0;1
-56;-23;22;1;1
-24;-14;63;1;1
-48;-31;32;0;1
-35;-3;14;1;1
-24;21;24;0;1
-44;-19;25;1;1
-27;-35;30;0;1
-56;36;24;0;1
-20;28;42;0;1
-63;-22;20;1;1
-47;6;19;0;1
-63;-25;20;0;1
-21;-31;16;1;1
-30;11;50;0;1
-38;37;31;0;1
-14;12;25;1;1
-36;-24;42;0;1
-38;-2;59;1;1
-17;-18;47;1;1
-29;-40;29;0;1
-27;-29;25;0;1
-44;-26;15;0;1
-25;13;28;0;1
-34;16;30;1;1
-33;-42;31;0;1
-28;15;15;1;1
-17;-10;20;0;1
-42;-8;42;0;1
-29;4;13;0;1
-52;14;41;0;1
-26;12;34;0;1
-28;14;40;1;1
-38;-39;36;0;1
-23;-24;10;1;1
-38;6;12;1;1
-55;3;32;1;1
-32;1;43;0;1
-52;18;31;1;1
-34;-1;50;1;1
-37;-53;18;0;1
-42;17;25;1;1
-42;20;46;0;1
-55;-36;19;1;1
-27;5;58;0;1
-18;13;61;0;1
-55;31;30;0;1
-31;-37;46;1;1
-39;-3;28;1;1
-19;31;39;1;1
-34;-4;45;1;1
-47;5;49;1;1
-43;9;39;1;1
-38;54;18;1;1
-45;-8;21;1;1
-62;26;20;1;1
-22;19;32;0;1
-61;-4;25;0;1
-27;-20;35;1;1
-15;19;36;0;1
-51;-13;41;1;1
-41;47;23;1;1
-37;-25;46;0;1
-36;53;24;1;1
-24;10;29;0;1
-41;-25;46;0;1
-32;-29;23;0;1
-28;-22;33;0;1
-57;11;40;0;1
-45;19;17;1;1
-40;-31;48;0;1
-36;16;48;0;1
-41;40;31;1;1
-18;-31;40;0;1
-32;-10;56;1;1
-40;4;36;1;1
-38;48;27;1;1
-48;26;41;0;1
-56;15;24;0;1
-31;42;29;1;1
-36;-5;56;1;1
-52;7;46;0;1
-31;24;42;0;1
-38;35;43;1;1
-49;-5;42;0;1
-17;9;22;0;1
-35;1;43;0;1
-42;-35;43;0;1
-49;4;33;1;1
-24;7;27;0;1
-31;-34;44;0;1
-57;17;27;0;1
-20;-3;16;1;1
-49;15;29;0;1
-38;-30;26;0;1
-54;-23;20;0;1
-19;26;58;1;1
-21;22;58;0;1
-41;-25;36;1;1
-37;-47;26;0;1
-38;28;30;0;1
-36;10;20;1;1
-33;-7;30;0;1
-50;-30;16;0;1
-31;47;33;1;1
-57;5;42;1;1
-20;23;27;0;1
-38;-28;50;1;1
-20;-26;9;1;1
-19;18;36;1;1
-29;24;22;0;1
-28;4;8;1;1
-14;-21;8;0;1
-52;-34;20;0;1
-32;-6;20;1;1
-63;10;23;0;1
-25;13;64;1;1
-63;-6;28;0;1
-41;-38;29;1;1
-21;10;38;0;1
-21;10;55;0;1
-43;-11;34;0;1
-33;-36;18;0;1
-42;13;28;1;1
-27;-34;51;0;1
-43;38;19;0;1
-31;11;58;1;1
-48;-9;26;0;1
-32;-14;21;1;1
-35;20;57;0;1
-36;29;19;1;1
-32;10;59;1;1
-19;-31;34;0;1
-27;-24;56;1;1
-46;-14;17;0;1
-9;-14;18;1;1
-30;18;49;1;1
-35;-16;58;1;1
-22;-29;13;0;1
-52;-23;26;0;1
-56;-17;27;0;1
-53;-16;21;0;1
-36;-30;49;1;1
-43;0;34;0;1
-50;19;17;0;1
-18;-13;28;0;1
-53;5;27;1;1
-24;7;11;0;1
-29;-12;43;1;1
-39;22;23;0;1
-40;31;47;1;1
-19;0;17;0;1
-31;-27;50;0;1
-35;1;49;0;1
-32;28;43;1;1
-50;-21;23;1;1
-16;-22;33;0;1
-45;12;39;1;1
-35;16;49;0;1
-41;38;32;0;1
-34;4;28;1;1
-26;3;62;1;1
-21;-13;55;0;1
-37;-7;40;1;1
-35;17;27;1;1
-53;13;35;0;1
-23;-33;35;1;1
-42;28;48;1;1
-18;-12;57;1;1
-32;8;15;0;1
-37;41;30;0;1
-41;-29;39;1;1
-46;17;25;0;1
-46;-19;34;0;1
-23;0;33;0;1
-24;-17;31;0;1
-21;-4;41;0;1
-44;3;28;1;1
-49;4;14;0;1
-24;15;40;0;1
-47;-18;47;1;1
-23;39;19;1;1
-32;27;36;0;1
-47;-26;32;0;1
-50;-39;26;0;1
-32;51;29;1;1
-12;8;21;0;1
-36;-6;11;1;1
-50;-13;15;0;1
-55;8;41;0;1
-55;-18;38;1;1
-38;18;21;0;1
-11;16;37;1;1
-33;-44;38;1;1
-29;-11;41;1;1
-39;-15;57;0;1
-43;-30;22;1;1
-61;8;19;1;1
-23;34;55;1;1
-57;-23;21;0;1
-51;30;18;0;1
-22;-35;27;1;1
-20;6;20;0;1
-54;17;16;1;1
-15;-24;49;1;1
-58;7;16;0;1
-27;5;45;1;1
-38;-54;26;0;1
-28;33;47;1;1
-23;-8;16;0;1
-42;34;23;0;1
-26;-42;20;0;1
-54;-27;18;0;1
-27;26;15;0;1
-50;17;15;0;1
-27;-7;56;0;1
-48;11;14;0;1
-28;29;53;0;1
-42;-26;31;0;1
-18;16;27;1;1
-51;-37;19;0;1
-39;24;20;1;1
-48;-22;33;1;1
-21;-22;51;1;1
-34;-15;53;0;1
-59;0;26;0;1
-41;8;28;0;1
-26;3;18;1;1
-31;38;44;1;1
-35;-20;18;1;1
-33;1;32;1;1
-22;12;53;1;1
-36;44;25;1;1
-52;10;23;0;1
-28;-16;63;1;1
-38;-3;18;1;1
-16;3;43;1;1
-35;40;35;0;1
-44;-33;43;0;1
-53;-24;37;1;1
-20;15;45;0;1
-29;-1;30;1;1
-24;-7;27;1;1
-39;-24;14;0;1
-23;-27;42;0;1
-38;-14;25;1;1
-41;15;49;0;1
-41;2;28;0;1
-39;40;15;0;1
-16;16;21;1;1
-47;-6;44;1;1
-30;-13;20;1;1
-25;33;38;0;1
-19;30;40;1;1
-16;-17;48;1;1
-24;11;46;0;1
-28;-18;27;1;1
-59;3;24;0;1
-30;47;16;1;1
-17;-27;57;0;1
-25;0;39;0;1
-13;-9;42;0;1
-23;-13;52;0;1
-45;-2;24;1;1
-42;2;39;0;1
-34;-32;22;0;1
-43;-1;32;1;1
-14;24;12;0;1
-57;-33;19;0;1
-24;-2;19;0;1
-25;10;48;0;1
-26;-13;23;0;1
-36;24;15;0;1
-47;31;28;0;1
-58;14;24;1;1
-34;31;15;1;1
-30;5;15;0;1
-22;5;48;0;1
-56;-21;26;1;1
-52;10;41;0;1
-25;-30;35;0;1
-66;9;20;0;1
-39;3;13;1;1
-29;42;37;0;1
-43;36;24;0;1
-17;-18;61;0;1
-54;-33;21;0;1
-32;26;15;0;1
-48;35;19;0;1
-19;-18;22;0;1
-25;-22;26;1;1
-18;12;55;0;1
-20;-24;45;1;1
-40;-35;15;0;1
-39;3;22;1;1
-18;-31;37;0;1
-21;-11;30;1;1
-32;27;24;1;1
-55;-33;21;1;1
-41;39;30;0;1
-51;-22;33;0;1
-39;-50;26;1;1
-43;7;17;0;1
-30;10;22;1;1
-46;10;33;0;1
-34;-9;24;1;1
-48;-30;34;0;1
-31;-13;17;1;1
-20;-30;25;1;1
-35;-17;53;0;1
-47;-45;28;0;1
-22;38;44;0;1
-12;-20;37;0;1
-33;-11;17;0;1
-47;45;23;0;1
-25;-4;23;1;1
-29;4;31;0;1
-49;13;26;1;1
-15;-2;29;0;1
-38;-42;40;0;1
-37;-9;53;1;1
-26;21;32;1;1
-23;25;37;0;1
-48;1;18;0;1
-59;30;18;1;1
-21;-22;23;1;1
-21;24;15;0;1
-51;1;26;0;1
-21;-7;51;0;1
-49;-5;46;1;1
-28;0;36;0;1
-56;-29;29;1;1
-24;-22;30;0;1
-25;16;63;1;1
-10;-7;28;0;1
-37;-36;24;0;1
-25;18;21;0;1
-24;-31;16;0;1
-36;33;19;1;1
-23;3;43;0;1
-24;-8;63;1;1
-33;21;19;1;1
-27;30;23;0;1
-25;-34;20;0;1
-26;-2;21;0;1
-18;-16;38;0;1
-17;22;46;0;1
-39;14;13;0;1
-50;-26;31;0;1
-29;-20;28;0;1
-42;-30;18;1;1
-27;20;50;0;1
-30;-3;13;1;1
-26;-25;35;0;1
-17;-24;19;0;1
-37;-7;48;0;1
-32;11;41;1;1
-52;-38;28;1;1
-31;-5;46;1;1
-38;-17;41;0;1
-29;17;38;0;1
-58;13;37;0;1
-25;-43;16;1;1
-26;0;10;0;1
-23;14;19;1;1
-51;15;25;0;1
-54;-31;20;0;1
-44;1;16;0;1
-33;10;45;0;1
-23;32;12;1;1
-10;-13;19;1;1
-20;25;31;0;1
-26;24;52;0;1
-48;-14;35;0;1
-30;26;20;0;1
-19;-5;48;0;1
-60;7;32;0;1
-54;-18;23;1;1
-35;17;38;0;1
-50;15;46;0;1
-18;5;29;0;1
-33;-40;20;0;1
-11;18;50;1;1
-45;19;14;1;1
-19;-32;59;0;1
-14;11;35;0;1
-35;27;20;0;1
-56;0;37;0;1
-22;32;53;0;1
-30;6;54;0;1
-21;31;21;1;1
-28;-15;15;0;1
-46;-40;25;1;1
-55;-8;43;0;1
-48;-2;30;1;1
-26;38;23;0;1
-23;5;11;0;1
-12;-2;31;0;1
-17;27;40;1;1
-30;-20;60;0;1
-22;34;36;0;1
-27;35;27;0;1
-21;10;24;0;1
-40;3;16;0;1
-29;4;40;0;1
-37;5;38;0;1
-13;-19;59;0;1
-36;24;43;0;1
-52;-31;31;0;1
-59;6;19;0;1
-38;-7;39;0;1
-35;48;16;1;1
-28;-37;24;0;1
-36;9;37;0;1
-35;49;18;1;1
-50;8;16;0;1
-57;16;27;0;1
-33;-23;58;1;1
-21;-21;50;1;1
-21;-31;39;0;1
-28;26;42;0;1
-61;-16;20;0;1
-37;46;17;0;1
-17;-27;10;1;1
-15;-5;34;1;1
-39;-9;29;0;1
-27;3;40;0;1
-28;-3;64;0;1
-9;14;34;1;1
-19;-9;50;0;1
-53;12;37;0;1
-57;-23;17;0;1
-49;-7;17;1;1
-20;21;48;1;1
-41;22;29;0;1
-45;-15;47;1;1
-28;2;23;1;1
-28;46;29;0;1
-30;14;51;0;1
-34;-15;48;1;1
-10;13;27;1;1
-60;27;26;0;1
-14;-20;49;0;1
-23;13;35;0;1
-45;29;16;0;1
-37;-49;22;0;1
-64;14;20;1;1
-24;-3;56;0;1
-30;23;44;1;1
-59;-8;36;1;1
-27;-29;55;0;1
-41;-39;26;1;1
-49;9;17;0;1
-52;-14;19;1;1
-17;18;60;0;1
-22;-14;24;0;1
-42;2;47;0;1
-17;25;50;0;1
-38;4;55;1;1
-42;-7;42;0;1
-26;36;31;0;1
-40;-15;14;1;1
-36;36;37;0;1
-45;-12;38;0;1
-16;13;33;0;1
-40;13;51;0;1
-40;-20;22;1;1
-24;20;13;0;1
-51;15;32;0;1
-43;-31;23;0;1
-34;7;18;0;1
-38;39;42;1;1
-18;-13;15;0;1
-39;40;39;0;1
-21;-13;19;0;1
-29;33;34;0;1
-56;4;30;1;1
-29;-19;55;0;1
-27;30;34;0;1
-31;-1;53;0;1
-39;-33;15;1;1
-17;-14;39;1;1
-57;14;32;1;1
-14;19;64;1;1
-45;-25;42;0;1
-23;29;53;1;1
-18;-31;16;0;1
-57;-7;28;1;1
-16;22;42;1;1
-33;-31;48;0;1
-16;-18;44;0;1
-25;-38;47;1;1
-41;-51;27;1;1
-40;-11;27;0;1
-24;-26;52;0;1
-27;-18;58;1;1
-30;-4;63;1;1
-25;26;54;1;1
-20;-26;47;0;1
-18;-27;60;0;1
-55;5;40;1;1
-44;-1;28;1;1
-28;-27;47;0;1
-39;9;34;0;1
-32;53;17;0;1
-42;27;36;1;1
-37;-26;41;1;1
-23;-1;21;0;1
-43;23;29;0;1
-41;-30;23;1;1
-24;-28;60;1;1
-28;40;24;1;1
-44;8;20;1;1
-22;-13;35;0;1
-16;2;31;1;1
-23;32;33;1;1
-42;-32;27;1;1
-34;-38;28;1;1
-65;-2;25;1;1
-49;-36;24;0;1
-36;31;40;0;1
-42;-23;18;0;1
-22;34;25;1;1
-29;1;52;0;1
-40;-30;44;0;1
-24;-16;45;0;1
-53;20;17;0;1
-30;-49;19;1;1
-30;37;25;1;1
-48;-7;44;0;1
-58;16;18;1;1
-41;43;25;0;1
-24;-5;13;0;1
-23;10;53;0;1
-33;-35;35;0;1
-52;3;41;0;1
-42;-11;51;0;1
-26;-29;15;1;1
-36;-22;56;0;1
-17;13;52;0;1
-37;37;19;1;1
-52;15;30;0;1
-23;-22;16;0;1
-28;-6;37;0;1
-25;23;45;0;1
-42;-40;39;0;1
-34;17;29;0;1
-34;4;17;0;1
-38;37;45;1;1
-15;11;46;0;1
-37;14;28;1;1
-50;-33;28;0;1
-25;18;12;1;1
-26;21;46;1;1
-35;39;27;1;1
-23;13;32;1;1
-37;40;32;0;1
-61;10;33;0;1
-58;-26;23;0;1
-23;6;18;1;1
-46;-21;43;1;1
-22;-10;38;0;1
-47;15;43;1;1
-52;-1;35;0;1
-43;-18;16;0;1
-35;-34;41;0;1
-18;-6;51;0;1
-35;-18;13;0;1
-40;-38;24;0;1
-21;-16;61;0;1
-32;-32;18;0;1
-31;29;13;0;1
-57;15;33;0;1
-54;2;44;0;1
-25;-14;49;0;1
-40;14;35;1;1
-34;47;37;1;1
-47;-11;45;0;1
-19;-18;10;1;1
-57;0;30;1;1
-42;-22;42;0;1
-29;-27;35;0;1
-46;-12;40;0;1
-28;1;50;0;1
-24;-12;23;0;1
-17;-23;45;0;1
-31;17;46;0;1
-57;-3;22;0;1
-40;24;30;0;1
-26;-18;40;0;1
-27;44;32;1;1
-43;-4;21;0;1
-28;34;33;0;1
-29;12;54;1;1
-25;-12;47;0;1
-30;10;13;0;1
-17;-3;29;1;1
-27;0;17;1;1
-37;-8;27;0;1
-41;2;44;0;1
-38;-23;23;0;1
-58;1;22;1;1
-48;8;46;1;1
-32;49;18;1;1
-36;13;54;1;1
-21;-32;30;0;1
-54;-9;20;1;1
-28;39;24;0;1
-12;17;18;0;1
-50;12;38;1;1
-41;6;50;0;1
-44;-19;41;0;1
-49;-28;32;1;1
-11;0;30;1;1
-33;42;21;0;1
-30;-45;37;0;1
-29;-19;56;0;1
-32;-7;17;0;1
-39;-18;24;0;1
-39;-46;36;1;1
-20;28;10;1;1
-20;-21;63;0;1
-51;-9;33;0;1
-29;-28;20;0;1
-49;-23;18;0;1
-43;44;31;0;1
-18;24;49;1;1
-36;-6;52;1;1
-39;-6;24;0;1
-50;10;48;0;1
-37;28;53;0;1
-22;-11;42;0;1
-23;-24;22;0;1
-31;40;32;1;1
-27;0;51;0;1
-44;-8;30;0;1
-35;-10;16;0;1
-28;-12;30;0;1
-45;21;45;0;1
-17;26;40;0;1
-21;1;35;1;1
-18;10;31;0;1
-55;-29;20;0;1
-46;-5;16;0;1
-37;-2;60;0;1
-35;32;52;0;1
-51;-3;32;1;1
-27;-16;21;0;1
-52;34;31;0;1
-49;19;39;0;1
-12;-10;34;1;1
-37;-33;22;1;1
-40;51;20;0;1
-56;18;33;0;1
-36;19;29;0;1
-33;12;14;0;1
-17;11;21;0;1
-31;-39;48;0;1
-37;27;42;1;1
-48;-8;43;0;1
-17;-13;22;0;1
-28;4;23;0;1
-40;-27;26;0;1
-21;33;27;1;1
-25;-25;28;1;1
-34;51;33;1;1
-35;-1;50;0;1
-31;0;55;0;1
-41;24;30;0;1
-42;13;53;0;1
-50;3;37;0;1
-14;24;15;0;1
-41;28;35;1;1
-36;-36;15;0;1
-33;-30;18;0;1
-14;14;47;0;1
-23;13;59;0;1
-17;-19;54;0;1
-45;-12;49;0;1
-27;3;52;0;1
-49;22;16;0;1
-44;-3;50;0;1
-40;-38;29;1;1
-46;-12;22;1;1
-49;25;44;1;1
-61;-3;17;0;1
-34;-11;61;1;1
-25;-43;44;1;1
-49;-3;33;1;1
-48;30;30;0;1
-41;37;33;0;1
-18;-26;21;1;1
-44;12;32;0;1
-55;-34;27;1;1
-63;16;21;0;1
-47;30;41;0;1
-30;-14;39;0;1
-45;-27;32;0;1
-34;-26;38;1;1
-18;12;24;0;1
-63;10;20;0;1
-31;-41;19;0;1
-38;-25;16;0;1
-22;28;28;0;1
-61;8;17;0;1
-62;-9;19;1;1
-54;13;24;0;1
-17;0;44;1;1
-31;-7;45;0;1
-34;-52;33;1;1
-26;23;37;1;1
-64;22;19;0;1
-39;-43;26;0;1
-25;-28;35;0;1
-63;9;27;0;1
-27;8;38;1;1
-39;-39;20;0;1
-51;22;39;0;1
-26;-26;10;0;1
-26;3;48;0;1
-61;-14;33;1;1
-25;-18;45;0;1
-36;-20;19;0;1
-50;41;18;0;1
-13;-11;25;1;1
-44;-4;15;1;1
-25;-20;37;0;1
-43;-48;21;1;1
-37;18;32;0;1
-41;34;26;0;1
-38;10;53;0;1
-30;-29;17;1;1
-35;-14;15;1;1
-41;24;21;0;1
-27;-27;53;0;1
-30;19;28;0;1
-20;23;48;1;1
-34;39;33;1;1
-47;-16;47;0;1
-49;-32;37;0;1
-16;3;34;0;1
-31;-34;20;0;1
-48;-14;37;1;1
-27;4;39;1;1
-35;9;33;1;1
-41;9;27;0;1
-31;-17;60;0;1
-33;26;51;0;1
-56;-29;17;0;1
-40;12;29;0;1
-21;27;42;0;1
-34;-36;20;1;1
-33;20;13;0;1
-24;-4;12;0;1
-19;18;48;0;1
-42;4;34;0;1
-50;9;37;0;1
-44;-45;19;0;1
-20;-32;52;0;1
-23;-17;28;0;1
-42;15;36;0;1
-21;-23;29;1;1
-33;39;45;0;1
-43;-24;51;0;1
-53;-5;17;1;1
-50;3;32;1;1
-31;-12;40;0;1
-59;-13;21;1;1
-56;-7;19;1;1
-37;41;20;1;1
-22;-9;42;0;1
-21;26;28;0;1
-15;-24;25;1;1
-31;-18;32;1;1
-24;23;49;1;1
-35;47;27;0;1
-31;15;57;1;1
-25;4;22;0;1
-27;14;39;0;1
-27;-37;30;0;1
-27;-8;47;0;1
-45;-14;52;0;1
-46;-11;33;0;1
-54;-6;44;0;1
-35;35;27;0;1
-18;19;37;0;1
-55;28;22;0;1
-27;17;40;0;1
-36;-20;48;1;1
-37;-28;43;0;1
-34;-40;30;0;1
-28;-25;57;1;1
-28;-48;42;1;1
-37;-19;22;0;1
-20;-20;51;0;1
-52;16;42;0;1
-58;-22;34;1;1
-18;18;44;0;1
-30;-2;36;0;1
-40;-7;12;0;1
-25;24;52;0;1
-32;-16;54;1;1
-35;28;27;1;1
-28;-27;49;1;1
-33;30;46;0;1
-67;2;20;0;1
-32;-39;45;0;1
-15;16;48;0;1
-11;17;34;0;1
-36;5;25;0;1
-26;11;8;1;1
-37;-9;18;1;1
-32;26;37;0;1
-47;17;46;0;1
-52;21;16;0;1
-55;15;28;0;1
-29;49;27;0;1
-35;-35;36;1;1
-23;2;36;0;1
-47;-3;42;0;1
-56;33;18;0;1
-19;-30;30;1;1
-29;-36;37;0;1
-28;41;40;1;1
-16;22;43;0;1
-48;29;26;1;1
-45;-25;33;0;1
-31;-39;47;0;1
-26;-18;27;0;1
-28;46;33;0;1
-36;11;14;0;1
-28;27;35;0;1
-49;-11;39;1;1
-38;-44;31;0;1
-17;11;42;1;1
-49;5;33;1;1
-24;-24;11;0;1
-31;-32;27;0;1
-31;-9;36;1;1
-35;33;34;0;1
-37;-52;27;0;1
-51;0;22;0;1
-26;-39;53;1;1
-10;-12;19;0;1
-27;-2;21;0;1
-55;24;35;0;1
-52;-12;21;0;1
-35;4;34;0;1
-42;27;22;0;1
-23;-7;62;0;1
-34;-31;29;1;1
-30;2;33;1;1
-51;7;36;0;1
-36;-41;24;0;1
-43;14;29;0;1
-20;21;13;0;1
-17;-15;59;0;1
-23;16;19;1;1
-26;-24;59;1;1
-39;-8;27;0;1
-23;-2;51;0;1
-13;-18;35;1;1
-43;-17;29;0;1
-40;2;24;0;1
-8;8;25;0;1
-57;32;19;0;1
-43;-22;36;0;1
-47;2;45;0;1
-43;10;14;0;1
-14;-23;40;1;1
-40;-35;16;0;1
-54;34;28;1;1
-19;-14;11;0;1
-40;17;44;1;1
-23;10;23;1;1
-16;27;17;0;1
-47;-2;53;0;1
-29;-9;12;0;1
-12;20;54;0;1
-20;29;14;0;1
-55;16;22;0;1
-24;-11;32;0;1
-43;31;36;0;1
-17;-27;17;0;1
-46;-8;32;0;1
-21;-19;60;0;1
-32;24;20;1;1
-25;-13;22;1;1
-52;-7;33;0;1
-56;-7;18;0;1
-44;-32;32;0;1
-14;-21;27;1;1
-20;-27;52;1;1
-45;-11;38;0;1
-27;-24;22;1;1
-36;-32;41;0;1
-20;2;40;0;1
-38;-12;41;1;1
-10;11;31;0;1
-29;17;51;1;1
-22;11;24;0;1
-17;-13;53;0;1
-46;-27;28;1;1
-40;13;44;0;1
-34;-19;23;0;1
-37;-53;29;0;1
-26;18;30;0;1
-23;-2;50;1;1
-29;-5;25;0;1
-40;-26;43;0;1
-27;30;27;0;1
-41;-6;44;1;1
-22;-16;64;0;1
-22;35;42;0;1
-42;-10;37;0;1
-59;-7;21;1;1
-26;-7;26;1;1
-39;-35;35;0;1
-50;-13;47;0;1
-48;5;26;1;1
-33;7;32;0;1
-32;-48;31;0;1
-54;13;34;0;1
-46;30;34;1;1
-25;-18;35;0;1
-39;25;36;1;1
-44;-37;24;0;1
-28;47;18;1;1
-28;16;55;0;1
-38;14;45;0;1
-54;18;31;1;1
-22;-15;8;0;1
-29;8;9;0;1
-39;31;49;1;1
-56;-18;32;0;1
-49;17;28;1;1
-31;8;16;1;1
-16;-1;43;1;1
-35;-32;21;0;1
-22;-14;45;0;1
-51;15;47;0;1
-24;-28;17;0;1
-51;-28;23;1;1
-23;-17;16;0;1
-38;-28;28;0;1
-17;28;34;0;1
-49;11;20;1;1
-60;24;29;0;1
-16;4;44;0;1
-28;-28;51;0;1
-26;7;20;0;1
-32;-33;53;1;1
-44;16;52;0;1
-21;-32;29;0;1
-51;11;30;0;1
-41;-13;25;1;1
-21;-3;54;1;1
-11;-15;43;0;1
-30;15;45;1;1
-51;-1;30;0;1
-48;-27;42;0;1
-57;8;34;0;1
-50;3;28;0;1
-44;21;34;0;1
-44;-2;23;0;1
-19;-16;29;0;1
-27;-14;33;1;1
-35;4;22;0;1
-24;32;54;0;1
-50;-25;29;0;1
-35;46;17;0;1
-24;14;32;0;1
-18;-23;64;0;1
-40;-23;52;0;1
-57;-15;38;0;1
-24;-21;26;1;1
-37;47;21;0;1
-41;-17;37;1;1
-21;2;40;1;1
-23;28;41;0;1
-46;37;29;0;1
-46;11;36;1;1
-25;-23;45;0;1
-62;21;21;1;1
-27;-40;39;1;1
-31;-23;59;0;1
-31;13;52;0;1
-23;15;45;1;1
-44;5;40;0;1
-24;-21;46;0;1
-41;42;28;0;1
-30;-44;16;1;1
-39;-38;34;0;1
-40;4;16;1;1
-28;4;28;0;1
-55;35;26;0;1
-29;-2;51;0;1
-20;17;33;0;1
-32;41;47;0;1
-34;23;29;0;1
-43;-12;50;0;1
-26;-32;28;1;1
-43;-17;40;1;1
-22;-9;35;0;1
-47;-6;52;0;1
-16;21;31;0;1
-29;14;38;1;1
-17;8;46;1;1
-23;-13;45;0;1
-38;-36;43;1;1
-19;11;22;1;1
-32;24;13;1;1
-49;-1;24;0;1
-23;28;16;0;1
-18;21;50;0;1
-15;21;8;1;1
-40;-13;44;0;1
-51;-1;36;0;1
-31;33;45;1;1
-27;0;9;1;1
-41;39;19;1;1
-19;-16;55;0;1
-45;-13;19;1;1
-61;-1;36;1;1
-22;-3;44;0;1
-19;-5;45;0;1
-36;15;46;0;1
-31;24;23;1;1
-28;44;29;0;1
-13;-9;33;0;1
-50;13;21;0;1
-32;24;58;0;1
-25;43;18;0;1
-39;20;41;1;1
-32;33;32;1;1
-33;10;60;0;1
-15;-15;43;1;1
-17;-23;19;0;1
-21;-10;19;1;1
-25;-30;25;0;1
-17;29;15;0;1
-28;-18;20;1;1
-63;14;20;1;1
-19;-30;15;0;1
-20;18;60;1;1
-24;18;58;1;1
-36;32;13;0;1
-32;13;59;0;1
-36;-31;47;1;1
-26;-33;48;1;1
-24;-36;18;0;1
-33;-4;42;1;1
-41;-31;22;1;1
-20;15;53;0;1
-47;-26;42;0;1
-38;4;26;0;1
-34;13;35;0;1
-44;-9;47;1;1
-8;-12;26;1;1
-41;-22;48;1;1
-33;20;57;0;1
-56;-6;18;1;1
-43;2;13;0;1
-22;-8;30;1;1
-44;-31;36;1;1
-39;-14;21;1;1
-23;9;11;0;1
-23;6;55;1;1
-43;-12;14;1;1
-37;3;41;1;1
-63;-9;19;0;1
-37;22;22;0;1
-42;1;49;0;1
-21;29;35;0;1
-24;-41;51;0;1
-28;48;40;0;1
-20;22;40;0;1
-39;-33;32;0;1
-49;12;46;1;1
-57;-11;27;1;1
-35;-6;46;1;1
-19;20;35;0;1
-48;-36;31;1;1
-14;22;50;0;1
-45;15;46;1;1
-29;20;54;0;1
-43;-37;42;1;1
-19;-9;32;0;1
-47;0;13;1;1
-48;36;30;1;1
-60;27;22;1;1
-26;16;43;0;1
-17;-17;41;1;1
-32;20;33;0;1
-45;-22;41;1;1
-19;-30;26;1;1
-37;-45;21;1;1
-46;-4;38;0;1
-28;-19;57;0;1
-32;-33;48;0;1
-13;17;45;0;1
-28;-29;48;0;1
-42;19;48;0;1
-61;-21;25;0;1
-27;27;47;0;1
-39;-9;14;0;1
-45;33;22;0;1
-35;-25;29;0;1
-51;4;14;0;1
-33;6;26;0;1
-33;-5;62;1;1
-49;-16;25;0;1
-53;-23;36;0;1
-15;9;38;1;1
-21;19;18;0;1
-29;1;62;1;1
-18;-18;33;0;1
-42;46;21;0;1
-30;-7;17;1;1
-30;20;45;0;1
-53;34;30;0;1
-18;24;55;1;1
-29;-33;43;0;1
-53;-33;23;0;1
-38;-4;44;0;1
-41;-25;18;1;1
-34;30;23;0;1
-25;9;13;0;1
-28;-47;30;0;1
-19;-29;58;0;1
-42;0;17;1;1
-27;-23;24;0;1
-26;-41;28;0;1
-29;9;26;1;1
-55;9;28;0;1
-22;-22;26;0;1
-30;39;25;1;1
-49;-33;18;0;1
-42;1;13;0;1
-19;-27;32;1;1
-37;17;37;0;1
-22;-29;21;1;1
-24;4;12;1;1
-27;-25;28;1;1
-28;47;19;0;1
-19;-1;35;1;1
-29;18;21;0;1
-14;12;43;0;1
-26;-38;20;1;1
-30;-12;23;0;1
-13;14;37;0;1
-52;-30;27;1;1
-30;43;24;1;1
-57;-14;18;0;1
-36;14;36;0;1
-55;-5;42;1;1
-59;-7;33;0;1
-46;9;23;1;1
-28;-23;55;0;1
-37;-15;41;0;1
-20;-15;12;0;1
-34;25;28;0;1
-22;-26;54;0;1
-44;20;43;0;1
-44;-34;22;0;1
-21;-23;31;1;1
-35;-9;45;0;1
-35;28;49;1;1
-19;0;32;1;1
-58;-1;31;1;1
-61;-12;31;1;1
-24;-12;60;1;1
-63;18;20;0;1
-26;22;34;1;1
-46;-7;14;1;1
-42;45;19;1;1
-49;-2;47;0;1
-16;14;30;0;1
-36;-21;27;0;1
-34;33;23;0;1
-27;-45;20;0;1
-32;-40;14;0;1
-57;-21;36;0;1
-57;5;25;0;1
-18;-17;64;1;1
-47;9;40;0;1
-55;-5;43;0;1
-28;-4;44;0;1
-46;-9;13;0;1
-65;-8;20;0;1
-23;-36;48;0;1
-37;20;33;1;1
-33;-34;46;0;1
-19;5;20;0;1
-61;-6;25;0;1
-17;-17;9;0;1
-7;-12;27;0;1
-32;-43;33;1;1
-35;-29;17;0;1
-21;-21;58;0;1
-36;39;33;0;1
-48;23;18;1;1
-54;17;28;0;1
-28;15;48;0;1
-31;26;38;0;1
-45;-3;53;0;1
-53;-14;36;1;1
-19;23;9;0;1
-21;24;10;1;1
-49;-40;28;0;1
-17;-10;16;1;1
-53;4;16;1;1
-23;-20;59;0;1
-48;-42;27;0;1
-25;-22;25;1;1
-40;45;29;1;1
-35;-29;35;0;1
-24;-11;19;0;1
-39;-20;47;0;1
-57;-1;37;1;1
-24;10;51;1;1
-23;25;51;0;1
-43;23;38;0;1
-19;-10;46;0;1
-43;11;34;1;1
-29;-31;30;0;1
-43;18;35;0;1
-50;-33;18;1;1
-26;-29;26;1;1
-42;-1;55;0;1
-41;-45;24;1;1
-29;6;22;1;1
-33;-31;53;1;1
-30;-26;17;0;1
-56;-19;17;0;1
-33;-28;39;1;1
-35;-32;24;0;1
-37;-45;19;0;1
-34;-11;51;0;1
-27;8;56;0;1
-52;-38;19;0;1
-47;-25;22;0;1
-23;38;55;0;1
-56;4;33;0;1
-54;38;20;0;1
-27;23;55;0;1
-29;-1;60;0;1
-39;-26;26;1;1
-48;-26;30;1;1
-27;7;11;0;1
-34;-11;17;1;1
-44;11;20;0;1
-47;-3;38;1;1
-37;-9;25;0;1
-55;-1;35;0;1
-29;49;26;1;1
-18;5;39;0;1
-46;2;20;1;1
-37;-8;13;1;1
-14;-17;48;0;1
-15;16;52;0;1
-14;-12;32;1;1
-46;-19;18;1;1
-31;13;53;0;1
-21;26;11;0;1
-41;-22;40;0;1
-30;-3;57;1;1
-46;-2;47;1;1
-52;1;28;1;1
-44;-29;27;0;1
-19;31;17;0;1
-56;-1;30;0;1
-42;17;35;0;1
-28;26;17;0;1
-15;-2;20;0;1
-30;-4;35;1;1
-9;5;25;0;1
-46;38;17;0;1
-23;25;60;0;1
-31;28;28;0;1
-11;16;42;0;1
-17;-3;38;0;1
-14;20;13;1;1
-61;-28;18;0;1
-22;-32;37;0;1
-57;33;24;0;1
-35;-21;43;0;1
-52;-5;45;1;1
-33;43;19;1;1
-36;-28;23;0;1
-30;-1;17;0;1
-44;23;46;0;1
-11;17;47;0;1
-33;26;52;0;1
-25;-22;62;1;1
-50;14;29;0;1
-12;-12;30;0;1
-44;-12;19;1;1
-45;-40;23;0;1
-23;-6;59;0;1
-53;29;37;0;1
-36;-2;55;1;1
-44;7;30;0;1
-17;22;13;1;1
-23;-4;29;1;1
-36;-18;17;0;1
-15;20;30;1;1
-33;47;17;1;1
-35;-19;35;1;1
-34;-13;55;1;1
-28;-34;36;0;1
-26;-28;52;1;1
-37;4;60;0;1
-22;22;43;1;1
-13;-20;54;0;1
-59;16;34;1;1
-10;13;39;1;1
-47;-8;44;0;1
-24;3;22;0;1
-23;21;36;1;1
-21;31;52;0;1
-34;50;26;0;1
-27;-1;51;1;1
-27;19;43;0;1
-29;48;31;1;1
-28;-2;38;0;1
-55;-7;30;0;1
-24;18;55;1;1
-16;-21;24;0;1
-22;4;20;0;1
-29;-34;35;0;1
-24;-1;18;1;1
-8;8;23;1;1
-62;-23;20;0;1
-34;-1;51;0;1
-31;6;16;1;1
-27;8;32;1;1
-58;8;35;0;1
-44;-46;24;1;1
-38;52;25;0;1
-53;35;22;0;1
-17;17;11;1;1
-28;12;44;0;1
-57;-18;36;0;1
-24;39;30;1;1
-18;-29;31;0;1
-21;9;43;0;1
-48;19;28;0;1
-32;30;50;0;1
-26;-40;43;0;1
-49;-33;29;0;1
-23;39;47;0;1
-34;-29;32;1;1
-37;50;30;0;1
-16;-1;41;0;1
-30;28;24;0;1
-25;25;37;0;1
-31;-37;27;1;1
-41;-43;19;0;1
-50;31;23;0;1
-39;16;36;0;1
-47;28;42;1;1
-30;-21;56;0;1
-29;20;28;0;1
-20;0;25;0;1
-19;-22;59;0;1
-26;-23;54;1;1
-37;-33;37;1;1
-39;-13;19;0;1
-37;17;43;0;1
-39;7;56;1;1
-15;16;56;1;1
-15;-2;28;1;1
-38;16;30;0;1
-26;-16;34;0;1
-17;12;38;1;1
-21;-13;24;0;1
-29;42;24;1;1
-18;23;14;0;1
-25;16;38;0;1
-22;-21;29;0;1
-18;-21;43;0;1
-45;32;40;0;1
-44;2;47;0;1
-27;-11;43;0;1
-22;-18;27;0;1
-41;-32;26;0;1
-30;-20;28;1;1
-54;-24;30;1;1
-19;-29;61;1;1
-22;18;49;0;1
-50;-6;29;0;1
-25;38;41;0;1
-53;2;46;0;1
-59;9;16;1;1
-18;18;31;0;1
-39;-35;29;0;1
-60;22;27;0;1
-47;5;15;0;1
-18;-20;56;0;1
-46;-13;40;1;1
-35;7;17;1;1
-22;22;15;0;1
-49;-31;30;1;1
-39;-16;39;1;1
-47;22;34;0;1
-21;36;13;0;1
-53;9;24;1;1
-26;3;55;0;1
-62;-3;34;0;1
-24;12;42;0;1
-51;-42;19;1;1
-28;-27;56;0;1
-31;-53;25;0;1
-40;18;12;0;1
-35;13;46;1;1
-14;-13;49;1;1
-39;2;44;0;1
-15;8;41;1;1
-56;-14;27;1;1
-30;-27;16;0;1
-51;-16;33;0;1
-40;-31;18;1;1
-34;-30;19;1;1
-30;-36;41;1;1
-45;14;13;0;1
-46;34;18;0;1
-20;-7;14;0;1
-39;-8;43;1;1
-23;10;46;0;1
-30;-25;34;0;1
-22;-19;45;1;1
-35;9;45;0;1
-62;-11;32;0;1
-32;36;36;0;1
-39;21;22;1;1
-54;-14;25;0;1
-53;-26;27;1;1
-19;29;58;0;1
-34;45;37;0;1
-15;24;9;1;1
-46;14;20;0;1
-19;-21;46;1;1
-56;31;18;1;1
-52;34;18;0;1
-26;14;38;0;1
-34;29;22;0;1
-46;2;13;0;1
-24;-7;25;1;1
-31;41;31;1;1
-15;-19;45;0;1
-11;15;17;0;1
-54;-17;19;0;1
-50;-17;37;0;1
-40;-43;22;0;1
-54;31;30;0;1
-50;33;26;0;1
-39;18;13;1;1
-31;-19;50;1;1
-51;35;20;1;1
-12;-18;48;1;1
-11;18;23;0;1
-25;26;48;1;1
-17;-23;18;1;1
-36;9;17;1;1
-14;-23;54;0;1
-28;8;43;1;1
-29;24;28;0;1
-65;7;18;0;1
-13;8;28;1;1
-38;24;15;0;1
-19;-24;37;0;1
-35;14;19;1;1
-35;36;17;0;1
-52;-31;18;1;1
-38;34;15;0;1
-44;-8;45;0;1
-43;-9;47;1;1
-38;-51;31;0;1
-20;20;52;0;1
-25;-6;43;0;1
-63;-18;18;0;1
-52;-9;41;1;1
-24;18;39;0;1
-21;20;39;0;1
-30;5;35;1;1
-25;-3;7;1;1
-40;8;49;0;1
-26;-27;43;0;1
-35;47;28;0;1
-45;-2;42;0;1
-26;43;14;1;1
-32;-25;43;0;1
-24;22;21;0;1
-33;16;14;0;1
-14;17;44;0;1
-35;18;26;0;1
-14;-7;32;1;1
-29;32;48;1;1
-49;12;28;1;1
-56;12;23;1;1
-20;-20;58;0;1
-46;-13;41;0;1
-23;-11;44;0;1
-46;-9;24;1;1
-55;20;38;0;1
-32;-2;42;1;1
-29;-29;14;0;1
-59;0;35;0;1
-16;-26;63;1;1
-21;23;39;0;1
-19;-7;19;0;1
-10;-11;38;0;1
-27;27;13;0;1
-37;-32;31;1;1
-13;-13;43;0;1
-19;20;12;0;1
-13;13;34;1;1
-55;12;41;0;1
-21;-25;44;0;1
-45;29;26;0;1
-40;12;48;0;1
-16;-22;43;0;1
-32;16;50;0;1
-24;-16;40;0;1
-28;22;12;1;1
-39;5;58;0;1
-27;15;41;1;1
-15;-8;36;0;1
-50;-5;22;0;1
-17;17;10;1;1
-42;-26;48;0;1
-29;-1;17;1;1
-45;-23;40;1;1
-22;-12;11;1;1
-19;-25;35;1;1
-22;-10;32;0;1
-40;-39;30;0;1
-31;27;49;0;1
-24;40;40;0;1
-55;-36;26;0;1
-51;24;38;1;1
-41;-20;40;0;1
-24;12;61;0;1
-29;-20;35;1;1
-40;38;25;1;1
-25;-20;29;0;1
-21;-7;39;1;1
-38;26;42;1;1
-32;15;22;1;1
-54;-7;42;1;1
-34;8;55;0;1
-19;29;47;0;1
-23;33;12;0;1
-17;15;12;1;1
-25;-15;17;0;1
-17;14;20;0;1
-28;10;22;1;1
-59;-21;24;0;1
-32;6;28;1;1
-26;36;47;0;1
-21;27;55;0;1
-28;34;27;1;1
-18;-12;19;1;1
-64;-10;25;0;1
-31;34;30;1;1
-43;11;19;0;1
-23;-26;15;0;1
-19;-22;13;0;1
-33;19;40;1;1
-48;-13;22;1;1
-31;37;15;0;1
-37;12;16;1;1
-41;-35;28;0;1
-24;21;62;1;1
-52;3;25;0;1
-59;7;32;0;1
-48;6;14;1;1
-17;11;18;0;1
-36;-5;50;0;1
-16;-26;18;0;1
-33;17;57;0;1
-41;8;43;1;1
-37;43;23;0;1
-56;-14;16;0;1
-35;-23;57;0;1
-38;17;44;1;1
-22;16;11;0;1
-42;27;49;0;1
-54;18;18;1;1
-15;3;33;1;1
-48;-32;40;0;1
-42;25;29;0;1
-58;-15;36;1;1
-56;2;25;0;1
-45;-21;25;0;1
-35;24;40;1;1
-37;-14;56;0;1
-24;-1;15;1;1
-58;16;25;0;1
-54;-21;31;0;1
-15;-15;18;0;1
-14;-17;18;0;1
-20;17;28;0;1
-38;20;16;0;1
-33;-20;31;1;1
-54;7;32;0;1
-30;21;29;1;1
-59;-4;34;0;1
-22;20;59;1;1
-26;-27;21;0;1
-24;-8;38;1;1
-25;-13;52;0;1
-30;35;48;1;1
-30;41;39;0;1
-46;45;24;0;1
-32;33;39;1;1
-43;-19;40;1;1
-21;22;28;0;1
-31;-13;52;0;1
-46;-8;24;0;1
-35;-43;33;0;1
-33;-45;15;0;1
-23;19;18;0;1
-31;-9;18;0;1
-65;5;23;0;1
-42;46;27;0;1
-38;-26;48;0;1
-44;-3;35;1;1
-31;-18;48;0;1
-28;-22;38;0;1
-28;-48;44;1;1
-37;9;44;0;1
-19;-4;29;0;1
-39;2;42;1;1
-12;4;23;0;1
-31;-40;16;0;1
-36;39;22;1;1
-59;-2;37;0;1
-31;-34;33;0;1
-38;-27;44;0;1
-23;-36;31;1;1
-23;1;47;1;1
-35;51;23;1;1
-38;31;44;0;1
-46;-32;28;1;1
-36;2;47;0;1
-27;2;60;1;1
-36;17;25;0;1
-21;27;10;1;1
-27;-44;21;0;1
-46;33;41;1;1
-32;41;43;1;1
-46;17;27;1;1
-21;14;8;1;1
-29;36;34;0;1
-35;9;14;0;1
-48;2;14;0;1
-41;20;39;0;1
-38;8;29;0;1
-45;-30;39;0;1
-26;14;25;0;1
-38;-30;44;0;1
-34;-21;55;0;1
-47;-6;34;0;1
-56;37;18;1;1
-39;38;28;0;1
-21;23;54;0;1
-43;-6;15;0;1
-29;5;32;0;1
-28;11;11;1;1
-51;-31;32;0;1
-45;17;30;0;1
-41;-29;44;0;1
-46;-17;46;0;1
-36;-19;29;0;1
-28;-6;14;0;1
-59;-8;21;0;1
-36;-37;43;0;1
-38;-12;52;0;1
-31;47;39;0;1
-29;-45;33;1;1
-16;-8;35;1;1
-37;-43;22;0;1
-19;23;51;0;1
-35;-58;20;0;1
-53;3;39;1;1
-46;2;26;0;1
-58;6;17;0;1
-26;21;61;1;1
-32;-19;11;1;1
-37;-37;48;0;1
-50;-14;44;0;1
-28;9;14;0;1
-39;-18;16;1;1
-28;3;60;0;1
-36;-45;16;0;1
-40;-21;20;0;1
-42;23;16;1;1
-40;-11;52;0;1
-21;-24;37;1;1
-31;45;27;0;1
-36;1;39;0;1
-22;-28;38;1;1
-46;-21;26;1;1
-31;-22;14;0;1
-12;16;43;0;1
-43;-15;36;0;1
-63;-7;26;0;1
-36;3;33;0;1
-12;18;31;0;1
-36;-1;25;0;1
-25;41;31;1;1
-16;-1;25;0;1
-23;23;15;0;1
-30;22;31;0;1
-23;-39;14;1;1
-13;21;44;0;1
-30;-44;23;0;1
-25;13;57;0;1
-13;-17;38;0;1
-48;-14;17;0;1
-22;-20;55;1;1
-32;19;12;0;1
-52;-40;25;1;1
-43;42;30;1;1
-12;-4;23;1;1
-31;8;11;0;1
-15;-5;28;1;1
-32;21;12;0;1
-64;5;26;0;1
-40;24;25;0;1
-25;24;59;0;1
-53;19;24;0;1
-32;8;54;1;1
-67;3;19;0;1
-47;16;23;1;1
-50;-4;34;1;1
-46;-20;44;0;1
-40;39;42;1;1
-35;7;42;0;1
-21;-12;64;1;1
-46;-35;36;1;1
-29;-27;43;1;1
-25;-15;35;1;1
-52;9;39;1;1
-28;-39;32;1;1
-46;-34;29;1;1
-20;-20;53;0;1
-25;17;60;1;1
-19;-26;13;0;1
-36;37;26;0;1
-25;6;12;1;1
-32;31;51;1;1
-39;6;11;0;1
-27;-24;61;0;1
-24;17;31;0;1
-19;-1;42;0;1
-26;6;31;0;1
-17;18;15;0;1
-31;34;28;1;1
-36;-25;53;1;1
-41;6;38;0;1
-34;-41;26;0;1
-36;-15;16;1;1
-28;5;44;0;1
-27;0;11;1;1
-28;13;47;0;1
-37;3;13;0;1
-23;21;48;0;1
-36;-25;39;0;1
-28;-14;30;0;1
-23;-16;28;0;1
-44;36;34;0;1
-42;29;44;0;1
-50;16;30;1;1
-14;24;60;0;1
-46;-14;15;1;1
-22;-14;10;0;1
-10;-15;35;0;1
-29;17;17;0;1
-23;3;45;1;1
-26;6;8;0;1
-45;-41;26;0;1
-28;44;45;1;1
-31;20;29;0;1
-30;-2;29;1;1
-46;4;47;0;1
-25;19;43;0;1
-20;9;31;0;1
-44;-22;45;0;1
-41;-6;41;0;1
-36;-15;44;1;1
-43;44;26;0;1
-24;-10;46;0;1
-58;-15;30;1;1
-32;-5;31;0;1
-25;-35;21;0;1
-46;-19;15;0;1
-54;-4;34;1;1
-36;-2;53;0;1
-12;8;31;1;1
-23;4;35;1;1
-56;21;26;0;1
-40;1;41;0;1
-44;-30;29;1;1
-28;-3;53;0;1
-34;57;23;1;1
-43;-1;54;0;1
-45;-7;24;0;1
-26;-14;51;0;1
-31;30;38;0;1
-54;-21;21;0;1
-26;32;22;0;1
-41;-11;44;0;1
-23;-16;33;0;1
-26;-2;35;0;1
-53;32;22;0;1
-23;34;22;0;1
-21;26;49;1;1
-56;28;33;1;1
-34;5;45;0;1
-17;-29;51;0;1
-32;-2;35;1;1
-31;5;34;1;1
-51;4;35;0;1
-45;43;29;0;1
-33;34;49;1;1
-34;23;49;0;1
-43;-26;16;0;1
-30;23;32;1;1
-44;34;32;1;1
-66;-1;22;0;1
-25;-6;48;1;1
-31;9;59;0;1
-28;-18;26;1;1
-6;-9;22;1;1
-28;-3;52;0;1
-19;-3;29;0;1
-36;40;44;0;1
-17;-8;40;0;1
-52;-6;34;0;1
-16;19;54;1;1
-32;-24;41;0;1
-48;-4;33;0;1
-28;16;40;0;1
-45;37;33;1;1
-26;-18;22;0;1
-14;24;33;1;1
-13;12;46;0;1
-40;16;49;0;1
-35;-52;33;1;1
-17;4;37;0;1
-39;-12;40;1;1
-61;-17;27;0;1
-16;25;62;0;1
-55;13;42;0;1
-43;-3;31;0;1
-33;-49;34;1;1
-46;42;31;0;1
-65;-2;28;1;1
-50;12;28;0;1
-64;12;28;0;1
-64;20;22;1;1
-29;-25;16;1;1
-35;22;20;0;1
-31;26;43;0;1
-39;-30;31;1;1
-49;18;40;0;1
-28;4;25;1;1
-23;-15;36;0;1
-56;3;21;0;1
-45;-25;20;0;1
-38;-27;17;0;1
-17;23;61;1;1
-14;-19;10;0;1
-32;10;45;1;1
-37;-48;29;0;1
-38;-5;16;0;1
-18;19;10;0;1
-19;23;31;0;1
-32;-31;42;0;1
-32;43;46;0;1
-33;12;24;1;1
-17;-1;34;0;1
-48;0;19;1;1
-40;-7;33;0;1
-28;13;26;0;1
-26;28;38;0;1
-29;4;22;0;1
-31;38;15;0;1
-25;20;20;0;1
-48;-28;27;0;1
-27;-11;24;0;1
-36;27;34;1;1
-23;-9;10;0;1
-53;28;18;1;1
-16;-12;37;1;1
-18;30;51;1;1
-26;-10;10;0;1
-53;-28;36;0;1
-19;5;32;0;1
-31;-48;41;0;1
-40;-31;44;0;1
-46;-34;33;0;1
-42;-25;17;1;1
-44;-48;26;0;1
-31;-22;41;0;1
-36;-27;23;0;1
-56;4;18;1;1
-37;23;12;0;1
-27;8;34;0;1
-19;2;29;0;1
-30;-28;46;1;1
-40;-32;26;1;1
-34;-2;12;0;1
-30;-23;48;0;1
-33;-36;17;1;1
-53;-23;21;0;1
-35;-1;10;1;1
-50;20;16;1;1
-17;-20;18;0;1
-29;2;41;0;1
-32;-23;15;1;1
-54;-3;26;0;1
-58;26;18;0;1
-18;-17;13;0;1
-32;0;44;0;1
-16;-20;37;0;1
-49;-22;43;1;1
-20;8;53;1;1
-30;28;25;0;1
-34;-15;26;0;1
-27;-39;14;1;1
-22;26;30;0;1
-64;7;29;1;1
-13;6;22;0;1
-44;-20;34;0;1
-40;-17;26;0;1
-28;-7;44;0;1
-16;-8;29;1;1
-24;5;63;1;1
-44;9;54;0;1
-28;26;36;0;1
-45;2;20;1;1
-19;29;45;0;1
-20;-17;57;0;1
-31;26;32;0;1
-39;49;24;1;1
-15;17;22;0;1
-46;7;21;0;1
-30;13;17;0;1
-21;30;55;0;1
-35;38;21;0;1
-31;13;51;0;1
-48;19;39;0;1
-43;19;16;0;1
-60;-6;24;0;1
-44;8;47;0;1
-49;11;31;0;1
-38;-2;45;0;1
-27;40;20;0;1
-29;6;31;0;1
-42;-16;23;0;1
-46;-31;42;0;1
-23;39;44;1;1
-45;-37;36;0;1
-45;-2;50;0;1
-24;-9;64;0;1
-41;30;49;0;1
-33;-9;49;1;1
-39;20;16;1;1
-47;-16;29;1;1
-36;40;26;0;1
-33;26;56;0;1
-38;-11;27;0;1
-27;-8;48;0;1
-14;-6;26;0;1
-41;29;17;1;1
-47;13;16;0;1
-47;14;25;0;1
-40;7;15;1;1
-47;-26;21;0;1
-13;22;12;0;1
-16;18;61;1;1
-43;40;23;1;1
-24;-30;21;1;1
-62;-15;31;0;1
-52;-17;45;1;1
-28;15;17;0;1
-25;22;44;0;1
-15;-3;37;1;1
-10;-8;23;0;1
-48;35;23;0;1
-42;-11;20;1;1
-44;28;48;0;1
-49;-27;23;0;1
-14;11;20;1;1
-34;-32;52;1;1
-36;-32;27;1;1
-27;14;49;1;1
-28;-32;13;0;1
-22;-8;47;1;1
-57;31;23;1;1
-35;-1;44;0;1
-21;18;31;1;1
-36;-8;17;1;1
-36;-36;21;0;1
-15;-18;28;1;1
-46;1;19;0;1
-34;42;33;0;1
-41;-5;37;0;1
-26;19;36;0;1
-56;-2;19;1;1
-14;14;37;1;1
-57;1;16;0;1
-33;38;32;1;1
-28;-15;52;1;1
-40;31;43;1;1
-17;13;19;0;1
-57;18;26;0;1
-46;-4;41;1;1
-51;7;14;0;1
-52;7;17;0;1
-31;5;36;1;1
-31;-36;24;0;1
-38;-46;26;0;1
-64;8;26;1;1
-48;-16;17;0;1
-42;-32;30;0;1
-44;-32;37;1;1
-26;13;40;1;1
-33;-47;29;0;1
-19;30;34;1;1
-33;-25;44;0;1
-32;25;30;0;1
-33;23;21;1;1
-51;39;20;1;1
-32;-24;36;0;1
-52;-40;22;0;1
-21;15;18;0;1
-39;-38;26;1;1
-55;-12;21;0;1
-18;-14;16;1;1
-48;13;41;1;1
-35;-26;32;1;1
-44;0;14;0;1
-16;-4;26;1;1
-46;27;36;1;1
-44;-31;16;0;1
-25;-27;24;0;1
-33;-42;39;0;1
-29;28;46;0;1
-32;30;14;0;1
-38;-26;25;0;1
-34;28;24;1;1
-32;-40;44;0;1
-26;4;29;0;1
-34;20;23;0;1
-18;-20;29;1;1
-34;17;42;0;1
-36;-30;25;0;1
-43;-9;28;0;1
-27;-10;27;0;1
-13;-22;41;1;1
-23;-35;56;0;1
-22;-26;12;1;1
-22;15;44;0;1
-31;-22;23;1;1
-36;-6;16;0;1
-32;-5;50;1;1
-37;-15;40;0;1
-51;13;16;1;1
-44;2;40;0;1
-54;13;27;0;1
-26;9;53;1;1
-50;10;20;1;1
-45;1;33;0;1
-16;-3;38;0;1
-51;30;32;0;1
-40;-29;41;0;1
-36;1;30;1;1
-23;34;28;0;1
-16;-27;37;0;1
-32;31;38;1;1
-25;-3;52;0;1
-54;17;36;1;1
-15;-10;31;1;1
-32;-20;15;1;1
-62;-13;32;0;1
-61;15;21;1;1
-22;-32;22;0;1
-28;-42;46;0;1
-29;19;46;1;1
-29;-33;30;1;1
-36;13;35;0;1
-53;-37;25;0;1
-37;-40;15;1;1
-16;-25;24;0;1
-37;-37;37;0;1
-28;-47;18;1;1
-36;-30;15;0;1
-38;21;40;0;1
-23;-22;42;1;1
-26;-35;41;0;1
-40;27;32;0;1
-38;6;23;1;1
-37;-14;20;0;1
-35;53;29;0;1
-28;9;10;0;1
-39;18;19;1;1
-41;12;45;0;1
-24;26;61;1;1
-38;-42;20;0;1
-30;-37;35;1;1
-56;18;24;0;1
-29;-23;12;0;1
-40;1;30;1;1
-50;3;50;0;1
-44;-8;41;0;1
-26;-31;55;1;1
-20;-19;19;0;1
-41;-34;30;1;1
-32;33;54;0;1
-37;13;19;1;1
-25;-19;21;1;1
-24;-21;44;1;1
-34;44;18;1;1
-29;9;57;1;1
-28;-1;41;0;1
-29;16;47;1;1
-25;29;17;1;1
-42;28;47;1;1
-32;49;34;0;1
-34;21;40;0;1
-18;-14;51;0;1
-57;-11;25;0;1
-61;8;30;0;1
-44;-10;15;1;1
-45;-19;35;0;1
-39;40;32;1;1
-27;20;29;1;1
-34;21;31;0;1
-20;32;15;0;1
-28;18;22;0;1
-26;22;22;0;1
-59;8;31;0;1
-42;-11;21;0;1
-57;1;38;1;1
-31;-37;32;0;1
-22;-3;31;0;1
-24;-12;32;0;1
-43;-7;49;0;1
-26;-35;43;1;1
-27;37;18;0;1
-23;-27;50;0;1
-51;36;31;0;1
-21;-16;22;0;1
-38;19;54;1;1
-14;19;60;0;1
-31;39;17;0;1
-19;1;19;1;1
-24;17;9;0;1
-22;-7;56;0;1
-60;21;30;0;1
-29;-50;39;1;1
-61;-1;20;0;1
-45;25;18;0;1
-19;-23;31;0;1
-27;4;36;0;1
-62;8;27;1;1
-30;4;64;1;1
-53;6;20;0;1
-17;-12;37;0;1
-19;-28;20;1;1
-62;-23;22;0;1
-38;-6;38;1;1
-36;-17;58;0;1
-19;12;44;0;1
-27;24;11;1;1
-26;-33;35;0;1
-34;3;29;0;1
-35;-26;41;0;1
-54;-28;18;1;1
-21;-10;51;0;1
-20;19;41;0;1
-34;39;39;0;1
-30;-8;26;1;1
-20;-18;64;0;1
-26;-8;26;0;1
-23;-37;25;1;1
-45;-30;32;1;1
-28;-37;52;1;1
-43;41;19;0;1
-29;46;40;1;1
-34;-12;49;1;1
-17;-18;36;1;1
-27;-24;18;0;1
-21;20;12;1;1
-57;18;21;0;1
-26;-32;43;0;1
-22;-19;55;1;1
-37;0;37;1;1
-38;-27;35;0;1
-32;11;48;1;1
-45;5;22;0;1
-27;-37;22;0;1
-40;53;22;0;1
-22;15;49;0;1
-27;1;48;0;1
-37;33;40;0;1
-26;-11;19;1;1
-15;-19;59;0;1
-27;39;35;1;1
-42;-34;43;0;1
-52;-30;23;0;1
-35;-37;34;1;1
-26;-36;49;0;1
-13;16;35;1;1
-48;-26;45;1;1
-51;7;46;0;1
-36;8;27;0;1
-38;-27;52;0;1
-47;-40;34;0;1
-18;0;45;0;1
-22;-34;40;0;1
-15;19;34;1;1
-22;24;26;0;1
-42;12;40;0;1
-37;6;38;0;1
-53;21;42;1;1
-26;-23;56;0;1
-31;27;24;0;1
-21;-6;36;0;1
-11;18;20;0;1
-19;13;58;1;1
-54;17;26;0;1
-54;2;26;1;1
-32;-2;61;1;1
-29;-13;26;0;1
-46;9;30;1;1
-49;31;40;0;1
-24;21;33;0;1
-47;-12;33;0;1
-41;-17;12;0;1
-54;-24;21;0;1
-43;22;22;0;1
-15;-16;36;1;1
-9;0;23;0;1
-32;15;52;0;1
-59;22;17;1;1
-45;16;45;0;1
-26;-36;50;0;1
-27;27;24;1;1
-16;-24;10;0;1
-42;-39;41;1;1
-35;-29;40;1;1
-45;45;20;0;1
-35;37;20;0;1
-25;-2;15;0;1
-43;22;46;0;1
-21;14;64;0;1
-56;-15;18;1;1
-36;-16;55;0;1
-30;-20;25;1;1
-26;2;49;0;1
-50;-1;24;0;1
-51;-39;24;1;1
-26;-19;54;1;1
-38;33;28;0;1
-61;-21;22;0;1
-38;-40;33;0;1
-48;-8;41;1;1
-39;34;34;0;1
-15;22;60;0;1
-14;12;28;0;1
-28;15;61;1;1
-47;39;34;0;1
-19;-28;47;1;1
-21;-29;13;0;1
-32;18;40;0;1
-63;-13;21;0;1
-22;36;12;0;1
-25;21;21;0;1
-38;-23;48;0;1
-20;27;47;0;1
-65;16;22;0;1
-19;0;21;0;1
-18;13;25;0;1
-26;42;44;0;1
-35;-21;48;1;1
-20;-28;33;0;1
-29;-20;53;0;1
-23;29;13;0;1
-39;20;31;0;1
-39;26;40;1;1
-52;-11;15;0;1
-39;6;28;1;1
-30;-10;44;1;1
-30;-18;52;1;1
-16;21;55;1;1
-49;36;29;1;1
-44;43;35;0;1
-29;-28;57;1;1
-32;-36;50;0;1
-27;-28;31;1;1
-56;28;26;1;1
-39;-43;36;1;1
-25;-11;64;0;1
-14;17;11;1;1
-29;-31;54;0;1
-43;-12;23;0;1
-39;7;55;1;1
-29;27;40;1;1
-46;-19;32;0;1
-43;-7;40;1;1
-61;-9;23;0;1
-41;35;26;1;1
-56;-21;38;0;1
-26;22;36;1;1
-26;-9;38;0;1
-44;42;19;0;1
-46;15;32;0;1
-12;-15;49;0;1
-16;2;33;1;1
-48;-5;34;0;1
-25;33;43;0;1
-38;-49;17;0;1
-65;5;28;1;1
-30;19;50;1;1
-20;8;49;0;1
-41;18;27;1;1
-30;12;38;0;1
-42;33;32;1;1
-19;13;39;0;1
-37;-48;28;0;1
-24;-6;9;0;1
-45;-14;35;0;1
-45;6;42;1;1
-26;-35;32;0;1
-22;-11;40;0;1
-27;-46;25;0;1
-49;27;27;1;1
-16;16;23;0;1
-52;39;22;0;1
-46;-35;24;0;1
-33;-11;55;0;1
-12;17;46;0;1
-30;39;26;0;1
-52;-17;42;1;1
-39;-35;23;0;1
-23;-2;61;0;1
-41;-12;16;0;1
-19;-29;27;1;1
-19;-5;15;0;1
-26;-35;30;0;1
-15;5;19;1;1
-43;39;29;0;1
-27;-13;36;1;1
-38;-46;21;0;1
-17;10;17;0;1
-26;-25;13;0;1
-40;36;38;1;1
-50;0;41;1;1
-52;-5;35;1;1
-41;17;20;0;1
-28;12;52;1;1
-55;-19;27;1;1
-25;23;34;1;1
-22;-23;18;0;1
-33;-41;39;1;1
-22;-36;29;0;1
-53;10;25;0;1
-39;28;25;0;1
-18;-1;39;0;1
-58;1;26;0;1
-53;24;31;0;1
-43;15;41;1;1
-20;26;60;1;1
-25;33;44;0;1
-28;20;54;0;1
-24;-2;40;0;1
-24;-21;10;1;1
-18;4;36;1;1
-43;15;26;1;1
-54;-7;18;1;1
-63;-2;30;1;1
-25;-39;48;0;1
-37;20;18;1;1
-46;-30;37;0;1
-36;36;26;1;1
-33;-44;23;0;1
-32;10;24;0;1
-20;-18;17;0;1
-24;26;60;1;1
-51;-16;23;0;1
-40;27;41;0;1
-60;-25;27;0;1
-21;-1;56;1;1
-23;39;13;1;1
-32;-1;43;0;1
-35;-41;41;1;1
-44;15;25;1;1
-23;24;51;0;1
-30;31;16;0;1
-32;2;61;1;1
-26;-28;13;1;1
-16;17;43;0;1
-13;-14;19;0;1
-21;15;19;0;1
-30;25;23;0;1
-27;33;28;1;1
-37;-12;21;0;1
-17;24;61;0;1
-26;-14;48;0;1
-48;-7;17;0;1
-16;23;43;1;1
-36;16;20;1;1
-20;21;39;0;1
-60;6;36;0;1
-41;-14;37;1;1
-16;-20;60;0;1
-28;18;55;1;1
-31;-41;35;0;1
-38;-3;35;1;1
-66;-12;23;0;1
-43;30;17;1;1
-44;-11;14;0;1
-30;-28;33;0;1
-23;4;19;1;1
-26;-4;32;0;1
-54;-34;21;0;1
-36;-9;60;0;1
-55;14;19;0;1
-45;-21;30;0;1
-45;4;42;0;1
-32;-47;21;0;1
-15;23;57;0;1
-41;-3;37;0;1
-25;-29;36;0;1
-38;15;22;0;1
-55;5;43;0;1
-24;-35;23;0;1
-31;-13;25;0;1
-30;-13;11;0;1
-25;25;18;0;1
-52;-16;40;1;1
-29;-43;35;0;1
-49;38;21;0;1
-29;-38;42;0;1
-48;29;36;1;1
-18;-7;36;0;1
-49;23;17;0;1
-22;-3;61;1;1
-33;-4;11;1;1
-30;23;52;0;1
-23;-23;49;0;1
-27;27;40;1;1
-36;3;35;0;1
-30;28;32;0;1
-42;-33;27;0;1
-35;49;34;0;1
-39;27;26;1;1
-47;1;27;0;1
-50;38;26;0;1
-32;-15;34;0;1
-42;-46;19;0;1
-40;5;44;0;1
-26;26;34;1;1
-34;17;54;0;1
-28;-37;37;1;1
-11;-17;14;1;1
-50;-10;44;0;1
-49;-12;47;1;1
-28;-13;36;1;1
-44;-29;18;0;1
-47;5;51;1;1
-52;-20;34;1;1
-14;-7;41;0;1
-29;18;33;0;1
-18;-10;52;1;1
-28;11;18;0;1
-54;12;18;0;1
-13;1;27;0;1
-29;-2;10;0;1
-22;-34;46;0;1
-17;-7;30;0;1
-30;46;36;0;1
-31;-1;28;0;1
-29;-39;33;0;1
-36;47;39;0;1
-21;-22;30;0;1
-32;-10;28;0;1
-26;-31;52;0;1
-35;11;60;1;1
-17;-27;13;0;1
-26;9;54;1;1
-31;19;55;0;1
-36;-10;51;0;1
-56;23;17;1;1
-34;-9;53;0;1
-24;29;46;1;1
-19;28;14;0;1
-27;-31;25;1;1
-13;-17;41;1;1
-47;13;27;1;1
-24;30;55;0;1
-63;-10;27;0;1
-48;19;15;0;1
-42;-14;18;1;1
-36;-14;21;1;1
-27;10;63;0;1
-25;-27;45;0;1
-23;21;19;0;1
-26;-18;45;1;1
-29;-23;56;1;1
-38;41;27;0;1
-38;32;50;0;1
-31;-17;46;1;1
-40;37;35;0;1
-29;-44;22;0;1
-28;27;48;1;1
-24;-3;10;1;1
-52;19;41;1;1
-57;3;31;0;1
-22;-24;13;1;1
-35;9;54;0;1
-36;23;22;1;1
-27;27;54;0;1
-25;-7;32;1;1
-33;41;35;1;1
-29;-39;50;1;1
-27;-10;23;1;1
-18;-5;19;0;1
-49;26;43;0;1
-50;-12;49;0;1
-24;-2;48;0;1
-37;39;15;0;1
-65;-4;18;1;1
-35;-55;25;1;1
-59;-4;32;1;1
-18;29;53;0;1
-35;-41;15;0;1
-42;37;30;0;1
-46;-39;37;0;1
-24;-28;52;0;1
-52;22;39;0;1
-25;-3;21;0;1
-9;-12;34;0;1
-21;1;25;1;1
-32;-15;11;0;1
-40;14;44;0;1
-62;-9;21;0;1
-53;-11;43;0;1
-35;-3;11;0;1
-22;-1;60;1;1
-62;-18;18;0;1
-23;-8;59;0;1
-29;1;18;0;1
-48;4;16;0;1
-25;-19;57;0;1
-39;-25;53;1;1
-40;-20;50;1;1
-36;35;32;0;1
-24;-18;43;0;1
-22;-16;31;0;1
-64;21;22;1;1
-22;24;27;0;1
-28;-20;26;1;1
-31;26;26;1;1
-20;-32;42;0;1
-13;9;25;0;1
-38;20;55;0;1
-51;20;31;1;1
-41;9;15;1;1
-26;-33;21;1;1
-45;13;46;1;1
-34;-17;23;0;1
-17;-23;56;1;1
-41;-29;45;0;1
-26;-21;41;1;1
-26;38;33;0;1
-36;42;23;1;1
-21;27;60;0;1
-46;18;37;1;1
-46;-40;29;1;1
-30;12;61;1;1
-30;-14;46;0;1
-35;3;56;0;1
-39;-44;27;0;1
-51;4;40;0;1
-13;13;21;0;1
-23;-8;30;1;1
-21;-3;17;1;1
-26;3;60;1;1
-27;26;54;1;1
-30;-1;44;1;1
-64;-1;21;1;1
-32;-9;46;0;1
-38;23;39;0;1
-25;32;37;1;1
-42;12;39;0;1
-53;2;19;1;1
-36;-7;57;1;1
-11;-11;39;1;1
-31;-29;54;1;1
-15;-13;30;0;1
-19;22;33;0;1
-23;-19;52;0;1
-24;-27;27;0;1
-30;0;40;1;1
-32;9;19;0;1
-20;26;31;0;1
-40;15;45;1;1
-35;45;34;0;1
-63;1;23;1;1
-18;8;51;1;1
-34;-29;51;1;1
-44;-21;36;0;1
-31;6;53;1;1
-45;-27;35;1;1
-36;-25;20;0;1
-38;-9;52;0;1
-41;19;51;1;1
-35;12;59;1;1
-19;-23;51;1;1
-47;34;17;0;1
-32;19;31;0;1
-37;53;20;1;1
-29;-22;43;0;1
-52;4;29;1;1
-45;-8;54;0;1
-16;17;48;0;1
-32;0;43;1;1
-32;40;19;1;1
-36;-24;45;0;1
-29;23;50;0;1
-62;3;18;0;1
-20;-5;56;1;1
-28;-11;26;1;1
-44;17;33;1;1
-26;-1;31;1;1
-22;-26;25;0;1
-26;-26;60;1;1
-25;22;24;0;1
-30;-50;18;1;1
-52;10;20;0;1
-35;21;58;0;1
-38;5;57;0;1
-26;-22;33;0;1
-23;-19;46;1;1
-50;-46;19;0;1
-24;32;23;1;1
-14;13;44;1;1
-48;30;22;1;1
-40;17;27;1;1
-18;27;46;1;1
-23;-20;21;0;1
-14;20;19;1;1
-51;-30;24;0;1
-38;-22;52;1;1
-37;29;30;0;1
-34;2;40;1;1
-48;20;17;1;1
-28;-3;45;0;1
-38;16;18;0;1
-30;8;51;1;1
-40;47;32;1;1
-23;-23;43;0;1
-57;-5;23;1;1
-38;16;15;0;1
-19;25;56;1;1
-30;50;33;1;1
-30;-31;37;0;1
-40;2;43;1;1
-33;-10;62;1;1
-29;-37;20;1;1
-27;-24;15;0;1
-31;-3;56;0;1
-19;-27;33;0;1
-24;30;27;0;1
-25;-16;9;0;1
-48;11;32;0;1
-26;10;63;0;1
-21;-24;54;1;1
-12;-18;18;0;1
-35;-34;37;1;1
-13;15;20;0;1
-38;-28;18;0;1
-45;1;16;0;1
-33;-3;62;0;1
-21;24;27;0;1
-57;-5;41;0;1
-24;-34;25;1;1
-42;3;46;0;1
-21;-19;64;1;1
-44;-42;27;0;1
-28;-43;38;1;1
-57;8;21;0;1
-38;-32;36;0;1
-12;6;27;1;1
-24;14;27;1;1
-27;-11;8;1;1
-40;17;33;0;1
-40;-11;42;0;1
-19;21;27;0;1
-33;29;21;0;1
-46;-40;27;0;1
-28;-37;43;1;1
-28;47;30;1;1
-26;32;43;1;1
-44;10;19;1;1
-45;4;27;1;1
-53;10;29;0;1
-39;-53;22;0;1
-28;-47;27;1;1
-44;18;47;1;1
-24;14;31;0;1
-40;43;20;1;1
-27;-26;51;0;1
-16;-4;24;1;1
-29;-4;46;1;1
-13;-18;20;0;1
-31;-2;11;0;1
-32;15;42;0;1
-32;-13;16;1;1
-21;20;13;0;1
-20;-21;48;1;1
-41;5;55;0;1
-34;47;17;1;1
-42;-14;46;1;1
-13;-10;28;1;1
-29;5;23;1;1
-46;1;29;0;1
-19;29;29;0;1
-64;-2;19;0;1
-56;-17;37;1;1
-21;-11;11;0;1
-37;-30;18;0;1
-16;18;56;0;1
-35;44;38;0;1
-43;-23;14;0;1
-40;45;19;0;1
-26;-23;11;1;1
-33;-24;44;0;1
-43;35;38;0;1
-29;19;56;0;1
-15;16;47;1;1
-36;-36;41;0;1
-28;-26;44;0;1
-30;-5;12;0;1
-35;28;41;1;1
-41;4;55;1;1
-38;8;52;1;1
-36;9;56;1;1
-38;-54;19;1;1
-23;21;40;0;1
-51;-17;16;0;1
-23;-1;59;1;1
-23;4;16;1;1
-57;-15;29;0;1
-28;21;40;1;1
-19;10;45;0;1
-49;7;35;1;1
-37;-29;23;0;1
-25;30;44;0;1
-29;-22;53;0;1
-61;14;31;0;1
-46;-2;28;1;1
-40;24;35;0;1
-30;-30;55;1;1
-37;21;45;0;1
-38;13;57;0;1
-37;-16;21;0;1
-45;-44;31;0;1
-27;16;23;0;1
-42;21;19;1;1
-42;-32;18;1;1
-55;-11;31;0;1
-42;-20;28;0;1
-18;-10;47;1;1
-19;24;23;0;1
-35;-34;14;0;1
-28;25;36;0;1
-18;-17;34;0;1
-22;2;20;0;1
-27;-33;14;1;1
-43;-47;24;1;1
-24;23;34;0;1
-32;-9;32;0;1
-45;-49;20;0;1
-16;17;32;0;1
-57;1;19;0;1
-30;14;26;0;1
-18;-23;27;0;1
-22;-33;57;0;1
-38;-33;49;0;1
-47;31;20;0;1
-41;28;15;0;1
-24;-29;40;0;1
-28;-3;32;0;1
-29;-46;29;1;1
-24;-19;60;0;1
-53;-37;24;0;1
-56;15;21;0;1
-47;27;39;1;1
-54;27;28;1;1
-18;19;33;0;1
-48;20;26;0;1
-25;20;16;0;1
-54;-7;25;0;1
-32;-28;50;0;1
-57;7;32;0;1
-33;29;16;0;1
-19;17;32;1;1
-49;26;41;1;1
-45;0;26;1;1
-45;41;34;1;1
-43;-36;24;0;1
-31;31;42;0;1
-54;-4;18;1;1
-38;-20;17;0;1
-43;-38;38;0;1
-28;47;37;0;1
-51;38;28;0;1
-28;-24;14;0;1
-39;35;34;1;1
-23;-31;21;1;1
-33;-33;33;0;1
-37;17;45;1;1
-40;-14;13;0;1
-52;-23;42;1;1
-14;-11;37;0;1
-41;38;26;1;1
-29;2;25;0;1
-41;-36;28;0;1
-50;18;41;0;1
-39;33;24;0;1
-30;23;16;1;1
-26;14;18;0;1
-25;-5;9;0;1
-24;-7;34;0;1
-54;12;32;0;1
-59;-23;24;0;1
-35;14;58;1;1
-27;5;59;0;1
-19;27;56;1;1
-32;-12;56;1;1
-26;5;50;1;1
-25;25;56;0;1
-30;-22;11;1;1
-50;36;27;0;1
-16;5;38;0;1
-25;-3;66;0;1
-27;-11;64;0;1
-42;13;12;1;1
-39;44;22;0;1
-53;5;43;0;1
-14;-18;26;1;1
-36;-33;27;1;1
-21;-36;15;1;1
-41;6;23;1;1
-36;-56;19;1;1
-24;2;45;1;1
-36;-8;37;0;1
-13;22;39;0;1
-31;-1;58;0;1
-25;3;12;0;1
-19;26;49;1;1
-30;8;11;1;1
-61;-7;17;0;1
-20;-11;16;0;1
-29;7;14;0;1
-32;4;42;0;1
-21;5;13;0;1
-40;-31;36;0;1
-42;32;27;1;1
-45;13;19;1;1
-45;-32;33;0;1
-35;-34;49;0;1
-24;-39;37;0;1
-22;36;25;0;1
-55;13;25;1;1
-24;-32;40;0;1
-22;8;21;0;1
-47;8;14;0;1
-48;-16;18;1;1
-44;-48;21;1;1
-29;37;47;0;1
-39;-32;50;0;1
-16;-21;43;1;1
-57;-13;33;0;1
-37;-3;31;0;1
-47;25;35;1;1
-19;0;35;0;1
-36;18;36;0;1
-39;-1;45;0;1
-40;-31;17;1;1
-30;38;22;1;1
-34;-3;22;0;1
-51;3;20;0;1
-48;-37;35;0;1
-28;-42;35;1;1
-51;-15;18;0;1
-25;-24;27;0;1
-25;-25;41;0;1
-33;20;58;0;1
-37;8;57;1;1
-19;30;21;0;1
-39;46;20;0;1
-9;-15;34;1;1
-49;-43;26;0;1
-19;-14;20;0;1
-33;39;46;0;1
-28;43;25;1;1
-66;-9;20;0;1
-44;-11;33;0;1
-28;22;53;1;1
-15;-21;24;1;1
-44;11;38;0;1
-22;10;37;0;1
-39;-47;27;0;1
-52;0;36;0;1
-31;-39;27;0;1
-28;40;43;1;1
-13;-8;25;0;1
-35;35;21;0;1
-35;-51;34;0;1
-28;1;45;0;1
-37;45;20;1;1
-14;21;13;0;1
-13;-13;24;1;1
-29;-23;38;1;1
-25;-9;30;1;1
-40;-1;29;0;1
-30;0;44;0;1
-47;38;20;1;1
-15;20;61;0;1
-60;7;36;1;1
-53;6;36;1;1
-27;-35;28;1;1
-24;-14;58;1;1
-40;33;24;0;1
-42;-18;20;0;1
-39;-13;24;1;1
-23;10;8;0;1
-48;4;29;0;1
-19;-16;25;0;1
-32;-51;17;0;1
-19;-3;23;0;1
-46;-11;47;0;1
-27;27;57;0;1
-38;-12;16;1;1
-38;-27;27;0;1
-28;22;25;0;1
-23;-27;12;0;1
-56;-13;33;1;1
-53;-15;23;0;1
-35;-10;33;1;1
-24;-25;61;1;1
-43;30;41;0;1
-54;-15;36;0;1
-25;42;22;0;1
-34;13;14;0;1
-37;-20;13;1;1
-60;-7;23;1;1
-32;-35;14;1;1
-49;6;32;1;1
-46;-20;38;0;1
-55;26;29;0;1
-22;-8;18;0;1
-42;-5;51;0;1
-29;36;40;0;1
-20;-24;58;1;1
-31;20;15;0;1
-56;27;28;0;1
-65;7;22;0;1
-22;38;29;0;1
-46;44;23;1;1
-20;26;33;0;1
-22;-20;63;1;1
-30;-39;44;0;1
-17;-18;21;0;1
-24;16;43;1;1
-45;-11;13;0;1
-42;-3;53;0;1
-30;23;47;1;1
-43;-36;33;0;1
-54;-30;19;0;1
-32;29;39;1;1
-32;16;44;0;1
-52;2;23;0;1
-33;3;14;1;1
-42;-34;30;0;1
-22;29;44;1;1
-30;-1;56;0;1
-63;0;24;0;1
-21;34;15;1;1
-19;-11;51;0;1
-40;-11;31;0;1
-42;-43;35;0;1
-61;-19;24;1;1
-27;18;18;0;1
-35;-3;20;1;1
-55;31;17;1;1
-17;-16;46;0;1
-56;-9;41;1;1
-33;24;46;0;1
-23;13;63;1;1
-30;14;37;1;1
-24;41;44;1;1
-45;39;16;0;1
-19;-19;39;0;1
-31;41;48;0;1
-15;-21;44;0;1
-27;11;25;0;1
-48;-27;25;1;1
-12;-11;24;1;1
-42;-52;18;0;1
-51;-10;26;0;1
-36;-10;17;0;1
-42;-16;29;0;1
-54;-11;40;0;1
-28;-7;40;0;1
-32;-13;12;0;1
-26;5;64;0;1
-24;22;17;1;1
-38;-37;32;0;1
-59;-6;24;1;1
-13;20;10;1;1
-56;-34;18;0;1
-49;27;21;0;1
-15;-21;65;1;1
-19;8;19;1;1
-30;24;41;1;1
-23;8;20;0;1
-18;-26;24;0;1
-34;-41;39;0;1
-26;-31;54;1;1
-41;-18;48;1;1
-45;27;35;0;1
-53;-9;28;0;1
-35;10;25;1;1
-34;-15;27;0;1
-24;14;51;0;1
-40;-41;25;0;1
-45;26;24;0;1
-16;-26;23;1;1
-40;-1;53;0;1
-49;-24;41;0;1
-36;43;30;0;1
-59;-22;26;0;1
-30;-35;36;1;1
-24;13;35;1;1
-18;-15;47;0;1
-10;14;18;1;1
-16;16;28;1;1
-58;-14;28;0;1
-17;-10;52;0;1
-38;-51;28;1;1
-49;4;34;0;1
-27;35;49;1;1
-34;17;59;0;1
-22;7;47;0;1
-32;42;36;0;1
-29;4;19;1;1
-42;1;23;1;1
-10;-10;38;0;1
-13;10;42;1;1
-49;34;25;1;1
-23;-6;50;1;1
-27;34;40;1;1
-42;14;28;0;1
-13;-14;24;1;1
-19;19;22;0;1
-40;35;32;0;1
-22;15;19;0;1
-30;22;49;0;1
-19;-11;24;0;1
-45;-5;54;1;1
-34;23;43;0;1
-21;1;32;0;1
-58;5;28;1;1
-19;15;33;1;1
-32;18;37;0;1
-60;-8;23;0;1
-31;16;18;1;1
-47;-6;35;1;1
-11;-17;37;1;1
-30;48;26;0;1
-21;36;18;1;1
-20;-11;10;0;1
-32;39;20;0;1
-40;45;26;1;1
-49;9;38;0;1
-32;-6;11;0;1
-30;26;56;1;1
-29;49;36;1;1
-17;17;25;1;1
-49;-11;23;1;1
-59;31;19;0;1
-44;-22;30;0;1
-15;19;22;0;1
-48;37;20;0;1
-39;18;15;0;1
-25;28;36;1;1
-25;26;27;0;1
-29;-37;40;0;1
-19;-22;24;0;1
-31;4;24;1;1
-47;-28;15;0;1
-39;-36;23;0;1
-49;42;25;0;1
-26;-13;33;1;1
-19;-29;48;0;1
-41;21;43;0;1
-28;0;40;1;1
-30;5;32;0;1
-42;-10;22;1;1
-32;-35;50;0;1
-56;-13;34;1;1
-52;-6;44;1;1
-64;13;19;0;1
-38;-23;54;0;1
-41;2;31;1;1
-17;22;53;1;1
-49;-14;34;0;1
-15;-17;25;1;1
-22;21;54;1;1
-39;28;41;1;1
-25;-13;45;0;1
-47;11;31;0;1
-27;-13;23;0;1
-25;4;35;1;1
-47;6;49;1;1
-43;-11;53;0;1
-19;0;37;0;1
-20;17;51;0;1
-32;-3;41;0;1
-23;15;55;0;1
-42;-4;54;0;1
-14;-22;20;0;1
-41;-1;28;0;1
-36;-15;38;1;1
-36;32;32;1;1
-33;17;55;1;1
-26;-9;30;0;1
-21;13;10;0;1
-35;30;34;0;1
-21;5;28;1;1
-19;-12;18;1;1
-63;-20;21;0;1
-39;49;17;0;1
-37;8;48;0;1
-53;4;43;0;1
-16;-18;49;0;1
-45;32;22;1;1
-30;-17;32;1;1
-20;17;32;1;1
-36;4;31;0;1
-30;23;34;0;1
-23;21;44;1;1
-23;-4;63;1;1
-33;53;20;0;1
-21;-16;65;0;1
-11;19;27;0;1
-28;35;22;0;1
-36;-24;18;1;1
-32;-51;27;1;1
-29;-6;60;0;1
-36;-5;41;0;1
-23;-18;46;1;1
-55;-31;24;1;1
-34;7;34;1;1
-44;38;31;1;1
-53;36;26;0;1
-23;28;34;0;1
-30;-23;16;0;1
-16;-19;20;0;1
-23;-1;51;0;1
-45;23;27;1;1
-41;-6;35;1;1
-34;26;38;0;1
-12;-6;23;1;1
-34;-9;25;0;1
-25;-35;12;0;1
-22;21;15;0;1
-42;-19;46;0;1
-28;-13;21;1;1
-43;-42;29;1;1
-59;-8;25;0;1
-41;-20;34;0;1
-67;-11;20;0;1
-52;37;21;0;1
-46;-22;40;0;1
-34;7;26;0;1
-48;34;16;1;1
-23;-26;50;0;1
-30;-27;14;1;1
-35;-29;46;0;1
-21;29;34;1;1
-42;29;42;0;1
-40;-8;30;0;1
-21;0;55;0;1
-36;-23;51;1;1
-52;-24;37;0;1
-15;-23;40;0;1
-19;-17;44;0;1
-48;-43;24;0;1
-10;17;38;1;1
-50;12;29;0;1
-28;-43;24;0;1
-28;10;27;1;1
-54;7;28;0;1
-46;17;23;0;1
-41;1;46;0;1
-41;33;39;0;1
-22;-24;21;0;1
-57;-13;31;0;1
-51;-24;16;1;1
-48;23;38;1;1
-37;-34;19;0;1
-24;21;47;0;1
-42;-24;51;0;1
-30;-10;41;0;1
-50;-19;44;0;1
-23;-18;28;0;1
-15;11;50;1;1
-42;32;17;1;1
-24;5;30;1;1
-17;14;43;0;1
-61;6;29;0;1
-66;2;21;0;1
-34;39;21;0;1
-16;13;53;1;1
-16;-8;23;1;1
-13;20;53;1;1
-28;-13;34;0;1
-31;-4;42;0;1
-38;15;30;0;1
-23;-33;44;1;1
-16;22;56;1;1
-51;10;20;0;1
-28;1;17;0;1
-51;-9;46;0;1
-37;-25;26;1;1
-28;-34;16;0;1
-17;-4;36;0;1
-18;8;36;0;1
-19;23;11;0;1
-48;37;36;0;1
-38;-39;29;0;1
-25;0;59;0;1
-34;-14;10;0;1
-42;-18;52;1;1
-35;30;51;0;1
-33;33;27;1;1
-57;15;29;1;1
-43;-37;21;1;1
-41;-49;19;0;1
-40;-40;21;1;1
-10;-12;26;1;1
-30;-6;11;1;1
-37;-29;44;1;1
-55;18;40;1;1
-51;-6;41;0;1
-29;49;34;0;1
-48;9;45;0;1
-49;-46;23;0;1
-43;38;35;0;1
-40;-1;51;1;1
-28;35;27;0;1
-44;26;31;1;1
-27;-46;42;0;1
-40;28;46;0;1
-45;36;17;0;1
-42;-36;18;0;1
-51;7;43;0;1
-48;-21;40;1;1
-46;3;37;0;1
-34;25;41;1;1
-20;-3;53;1;1
-57;6;22;0;1
-37;-9;33;1;1
-30;0;62;0;1
-31;-8;25;0;1
-42;12;53;0;1
-32;-24;32;0;1
-45;-8;51;0;1
-34;2;21;1;1
-36;-17;17;0;1
-17;23;42;0;1
-37;-3;49;0;1
-42;-25;41;0;1
-55;-14;40;0;1
-23;-10;63;0;1
-39;8;23;1;1
-25;-21;46;0;1
-30;-37;19;0;1
-7;7;26;1;1
-24;-26;39;0;1
-34;-11;44;0;1
-23;-22;62;0;1
-28;-42;33;0;1
-31;7;25;1;1
-33;2;49;0;1
-51;14;27;0;1
-55;16;25;0;1
-49;-25;35;1;1
-57;12;27;1;1
-46;-38;37;0;1
-37;-1;30;0;1
-19;20;51;1;1
-57;19;18;0;1
-22;-33;41;0;1
-35;2;49;0;1
-16;27;52;0;1
-46;-12;16;0;1
-23;17;49;0;1
-33;4;37;0;1
-21;-24;23;1;1
-51;-31;23;0;1
-15;-8;45;1;1
-28;23;13;0;1
-21;23;27;1;1
-37;-10;53;0;1
-43;28;46;0;1
-13;-18;58;1;1
-30;25;45;1;1
-32;35;43;1;1
-19;-31;24;0;1
-32;20;47;0;1
-32;3;30;0;1
-48;-17;15;0;1
-35;-20;53;0;1
-62;-13;26;0;1
-54;13;36;0;1
-37;36;33;1;1
-21;-34;56;0;1
-53;-13;35;1;1
-35;-31;15;0;1
-45;-16;18;0;1
-38;53;24;0;1
-48;15;27;0;1
-42;38;27;0;1
-61;22;27;0;1
-58;-4;26;0;1
-39;-1;50;0;1
-34;-33;28;0;1
-29;-33;15;1;1
-21;7;35;0;1
-48;-42;31;0;1
-16;-21;51;0;1
-54;-20;32;0;1
-48;17;27;0;1
-28;-21;15;0;1
-32;-31;49;0;1
-51;31;26;0;1
-23;4;62;1;1
-48;40;27;0;1
-44;22;24;1;1
-49;9;23;1;1
-34;-39;16;0;1
-30;4;25;1;1
-47;-27;26;1;1
-28;-9;61;0;1
-20;-2;46;0;1
-25;-12;11;0;1
-30;32;15;0;1
-23;8;41;1;1
-38;-5;26;0;1
-32;1;18;1;1
-38;-24;28;0;1
-26;4;20;0;1
-55;-4;26;0;1
-29;-11;61;0;1
-25;-35;49;0;1
-23;-19;30;1;1
-38;-10;59;1;1
-22;34;19;0;1
-39;35;20;0;1
-17;-20;8;0;1
-33;-14;30;1;1
-11;18;19;0;1
-26;-11;65;0;1
-26;35;15;1;1
-29;-45;21;0;1
-35;37;30;1;1
-10;-12;32;1;1
-23;33;42;0;1
-34;24;18;0;1
-15;24;46;0;1
-29;-14;33;0;1
-28;18;61;1;1
-21;14;25;0;1
-41;-31;43;1;1
-25;31;20;1;1
-23;2;52;1;1
-10;-7;30;0;1
-28;-36;34;0;1
-48;-23;26;0;1
-41;18;40;0;1
-25;24;15;1;1
-27;-12;44;1;1
-44;10;37;0;1
-41;18;44;0;1
-23;-2;38;1;1
-45;23;35;0;1
-63;-5;18;0;1
-32;46;19;1;1
-17;-9;47;0;1
-25;18;52;0;1
-24;-34;31;1;1
-14;9;33;1;1
-22;-8;42;0;1
-40;4;52;0;1
-28;-14;10;0;1
-34;-7;16;0;1
-19;22;34;0;1
-35;11;28;1;1
-58;8;39;1;1
-37;4;58;1;1
-25;9;12;0;1
-22;-36;42;0;1
-41;17;35;0;1
-36;-37;39;1;1
-17;-18;45;0;1
-26;1;24;0;1
-20;8;22;0;1
-24;27;36;1;1
-20;29;37;0;1
-16;-18;60;0;1
-23;2;18;1;1
-25;-15;56;1;1
-27;-37;26;0;1
-56;-30;19;0;1
-47;-37;21;1;1
-22;31;35;1;1
-24;-37;13;1;1
-37;-5;48;0;1
-16;-27;21;0;1
-38;54;23;0;1
-35;7;35;0;1
-35;-26;27;0;1
-19;-13;55;0;1
-25;23;10;1;1
-46;30;41;0;1
-28;4;30;0;1
-21;18;19;0;1
-33;39;32;0;1
-28;-14;17;1;1
-42;-38;24;0;1
-18;-17;40;1;1
-32;7;55;0;1
-30;18;33;0;1
-24;-15;49;1;1
-31;8;52;1;1
-16;16;34;0;1
-38;-13;25;0;1
-22;28;53;0;1
-37;-34;34;1;1
-54;19;23;0;1
-39;33;29;0;1
-44;-4;17;1;1
-27;-12;12;0;1
-11;-15;18;1;1
-15;6;29;1;1
-60;-28;18;0;1
-41;-20;32;1;1
-24;-7;49;1;1
-49;29;30;1;1
-22;15;62;1;1
-25;-30;11;0;1
-33;-48;19;0;1
-32;-34;52;0;1
-28;5;10;0;1
-15;-20;54;0;1
-41;-24;47;0;1
-17;2;30;1;1
-31;-7;46;0;1
-45;-39;35;0;1
-43;24;48;0;1
-20;-2;34;1;1
-39;-8;55;0;1
-50;-28;27;0;1
-30;25;22;1;1
-59;28;23;1;1
-43;-20;41;0;1
-50;-5;17;0;1
-18;24;12;0;1
-34;16;31;1;1
-44;-19;14;0;1
-35;15;51;0;1
-17;16;47;1;1
-63;-5;29;1;1
-21;28;41;0;1
-59;-27;23;0;1
-45;1;20;0;1
-24;13;23;0;1
-18;-31;25;0;1
-23;6;25;0;1
-47;16;42;1;1
-39;29;46;0;1
-53;-24;36;1;1
-38;-30;51;1;1
-22;32;12;0;1
-32;29;25;0;1
-37;22;27;0;1
-62;-1;34;0;1
-15;-19;29;0;1
-22;-12;65;0;1
-42;-26;27;0;1
-61;1;34;0;1
-22;-24;41;1;1
-29;-20;50;0;1
-50;-32;22;0;1
-45;3;30;0;1
-62;-12;28;0;1
-51;-29;24;0;1
-54;-24;25;1;1
-15;6;37;0;1
-26;-24;29;0;1
-19;22;38;0;1
-38;48;33;0;1
-42;-9;29;0;1
-17;-4;43;0;1
-38;-34;36;0;1
-23;28;31;0;1
-34;21;19;1;1
-27;-14;24;0;1
-29;9;41;0;1
-25;-21;56;0;1
-32;-24;35;1;1
-59;-26;26;0;1
-24;22;36;1;1
-60;2;17;1;1
-18;13;14;1;1
-23;-37;19;0;1
-12;-7;25;0;1
-41;-7;24;0;1
-56;11;32;0;1
-29;18;43;0;1
-44;9;51;0;1
-47;12;13;1;1
-52;-15;46;0;1
-45;-25;31;0;1
-45;-16;46;0;1
-28;-8;16;0;1
-41;30;30;0;1
-19;-5;18;0;1
-29;24;27;1;1
-61;-18;24;0;1
-52;31;37;0;1
-26;-44;43;0;1
-16;21;52;1;1
-53;15;29;0;1
-41;-32;27;0;1
-13;-13;49;0;1
-22;-21;49;1;1
-35;-25;23;1;1
-35;36;33;1;1
-25;25;51;0;1
-17;-8;21;1;1
-39;-44;21;1;1
-40;-13;28;0;1
-54;32;20;1;1
-25;26;34;0;1
-11;17;46;0;1
-58;-13;34;0;1
-30;-8;63;0;1
-45;2;46;0;1
-35;-37;36;1;1
-59;-5;34;0;1
-22;-13;43;0;1
-61;-30;20;0;1
-40;-5;52;1;1
-35;28;18;0;1
-26;0;47;0;1
-42;25;22;0;1
-55;-7;15;0;1
-26;-1;21;0;1
-26;21;47;0;1
-34;39;32;0;1
-30;23;51;1;1
-57;-13;35;0;1
-29;-43;39;1;1
-29;-5;59;1;1
-21;-21;43;0;1
-53;-20;24;0;1
-27;-5;52;1;1
-25;-12;34;0;1
-16;-14;55;1;1
-13;-22;19;0;1
-32;6;52;0;1
-21;-8;41;0;1
-40;-48;31;0;1
-26;2;8;1;1
-18;-8;31;0;1
-20;-2;17;0;1
-61;-12;21;0;1
-34;-44;44;1;1
-45;22;33;0;1
-29;-31;25;0;1
-26;30;16;0;1
-28;42;23;1;1
-46;-42;22;0;1
-11;-18;22;0;1
-41;-16;13;1;1
-27;-4;48;0;1
-29;-10;43;0;1
-29;29;27;0;1
-30;-28;34;0;1
-27;17;38;0;1
-25;19;54;1;1
-25;1;45;0;1
-25;31;54;0;1
-43;-11;26;0;1
-40;-23;25;1;1
-41;-34;28;1;1
-26;8;50;0;1
-35;34;27;0;1
-18;27;44;0;1
-18;7;28;0;1
-39;32;29;1;1
-20;-10;48;1;1
-42;14;45;0;1
-34;-22;29;0;1
-33;-54;17;1;1
-13;-3;31;0;1
-26;-17;28;1;1
-29;-25;40;1;1
-31;-22;49;0;1
-21;18;11;0;1
-42;-41;20;1;1
-30;12;27;0;1
-34;17;60;0;1
-52;2;43;1;1
-24;26;33;1;1
-16;-2;24;0;1
-20;-26;59;1;1
-29;4;8;1;1
-40;-2;53;0;1
-49;37;26;0;1
-34;-46;24;0;1
-57;-4;28;1;1
-49;-2;29;1;1
-43;-38;24;0;1
-45;40;32;0;1
-23;33;11;1;1
-53;8;26;1;1
-56;15;28;0;1
-37;-28;14;1;1
-29;-46;25;0;1
-49;19;37;0;1
-31;-29;16;0;1
-31;-31;12;1;1
-40;-24;22;1;1
-43;-11;48;0;1
-20;-17;19;0;1
-38;27;30;0;1
-26;30;32;0;1
-33;-54;24;0;1
-40;-4;40;0;1
-13;18;37;0;1
-64;-12;19;1;1
-54;-16;35;0;1
-25;9;50;1;1
-36;-29;26;1;1
-49;-12;50;0;1
-43;-23;38;0;1
-28;-22;17;0;1
-34;11;53;0;1
-38;25;14;0;1
-36;54;23;0;1
-53;-11;23;0;1
-50;29;30;1;1
-24;-16;22;0;1
-35;-46;25;1;1
-41;42;31;0;1
-26;17;57;1;1
-58;-35;21;0;1
-44;35;16;0;1
-27;38;24;0;1
-19;-8;32;1;1
-28;-25;59;1;1
-45;28;18;0;1
-15;-14;49;0;1
-26;-43;46;1;1
-26;18;37;0;1
-57;-16;17;0;1
-48;15;23;1;1
-21;23;58;1;1
-17;-26;24;0;1
-31;-28;54;0;1
-50;26;38;0;1
-50;0;25;1;1
-67;13;19;0;1
-47;-11;47;1;1
-35;34;16;0;1
-13;-15;27;0;1
-37;27;50;0;1
-21;-23;49;1;1
-54;29;29;0;1
-32;49;33;0;1
-35;-16;54;1;1
-31;36;13;1;1
-63;8;30;1;1
-48;45;22;0;1
-55;-12;37;0;1
-36;-23;55;0;1
-23;21;11;0;1
-19;-20;59;1;1
-16;23;16;0;1
-49;-13;21;0;1
-39;-6;34;1;1
-34;-19;21;0;1
-23;33;27;0;1
-35;-37;45;0;1
-40;32;22;1;1
-23;-27;52;0;1
-50;-24;31;0;1
-57;-12;34;0;1
-26;-16;16;1;1
-52;-11;47;0;1
-53;-23;40;0;1
-23;18;55;0;1
-31;9;44;0;1
-22;29;13;0;1
-41;-2;47;0;1
-15;20;35;0;1
-50;25;39;0;1
-30;-50;24;0;1
-13;21;63;0;1
-39;-30;49;1;1
-41;19;31;1;1
-46;13;46;0;1
-48;-1;46;0;1
-49;-19;38;0;1
-36;40;19;0;1
-55;4;20;1;1
-45;-11;18;1;1
-23;-38;16;0;1
-29;22;45;0;1
-41;-19;39;0;1
-44;46;31;1;1
-42;34;41;0;1
-18;5;32;1;1
-24;22;56;0;1
-45;-39;20;0;1
-28;39;30;0;1
-40;20;27;0;1
-31;-16;50;1;1
-21;14;28;1;1
-27;2;48;0;1
-21;16;47;0;1
-38;-44;25;0;1
-50;-4;41;1;1
-12;4;32;0;1
-35;52;31;0;1
-28;-5;57;1;1
-63;-6;18;0;1
-47;17;16;0;1
-20;23;31;1;1
-52;38;19;1;1
-42;6;46;0;1
-45;-1;24;1;1
-18;-13;19;0;1
-30;25;28;1;1
-21;-10;28;0;1
-49;-7;28;1;1
-41;30;19;1;1
-28;18;58;0;1
-64;-1;23;0;1
-43;34;26;0;1
-31;3;21;0;1
-39;1;59;1;1
-36;-37;18;0;1
-37;24;34;0;1
-20;-31;23;0;1
-23;19;21;1;1
-19;24;20;0;1
-23;21;14;1;1
-29;-19;41;0;1
-29;46;23;1;1
-29;9;21;0;1
-31;40;35;1;1
-25;-1;58;1;1
-41;-16;27;0;1
-33;-41;43;1;1
-15;-25;44;0;1
-55;34;21;0;1
-47;2;27;0;1
-27;-5;14;0;1
-23;-12;26;1;1
-56;19;34;1;1
-59;-4;17;0;1
-18;13;17;0;1
-32;-48;40;0;1
-62;18;21;1;1
-59;-8;23;1;1
-37;-40;21;0;1
-41;2;46;0;1
-16;-16;21;1;1
-55;-15;41;0;1
-39;21;18;1;1
-27;-26;23;0;1
-31;-33;14;1;1
-31;46;19;1;1
-51;-5;26;1;1
-33;-36;28;1;1
-15;-16;28;1;1
-25;-35;34;0;1
-50;-7;17;0;1
-27;-41;35;0;1
-24;-13;34;0;1
-45;-27;33;0;1
-31;9;15;0;1
-44;-13;43;0;1
-34;11;61;1;1
-26;-12;61;0;1
-34;9;36;0;1
-30;28;51;1;1
-52;31;18;0;1
-19;25;31;0;1
-54;-24;38;0;1
-50;-12;48;1;1
-12;-14;41;0;1
-45;8;51;1;1
-46;37;31;1;1
-32;1;16;1;1
-35;-31;35;1;1
-19;26;52;1;1
-37;-26;53;0;1
-22;22;48;0;1
-37;35;35;0;1
-30;-14;13;1;1
-20;1;32;0;1
-31;-39;43;0;1
-42;8;55;1;1
-15;15;48;0;1
-60;-9;31;0;1
-48;-29;37;1;1
-47;6;43;1;1
-7;-11;25;0;1
-9;11;34;1;1
-39;-4;43;0;1
-56;-34;23;0;1
-62;-26;20;0;1
-60;25;25;1;1
-21;25;19;0;1
-35;39;38;1;1
-27;-21;12;0;1
-58;8;31;0;1
-41;37;44;0;1
-32;43;42;1;1
-23;-16;12;0;1
-46;-16;43;0;1
-58;30;25;0;1
-11;16;44;1;1
-45;41;27;0;1
-27;36;47;1;1
-40;37;26;0;1
-38;-7;52;1;1
-31;53;35;1;1
-56;-13;27;1;1
-56;-4;28;0;1
-40;31;31;0;1
-41;18;24;1;1
-43;4;23;1;1
-48;26;38;0;1
-39;-2;41;1;1
-62;20;27;0;1
-15;4;25;0;1
-32;-21;34;0;1
-27;2;58;1;1
-40;0;45;1;1
-36;-9;48;0;1
-52;43;20;0;1
-18;-29;38;0;1
-25;-28;25;0;1
-54;-1;42;1;1
-13;-22;54;0;1
-46;-24;32;0;1
-39;37;25;0;1
-54;-27;26;0;1
-24;18;20;0;1
-20;-31;49;0;1
-54;15;41;0;1
-42;-15;14;0;1
-29;7;11;1;1
-37;-13;49;0;1
-22;17;27;0;1
-31;-7;52;1;1
-56;-2;40;0;1
-43;19;52;0;1
-27;26;58;1;1
-23;-12;58;0;1
-30;24;17;1;1
-15;-24;57;0;1
-16;19;20;1;1
-62;12;24;1;1
-25;26;37;0;1
-24;-34;24;0;1
-20;-16;48;0;1
-33;-21;57;0;1
-35;-13;28;1;1
-26;43;28;1;1
-33;13;41;1;1
-29;22;10;0;1
-45;25;44;0;1
-38;-44;40;0;1
-53;-15;40;0;1
-49;1;40;1;1
-43;26;26;0;1
-49;10;48;1;1
-25;-43;17;1;1
-49;-24;34;0;1
-62;-1;27;0;1
-33;-1;61;1;1
-42;19;14;1;1
-46;15;31;1;1
-43;-18;27;1;1
-59;4;33;0;1
-29;34;44;0;1
-24;32;41;1;1
-32;-26;41;1;1
-35;4;15;0;1
-18;-26;30;1;1
-43;31;47;1;1
-10;-13;44;1;1
-32;12;15;0;1
-22;13;45;0;1
-48;1;17;0;1
-15;12;39;0;1
-26;10;48;1;1
-40;28;40;0;1
-45;1;18;1;1
-40;39;39;0;1
-20;-15;59;0;1
-29;9;12;0;1
-57;7;40;0;1
-39;-23;39;0;1
-35;-4;55;0;1
-56;-32;21;0;1
-43;19;46;1;1
-41;27;44;0;1
-27;-18;51;0;1
-41;-10;18;0;1
-18;12;58;0;1
-32;18;27;0;1
-32;39;50;0;1
-24;28;54;1;1
-52;-37;20;0;1
-28;26;59;1;1
-25;10;50;0;1
-24;-4;11;1;1
-26;16;50;0;1
-51;6;38;0;1
-53;-28;21;1;1
-13;-2;34;0;1
-10;16;46;0;1
-22;29;45;0;1
-44;37;39;1;1
-28;-46;31;1;1
-27;13;53;0;1
-32;22;46;1;1
-17;4;44;0;1
-46;-21;33;0;1
-31;-39;18;0;1
-22;5;39;0;1
-33;-7;10;0;1
-22;-25;59;0;1
-49;39;30;1;1
-19;-13;21;1;1
-44;0;25;0;1
-20;-10;60;1;1
-23;39;51;1;1
-12;-15;38;1;1
-38;-7;30;1;1
-34;-50;17;1;1
-20;-32;21;0;1
-49;38;20;0;1
-11;12;39;1;1
-25;-33;18;0;1
-35;-22;49;0;1
-24;8;22;0;1
-25;-36;45;1;1
-33;-13;47;1;1
-45;-14;18;0;1
-15;-6;19;0;1
-29;-11;10;0;1
-52;-11;46;0;1
-43;-28;33;0;1
-19;2;52;1;1
-29;24;43;1;1
-45;20;45;1;1
-52;-32;17;1;1
-22;-8;24;0;1
-38;-22;13;0;1
-26;38;17;0;1
-37;-51;17;1;1
-34;6;51;1;1
-25;28;56;1;1
-53;4;17;1;1
-58;-11;23;0;1
-25;12;42;1;1
-29;-13;22;0;1
-45;-10;30;0;1
-36;-1;15;1;1
-19;-17;15;0;1
-14;-21;61;1;1
-25;-6;18;0;1
-25;31;53;1;1
-29;-11;42;0;1
-51;21;36;0;1
-21;3;23;0;1
-21;-12;17;0;1
-32;-54;28;0;1
-46;-23;38;0;1
-17;-15;51;0;1
-22;10;21;1;1
-36;-15;48;0;1
-12;-16;36;0;1
-30;24;56;0;1
-46;-2;49;0;1
-37;18;41;0;1
-31;-25;14;0;1
-42;-39;19;0;1
-43;-31;34;1;1
-62;8;31;0;1
-24;2;58;1;1
-11;15;51;0;1
-29;-30;43;1;1
-28;-2;9;1;1
-54;9;23;0;1
-38;-6;37;0;1
-37;33;49;1;1
-18;-17;60;0;1
-27;24;10;1;1
-26;-11;54;0;1
-49;5;31;1;1
-33;6;62;0;1
-54;6;19;1;1
-40;39;17;0;1
-11;18;52;0;1
-19;3;47;0;1
-39;15;43;0;1
-29;27;12;1;1
-24;2;46;1;1
-23;2;11;0;1
-37;-48;21;0;1
-31;32;15;0;1
-29;-10;60;0;1
-35;-11;53;0;1
-18;-9;30;0;1
-14;16;14;0;1
-33;-18;60;0;1
-49;-16;46;0;1
-19;24;53;0;1
-29;28;51;1;1
-47;16;25;1;1
-39;1;19;1;1
-14;11;37;1;1
-37;42;20;1;1
-51;-5;33;0;1
-14;24;29;1;1
-51;18;33;0;1
-52;-40;20;0;1
-32;14;38;0;1
-25;40;53;0;1
-36;24;22;1;1
-16;-6;20;0;1
-21;-21;16;0;1
-34;33;24;1;1
-24;22;29;0;1
-41;29;32;0;1
-39;-24;17;0;1
-28;-20;49;1;1
-29;-35;13;1;1
-40;-54;23;0;1
-56;-38;20;0;1
-17;13;15;0;1
-33;-4;44;0;1
-35;27;16;0;1
-29;14;34;0;1
-47;45;24;1;1
-38;-9;38;0;1
-48;7;43;1;1
-25;41;17;0;1
-51;-14;20;0;1
-20;23;46;0;1
-43;30;26;0;1
-63;-14;27;0;1
-56;-1;28;1;1
-33;50;27;1;1
-23;26;38;0;1
-32;28;38;0;1
-27;-38;15;1;1
-45;7;29;1;1
-60;-20;28;0;1
-24;4;37;1;1
-43;-1;56;0;1
-53;13;37;1;1
-62;16;25;0;1
-39;34;48;1;1
-35;-5;36;0;1
-25;17;16;0;1
-50;-2;45;0;1
-27;-8;45;1;1
-30;-5;17;0;1
-29;5;46;1;1
-20;-22;47;0;1
-32;-12;61;0;1
-31;50;25;0;1
-30;-44;35;1;1
-43;6;38;0;1
-21;11;44;1;1
-33;-5;49;1;1
-23;-20;20;0;1
-17;17;36;0;1
-30;11;18;0;1
-15;19;40;1;1
-39;-8;49;1;1
-36;6;53;0;1
-19;-19;35;1;1
-48;15;45;1;1
-17;26;32;0;1
-23;-38;54;0;1
-14;22;49;0;1
-13;-14;43;1;1
-24;4;57;0;1
-27;-21;24;0;1
-36;3;22;1;1
-30;-14;38;0;1
-32;42;41;0;1
-23;10;38;1;1
-21;-22;41;0;1
-34;42;20;0;1
-52;-2;18;1;1
-47;-10;27;0;1
-35;-14;25;0;1
-44;12;20;1;1
-34;27;25;0;1
-48;-31;20;1;1
-34;32;46;1;1
-62;11;31;0;1
-25;-6;55;0;1
-36;11;41;0;1
-34;-12;24;0;1
-43;12;13;0;1
-15;19;52;1;1
-58;6;26;0;1
-19;5;44;1;1
-41;-31;27;1;1
-36;-4;43;1;1
-22;-17;26;1;1
-18;26;24;0;1
-28;41;49;1;1
-50;23;22;1;1
-46;-31;23;1;1
-33;56;22;0;1
-14;10;29;1;1
-48;-3;13;1;1
-26;-6;20;0;1
-22;36;54;1;1
-15;0;29;0;1
-36;18;37;1;1
-16;18;43;1;1
-59;2;30;0;1
-23;-7;46;0;1
-36;5;41;0;1
-39;13;43;1;1
-37;16;31;1;1
-30;33;27;0;1
-34;-1;56;1;1
-39;34;35;1;1
-34;-35;24;0;1
-46;-43;21;1;1
-16;5;19;0;1
-20;5;43;0;1
-36;27;41;1;1
-33;-19;19;0;1
-41;3;48;1;1
-26;-2;50;0;1
-61;-18;29;1;1
-25;-29;19;1;1
-23;-6;20;1;1
-50;6;30;1;1
-48;14;29;0;1
-25;7;59;0;1
-19;-9;30;0;1
-48;21;29;0;1
-39;19;53;0;1
-18;22;35;0;1
-28;13;56;0;1
-34;11;59;0;1
-54;2;15;0;1
-23;-24;29;1;1
-40;17;13;1;1
-32;6;59;0;1
-30;-31;17;0;1
-23;7;56;1;1
-37;-6;43;0;1
-27;21;47;0;1
-21;-17;21;0;1
-30;26;18;0;1
-29;39;45;1;1
-42;4;29;0;1
-22;-3;52;0;1
-55;-7;21;0;1
-39;-28;51;1;1
-26;44;14;0;1
-25;-27;44;0;1
-42;-29;38;1;1
-24;-14;56;0;1
-61;18;26;0;1
-28;31;25;0;1
-35;10;29;0;1
-27;29;36;0;1
-52;-1;21;0;1
-48;0;51;0;1
-41;-12;39;1;1
-24;36;16;1;1
-41;-36;29;0;1
-18;7;43;1;1
-43;2;50;1;1
-8;3;23;1;1
-33;-48;29;1;1
-15;-14;25;0;1
-9;5;27;0;1
-42;3;55;0;1
-27;20;22;1;1
-20;-9;12;1;1
-37;6;11;0;1
-42;3;38;1;1
-28;-35;49;0;1
-52;7;43;1;1
-29;-24;60;1;1
-20;31;34;1;1
-36;-45;18;0;1
-53;6;26;0;1
-33;1;13;0;1
-40;-23;18;1;1
-52;-3;16;1;1
-37;-4;34;1;1
-48;-12;30;0;1
-35;-36;29;1;1
-54;36;27;1;1
-49;21;43;1;1
-29;44;28;1;1
-22;15;29;0;1
-29;0;64;1;1
-53;12;30;0;1
-44;-44;34;1;1
-38;1;52;0;1
-42;24;39;0;1
-61;-8;35;0;1
-52;14;18;0;1
-23;-23;60;1;1
-31;34;40;0;1
-30;32;20;0;1
-49;-23;15;1;1
-40;28;16;0;1
-22;9;25;0;1
-23;-14;13;0;1
-28;6;46;1;1
-20;-6;46;1;1
-40;5;33;1;1
-10;-17;41;1;1
-51;6;18;0;1
-17;-20;32;0;1
-57;1;42;0;1
-30;-41;36;1;1
-42;-9;20;0;1
-62;-17;25;0;1
-28;13;16;0;1
-12;-14;17;0;1
-27;-20;61;1;1
-18;-31;56;0;1
-25;26;10;0;1
-22;6;53;0;1
-17;-24;42;0;1
-39;-23;49;1;1
-41;44;19;0;1
-47;-18;37;1;1
-28;16;27;0;1
-30;2;37;0;1
-29;30;32;0;1
-60;21;25;0;1
-10;15;19;1;1
-29;2;22;1;1
-8;12;35;1;1
-21;-21;55;0;1
-41;-14;13;1;1
-22;-20;19;1;1
-15;-13;52;1;1
-47;-24;34;1;1
-33;-22;13;0;1
-40;-29;31;0;1
-25;21;41;1;1
-41;-8;28;1;1
-51;-4;23;0;1
-53;11;34;0;1
-59;22;31;0;1
-26;35;39;0;1
-24;30;34;0;1
-58;22;21;0;1
-22;-1;30;1;1
-45;-4;14;1;1
-26;29;24;0;1
-41;16;30;1;1
-39;-18;40;0;1
-45;-31;20;0;1
-58;-8;18;0;1
-24;-13;27;0;1
-27;28;32;1;1
-23;28;21;0;1
-61;19;20;1;1
-28;-29;17;1;1
-50;-18;37;0;1
-56;19;16;0;1
-44;-36;33;0;1
-41;-7;27;0;1
-9;11;25;0;1
-33;-45;41;0;1
-17;-16;31;1;1
-45;-15;28;0;1
-42;18;27;1;1
-34;-35;45;1;1
-55;-22;21;0;1
-34;9;10;0;1
-34;4;36;1;1
-39;30;38;1;1
-49;20;24;0;1
-35;-18;38;0;1
-26;-18;49;1;1
-22;25;21;0;1
-41;24;52;0;1
-30;-6;38;1;1
-37;12;28;0;1
-29;-20;17;0;1
-23;-27;11;1;1
-36;-28;21;0;1
-41;28;33;0;1
-27;25;36;1;1
-42;2;15;0;1
-23;-3;30;0;1
-23;18;13;1;1
-32;10;39;1;1
-51;11;17;0;1
-49;11;30;1;1
-49;40;19;1;1
-20;-17;31;0;1
-46;-47;23;0;1
-27;13;13;1;1
-55;24;23;1;1
-22;3;24;1;1
-53;31;26;1;1
-32;13;25;0;1
-23;35;33;0;1
-31;-15;37;0;1
-24;-18;36;0;1
-39;-7;52;0;1
-49;35;25;1;1
-44;-3;43;0;1
-22;30;56;1;1
-11;-17;46;0;1
-56;17;32;0;1
-30;-9;22;1;1
-56;4;19;0;1
-20;10;33;1;1
-34;45;30;0;1
-36;10;35;1;1
-44;10;48;1;1
-33;12;42;1;1
-42;-2;23;0;1
-22;-9;33;0;1
-11;16;26;1;1
-41;25;19;0;1
-45;-12;32;0;1
-50;-7;28;0;1
-36;-24;12;1;1
-25;28;23;0;1
-39;3;43;1;1
-18;31;40;1;1
-40;9;53;0;1
-29;-1;35;0;1
-48;21;38;0;1
-34;-42;24;0;1
-38;6;49;0;1
-19;6;52;1;1
-25;-19;34;0;1
-24;16;27;0;1
-23;3;36;0;1
-21;9;35;1;1
-20;-13;64;0;1
-36;31;29;0;1
-43;18;44;1;1
-54;-29;33;0;1
-20;0;32;1;1
-41;-29;35;1;1
-25;-17;15;1;1
-46;28;20;0;1
-34;10;40;1;1
-43;-17;51;0;1
-28;17;34;0;1
-25;-28;53;0;1
-29;-15;53;0;1
-27;-6;55;0;1
-37;23;39;1;1
-43;2;43;0;1
-22;31;15;0;1
-23;-10;21;1;1
-40;2;33;0;1
-27;-25;11;0;1
-49;-20;39;0;1
-62;-15;19;1;1
-9;12;37;1;1
-44;14;34;0;1
-18;19;40;0;1
-46;19;28;0;1
-22;9;35;1;1
-30;-6;32;0;1
-45;-6;30;1;1
-48;39;26;0;1
-50;24;20;1;1
-25;-42;15;0;1
-29;48;34;0;1
-37;-6;32;0;1
-28;-1;50;1;1
-21;16;19;0;1
-32;50;30;0;1
-17;-19;64;1;1
-35;-19;40;0;1
-17;-6;22;0;1
-37;3;14;0;1
-45;-20;21;0;1
-43;22;39;0;1
-52;-32;23;0;1
-43;-9;41;0;1
-30;18;16;0;1
-64;-14;20;1;1
-34;37;38;1;1
-56;34;19;0;1
-51;2;22;1;1
-56;27;25;1;1
-16;23;22;0;1
-35;-26;52;1;1
-51;10;28;1;1
-26;-22;16;0;1
-21;24;36;0;1
-36;45;18;0;1
-60;-18;29;0;1
-48;4;36;1;1
-28;22;22;0;1
-34;-10;45;1;1
-50;32;17;0;1
-11;10;26;1;1
-41;41;29;1;1
-51;2;42;0;1
-16;-10;32;1;1
-53;0;25;0;1
-45;14;38;0;1
-60;19;32;1;1
-31;-12;50;1;1
-26;2;62;0;1
-18;18;32;0;1
-39;-28;32;0;1
-37;19;12;0;1
-42;-26;40;0;1
-17;29;37;1;1
-25;36;30;0;1
-18;-13;46;0;1
-12;20;60;1;1
-41;24;51;0;1
-46;1;39;0;1
-40;15;33;0;1
-32;-11;31;1;1
-52;-15;31;1;1
-51;-26;36;1;1
-46;-21;14;0;1
-42;-3;50;0;1
-33;40;19;0;1
-26;-34;26;1;1
-22;-34;47;0;1
-37;33;43;0;1
-32;-24;42;0;1
-24;-30;54;0;1
-23;-11;56;0;1
-35;-21;35;0;1
-43;17;29;1;1
-45;25;20;0;1
-15;6;26;0;1
-12;-18;53;0;1
-40;-17;51;1;1
-33;14;22;0;1
-23;-18;51;1;1
-35;43;25;1;1
-33;-22;36;0;1
-37;31;13;1;1
-49;22;18;0;1
-30;24;15;0;1
-58;7;40;0;1
-21;20;22;1;1
-24;20;58;0;1
-52;-10;24;0;1
-32;2;10;0;1
-58;-12;30;1;1
-20;-23;55;0;1
-35;32;18;0;1
-49;2;38;0;1
-30;37;35;0;1
-19;19;12;1;1
-46;9;32;1;1
-17;9;30;0;1
-28;15;27;0;1
-31;18;13;0;1
-32;-36;51;0;1
-45;21;50;0;1
-49;27;23;0;1
-47;6;32;0;1
-48;-41;28;1;1
-31;-31;28;0;1
-14;-20;61;0;1
-63;17;24;0;1
-26;-4;17;1;1
-23;17;25;0;1
-17;-2;35;1;1
-28;46;19;0;1
-23;20;14;1;1
-36;-34;42;0;1
-20;9;55;0;1
-59;6;39;1;1
-27;36;16;0;1
-14;-21;32;0;1
-30;-10;10;0;1
-44;8;53;0;1
-27;-25;22;0;1
-17;18;31;0;1
-26;-13;61;0;1
-20;29;61;0;1
-34;44;22;0;1
-18;-22;31;0;1
-40;3;25;0;1
-41;-12;32;0;1
-28;12;23;0;1
-40;33;39;1;1
-24;-37;36;1;1
-56;-2;28;1;1
-28;32;14;1;1
-16;16;18;0;1
-43;6;16;0;1
-44;13;46;1;1
-39;-4;57;0;1
-45;40;36;1;1
-9;-4;26;0;1
-57;6;33;1;1
-54;13;31;1;1
-21;-12;44;1;1
-55;-14;24;0;1
-41;9;49;1;1
-29;-27;52;0;1
-38;-9;24;0;1
-56;18;23;0;1
-57;-6;24;0;1
-42;8;53;0;1
-31;29;19;1;1
-46;0;52;1;1
-44;19;32;0;1
-40;31;22;0;1
-36;-22;46;1;1
-18;-19;51;1;1
-30;9;59;0;1
-33;42;25;0;1
-42;2;29;0;1
-27;33;42;1;1
-43;0;48;0;1
-44;-30;30;0;1
-28;29;30;1;1
-39;18;50;0;1
-38;-1;38;0;1
-57;-12;24;0;1
-20;11;42;0;1
-65;6;26;0;1
-20;-22;52;0;1
-48;-36;19;1;1
-29;7;27;0;1
-27;12;49;1;1
-34;-49;16;0;1
-14;-3;25;1;1
-32;24;56;0;1
-48;-17;21;0;1
-21;-12;18;1;1
-20;-1;46;0;1
-37;3;51;0;1
-43;2;44;0;1
-51;18;38;0;1
-21;-4;13;0;1
-42;1;20;0;1
-61;-17;17;0;1
-54;28;24;0;1
-50;17;26;1;1
-33;8;10;0;1
-25;-40;38;1;1
-44;30;38;0;1
-58;32;25;0;1
-28;28;46;1;1
-26;43;29;1;1
-55;5;25;0;1
-32;1;11;0;1
-25;6;57;0;1
-22;9;64;1;1
-36;-21;52;1;1
-34;11;29;1;1
-27;33;24;0;1
-43;6;40;0;1
-25;37;49;0;1
-38;-21;23;1;1
-46;18;19;1;1
-19;18;45;1;1
-28;13;51;0;1
-19;18;47;0;1
-25;-7;45;0;1
-42;-1;23;1;1
-23;0;23;1;1
-43;4;37;0;1
-55;-21;29;0;1
-25;-2;61;0;1
-51;11;38;0;1
-60;-22;21;0;1
-31;16;50;0;1
-36;-16;17;0;1
-15;-7;28;1;1
-28;-19;60;0;1
-42;-28;47;0;1
-44;6;19;1;1
-32;0;12;1;1
-49;-16;29;0;1
-24;-11;34;1;1
-22;-4;48;1;1
-33;-44;34;0;1
-18;-1;19;1;1
-29;-18;39;0;1
-17;29;17;1;1
-45;31;39;0;1
-25;-33;33;0;1
-25;14;18;0;1
-39;18;14;1;1
-47;-39;26;0;1
-49;-29;20;0;1
-33;9;57;1;1
-24;-29;30;0;1
-29;40;49;1;1
-37;-30;16;0;1
-39;42;24;0;1
-46;-27;34;0;1
-37;9;37;0;1
-44;-25;42;1;1
-16;-19;53;1;1
-11;-19;23;0;1
-12;-17;50;1;1
-17;17;62;0;1
-30;24;40;1;1
-57;-5;36;0;1
-14;13;23;0;1
-40;-19;50;0;1
-20;17;60;0;1
-24;28;18;0;1
-45;-29;16;0;1
-35;3;11;0;1
-25;-36;29;0;1
-30;34;21;0;1
-30;46;22;0;1
-37;-35;48;0;1
-37;-11;19;1;1
-24;-30;42;0;1
-42;-23;14;0;1
-22;-35;37;1;1
-56;-10;37;0;1
-55;-8;19;1;1
-33;37;18;1;1
-26;2;32;0;1
-31;-5;19;1;1
-12;-20;8;1;1
-33;14;25;1;1
-22;6;11;0;1
-23;-17;18;1;1
-31;-14;37;0;1
-42;26;20;0;1
-54;12;33;1;1
-21;-10;48;0;1
-41;12;20;1;1
-45;-33;37;0;1
-24;31;23;0;1
-21;-17;59;0;1
-31;9;63;1;1
-41;-1;23;0;1
-31;18;49;1;1
-14;10;32;1;1
-18;8;54;1;1
-20;-21;31;0;1
-14;22;38;0;1
-49;-15;42;1;1
-26;36;25;1;1
-36;-28;39;0;1
-18;5;30;0;1
-49;-4;21;1;1
-44;45;28;1;1
-10;14;21;0;1
-30;38;36;1;1
-17;-12;44;1;1
-30;10;9;0;1
-47;-16;15;0;1
-20;17;43;0;1
-34;-38;48;1;1
-42;-34;40;0;1
-38;-38;45;0;1
-29;4;30;0;1
-32;-3;29;0;1
-49;7;18;0;1
-32;-1;38;1;1
-41;25;20;1;1
-34;25;13;0;1
-50;-2;41;0;1
-29;-23;33;1;1
-36;-17;35;0;1
-37;-11;24;1;1
-21;-18;35;0;1
-31;-33;29;0;1
-22;35;49;1;1
-35;2;56;0;1
-26;-18;19;1;1
-21;-3;35;1;1
-49;9;22;0;1
-45;-41;22;1;1
-32;52;17;0;1
-31;2;19;0;1
-21;11;11;0;1
-31;-9;58;1;1
-30;40;48;1;1
-27;-28;59;1;1
-32;4;33;1;1
-31;2;61;1;1
-27;-1;24;0;1
-48;-13;49;0;1
-44;7;34;0;1
-50;-12;26;0;1
-39;-25;35;1;1
-41;17;27;0;1
-31;-3;27;0;1
-46;28;18;0;1
-27;-10;9;0;1
-58;-11;19;1;1
-22;4;32;0;1
-38;-10;30;0;1
-32;43;28;1;1
-34;9;21;0;1
-62;-4;20;1;1
-52;13;23;1;1
-9;13;39;0;1
-33;7;13;0;1
-41;42;23;0;1
-27;41;30;1;1
-48;17;28;0;1
-49;36;25;0;1
-45;0;32;0;1
-24;-11;13;0;1
-59;-30;24;0;1
-28;23;25;1;1
-17;-16;37;1;1
-26;-9;47;1;1
-33;48;28;0;1
-55;-24;19;1;1
-17;21;59;0;1
-34;-6;14;0;1
-8;10;33;0;1
-25;18;20;0;1
-22;-25;31;1;1
-13;-19;27;1;1
-38;10;46;1;1
-41;-47;24;1;1
-56;-11;17;0;1
-32;-22;36;0;1
-11;16;46;1;1
-29;-2;53;0;1
-24;37;20;0;1
-28;42;46;0;1
-60;-14;31;0;1
-23;-34;56;0;1
-28;24;38;0;1
-55;7;38;1;1
-31;-38;31;0;1
-25;7;27;0;1
-31;-1;55;0;1
-52;-24;34;0;1
-39;44;34;1;1
-21;14;11;0;1
-37;0;32;1;1
-32;-30;27;0;1
-16;22;37;1;1
-34;2;34;0;1
-52;-4;19;1;1
-27;4;14;1;1
-37;-39;34;0;1
-20;-13;9;0;1
-27;14;47;0;1
-29;-25;15;1;1
-51;-39;21;1;1
-39;-32;20;0;1
-38;-5;30;0;1
-22;-28;29;0;1
-27;-16;36;0;1
-58;32;22;0;1
-25;-22;15;1;1
-26;-5;58;1;1
-35;11;56;1;1
-23;-18;22;0;1
-26;-17;54;0;1
-32;29;56;1;1
-38;17;20;0;1
-31;-42;32;1;1
-25;2;16;1;1
-43;-36;29;1;1
-7;11;25;0;1
-21;31;42;1;1
-49;24;25;1;1
-23;-24;28;0;1
-33;-31;17;0;1
-21;-30;39;0;1
-51;2;36;1;1
-49;38;30;0;1
-39;-17;14;1;1
-42;5;40;0;1
-59;-27;20;0;1
-18;-24;38;0;1
-46;-42;32;0;1
-38;-3;37;0;1
-49;-33;26;0;1
-50;2;26;1;1
-16;-2;30;0;1
-48;-10;48;1;1
-31;-26;51;0;1
-27;8;20;0;1
-37;25;41;1;1
-20;-26;40;0;1
-37;-19;13;0;1
-33;11;50;0;1
-63;21;21;0;1
-20;-15;41;0;1
-28;-29;39;0;1
-31;37;16;0;1
-49;-23;45;0;1
-20;-28;54;1;1
-49;2;51;0;1
-37;-28;48;0;1
-25;20;12;0;1
-20;-34;16;1;1
-27;5;36;1;1
-32;7;40;1;1
-26;-4;64;0;1
-18;-1;44;0;1
-51;3;21;1;1
-42;-2;37;0;1
-45;21;23;1;1
-45;0;47;0;1
-35;37;45;0;1
-37;-16;52;0;1
-62;12;31;0;1
-21;-26;19;0;1
-33;32;25;0;1
-54;33;21;0;1
-28;-25;23;0;1
-31;18;23;0;1
-30;45;19;1;1
-45;1;32;0;1
-9;-9;30;0;1
-56;-13;17;1;1
-21;10;10;0;1
-49;-8;50;1;1
-35;19;19;0;1
-28;-33;44;0;1
-24;23;11;1;1
-28;-41;27;0;1
-47;34;38;0;1
-32;16;27;0;1
-62;-5;27;0;1
-34;36;27;1;1
-50;11;34;0;1
-29;48;16;1;1
-49;35;28;1;1
-39;-40;18;1;1
-27;33;37;1;1
-30;23;28;1;1
-36;0;17;0;1
-59;20;29;1;1
-57;-20;30;0;1
-42;-6;50;1;1
-35;29;36;1;1
-47;41;31;1;1
-37;-21;29;0;1
-8;13;32;0;1
-33;-36;45;0;1
-47;-3;21;1;1
-39;-24;23;0;1
-31;-15;38;1;1
-16;-19;37;0;1
-31;18;54;1;1
-44;41;35;0;1
-17;27;53;1;1
-37;-14;28;1;1
-27;28;17;1;1
-63;2;19;1;1
-32;5;21;0;1
-54;17;18;1;1
-55;-4;22;1;1
-50;7;42;0;1
-34;-3;16;0;1
-53;8;46;1;1
-27;6;39;0;1
-46;29;19;0;1
-13;-8;35;1;1
-43;11;15;0;1
-38;13;27;0;1
-27;-8;19;1;1
-47;-4;24;1;1
-37;-23;50;0;1
-58;20;22;0;1
-49;-2;38;0;1
-31;28;49;1;1
-47;-26;20;0;1
-26;31;53;1;1
-30;-3;42;0;1
-28;6;21;0;1
-24;-32;45;1;1
-35;23;36;1;1
-49;-8;48;1;1
-30;-8;52;1;1
-41;-12;19;1;1
-29;16;14;0;1
-30;44;22;0;1
-35;-35;45;0;1
-44;25;18;0;1
-46;24;28;1;1
-44;23;19;0;1
-35;57;21;0;1
-40;16;34;0;1
-49;33;33;0;1
-32;-49;32;0;1
-39;39;31;0;1
-18;-12;32;0;1
-31;2;56;0;1
-47;29;30;1;1
-23;-34;45;1;1
-12;13;36;0;1
-36;-16;43;0;1
-25;7;7;1;1
-51;11;27;0;1
-33;-16;50;0;1
-48;-2;42;0;1
-48;21;43;0;1
-19;25;42;0;1
-36;0;61;0;1
-27;-24;50;0;1
-24;-22;26;1;1
-27;-12;25;1;1
-52;-38;18;1;1
-39;22;25;0;1
-23;-15;62;0;1
-29;-2;33;0;1
-17;-6;48;0;1
-32;18;23;1;1
-47;1;20;0;1
-35;41;28;0;1
-54;-14;37;0;1
-24;1;47;0;1
-25;-17;45;0;1
-56;2;18;1;1
-50;16;46;1;1
-45;-18;44;1;1
-21;31;45;0;1
-44;6;25;0;1
-33;44;34;0;1
-23;-7;26;1;1
-27;-22;52;1;1
-30;50;22;1;1
-32;-11;45;1;1
-22;1;40;1;1
-27;-30;22;0;1
-40;31;38;1;1
-26;38;27;1;1
-60;13;17;1;1
-53;3;42;0;1
-50;18;17;0;1
-35;29;30;0;1
-26;21;62;1;1
-61;-12;28;1;1
-31;17;48;0;1
-35;-9;32;1;1
-31;5;21;0;1
-38;-15;34;1;1
-13;1;29;0;1
-38;-14;14;0;1
-18;-16;59;1;1
-35;-53;22;0;1
-39;45;26;0;1
-38;50;21;0;1
-25;-36;43;1;1
-26;-14;47;0;1
-45;10;35;0;1
-27;30;46;1;1
-27;6;14;0;1
-12;16;24;0;1
-42;39;36;0;1
-41;53;21;0;1
-17;28;25;1;1
-38;-2;20;0;1
-28;-48;33;1;1
-7;10;23;1;1
-49;2;16;0;1
-49;-10;50;0;1
-42;4;20;0;1
-27;13;39;1;1
-35;0;53;0;1
-18;-9;38;0;1
-18;-30;49;0;1
-35;-1;16;0;1
-57;-9;27;0;1
-65;-8;26;1;1
-39;43;37;1;1
-25;33;30;1;1
-48;-17;29;0;1
-30;45;24;0;1
-31;10;51;1;1
-21;13;59;0;1
-19;-25;12;0;1
-20;20;64;0;1
-29;-9;37;0;1
-39;1;47;1;1
-40;-47;26;0;1
-45;23;31;0;1
-22;-21;23;0;1
-51;-18;30;1;1
-35;-3;16;0;1
-28;-26;59;0;1
-58;0;30;0;1
-58;27;21;1;1
-23;33;49;0;1
-22;21;58;0;1
-32;-14;32;1;1
-39;-21;22;1;1
-38;19;28;1;1
-31;19;35;0;1
-41;2;14;0;1
-36;-8;27;0;1
-53;-3;24;0;1
-42;41;32;0;1
-17;-18;52;0;1
-8;-8;28;0;1
-32;25;52;0;1
-18;19;63;1;1
-39;-30;41;1;1
-26;42;42;0;1
-39;-18;55;1;1
-34;-17;16;0;1
-32;-14;35;0;1
-54;-17;40;1;1
-36;-31;43;1;1
-35;-21;40;1;1
-36;42;38;0;1
-56;29;18;1;1
-24;-29;57;0;1
-42;38;16;1;1
-27;19;39;1;1
-17;11;29;1;1
-39;-51;26;0;1
-48;22;39;0;1
-44;-10;19;0;1
-22;-19;60;0;1
-20;3;36;0;1
-20;-30;37;0;1
-28;-5;15;1;1
-45;22;14;0;1
-34;-21;22;0;1
-61;-6;20;1;1
-38;-19;39;1;1
-30;-19;44;0;1
-41;16;14;0;1
-49;-2;44;0;1
-24;-22;27;0;1
-30;-22;51;0;1
-15;5;27;1;1
-29;-3;20;1;1
-22;-29;56;1;1
-37;17;55;0;1
-19;-6;16;0;1
-53;-13;27;1;1
-24;16;58;0;1
-13;19;58;0;1
-51;-17;22;1;1
-14;4;33;0;1
-29;9;34;0;1
-39;25;40;0;1
-37;-50;34;0;1
-34;-27;48;0;1
-30;-16;36;0;1
-53;5;46;0;1
-19;2;35;1;1
-38;14;44;0;1
-53;-18;22;1;1
-17;-6;24;0;1
-56;-5;36;1;1
-51;-39;25;1;1
-50;15;35;1;1
-27;32;32;1;1
-43;5;24;0;1
-51;5;17;0;1
-43;-34;31;1;1
-40;6;26;1;1
-52;17;28;1;1
-16;22;13;1;1
-24;16;40;0;1
-42;-38;25;0;1
-27;30;15;1;1
-21;28;57;0;1
-52;40;18;1;1
-50;4;16;0;1
-34;14;45;0;1
-42;11;18;0;1
-58;21;29;0;1
-43;-30;18;1;1
-37;2;18;0;1
-43;-3;23;1;1
-26;-35;14;1;1
-18;-16;34;0;1
-44;-44;30;0;1
-41;-27;43;0;1
-21;-11;50;0;1
-66;7;23;1;1
-36;12;24;1;1
-42;-6;30;0;1
-26;-13;18;1;1
-17;22;38;0;1
-56;34;25;0;1
-21;-16;48;0;1
-32;-10;37;1;1
-21;10;46;0;1
-34;26;39;1;1
-51;-5;35;0;1
-49;-6;26;0;1
-24;5;64;0;1
-21;-8;22;0;1
-35;-29;26;0;1
-20;28;48;0;1
-48;34;28;0;1
-46;-14;51;0;1
-39;27;13;1;1
-28;48;18;0;1
-32;6;11;1;1
-38;-43;16;0;1
-35;19;49;0;1
-30;43;43;0;1
-30;24;46;0;1
-39;-51;23;0;1
-21;-14;59;0;1
-32;-51;20;0;1
-23;25;15;0;1
-36;-46;40;1;1
-44;-7;31;1;1
-35;43;17;0;1
-14;11;47;1;1
-42;7;21;0;1
-43;-45;31;0;1
-18;-21;56;0;1
-22;38;55;1;1
-44;9;34;0;1
-21;4;48;1;1
-45;-37;16;0;1
-20;-25;48;0;1
-40;-25;47;0;1
-43;33;18;1;1
-28;-20;47;0;1
-38;-18;53;0;1
-50;29;23;1;1
-42;-11;30;1;1
-36;-46;37;1;1
-15;22;11;0;1
-38;46;27;0;1
-32;-28;40;0;1
-26;-10;55;0;1
-20;26;21;0;1
-29;15;49;1;1
-41;-7;46;1;1
-28;-38;13;0;1
-13;-17;32;1;1
-27;-31;37;0;1
-52;-6;48;1;1
-30;-8;15;1;1
-45;35;20;1;1
-40;-44;35;1;1
-25;-6;38;0;1
-36;18;25;0;1
-43;-21;25;1;1
-28;1;33;0;1
-47;0;49;0;1
-34;17;16;0;1
-30;-15;46;0;1
-32;31;37;0;1
-57;-19;30;0;1
-16;-26;46;1;1
-39;19;34;0;1
-49;3;40;0;1
-22;-11;39;0;1
-45;9;39;0;1
-52;-31;27;1;1
-22;-8;28;0;1
-44;8;46;1;1
-34;-48;23;1;1
-56;29;29;1;1
-36;-6;60;0;1
-31;0;53;0;1
-36;-42;32;0;1
-19;10;16;0;1
-32;-14;12;0;1
-30;-7;38;1;1
-39;-45;16;0;1
-12;-1;24;0;1
-30;49;30;1;1
-17;19;39;0;1
-48;-24;25;1;1
-50;39;19;0;1
-43;-33;15;1;1
-12;13;39;0;1
-32;20;42;0;1
-30;-32;48;0;1
-21;-14;53;1;1
-37;-18;27;1;1
-26;24;21;0;1
-15;23;19;0;1
-23;7;43;0;1
-22;23;43;1;1
-37;52;26;1;1
-39;-27;52;0;1
-30;4;37;1;1
-39;6;34;0;1
-25;-36;37;0;1
-22;5;34;1;1
-54;10;20;0;1
-32;25;18;0;1
-48;-19;19;1;1
-36;21;51;0;1
-29;41;16;0;1
-32;-13;49;0;1
-22;-38;30;0;1
-25;38;48;1;1
-40;-15;51;0;1
-32;26;28;1;1
-26;43;47;0;1
-56;30;23;0;1
-21;12;9;0;1
-33;-14;21;0;1
-12;-8;28;0;1
-29;-13;20;0;1
-19;8;33;0;1
-23;7;50;1;1
-52;13;35;0;1
-48;3;16;0;1
-42;-38;19;1;1
-29;43;15;0;1
-43;12;51;0;1
-36;-17;37;0;1
-32;-40;19;0;1
-33;5;13;0;1
-42;-48;30;0;1
-30;14;45;1;1
-49;32;37;0;1
-54;-34;27;0;1
-41;-46;18;0;1
-47;0;15;0;1
-20;17;11;1;1
-33;51;31;0;1
-18;-5;26;1;1
-55;-8;27;0;1
-24;14;42;0;1
-25;-26;16;0;1
-33;-12;41;0;1
-26;32;19;0;1
-47;4;26;0;1
-23;10;10;0;1
-43;24;23;0;1
-41;-37;24;1;1
-27;-26;24;0;1
-28;10;15;0;1
-51;-11;15;1;1
-42;47;27;0;1
-21;7;54;0;1
-23;10;17;0;1
-35;11;39;1;1
-22;-34;42;1;1
-44;37;24;0;1
-31;-14;49;1;1
-32;38;29;0;1
-35;-28;53;1;1
-42;10;43;0;1
-25;10;47;0;1
-18;17;38;0;1
-50;-19;30;0;1
-43;19;48;0;1
-46;18;45;0;1
-30;2;28;0;1
-43;-45;17;1;1
-43;-18;30;0;1
-32;20;23;0;1
-46;-25;23;1;1
-40;-5;12;0;1
-30;15;11;1;1
-17;-21;25;0;1
-21;32;24;1;1
-48;-15;18;0;1
-42;41;24;0;1
-37;-49;33;0;1
-12;7;23;1;1
-34;-7;38;0;1
-38;-3;31;0;1
-14;24;21;1;1
-25;36;17;0;1
-20;16;54;0;1
-37;-13;12;0;1
-13;22;66;1;1
-24;-16;63;0;1
-39;48;31;1;1
-29;-16;49;0;1
-34;27;20;1;1
-16;-15;38;0;1
-41;23;30;0;1
-13;-2;25;1;1
-35;26;27;1;1
-23;-19;9;0;1
-59;-18;21;1;1
-22;11;22;0;1
-38;8;31;0;1
-35;14;18;0;1
-13;22;15;1;1
-46;-1;29;1;1
-61;-21;26;0;1
-58;5;29;1;1
-50;-5;31;0;1
-35;42;39;1;1
-23;4;37;1;1
-27;33;32;0;1
-17;16;41;1;1
-16;23;30;1;1
-41;-21;20;0;1
-33;24;21;0;1
-20;-12;60;1;1
-31;42;48;0;1
-55;22;38;0;1
-55;26;36;0;1
-40;-45;26;0;1
-10;-15;45;0;1
-58;12;36;0;1
-25;-9;61;1;1
-42;18;40;0;1
-35;-19;56;0;1
-44;-8;13;1;1
-29;22;55;0;1
-24;7;17;0;1
-30;43;46;0;1
-19;1;51;1;1
-39;3;20;0;1
-49;-33;37;0;1
-50;10;33;0;1
-22;19;20;0;1
-39;-27;42;0;1
-17;-29;40;0;1
-16;-26;57;0;1
-64;-14;19;0;1
-42;-3;19;0;1
-39;27;49;0;1
-17;29;40;0;1
-29;-16;62;1;1
-37;21;21;0;1
-30;28;44;0;1
-42;34;27;1;1
-21;-25;56;0;1
-36;-24;17;0;1
-40;-8;38;1;1
-13;-9;32;0;1
-54;-13;18;1;1
-25;-15;12;1;1
-18;-4;47;1;1
-37;-35;23;1;1
-34;-29;37;1;1
-58;-12;38;1;1
-23;-33;40;0;1
-28;-25;43;0;1
-47;-44;18;0;1
-32;-8;50;1;1
-14;1;25;0;1
-38;54;21;0;1
-42;-21;31;0;1
-32;-41;16;0;1
-31;45;45;0;1
-35;-33;15;0;1
-31;-52;36;0;1
-23;8;13;1;1
-51;23;27;0;1
-15;16;28;1;1
-30;19;41;0;1
-17;25;38;0;1
-31;25;46;0;1
-23;7;59;1;1
-26;19;11;0;1
-38;37;26;1;1
-38;4;14;1;1
-29;39;33;1;1
-50;-11;24;1;1
-9;-6;25;0;1
-29;-28;38;0;1
-22;7;57;0;1
-41;24;46;1;1
-23;9;57;0;1
-32;-10;60;1;1
-49;38;34;1;1
-35;-16;25;1;1
-24;-35;42;0;1
-28;37;33;0;1
-23;-14;63;0;1
-31;-7;40;0;1
-42;-36;36;1;1
-24;-11;37;0;1
-34;-21;31;1;1
-40;-35;19;0;1
-13;-18;44;0;1
-28;13;20;1;1
-53;29;17;0;1
-22;34;14;0;1
-48;-4;17;1;1
-25;5;37;0;1
-58;9;20;0;1
-41;-19;20;0;1
-38;-19;16;1;1
-38;-6;28;0;1
-49;-2;34;1;1
-48;-28;26;1;1
-51;-26;33;1;1
-27;-18;43;0;1
-53;-14;17;0;1
-28;32;39;1;1
-49;-16;33;0;1
-33;23;48;1;1
-47;-20;24;1;1
-17;-13;38;0;1
-49;-3;23;0;1
-54;0;26;1;1
-34;5;35;0;1
-11;18;51;1;1
-36;-2;42;0;1
-9;-15;46;1;1
-23;25;61;0;1
-50;-13;30;0;1
-39;-56;19;0;1
-37;-22;26;0;1
-40;23;27;0;1
-48;32;23;0;1
-52;-5;37;0;1
-34;-5;62;0;1
-25;22;10;1;1
-25;-25;21;0;1
-42;2;12;0;1
-22;-19;62;0;1
-14;18;33;0;1
-43;2;28;1;1
-31;28;55;0;1
-32;-50;35;1;1
-16;16;10;1;1
-36;-9;12;0;1
-37;-55;21;1;1
-9;13;20;1;1
-40;45;21;0;1
-54;-1;30;0;1
-31;42;21;1;1
-51;31;35;1;1
-36;-16;14;0;1
-24;-21;60;0;1
-30;-31;19;0;1
-31;-37;24;1;1
-48;27;37;0;1
-19;29;44;0;1
-47;-17;30;0;1
-52;7;44;0;1
-37;13;51;0;1
-48;15;36;0;1
-16;10;43;0;1
-18;26;11;0;1
-14;-20;57;0;1
-13;14;27;1;1
-58;16;31;0;1
-13;17;53;0;1
-56;0;24;0;1
-29;33;19;1;1
-16;-25;11;0;1
-39;41;31;0;1
-38;33;22;1;1
-40;39;38;0;1
-32;41;18;0;1
-17;-20;41;0;1
-39;-12;50;0;1
-29;5;63;1;1
-50;27;17;1;1
-56;16;23;0;1
-30;34;30;0;1
-36;7;31;0;1
-28;23;40;0;1
-26;42;18;0;1
-31;-47;40;0;1
-45;-15;40;1;1
-13;-9;19;0;1
-31;32;20;1;1
-30;-26;47;1;1
-32;44;17;0;1
-41;25;40;1;1
-21;31;50;0;1
-31;-48;34;0;1
-47;-16;41;0;1
-37;24;27;0;1
-23;30;57;0;1
-40;-18;37;1;1
-28;34;15;1;1
-31;-8;34;0;1
-14;10;44;0;1
-38;25;34;0;1
-37;37;45;1;1
-16;17;34;1;1
-26;-17;50;0;1
-49;0;14;0;1
-45;2;15;0;1
-25;11;64;1;1
-53;-26;25;0;1
-45;-43;33;1;1
-27;-44;42;0;1
-45;-47;23;0;1
-32;29;41;1;1
-24;-19;45;0;1
-51;2;45;1;1
-33;-27;23;1;1
-13;15;23;1;1
-33;0;32;1;1
-45;2;24;0;1
-39;46;28;0;1
-25;29;37;1;1
-65;-1;28;0;1
-34;-46;40;0;1
-37;-26;39;1;1
-33;4;17;1;1
-40;2;51;0;1
-54;16;35;1;1
-22;-19;33;0;1
-46;34;35;1;1
-17;25;43;1;1
-25;34;40;1;1
-30;9;61;0;1
-27;6;59;0;1
-55;-24;27;0;1
-47;-39;23;0;1
-27;-6;43;0;1
-46;-10;34;0;1
-34;22;56;0;1
-15;25;15;0;1
-31;30;53;1;1
-40;32;17;1;1
-34;-15;20;1;1
-19;14;12;0;1
-38;-23;25;0;1
-17;-14;31;0;1
-39;-31;40;1;1
-24;2;37;0;1
-53;23;29;0;1
-36;32;34;0;1
-27;-7;40;1;1
-36;17;56;0;1
-41;-30;42;0;1
-52;-4;18;0;1
-41;5;28;1;1
-22;4;31;0;1
-14;-12;30;0;1
-17;-25;30;0;1
-61;0;24;1;1
-36;28;25;1;1
-38;12;32;0;1
-55;-3;32;0;1
-37;40;17;1;1
-32;-4;11;1;1
-48;-37;34;1;1
-35;34;17;0;1
-55;14;25;0;1
-32;-30;47;0;1
-34;11;33;0;1
-30;-29;15;1;1
-35;-46;37;1;1
-41;4;27;1;1
-34;40;46;1;1
-32;49;40;0;1
-28;-24;43;0;1
-60;23;22;0;1
-42;-27;25;0;1
-51;-5;15;0;1
-52;-15;24;0;1
-34;-20;24;0;1
-48;22;41;0;1
-31;-10;37;0;1
-11;-13;22;0;1
-38;5;14;1;1
-32;-20;41;0;1
-33;-25;22;0;1
-35;7;61;0;1
-33;-34;29;0;1
-38;20;45;0;1
-44;39;19;1;1
-45;-30;36;0;1
-24;0;27;0;1
-47;-9;39;1;1
-56;-21;36;0;1
-30;-44;25;1;1
-33;5;54;0;1
-17;8;48;0;1
-16;13;38;0;1
-25;-10;62;1;1
-18;7;46;0;1
-21;30;12;1;1
-22;-3;40;1;1
-42;8;34;0;1
-33;7;55;0;1
-10;15;33;1;1
-38;6;52;0;1
-16;13;22;1;1
-25;25;21;0;1
-35;21;38;1;1
-42;-13;22;0;1
-32;28;41;0;1
-21;21;13;1;1
-22;2;46;1;1
-32;35;24;0;1
-43;28;15;0;1
-22;2;56;0;1
-54;8;21;0;1
-58;-28;27;0;1
-64;-5;25;1;1
-28;15;33;0;1
-63;-15;23;1;1
-31;25;21;0;1
-49;-2;48;0;1
-44;-3;22;0;1
-38;2;51;0;1
-27;-12;52;0;1
-50;-36;28;1;1
-36;49;34;0;1
-14;22;42;0;1
-50;16;33;1;1
-52;7;24;1;1
-40;28;26;0;1
-38;36;37;1;1
-46;-19;47;1;1
-29;1;13;0;1
-39;18;28;1;1
-42;0;57;1;1
-34;-4;54;0;1
-38;22;39;1;1
-49;32;18;0;1
-31;-17;51;0;1
-26;4;44;0;1
-58;2;26;0;1
-52;8;38;1;1
-26;-17;60;0;1
-38;-35;45;0;1
-15;-18;41;0;1
-29;28;38;1;1
-23;-4;24;0;1
-24;5;33;1;1
-36;16;23;1;1
-19;15;58;1;1
-16;-14;42;0;1
-54;-13;38;1;1
-18;-21;53;0;1
-42;-9;48;0;1
-27;-40;50;1;1
-57;-7;17;0;1
-50;19;16;0;1
-40;-20;29;1;1
-43;-28;34;0;1
-33;-12;23;1;1
-24;39;51;1;1
-40;-5;43;0;1
-47;-37;26;1;1
-45;-23;37;0;1
-35;47;26;1;1
-29;-2;54;0;1
-17;8;27;0;1
-18;24;59;0;1
-32;3;47;0;1
-30;21;56;1;1
-28;9;15;0;1
-20;-34;43;0;1
-52;-22;18;0;1
-41;-11;30;0;1
-32;-4;63;0;1
-57;-31;20;0;1
-32;-3;13;1;1
-63;17;22;0;1
-25;-19;13;0;1
-33;-53;31;0;1
-28;-8;40;1;1
-46;20;50;1;1
-26;-7;40;1;1
-45;-10;45;0;1
-37;-3;19;1;1
-41;23;37;0;1
-41;-19;35;0;1
-39;-9;38;1;1
-27;19;27;0;1
-44;-12;53;0;1
-39;-22;55;0;1
-55;-32;21;0;1
-18;-5;31;1;1
-56;1;24;1;1
-16;-18;12;0;1
-26;24;15;0;1
-16;-23;10;0;1
-34;41;26;1;1
-18;-14;28;0;1
-40;4;27;0;1
-26;2;13;1;1
-19;-23;42;0;1
-44;-35;20;0;1
-21;-36;12;0;1
-44;-13;46;1;1
-54;36;24;0;1
-13;19;44;0;1
-30;16;41;0;1
-25;20;23;1;1
-29;8;33;0;1
-33;14;54;0;1
-50;-32;34;1;1
-30;-14;50;0;1
-24;-15;61;1;1
-20;-28;17;0;1
-31;24;41;0;1
-29;-15;62;0;1
-15;24;28;0;1
-22;-3;60;1;1
-48;-38;18;0;1
-40;5;39;0;1
-31;43;45;0;1
-45;32;33;0;1
-41;3;56;0;1
-43;5;53;1;1
-30;-2;25;0;1
-15;-11;28;1;1
-58;23;23;0;1
-38;-30;36;0;1
-22;10;49;1;1
-51;-24;30;0;1
-57;-19;24;1;1
-51;-31;18;1;1
-37;16;30;1;1
-23;-15;54;0;1
-24;26;19;1;1
-13;9;36;1;1
-19;-22;14;1;1
-12;-9;41;1;1
-40;-36;22;1;1
-40;22;47;0;1
-26;-35;38;0;1
-30;27;32;1;1
-56;34;21;1;1
-25;-41;30;1;1
-45;-2;47;0;1
-34;-21;14;0;1
-49;-7;18;1;1
-46;17;28;0;1
-38;-53;20;0;1
-52;-21;17;0;1
-13;3;25;0;1
-27;-12;11;0;1
-25;26;32;0;1
-7;12;30;0;1
-50;-2;30;0;1
-28;2;29;1;1
-17;17;66;0;1
-31;12;38;0;1
-28;-35;20;1;1
-50;11;42;0;1
-16;-10;35;0;1
-44;-7;39;1;1
-17;12;18;0;1
-33;23;27;1;1
-34;-37;35;0;1
-62;21;27;0;1
-47;27;24;1;1
-13;-4;24;0;1
-54;25;22;1;1
-30;10;11;0;1
-25;12;40;1;1
-13;16;31;0;1
-33;-23;47;1;1
-22;28;42;1;1
-29;21;43;0;1
-13;7;31;0;1
-48;4;43;1;1
-30;-48;29;0;1
-58;30;23;1;1
-51;25;30;0;1
-22;-32;12;0;1
-21;-3;58;0;1
-65;12;22;1;1
-26;38;37;0;1
-50;28;36;0;1
-38;-18;55;1;1
-38;-28;24;0;1
-37;17;28;0;1
-28;5;37;0;1
-51;13;41;0;1
-57;10;33;0;1
-41;27;40;0;1
-39;-26;30;1;1
-47;3;45;1;1
-37;-12;56;1;1
-35;33;45;0;1
-27;-4;52;0;1
-32;38;17;0;1
-43;-10;18;0;1
-46;14;27;0;1
-42;23;25;0;1
-47;-42;27;1;1
-51;21;15;1;1
-24;1;18;0;1
-39;33;42;0;1
-8;-11;29;1;1
-47;-15;31;0;1
-17;-10;46;0;1
-38;-11;46;0;1
-48;-34;36;0;1
-34;33;37;0;1
-39;-7;45;0;1
-32;-26;14;1;1
-33;40;29;1;1
-40;20;14;0;1
-52;-29;17;0;1
-44;-21;19;0;1
-46;24;40;0;1
-38;12;58;0;1
-52;-13;26;0;1
-28;-4;32;0;1
-23;-20;43;0;1
-40;-16;33;0;1
-14;-8;19;0;1
-32;51;18;0;1
-36;23;39;1;1
-29;40;26;0;1
-40;-19;12;1;1
-36;18;13;1;1
-48;26;16;1;1
-41;-19;45;1;1
-29;-16;55;0;1
-40;3;53;1;1
-21;2;57;1;1
-21;-11;44;0;1
-29;30;28;0;1
-26;30;53;0;1
-44;14;35;0;1
-38;-41;41;0;1
-49;-41;27;0;1
-46;-29;39;0;1
-35;-19;25;1;1
-59;20;23;1;1
-33;-30;24;0;1
-29;25;55;1;1
-26;-16;43;0;1
-23;-21;31;0;1
-22;22;20;0;1
-21;35;25;0;1
-41;-10;22;0;1
-44;-28;29;0;1
-34;-13;50;0;1
-48;33;28;1;1
-48;-42;21;1;1
-31;-42;25;1;1
-33;-11;16;1;1
-20;-33;33;1;1
-48;-20;26;0;1
-45;-13;47;0;1
-17;17;56;1;1
-38;-39;34;1;1
-20;-17;54;1;1
-34;41;30;0;1
-46;11;51;1;1
-20;-9;29;1;1
-20;26;52;0;1
-61;28;22;1;1
-27;20;18;0;1
-27;7;33;0;1
-26;-30;42;0;1
-38;19;21;1;1
-11;17;54;1;1
-21;7;33;0;1
-44;4;16;0;1
-18;16;17;0;1
-46;28;31;1;1
-25;40;38;1;1
-22;21;16;0;1
-40;26;19;0;1
-21;22;16;1;1
-28;-7;48;0;1
-22;-8;53;0;1
-34;-37;41;0;1
-50;1;48;1;1
-16;8;31;1;1
-22;19;37;0;1
-35;-12;20;1;1
-48;36;26;1;1
-42;36;21;0;1
-40;34;22;1;1
-23;-27;47;1;1
-31;-15;26;1;1
-60;16;30;1;1
-36;43;39;0;1
-24;41;46;0;1
-40;38;23;1;1
-15;18;14;0;1
-21;-23;28;1;1
-28;-48;29;0;1
-24;-9;18;1;1
-27;3;61;1;1
-52;-41;23;0;1
-49;-31;19;0;1
-49;33;35;1;1
-17;-11;21;0;1
-44;9;16;0;1
-29;30;36;0;1
-16;-22;46;0;1
-43;-50;23;0;1
-39;-5;38;0;1
-24;-26;41;0;1
-59;-9;22;0;1
-22;35;39;0;1
-38;-20;31;0;1
-42;-8;23;0;1
-31;-51;33;0;1
-37;-29;53;0;1
-39;37;43;0;1
-43;19;45;1;1
-58;0;21;0;1
-36;-2;49;0;1
-21;34;41;1;1
-37;-2;52;0;1
-39;1;57;1;1
-17;-19;7;1;1
-22;13;18;1;1
-14;7;30;1;1
-37;24;31;1;1
-35;34;37;0;1
-31;28;22;0;1
-43;-31;21;1;1
-17;-21;17;0;1
-47;20;23;0;1
-31;22;26;0;1
-48;12;30;1;1
-31;-34;23;0;1
-27;-24;19;1;1
-40;-41;41;0;1
-45;-22;27;1;1
-26;-23;25;0;1
-46;-48;24;0;1
-33;28;40;0;1
-17;4;45;0;1
-16;19;18;0;1
-30;-51;26;1;1
-24;-38;19;0;1
-25;-9;52;1;1
-28;22;17;0;1
-48;-17;42;0;1
-45;43;19;0;1
-16;27;45;0;1
-30;7;9;0;1
-31;15;58;0;1
-30;13;30;1;1
-40;48;28;0;1
-21;-29;17;0;1
-26;-28;15;0;1
-23;6;23;0;1
-44;0;20;1;1
-52;-11;45;0;1
-42;-16;42;1;1
-44;-51;21;0;1
-34;-24;41;1;1
-27;-18;16;0;1
-52;-29;19;1;1
-21;-7;45;0;1
-21;16;35;0;1
-43;-8;13;0;1
-46;11;34;0;1
-25;-38;40;0;1
-19;-20;23;0;1
-54;-8;31;0;1
-49;-1;27;0;1
-31;-5;59;1;1
-21;29;28;1;1
-18;17;53;0;1
-17;23;12;0;1
-35;16;38;0;1
-24;18;61;0;1
-48;15;25;0;1
-53;-12;22;0;1
-41;13;29;1;1
-44;40;35;0;1
-44;-8;40;0;1
-29;20;43;0;1
-28;4;55;0;1
-39;-5;48;0;1
-30;-24;32;0;1
-44;-3;21;1;1
-40;47;24;1;1
-20;-22;21;0;1
-19;-14;35;1;1
-54;-2;38;0;1
-51;-20;23;0;1
-36;1;38;1;1
-14;-8;26;1;1
-57;-14;37;0;1
-43;-37;23;1;1
-21;15;66;1;1
-25;17;28;1;1
-18;8;38;1;1
-34;-5;58;1;1
-35;22;12;0;1
-36;43;33;0;1
-39;0;36;0;1
-20;18;13;0;1
-35;-4;39;1;1
-64;14;24;1;1
-25;43;32;0;1
-36;9;52;1;1
-18;-8;21;0;1
-44;19;20;0;1
-60;-17;25;0;1
-55;18;20;0;1
-62;1;18;0;1
-13;-21;34;1;1
-12;-12;18;0;1
-44;-3;42;1;1
-57;-13;24;0;1
-35;-26;46;0;1
-34;44;40;1;1
-43;4;53;1;1
-61;9;20;1;1
-20;11;48;0;1
-20;16;8;0;1
-9;15;44;1;1
-8;12;22;0;1
-59;30;24;0;1
-50;37;23;0;1
-19;10;44;1;1
-20;4;32;0;1
-27;-2;35;0;1
-29;-35;36;1;1
-59;-32;18;0;1
-43;13;36;0;1
-29;-42;38;0;1
-21;22;57;0;1
-22;-14;18;0;1
-19;9;47;1;1
-24;-6;14;0;1
-46;20;34;1;1
-39;-29;36;1;1
-21;-11;60;0;1
-22;-19;10;1;1
-36;32;22;0;1
-29;-26;26;1;1
-20;-14;17;0;1
-63;-15;19;0;1
-52;-18;39;0;1
-35;12;13;0;1
-12;-2;26;1;1
-22;-19;38;1;1
-46;24;31;0;1
-37;9;36;0;1
-43;-24;14;0;1
-28;-14;35;0;1
-35;22;26;1;1
-30;-6;53;1;1
-31;11;61;1;1
-39;8;25;0;1
-20;22;13;0;1
-36;-31;15;0;1
-20;17;40;0;1
-20;0;43;0;1
-31;-3;53;1;1
-45;22;23;1;1
-29;23;17;0;1
-10;15;31;0;1
-22;-18;30;0;1
-37;16;39;1;1
-51;31;33;0;1
-48;37;22;0;1
-39;4;18;1;1
-42;17;21;0;1
-44;12;50;0;1
-49;16;44;1;1
-36;-6;14;1;1
-45;-27;18;1;1
-36;26;29;1;1
-43;-15;44;0;1
-49;-44;26;1;1
-11;19;48;0;1
-16;-9;33;0;1
-27;11;14;0;1
-18;6;23;0;1
-56;-6;34;0;1
-34;-11;56;0;1
-45;-30;24;1;1
-24;40;52;0;1
-29;-25;47;0;1
-49;23;28;1;1
-43;-9;55;1;1
-44;19;34;0;1
-32;2;50;0;1
-19;22;40;0;1
-23;-5;40;0;1
-34;-20;41;1;1
-13;0;33;0;1
-44;32;27;1;1
-45;-28;39;1;1
-12;14;36;0;1
-20;4;28;1;1
-46;0;38;0;1
-26;-38;34;0;1
-40;28;45;1;1
-22;-10;7;0;1
-35;26;30;1;1
-17;-7;17;0;1
-48;-8;17;0;1
-52;-7;38;0;1
-45;30;28;1;1
-44;49;24;0;1
-48;-14;21;1;1
-40;-34;20;0;1
-45;-24;18;0;1
-19;-20;54;0;1
-34;4;13;0;1
-47;19;16;1;1
-15;24;50;0;1
-33;6;28;0;1
-25;36;33;0;1
-36;-14;41;0;1
-45;3;36;0;1
-46;-16;18;1;1
-43;-23;40;0;1
-20;15;58;0;1
-17;24;29;0;1
-22;-5;20;1;1
-37;-19;17;1;1
-35;3;51;1;1
-27;-4;22;1;1
-35;-9;50;0;1
-14;15;56;1;1
-45;16;33;0;1
-42;-37;39;0;1
-42;-13;25;0;1
-23;8;53;0;1
-44;14;23;0;1
-39;10;47;1;1
-53;21;29;0;1
-30;5;46;1;1
-31;-30;14;1;1
-57;14;40;1;1
-27;-13;29;0;1
-37;-28;46;0;1
-18;5;36;0;1
-53;35;18;1;1
-17;19;26;0;1
-40;0;55;1;1
-62;-2;32;1;1
-41;26;28;1;1
-42;32;20;0;1
-61;-18;30;0;1
-25;0;65;0;1
-35;45;21;0;1
-31;-2;23;0;1
-28;-17;17;0;1
-64;-22;20;0;1
-35;-24;48;0;1
-34;-51;19;0;1
-19;-6;35;0;1
-28;-17;43;0;1
-32;-21;13;0;1
-26;3;24;1;1
-36;-7;46;0;1
-24;38;32;0;1
-42;6;41;0;1
-16;6;30;0;1
-57;-10;20;1;1
-16;-8;19;0;1
-53;-18;26;0;1
-44;9;24;1;1
-21;-20;28;1;1
-20;5;45;0;1
-18;29;41;1;1
-46;-22;36;0;1
-38;-7;15;1;1
-32;23;46;1;1
-22;-32;27;0;1
-39;-6;59;0;1
-24;27;16;1;1
-66;10;21;0;1
-34;37;30;0;1
-38;22;23;0;1
-49;-13;28;0;1
-37;-24;40;1;1
-36;27;27;1;1
-44;-27;42;1;1
-24;-13;53;0;1
-26;-5;20;0;1
-29;22;44;0;1
-23;-3;9;1;1
-23;18;51;0;1
-19;9;54;0;1
-45;-29;22;1;1
-15;-5;42;0;1
-60;18;25;1;1
-39;-29;46;0;1
-43;-15;34;0;1
-29;-25;41;0;1
-29;5;25;0;1
-48;-30;16;1;1
-19;-10;18;0;1
-37;-35;36;1;1
-17;20;25;0;1
-55;13;29;0;1
-35;9;19;1;1
-49;23;36;0;1
-22;23;50;0;1
-42;-37;19;0;1
-46;-23;31;1;1
-52;4;27;0;1
-46;5;24;0;1
-52;-26;29;0;1
-27;41;31;0;1
-19;-12;52;1;1
-48;-33;16;0;1
-49;7;23;1;1
-31;1;51;0;1
-59;1;36;0;1
-39;-16;19;1;1
-57;29;19;0;1
-47;-1;31;1;1
-39;-33;41;0;1
-41;17;49;0;1
-41;-13;19;0;1
-35;-28;29;0;1
-15;-19;13;0;1
-28;6;13;1;1
-14;-9;27;1;1
-48;15;39;0;1
-59;-3;20;1;1
-42;42;22;0;1
-46;-39;35;1;1
-25;-40;15;1;1
-29;-21;27;0;1
-51;16;17;1;1
-52;-6;27;1;1
-35;5;32;1;1
-54;-17;42;0;1
-16;-2;26;0;1
-42;5;21;0;1
-37;29;31;1;1
-34;36;32;1;1
-33;20;25;0;1
-32;-24;31;1;1
-30;-16;49;0;1
-26;-25;41;0;1
-46;-17;44;1;1
-40;18;30;0;1
-23;12;34;1;1
-19;-20;43;0;1
-24;36;52;1;1
-45;20;27;0;1
-42;-31;43;1;1
-31;27;44;0;1
-13;18;59;0;1
-32;23;55;1;1
-54;30;18;1;1
-29;22;43;0;1
-29;12;34;1;1
-33;2;35;0;1
-33;-26;30;0;1
-20;-6;32;0;1
-52;5;20;1;1
-48;-2;13;1;1
-22;-4;17;0;1
-63;9;23;1;1
-38;7;11;1;1
-54;-4;27;1;1
-24;-5;11;0;1
-56;-4;42;1;1
-26;-36;32;1;1
-34;43;31;0;1
-53;24;35;0;1
-55;-19;16;0;1
-28;-22;57;1;1
-27;36;26;1;1
-22;32;31;0;1
-23;-32;52;0;1
-26;2;21;0;1
-25;23;12;0;1
-24;-32;37;0;1
-40;1;53;0;1
-48;23;22;1;1
-42;37;23;0;1
-43;-7;14;1;1
-55;1;20;0;1
-17;-13;44;0;1
-49;11;35;0;1
-28;-42;37;0;1
-31;44;18;0;1
-61;2;32;1;1
-22;21;44;1;1
-35;-9;16;0;1
-36;19;14;0;1
-23;-22;35;0;1
-32;34;37;1;1
-37;-49;25;1;1
-39;8;20;0;1
-26;16;30;0;1
-31;52;28;0;1
-40;0;28;0;1
-51;3;46;0;1
-31;10;37;0;1
-25;8;8;0;1
-47;10;24;1;1
-42;22;20;1;1
-50;-15;48;1;1
-45;-46;28;1;1
-17;27;36;1;1
-42;26;41;1;1
-26;25;58;0;1
-41;9;16;1;1
-17;-2;24;1;1
-19;-7;44;1;1
-24;-24;25;0;1
-47;-27;19;1;1
-27;43;49;0;1
-22;-2;53;0;1
-18;14;54;0;1
-25;33;39;0;1
-53;5;45;1;1
-45;37;23;0;1
-35;-49;32;0;1
-47;15;40;1;1
-58;-9;27;1;1
-20;32;46;1;1
-58;29;23;0;1
-28;39;39;0;1
-42;7;24;1;1
-52;-20;26;1;1
-41;14;54;1;1
-34;-8;52;1;1
-55;-6;34;0;1
-50;-9;41;0;1
-36;-15;55;1;1
-29;39;49;0;1
-24;-18;27;0;1
-36;17;49;0;1
-52;19;31;0;1
-13;-19;11;1;1
-16;8;20;0;1
-26;9;44;0;1
-45;10;53;1;1
-39;15;29;1;1
-20;-6;48;0;1
-26;21;13;0;1
-18;-12;27;0;1
-31;3;53;1;1
-27;-14;20;1;1
-29;-50;17;1;1
-20;-31;16;0;1
-31;20;50;0;1
-35;-26;25;0;1
-14;17;14;0;1
-34;34;31;1;1
-52;-19;34;1;1
-27;-2;23;0;1
-38;44;16;0;1
-26;-18;15;0;1
-41;31;27;1;1
-44;25;17;0;1
-34;-56;20;1;1
-17;20;16;0;1
-21;-27;31;0;1
-12;-11;41;0;1
-44;15;23;1;1
-44;5;31;0;1
-23;7;46;0;1
-35;47;16;0;1
-51;14;35;0;1
-36;-24;54;0;1
-43;24;24;1;1
-26;2;63;0;1
-16;-4;32;1;1
-22;-20;51;0;1
-38;22;17;0;1
-64;0;28;0;1
-53;-18;37;0;1
-40;-5;19;0;1
-40;-6;16;0;1
-13;-11;21;0;1
-34;-6;57;1;1
-11;8;25;0;1
-27;-23;61;0;1
-44;38;24;0;1
-25;-5;49;0;1
-59;10;33;0;1
-52;-15;18;0;1
-28;-32;27;1;1
-40;-11;44;0;1
-15;20;13;1;1
-38;-2;52;1;1
-25;-22;51;1;1
-23;20;21;0;1
-25;-23;14;0;1
-34;-12;56;1;1
-23;-16;32;0;1
-37;-31;29;0;1
-38;-4;23;0;1
-29;-5;33;0;1
-34;-5;60;1;1
-51;-42;24;0;1
-52;2;38;1;1
-31;-27;48;0;1
-46;-32;32;1;1
-30;-15;61;0;1
-20;-1;40;0;1
-33;0;39;1;1
-48;-24;44;1;1
-51;-41;26;0;1
-53;19;20;1;1
-30;-2;21;0;1
-55;-32;20;1;1
-38;21;22;1;1
-39;-44;34;1;1
-24;9;40;0;1
-34;-9;41;0;1
-43;-11;51;0;1
-30;-26;34;1;1
-44;50;19;0;1
-45;-45;19;1;1
-50;42;20;1;1
-49;20;19;0;1
-49;-21;20;1;1
-48;4;27;0;1
-57;-14;27;1;1
-32;1;38;0;1
-18;28;17;0;1
-45;-34;29;0;1
-40;38;28;0;1
-30;4;33;0;1
-29;-18;34;1;1
-26;19;9;0;1
-26;-17;52;0;1
-21;17;42;1;1
-20;3;20;0;1
-38;4;40;0;1
-36;32;19;1;1
-34;10;36;0;1
-28;14;26;0;1
-20;27;43;0;1
-32;-27;19;1;1
-16;18;37;1;1
-32;-8;12;0;1
-44;-39;32;1;1
-38;-38;15;0;1
-41;41;19;0;1
-39;3;40;1;1
-35;30;20;1;1
-14;-15;34;0;1
-7;-10;28;0;1
-32;-16;42;0;1
-22;-34;49;0;1
-50;-35;19;0;1
-36;-44;19;0;1
-39;-38;43;0;1
-15;25;32;1;1
-14;-18;54;1;1
-37;-21;24;0;1
-49;-1;42;0;1
-56;-14;38;0;1
-15;-4;23;1;1
-41;-14;39;0;1
-22;25;50;0;1
-33;22;40;0;1
-34;-5;40;0;1
-19;-17;18;1;1
-39;46;22;1;1
-32;-3;10;1;1
-34;-14;28;0;1
-37;-19;46;0;1
-58;29;24;0;1
-24;29;22;0;1
-17;25;61;1;1
-38;8;55;0;1
-27;6;38;0;1
-46;-3;16;1;1
-29;-8;11;0;1
-17;-27;35;0;1
-23;34;56;0;1
-25;-6;36;1;1
-47;27;21;1;1
-35;4;13;1;1
-43;-40;31;1;1
-40;42;35;0;1
-55;-6;42;0;1
-22;-8;61;0;1
-30;-14;23;0;1
-42;44;24;0;1
-33;3;20;0;1
-18;8;47;0;1
-36;-38;21;1;1
-58;22;24;1;1
-40;42;37;1;1
-30;26;14;0;1
-17;-5;40;0;1
-44;-31;17;0;1
-51;3;22;0;1
-61;1;35;0;1
-24;-36;31;0;1
-34;16;25;1;1
-15;2;38;1;1
-22;0;43;0;1
-11;-16;28;0;1
-31;13;14;0;1
-15;22;64;1;1
-24;-18;51;1;1
-19;-30;37;0;1
-25;41;42;1;1
-25;-14;56;1;1
-49;-30;21;0;1
-39;-36;46;1;1
-57;-5;28;0;1
-30;-11;48;1;1
-36;-42;37;0;1
-20;16;13;0;1
-33;-26;46;0;1
-57;12;16;1;1
-34;37;37;1;1
-35;-10;19;1;1
-28;39;49;0;1
-42;50;24;0;1
-55;20;40;0;1
-60;16;27;0;1
-31;10;44;0;1
-12;-19;19;1;1
-67;7;20;1;1
-35;-51;26;0;1
-40;8;48;0;1
-35;11;30;0;1
-35;6;24;0;1
-54;13;39;0;1
-30;20;24;1;1
-48;0;45;1;1
-40;-21;34;1;1
-23;-22;41;1;1
-38;-6;36;1;1
-34;-43;39;0;1
-27;-1;57;0;1
-38;16;56;0;1
-41;29;23;0;1
-16;2;26;0;1
-21;1;56;0;1
-31;-18;49;0;1
-38;-21;24;0;1
-31;8;18;0;1
-38;-18;54;0;1
-35;1;18;1;1
-17;-1;29;0;1
-25;-2;20;1;1
-36;-4;12;1;1
-47;1;38;0;1
-29;18;16;0;1
-31;18;48;0;1
-53;-12;41;1;1
-46;-20;19;0;1
-19;-12;35;0;1
-23;-3;57;1;1
-36;-18;12;0;1
-30;-12;38;1;1
-15;21;55;1;1
-40;-18;18;1;1
-32;47;35;0;1
-41;-23;38;0;1
-42;-4;37;0;1
-56;28;31;1;1
-25;5;30;1;1
-19;-7;55;1;1
-42;-25;24;1;1
-29;26;51;0;1
-33;-32;15;0;1
-59;10;26;1;1
-38;-13;57;1;1
-51;-24;35;0;1
-49;-45;22;1;1
-25;-27;34;0;1
-35;-4;60;0;1
-33;16;39;0;1
-28;24;24;1;1
-66;-10;19;0;1
-29;-36;17;0;1
-32;53;34;0;1
-33;32;37;1;1
-30;-6;39;0;1
-59;5;35;0;1
-42;-25;33;0;1
-35;3;39;0;1
-59;-5;17;1;1
-54;-7;27;0;1
-50;-36;30;1;1
-18;-13;51;0;1
-30;-35;24;1;1
-57;4;20;0;1
-53;1;42;1;1
-36;-8;11;0;1
-11;15;18;0;1
-37;-30;26;0;1
-32;33;29;0;1
-42;5;28;1;1
-41;18;49;1;1
-21;-32;34;0;1
-34;22;24;1;1
-47;-4;36;0;1
-41;-44;29;1;1
-44;6;16;1;1
-37;-27;53;1;1
-22;-11;49;1;1
-33;35;49;0;1
-36;23;50;0;1
-38;-51;24;1;1
-25;22;53;1;1
-38;-11;12;1;1
-50;-11;40;1;1
-36;-21;12;0;1
-12;-19;45;1;1
-37;30;48;0;1
-22;-38;48;0;1
-15;22;38;0;1
-43;22;36;0;1
-64;3;18;0;1
-29;-47;34;1;1
-26;-1;27;0;1
-22;-25;38;1;1
-49;4;48;0;1
-25;-15;10;0;1
-17;-28;45;0;1
-12;19;59;0;1
-42;1;29;0;1
-27;31;13;1;1
-49;11;23;0;1
-39;-43;37;0;1
-18;4;46;0;1
-44;-21;21;1;1
-39;18;35;1;1
-47;-45;25;0;1
-50;-26;43;0;1
-38;-8;23;1;1
-45;36;25;0;1
-39;18;25;1;1
-28;-29;33;0;1
-35;36;15;0;1
-16;-13;27;0;1
-30;15;13;0;1
-26;23;29;0;1
-38;29;43;0;1
-32;-10;59;1;1
-35;8;54;0;1
-29;22;52;0;1
-51;-26;34;0;1
-62;10;29;1;1
-47;32;34;0;1
-36;28;51;0;1
-42;10;55;1;1
-42;-15;17;0;1
-26;-29;54;0;1
-51;27;36;1;1
-27;-4;40;1;1
-59;2;23;1;1
-31;-11;53;0;1
-40;0;42;0;1
-37;23;24;0;1
-32;-8;37;0;1
-22;37;29;0;1
-42;11;44;0;1
-60;-6;37;1;1
-21;-2;17;0;1
-50;35;24;0;1
-24;37;53;1;1
-44;41;34;0;1
-20;-31;60;0;1
-58;-12;31;1;1
-31;43;38;0;1
-30;29;46;0;1
-29;-2;56;0;1
-32;31;55;1;1
-27;-18;18;0;1
-52;35;33;1;1
-53;9;31;0;1
-24;10;13;0;1
-46;1;27;1;1
-35;33;39;1;1
-39;25;23;0;1
-48;26;27;0;1
-27;-13;9;0;1
-14;-11;41;0;1
-18;4;29;1;1
-29;2;19;0;1
-15;21;48;1;1
-28;12;64;0;1
-57;15;26;0;1
-35;-11;60;1;1
-39;-32;15;0;1
-28;43;40;1;1
-59;-14;30;1;1
-44;0;35;0;1
-17;26;60;1;1
-52;29;35;1;1
-40;-26;50;1;1
-27;40;13;0;1
-32;23;57;1;1
-37;-15;19;0;1
-27;-4;10;0;1
-38;41;22;0;1
-43;1;47;0;1
-13;20;57;0;1
-29;-39;18;0;1
-21;-33;56;0;1
-28;27;43;0;1
-25;-15;50;1;1
-60;-3;28;1;1
-62;6;28;1;1
-30;-20;35;0;1
-43;29;32;1;1
-38;-41;33;1;1
-20;4;36;0;1
-57;19;35;0;1
-38;-35;39;0;1
-49;24;32;1;1
-40;-13;22;1;1
-51;11;23;0;1
-45;-4;20;0;1
-47;7;48;1;1
-51;14;29;0;1
-46;-5;51;0;1
-37;24;16;0;1
-26;-28;11;0;1
-18;29;18;1;1
-31;31;13;1;1
-38;54;19;1;1
-29;-20;26;1;1
-31;6;24;0;1
-23;6;7;0;1
-37;4;42;0;1
-45;30;22;0;1
-22;-29;26;0;1
-23;-20;24;1;1
-13;-14;51;0;1
-18;24;24;0;1
-26;-28;19;0;1
-39;12;55;1;1
-54;-12;32;1;1
-14;-9;23;1;1
-45;43;21;0;1
-29;29;53;0;1
-58;-24;30;1;1
-20;-8;47;1;1
-54;-19;21;0;1
-41;6;39;0;1
-48;11;50;1;1
-47;30;27;1;1
-31;5;9;0;1
-15;19;8;1;1
-9;7;27;0;1
-31;26;46;0;1
-40;8;11;0;1
-45;-23;34;1;1
-31;-17;18;0;1
-47;28;24;0;1
-20;-31;37;1;1
-42;3;51;0;1
-26;-28;16;1;1
-43;-8;48;0;1
-42;-13;47;0;1
-51;-8;43;0;1
-35;23;46;1;1
-45;21;25;1;1
-47;34;33;0;1
-58;15;27;1;1
-31;-22;26;0;1
-54;21;28;0;1
-54;1;42;1;1
-35;6;45;1;1
-35;12;15;1;1
-14;22;61;0;1
-57;-21;30;0;1
-43;-12;40;1;1
-15;19;15;0;1
-34;32;53;0;1
-48;-5;49;0;1
-32;31;43;1;1
-29;4;42;0;1
-29;-41;36;0;1
-37;38;24;0;1
-46;0;22;1;1
-57;19;28;0;1
-29;-36;22;0;1
-23;14;62;1;1
-22;34;45;0;1
-18;-20;13;0;1
-30;-1;48;0;1
-45;29;15;1;1
-23;-11;12;1;1
-56;10;26;0;1
-36;-20;27;0;1
-28;8;15;0;1
-22;15;37;1;1
-27;21;44;1;1
-51;-21;17;0;1
-47;-26;45;1;1
-22;-7;53;0;1
-27;-21;61;1;1
-59;19;23;0;1
-25;30;45;0;1
-53;-28;17;0;1
-51;-41;25;0;1
-51;-14;40;1;1
-33;-15;28;0;1
-59;-24;29;1;1
-32;-17;27;1;1
-54;-39;23;0;1
-43;-4;22;0;1
-55;26;23;1;1
-60;1;27;0;1
-41;27;31;0;1
-28;15;60;0;1
-53;-6;22;0;1
-21;21;49;0;1
-54;-1;22;1;1
-55;-9;44;0;1
-21;22;47;0;1
-36;12;28;1;1
-38;-47;32;1;1
-49;-18;29;0;1
-14;1;23;1;1
-20;-17;20;0;1
-41;-32;16;0;1
-37;-11;49;0;1
-58;-12;17;0;1
-40;-36;45;0;1
-45;27;41;1;1
-31;10;18;0;1
-21;14;16;0;1
-40;-40;39;0;1
-39;4;15;1;1
-20;28;13;0;1
-30;-12;50;1;1
-20;5;21;0;1
-40;1;43;1;1
-53;0;23;0;1
-16;-6;39;0;1
-51;-32;19;0;1
-24;11;24;1;1
-41;-11;35;1;1
-22;32;15;1;1
-39;-40;26;0;1
-49;31;27;0;1
-24;-6;54;0;1
-24;-41;47;0;1
-24;-5;16;0;1
-31;6;13;0;1
-13;-2;33;1;1
-29;-42;26;0;1
-57;-1;34;0;1
-40;12;30;0;1
-37;-52;20;0;1
-41;50;26;1;1
-19;22;17;0;1
-23;-20;31;0;1
-44;-45;27;0;1
-22;5;42;0;1
-26;33;31;0;1
-34;-48;30;0;1
-26;18;38;1;1
-41;16;46;0;1
-33;-4;49;0;1
-36;-45;36;0;1
-24;-16;32;1;1
-27;-12;26;0;1
-36;51;28;0;1
-55;2;19;1;1
-45;31;29;1;1
-32;-41;40;1;1
-11;-5;31;0;1
-50;-12;18;0;1
-25;4;60;0;1
-28;29;18;0;1
-55;-17;39;0;1
-40;-25;25;1;1
-29;12;37;0;1
-26;-10;64;0;1
-32;-9;15;0;1
-28;-17;12;0;1
-42;-12;30;0;1
-25;39;17;0;1
-43;-28;15;0;1
-14;-24;39;1;1
-23;22;45;0;1
-11;-15;24;1;1
-14;3;39;0;1
-31;-14;32;0;1
-26;-25;44;1;1
-54;22;39;0;1
-52;-26;22;0;1
-42;-22;17;0;1
-45;3;33;0;1
-28;-17;23;0;1
-56;-19;19;0;1
-10;-13;40;1;1
-40;-9;29;0;1
-17;14;37;1;1
-37;-7;56;1;1
-53;-20;17;1;1
-40;-44;26;0;1
-26;-42;33;1;1
-39;-21;55;0;1
-35;1;30;0;1
-29;-2;44;0;1
-17;-16;28;0;1
-30;-12;58;0;1
-25;-33;34;1;1
-43;-37;26;0;1
-31;31;49;1;1
-48;-32;31;0;1
-32;-40;45;0;1
-42;23;20;1;1
-54;-25;18;0;1
-46;-49;23;1;1
-14;14;31;0;1
-56;-4;26;0;1
-32;39;25;0;1
-29;-22;46;1;1
-24;23;40;1;1
-26;12;35;1;1
-19;-23;62;0;1
-38;-15;37;0;1
-49;-17;29;1;1
-36;4;59;0;1
-26;23;17;0;1
-18;23;36;1;1
-53;15;25;1;1
-30;51;37;0;1
-55;29;31;0;1
-9;-13;30;0;1
-26;-19;55;0;1
-41;27;45;0;1
-35;-15;59;0;1
-40;30;36;0;1
-30;-38;23;0;1
-37;29;19;1;1
-23;27;53;0;1
-39;-43;17;1;1
-19;-17;29;1;1
-37;-4;39;0;1
-44;11;24;0;1
-41;41;21;1;1
-50;-35;28;0;1
-17;14;31;1;1
-31;32;49;0;1
-11;-7;35;1;1
-49;-9;49;0;1
-35;18;32;1;1
-53;-8;15;0;1
-16;-5;36;0;1
-24;35;33;0;1
-41;36;45;0;1
-29;9;48;0;1
-38;3;33;0;1
-36;44;28;1;1
-40;7;50;0;1
-46;3;29;0;1
-60;10;17;1;1
-18;11;25;0;1
-63;-12;27;1;1
-33;-28;56;0;1
-51;-1;45;0;1
-47;-9;18;0;1
-31;52;19;1;1
-35;16;17;1;1
-45;-11;42;0;1
-21;-2;28;0;1
-25;16;46;1;1
-30;48;40;0;1
-31;-15;34;0;1
-43;-4;47;1;1
-45;-31;38;0;1
-25;1;13;0;1
-38;5;49;0;1
-34;-17;47;0;1
-31;6;49;0;1
-44;28;43;0;1
-45;2;44;1;1
-21;34;28;0;1
-25;-23;34;1;1
-24;8;41;0;1
-29;46;43;1;1
-32;-54;24;0;1
-50;15;15;0;1
-45;15;23;1;1
-37;-23;32;0;1
-27;11;15;0;1
-54;-31;28;1;1
-18;-25;18;0;1
-43;-6;38;0;1
-46;44;20;1;1
-24;31;41;0;1
-36;21;41;1;1
-20;27;57;1;1
-18;-18;49;0;1
-51;37;24;1;1
-50;11;26;0;1
-32;36;44;1;1
-34;-26;45;0;1
-39;53;21;1;1
-49;11;24;0;1
-37;18;22;1;1
-21;27;58;0;1
-32;-19;47;1;1
-27;2;65;0;1
-31;1;47;0;1
-31;33;23;0;1
-43;-23;28;0;1
-18;-12;41;0;1
-20;21;55;0;1
-54;29;26;0;1
-12;-9;33;1;1
-47;-21;26;0;1
-47;-3;24;1;1
-44;22;16;0;1
-20;-4;26;1;1
-30;6;47;0;1
-57;-29;30;0;1
-39;36;25;0;1
-55;-11;35;0;1
-32;-10;42;0;1
-24;9;20;1;1
-21;16;36;1;1
-39;13;49;1;1
-39;13;36;1;1
-34;16;28;1;1
-23;-29;55;0;1
-20;7;17;0;1
-34;-9;47;0;1
-39;5;12;0;1
-36;31;30;1;1
-26;-28;37;0;1
-25;39;24;1;1
-34;49;24;0;1
-31;49;41;0;1
-38;-37;24;0;1
-23;-6;39;1;1
-10;-14;46;0;1
-35;11;17;0;1
-28;14;53;0;1
-22;5;19;0;1
-36;27;36;1;1
-47;-41;27;0;1
-60;22;23;1;1
-47;-29;18;0;1
-45;45;26;0;1
-30;13;57;0;1
-43;-22;47;0;1
-29;22;39;1;1
-58;-7;36;1;1
-32;-22;16;0;1
-53;6;39;0;1
-47;39;18;1;1
-37;24;36;0;1
-21;-34;49;1;1
-38;40;22;0;1
-31;-17;12;1;1
-33;-30;30;0;1
-47;-13;30;0;1
-46;-3;47;0;1
-23;-12;46;0;1
-26;8;28;0;1
-24;41;27;1;1
-31;-40;48;1;1
-36;51;25;0;1
-38;50;24;1;1
-44;-14;30;1;1
-27;14;34;0;1
-30;21;16;0;1
-19;-16;32;0;1
-54;-20;34;0;1
-30;32;13;0;1
-30;-14;12;0;1
-26;-17;16;1;1
-43;-39;20;1;1
-52;-14;37;1;1
-30;2;54;0;1
-22;9;58;1;1
-47;-5;42;0;1
-50;-28;41;1;1
-19;2;16;0;1
-32;-20;48;0;1
-44;-7;37;1;1
-35;-53;31;0;1
-22;20;57;0;1
-39;-20;54;0;1
-33;10;19;0;1
-39;-16;42;1;1
-28;33;38;1;1
-46;-12;21;0;1
-22;-32;47;0;1
-41;-44;18;0;1
-22;2;19;0;1
-43;-3;52;0;1
-20;26;55;0;1
-52;20;22;1;1
-28;13;38;0;1
-29;-6;47;0;1
-30;-9;27;0;1
-23;-2;46;0;1
-10;6;23;1;1
-17;-27;46;0;1
-28;-2;58;1;1
-24;-39;15;0;1
-14;0;33;0;1
-17;8;34;0;1
-33;-13;23;0;1
-34;29;33;1;1
-48;-29;26;1;1
-25;-17;50;1;1
-23;-2;21;0;1
-25;14;17;0;1
-40;-20;48;0;1
-57;32;26;0;1
-40;-44;31;1;1
-43;-1;40;1;1
-34;-7;29;0;1
-39;-33;25;1;1
-25;-15;16;0;1
-53;28;38;1;1
-19;-29;54;1;1
-19;18;63;1;1
-60;-18;28;0;1
-37;25;51;1;1
-54;-11;41;0;1
-23;-16;19;0;1
-23;-2;15;0;1
-40;31;24;0;1
-21;-28;28;0;1
-49;-21;46;0;1
-35;-24;53;0;1
-13;8;34;1;1
-44;-40;20;1;1
-37;-27;42;0;1
-50;5;15;0;1
-13;-20;55;1;1
-19;-22;48;1;1
-34;22;36;1;1
-34;-11;10;0;1
-18;-19;57;0;1
-21;3;45;1;1
-60;-14;25;0;1
-47;28;17;0;1
-16;-20;27;1;1
-37;30;39;1;1
-55;-16;30;0;1
-13;-12;33;0;1
-24;3;66;0;1
-16;25;16;1;1
-29;-24;14;0;1
-29;25;45;0;1
-40;-24;26;0;1
-19;19;26;1;1
-33;-34;36;0;1
-17;-29;48;1;1
-52;8;35;0;1
-19;25;41;0;1
-44;36;32;0;1
-27;-16;53;1;1
-47;-1;21;1;1
-50;17;20;1;1
-48;31;26;0;1
-28;15;41;1;1
-62;13;19;1;1
-42;26;44;0;1
-22;-3;29;0;1
-33;21;34;0;1
-17;24;42;0;1
-17;-13;23;0;1
-39;-18;51;1;1
-38;24;32;1;1
-11;18;17;1;1
-20;8;14;0;1
-21;-25;14;0;1
-43;-11;30;1;1
-20;-32;54;0;1
-26;-12;30;0;1
-53;1;28;1;1
-8;13;23;0;1
-62;-11;19;0;1
-22;-10;40;1;1
-60;-2;34;1;1
-37;-31;49;0;1
-45;-4;47;1;1
-33;17;21;1;1
-50;-22;17;1;1
-53;-26;39;0;1
-25;-10;23;0;1
-34;-5;25;0;1
-59;-19;21;1;1
-54;3;43;0;1
-29;31;23;0;1
-22;-13;9;0;1
-41;-24;52;0;1
-24;2;44;1;1
-27;-27;34;1;1
-38;-22;20;1;1
-47;-41;20;1;1
-28;-12;14;1;1
-30;-3;33;1;1
-31;-46;29;0;1
-57;-21;18;1;1
-21;17;56;1;1
-30;20;61;0;1
-44;-9;45;1;1
-28;-35;26;0;1
-35;6;29;1;1
-56;13;28;1;1
-44;20;44;1;1
-55;-38;21;0;1
-37;7;57;1;1
-22;-38;32;1;1
-44;44;31;1;1
-28;35;30;0;1
-38;-15;29;0;1
-51;-26;28;0;1
-23;-26;51;0;1
-35;-37;40;0;1
-33;-10;61;1;1
-48;-15;27;0;1
-25;-17;20;0;1
-23;-24;42;1;1
-35;5;50;0;1
-19;20;39;0;1
-43;29;27;0;1
-25;36;19;0;1
-47;2;31;1;1
-31;18;36;0;1
-55;5;28;1;1
-30;-32;51;0;1
-34;27;36;0;1
-32;-8;39;0;1
-35;-26;12;1;1
-37;28;29;1;1
-35;38;22;0;1
-24;14;53;0;1
-47;-4;53;0;1
-23;-4;43;1;1
-12;0;31;0;1
-20;29;45;1;1
-27;-17;36;0;1
-60;13;30;1;1
-34;44;29;0;1
-36;-31;46;0;1
-29;19;41;0;1
-42;-11;35;0;1
-37;-46;25;0;1
-49;5;36;0;1
-17;18;42;0;1
-28;5;21;0;1
-19;21;13;0;1
-17;17;16;0;1
-27;-34;31;0;1
-34;31;52;0;1
-20;3;43;1;1
-24;19;30;1;1
-30;-6;34;0;1
-15;17;59;0;1
-39;-48;27;0;1
-34;29;40;0;1
-35;29;34;0;1
-19;-8;41;0;1
-11;18;42;0;1
-28;21;13;0;1
-31;33;44;1;1
-20;18;39;0;1
-39;48;20;0;1
-21;3;34;1;1
-46;12;41;1;1
-30;19;20;0;1
-16;-22;13;0;1
-10;-10;29;0;1
-35;25;19;1;1
-29;26;54;0;1
-34;24;14;1;1
-26;-13;35;1;1
-41;-39;29;1;1
-58;-9;28;0;1
-43;18;22;0;1
-11;7;23;0;1
-38;-42;19;0;1
-59;11;33;0;1
-28;-21;24;0;1
-36;-33;23;1;1
-27;43;44;1;1
-31;-11;23;0;1
-20;2;28;0;1
-15;18;56;0;1
-32;25;12;0;1
-27;40;17;0;1
-47;-14;14;1;1
-45;28;44;1;1
-35;3;44;0;1
-33;-37;26;0;1
-36;-42;25;1;1
-23;7;19;0;1
-58;-24;27;1;1
-21;-25;23;1;1
-21;3;20;1;1
-24;-8;25;1;1
-17;-22;42;0;1
-32;34;39;0;1
-15;-21;56;1;1
-40;8;14;0;1
-26;44;46;0;1
-18;-20;22;0;1
-34;-34;41;1;1
-58;-4;31;0;1
-65;-17;19;1;1
-48;-11;38;1;1
-34;0;44;0;1
-31;-30;18;0;1
-27;45;37;0;1
-39;-1;25;0;1
-50;-30;28;0;1
-36;8;30;0;1
-44;7;22;0;1
-31;39;31;0;1
-14;15;34;0;1
-62;9;30;0;1
-64;-4;20;0;1
-37;20;53;0;1
-41;-11;26;1;1
-33;10;35;1;1
-36;0;18;1;1
-26;1;30;0;1
-32;19;23;1;1
-14;-2;20;1;1
-45;3;13;0;1
-26;-44;33;0;1
-27;-39;50;0;1
-35;31;33;0;1
-46;-6;49;0;1
-33;-13;57;0;1
-54;-33;32;0;1
-22;4;41;0;1
-53;-14;25;0;1
-40;-22;23;1;1
-27;46;22;0;1
-23;14;38;1;1
-53;17;35;0;1
-22;29;50;0;1
-15;12;17;0;1
-38;35;32;0;1
-45;-14;27;0;1
-29;0;38;0;1
-32;-12;46;0;1
-52;11;30;0;1
-38;-9;19;0;1
-11;-17;26;1;1
-31;-34;13;0;1
-35;27;55;0;1
-20;11;24;0;1
-22;32;22;1;1
-24;-23;15;1;1
-33;17;38;0;1
-43;-43;31;1;1
-36;50;26;0;1
-18;-7;15;0;1
-62;4;24;0;1
-39;33;25;1;1
-33;-4;46;1;1
-22;15;10;1;1
-41;27;18;0;1
-33;-49;36;0;1
-61;0;32;0;1
-39;33;46;1;1
-46;-31;15;1;1
-42;-15;55;1;1
-41;30;44;1;1
-39;-28;48;1;1
-17;-5;26;1;1
-19;-4;27;1;1
-47;-47;18;0;1
-17;-1;25;0;1
-47;1;16;1;1
-35;0;41;0;1
-17;-24;52;0;1
-41;-18;43;1;1
-23;37;38;0;1
-47;-12;25;1;1
-36;48;37;0;1
-30;-2;60;0;1
-44;-18;19;0;1
-49;-31;33;0;1
-45;-38;19;0;1
-30;2;31;0;1
-38;-6;43;1;1
-25;35;15;0;1
-31;-10;20;1;1
-31;13;30;0;1
-28;-4;22;1;1
-36;-30;50;0;1
-27;0;19;0;1
-35;-56;25;1;1
-30;-17;31;1;1
-64;-5;24;0;1
-28;-17;10;1;1
-19;18;31;1;1
-46;-12;30;0;1
-43;29;26;0;1
-39;-29;20;0;1
-21;-32;21;0;1
-56;33;26;1;1
-28;-15;42;0;1
-29;31;47;0;1
-31;37;46;0;1
-26;-40;15;1;1
-18;3;32;0;1
-31;33;28;0;1
-56;37;23;1;1
-40;30;41;0;1
-49;-29;34;0;1
-52;-7;21;0;1
-21;-9;13;1;1
-17;-5;38;1;1
-18;26;57;0;1
-30;-17;37;0;1
-48;22;22;1;1
-42;19;20;0;1
-36;0;35;0;1
-11;-16;51;0;1
-35;-22;13;0;1
-26;20;36;0;1
-25;14;36;0;1
-27;35;42;0;1
-33;-2;42;1;1
-46;23;15;1;1
-25;-4;31;0;1
-40;36;31;0;1
-47;-22;26;0;1
-22;-27;25;0;1
-60;10;25;0;1
-52;-7;44;1;1
-32;8;21;0;1
-21;-8;44;0;1
-30;47;34;1;1
-32;-7;44;0;1
-30;-23;36;1;1
-33;6;13;0;1
-29;33;27;0;1
-18;-15;17;1;1
-34;-38;33;0;1
-47;-35;25;0;1
-33;-20;21;0;1
-44;-2;55;1;1
-33;8;42;0;1
-40;-33;36;0;1
-21;10;48;0;1
-33;34;33;1;1
-27;-9;24;1;1
-36;-23;44;1;1
-34;-3;26;0;1
-30;40;16;0;1
-24;25;29;1;1
-42;-3;28;0;1
-18;-27;39;1;1
-51;-6;23;0;1
-40;-13;21;0;1
-15;18;44;1;1
-50;-20;16;0;1
-38;-2;18;1;1
-14;-17;41;1;1
-31;20;23;1;1
-37;5;37;0;1
-43;-7;15;0;1
-41;19;41;0;1
-58;12;24;1;1
-31;-3;18;0;1
-7;11;26;1;1
-40;-41;36;0;1
-38;22;12;0;1
-65;-16;20;1;1
-28;26;19;1;1
-28;0;29;0;1
-32;-34;28;1;1
-33;52;25;1;1
-42;-29;39;1;1
-45;-10;32;1;1
-33;-4;9;0;1
-47;7;33;0;1
-46;-36;37;1;1
-38;-48;32;1;1
-45;0;36;0;1
-28;17;26;1;1
-24;-14;27;0;1
-40;17;51;0;1
-36;-12;23;0;1
-40;18;47;1;1
-43;7;26;0;1
-16;18;59;1;1
-33;-51;27;1;1
-45;-21;21;1;1
-29;27;13;0;1
-38;30;20;0;1
-43;13;13;0;1
-16;12;31;1;1
-18;-27;63;0;1
-24;29;47;1;1
-44;31;37;0;1
-17;28;50;0;1
-34;-30;52;0;1
-24;-33;46;1;1
-21;12;35;1;1
-46;18;22;0;1
-41;-13;35;0;1
-36;-31;24;0;1
-22;7;35;1;1
-15;15;43;1;1
-43;-46;21;0;1
-24;-13;63;0;1
-29;7;50;0;1
-18;-14;18;0;1
-22;3;17;0;1
-24;32;25;0;1
-16;-5;23;1;1
-62;-20;26;0;1
-25;21;25;0;1
-17;-29;41;0;1
-28;-27;51;0;1
-17;18;36;1;1
-19;9;39;0;1
-26;10;26;0;1
-41;10;41;0;1
-56;11;19;0;1
-22;18;40;0;1
-48;18;16;0;1
-38;-5;46;0;1
-42;-1;43;0;1
-37;-24;17;0;1
-30;-27;15;0;1
-29;6;23;0;1
-33;-24;50;0;1
-13;-20;59;0;1
-31;34;38;1;1
-26;15;64;0;1
-35;-46;27;0;1
-33;39;28;1;1
-62;12;32;0;1
-39;49;22;1;1
-39;-18;22;0;1
-33;17;15;0;1
-34;-42;38;1;1
-54;24;29;0;1
-33;-16;26;0;1
-40;-25;29;1;1
-30;-4;21;1;1
-37;-6;60;0;1
-20;-18;23;0;1
-35;-20;28;1;1
-43;-32;22;1;1
-46;-8;36;1;1
-12;5;25;0;1
-50;-2;23;0;1
-40;-21;46;0;1
-57;-27;29;0;1
-24;-14;16;1;1
-35;-10;43;0;1
-23;-13;56;1;1
-38;31;25;0;1
-50;-5;20;0;1
-57;-21;19;1;1
-32;12;11;0;1
-31;-1;23;0;1
-28;36;52;0;1
-50;14;20;1;1
-50;-27;28;1;1
-16;-27;20;1;1
-44;15;43;1;1
-56;32;24;0;1
-33;-26;56;1;1
-33;-45;28;0;1
-25;-20;42;1;1
-31;-32;39;0;1
-41;-6;37;0;1
-36;-33;26;1;1
-36;-10;12;0;1
-29;22;30;1;1
-22;-35;16;0;1
-25;16;11;0;1
-44;-31;40;0;1
-24;23;57;1;1
-33;26;35;0;1
-21;-16;13;0;1
-49;-27;15;0;1
-37;-35;41;0;1
-28;-28;19;1;1
-38;-17;46;0;1
-28;3;19;0;1
-32;-8;56;0;1
-15;18;30;1;1
-11;17;38;0;1
-25;-7;33;0;1
-29;34;32;0;1
-44;-28;30;1;1
-41;-7;42;0;1
-13;-2;29;0;1
-18;-8;29;0;1
-36;-16;31;0;1
-38;-22;51;1;1
-46;-32;41;1;1
-28;34;23;0;1
-48;-39;25;0;1
-23;19;30;0;1
-15;-20;24;0;1
-24;-19;44;0;1
-34;-33;49;0;1
-36;15;12;0;1
-21;-25;43;0;1
-18;-2;48;0;1
-29;2;26;1;1
-50;-14;30;1;1
-28;-18;19;0;1
-57;-19;22;1;1
-49;25;15;0;1
-39;43;26;0;1
-32;-16;39;0;1
-26;-10;39;0;1
-36;-4;56;0;1
-42;-16;53;0;1
-33;-48;35;1;1
-24;-14;53;0;1
-42;-5;53;0;1
-26;4;27;0;1
-52;17;36;0;1
-33;4;41;1;1
-24;-6;32;0;1
-53;36;20;1;1
-40;-1;46;0;1
-67;-3;18;0;1
-35;-33;23;1;1
-33;45;17;0;1
-45;-29;31;1;1
-36;50;24;0;1
-31;-50;27;1;1
-31;9;10;1;1
-29;-21;61;0;1
-26;32;27;1;1
-19;14;16;1;1
-38;51;27;1;1
-17;-9;41;1;1
-45;-18;29;1;1
-32;5;42;0;1
-25;40;51;0;1
-18;20;54;0;1
-22;35;35;0;1
-39;-7;20;0;1
-27;28;36;0;1
-34;9;29;0;1
-20;24;57;1;1
-24;20;19;1;1
-42;-39;38;0;1
-34;4;33;0;1
-49;-12;30;1;1
-20;34;27;0;1
-36;32;46;1;1
-38;46;34;0;1
-35;-13;24;0;1
-27;36;33;1;1
-35;-43;24;0;1
-9;-14;43;1;1
-38;-1;51;0;1
-52;13;21;0;1
-21;-26;58;0;1
-35;43;40;1;1
-52;9;23;0;1
-17;-17;64;1;1
-45;-47;21;0;1
-33;-42;32;1;1
-30;-25;23;1;1
-25;24;60;0;1
-22;-10;29;0;1
-22;4;49;0;1
-58;-5;38;0;1
-39;22;46;1;1
-42;3;28;0;1
-45;16;43;1;1
-32;-17;35;0;1
-23;29;23;1;1
-42;-1;20;0;1
-48;-6;16;1;1
-55;35;22;0;1
-29;-23;39;0;1
-35;9;10;0;1
-44;-24;35;1;1
-47;-43;18;0;1
-58;5;32;1;1
-55;-2;36;0;1
-31;-4;60;0;1
-51;0;15;1;1
-47;11;18;0;1
-48;24;34;1;1
-60;25;24;0;1
-35;-6;15;0;1
-37;-29;27;0;1
-32;44;20;0;1
-52;34;26;1;1
-26;-6;14;0;1
-42;28;33;1;1
-22;-28;28;0;1
-18;19;55;1;1
-50;33;17;1;1
-46;-15;41;0;1
-18;-27;25;0;1
-50;-23;24;1;1
-14;-24;60;0;1
-35;8;60;1;1
-35;-32;35;0;1
-23;0;39;0;1
-30;1;16;0;1
-45;-23;30;1;1
-20;-23;42;1;1
-28;-11;33;1;1
-36;-48;33;1;1
-42;-5;17;0;1
-17;9;39;1;1
-24;-12;13;0;1
-28;0;57;1;1
-30;20;56;1;1
-41;-44;20;0;1
-55;-11;39;0;1
-20;-34;17;1;1
-28;-16;15;1;1
-38;15;39;1;1
-37;14;50;1;1
-31;37;23;0;1
-23;-15;42;0;1
-38;-19;52;0;1
-28;-8;38;0;1
-22;-22;42;0;1
-47;-41;22;0;1
-33;34;51;0;1
-44;23;33;1;1
-10;12;23;0;1
-38;-10;25;0;1
-60;-6;35;0;1
-19;-23;53;0;1
-26;34;39;0;1
-40;10;40;0;1
-42;-25;45;1;1
-26;33;28;0;1
-30;12;29;0;1
-42;-7;33;1;1
-13;-22;8;1;1
-18;5;50;0;1
-40;11;51;1;1
-32;-47;26;1;1
-29;-20;44;1;1
-48;47;19;1;1
-34;-42;45;0;1
-23;-1;37;0;1
-35;20;36;0;1
-52;11;45;0;1
-9;-12;26;1;1
-25;15;10;0;1
-56;6;43;1;1
-33;-48;25;0;1
-22;8;19;1;1
-33;-46;37;0;1
-31;-44;15;1;1
-47;-27;38;0;1
-53;-17;33;1;1
-23;10;27;0;1
-12;-2;33;1;1
-36;-7;25;0;1
-26;-37;43;0;1
-29;-28;24;0;1
-28;5;59;1;1
-58;29;19;1;1
-43;-13;15;1;1
-57;-2;29;0;1
-58;7;35;0;1
-40;1;36;0;1
-40;15;13;0;1
-31;25;58;0;1
-34;-37;19;0;1
-31;33;26;1;1
-27;-11;35;0;1
-34;-16;31;1;1
-54;-13;19;0;1
-56;-11;23;0;1
-48;26;34;1;1
-46;-10;38;0;1
-47;11;25;0;1
-61;1;24;0;1
-26;23;41;0;1
-36;-47;19;1;1
-44;49;21;0;1
-43;-15;19;0;1
-40;-52;21;1;1
-32;-10;12;0;1
-56;23;28;0;1
-45;36;23;0;1
-24;41;23;0;1
-52;-20;39;0;1
-29;32;27;0;1
-22;-29;12;1;1
-41;-21;19;0;1
-32;44;41;0;1
-45;-34;40;0;1
-26;21;37;1;1
-20;18;19;0;1
-31;29;25;1;1
-17;-17;11;0;1
-36;-15;50;1;1
-24;-41;26;0;1
-50;5;28;0;1
-23;-39;36;0;1
-36;-2;37;0;1
-42;-18;49;0;1
-34;16;18;1;1
-22;7;24;1;1
-39;-11;41;0;1
-36;-19;39;1;1
-33;-31;36;0;1
-64;-5;27;1;1
-19;19;49;0;1
-29;-37;30;1;1
-14;2;28;0;1
-26;-2;41;0;1
-42;16;19;1;1
-38;-24;37;1;1
-37;6;16;1;1
-25;-16;44;1;1
-25;-38;30;1;1
-11;-14;25;1;1
-22;-2;29;0;1
-32;48;38;0;1
-44;-29;34;1;1
-16;15;14;0;1
-28;33;28;1;1
-42;1;28;1;1
-50;-14;33;1;1
-43;22;37;1;1
-38;-50;19;1;1
-47;26;27;1;1
-30;6;25;0;1
-42;-2;31;0;1
-24;2;25;0;1
-42;-41;18;0;1
-30;-33;55;0;1
-29;45;23;0;1
-22;25;59;1;1
-12;-18;47;1;1
-21;-30;11;0;1
-26;20;17;1;1
-26;23;34;0;1
-22;-22;34;0;1
-42;1;54;1;1
-53;20;20;0;1
-25;19;40;0;1
-46;-15;13;0;1
-40;27;42;0;1
-21;5;40;0;1
-17;18;44;0;1
-39;2;32;0;1
-34;-31;32;1;1
-21;13;57;0;1
-46;-15;33;0;1
-36;29;49;0;1
-16;-11;42;0;1
-30;-28;12;1;1
-32;41;21;0;1
-34;16;60;0;1
-29;-30;50;0;1
-46;21;32;1;1
-27;28;11;0;1
-54;23;34;0;1
-56;6;39;0;1
-41;36;33;0;1
-37;43;30;0;1
-29;-32;27;0;1
-21;23;20;1;1
-26;-39;22;0;1
-51;43;20;1;1
-28;-10;62;1;1
-32;24;22;1;1
-36;-11;54;0;1
-18;-15;61;0;1
-63;-2;18;1;1
-42;-29;48;0;1
-64;19;20;0;1
-42;-43;31;1;1
-50;23;34;1;1
-46;-2;13;0;1
-34;-35;21;0;1
-15;-16;12;1;1
-42;33;38;0;1
-39;-45;38;0;1
-62;-10;29;0;1
-26;32;33;1;1
-24;-32;22;0;1
-53;-35;31;0;1
-40;24;36;0;1
-40;37;20;0;1
-8;12;20;1;1
-53;-4;32;1;1
-39;-27;33;0;1
-38;-20;49;0;1
-29;12;53;0;1
-60;8;35;0;1
-29;36;42;1;1
-24;-39;47;0;1
-14;24;43;0;1
-27;12;42;1;1
-50;-2;15;1;1
-39;-1;51;1;1
-28;-45;34;0;1
-26;29;14;0;1
-42;-2;49;1;1
-22;-25;50;1;1
-57;5;20;1;1
-16;25;43;0;1
-47;26;15;0;1
-48;-9;39;0;1
-17;24;54;1;1
-40;-32;35;0;1
-37;49;29;0;1
-42;24;37;0;1
-49;-7;19;0;1
-43;-5;20;0;1
-37;10;26;1;1
-25;27;55;1;1
-57;-9;26;0;1
-30;-3;27;0;1
-28;19;43;1;1
-32;-20;43;0;1
-33;34;16;0;1
-38;-49;24;0;1
-50;-31;23;0;1
-31;-15;55;1;1
-46;14;14;1;1
-56;-16;31;0;1
-42;-17;19;0;1
-12;11;23;1;1
-28;-41;48;0;1
-43;-2;21;0;1
-41;-4;22;1;1
-35;7;52;1;1
-55;2;17;0;1
-51;13;31;0;1
-41;38;18;0;1
-31;21;12;0;1
-56;11;33;1;1
-46;31;34;0;1
-27;-28;33;0;1
-22;-18;40;0;1
-18;-22;54;0;1
-48;32;26;0;1
-37;25;16;0;1
-27;12;46;0;1
-27;-3;34;0;1
-56;-7;26;0;1
-45;18;19;0;1
-38;-9;59;0;1
-29;8;55;0;1
-19;16;28;1;1
-26;-7;22;0;1
-38;14;12;0;1
-60;10;18;0;1
-30;29;24;1;1
-21;-24;24;0;1
-42;-9;32;1;1
-30;-5;28;0;1
-26;37;40;0;1
-30;36;23;1;1
-10;11;26;0;1
-27;-31;20;0;1
-46;19;15;0;1
-32;-38;43;1;1
-27;-24;30;1;1
-61;-28;22;1;1
-15;24;64;0;1
-45;4;21;0;1
-60;9;18;1;1
-15;-22;12;1;1
-21;-28;43;0;1
-27;22;36;0;1
-21;2;28;1;1
-17;1;44;1;1
-21;30;30;1;1
-29;26;30;0;1
-39;-5;56;1;1
-15;19;18;0;1
-35;-30;23;0;1
-19;-12;26;1;1
-49;1;16;1;1
-21;-24;63;0;1
-18;3;21;1;1
-39;38;42;1;1
-24;-40;19;1;1
-31;-38;34;0;1
-17;6;38;0;1
-36;10;31;1;1
-34;-51;26;0;1
-42;35;21;1;1
-59;22;24;0;1
-12;-18;33;1;1
-39;-34;43;0;1
-30;22;30;0;1
-27;-9;32;1;1
-50;45;22;0;1
-26;-39;25;0;1
-28;-12;42;0;1
-25;-4;41;0;1
-27;-36;21;0;1
-26;42;35;1;1
-21;-9;11;1;1
-46;-9;28;1;1
-36;2;30;1;1
-23;14;26;0;1
-46;14;35;0;1
-20;9;53;0;1
-35;13;37;0;1
-47;-15;29;0;1
-13;-10;26;0;1
-34;23;26;1;1
-40;-11;56;0;1
-49;13;22;1;1
-21;-3;56;0;1
-35;24;16;0;1
-48;-4;28;1;1
-24;7;14;0;1
-21;16;34;0;1
-24;32;18;0;1
-51;12;47;0;1
-53;16;20;0;1
-32;-12;11;1;1
-24;-24;17;1;1
-25;6;49;1;1
-18;26;55;0;1
-21;35;50;1;1
-39;0;16;0;1
-44;7;47;1;1
-44;38;18;1;1
-26;8;41;1;1
-16;-7;18;0;1
-26;-22;30;0;1
-45;17;25;0;1
-24;33;43;0;1
-48;-13;32;0;1
-41;37;19;0;1
-29;45;17;1;1
-34;5;62;0;1
-31;-1;60;1;1
-32;44;37;0;1
-27;23;49;1;1
-34;-31;44;1;1
-43;-26;29;0;1
-33;-56;25;1;1
-22;-36;21;0;1
-26;16;56;1;1
-21;-31;42;0;1
-33;-18;59;0;1
-49;-17;43;1;1
-33;26;27;0;1
-38;4;42;0;1
-21;31;53;0;1
-20;33;52;0;1
-29;-24;55;1;1
-31;36;32;0;1
-46;-38;21;0;1
-54;27;33;0;1
-35;26;24;1;1
-33;22;11;1;1
-16;25;9;0;1
-20;-26;44;1;1
-29;13;21;0;1
-45;-37;23;0;1
-34;-40;22;1;1
-58;-16;31;0;1
-23;-11;39;1;1
-52;-16;45;0;1
-38;10;56;0;1
-27;-3;33;0;1
-49;3;16;0;1
-32;-25;45;0;1
-42;24;51;0;1
-42;6;19;0;1
-45;39;31;0;1
-36;28;24;0;1
-29;7;43;0;1
-42;2;55;1;1
-43;19;47;0;1
-16;-12;28;0;1
-46;0;18;1;1
-60;-26;27;0;1
-21;25;16;1;1
-53;37;27;0;1
-25;-10;28;0;1
-39;-47;30;1;1
-53;-16;43;0;1
-22;34;13;0;1
-30;50;21;0;1
-46;0;49;0;1
-13;-20;18;0;1
-44;-37;25;1;1
-47;-13;49;0;1
-14;17;60;0;1
-29;-3;14;1;1
-26;-44;29;0;1
-56;34;22;1;1
-43;7;42;0;1
-23;-13;14;1;1
-35;16;15;0;1
-61;-8;33;0;1
-29;-25;46;0;1
-35;9;41;1;1
-22;21;22;1;1
-9;-11;34;0;1
-11;-8;30;0;1
-53;-6;35;0;1
-31;15;55;0;1
-28;-10;23;0;1
-47;7;52;1;1
-15;0;36;0;1
-18;24;16;0;1
-22;15;12;0;1
-32;-35;22;0;1
-40;-35;38;0;1
-17;0;24;1;1
-64;14;22;0;1
-32;-12;43;0;1
-34;-1;13;1;1
-50;-8;33;1;1
-15;-6;35;0;1
-14;-21;51;0;1
-33;-56;19;1;1
-47;-11;31;0;1
-26;2;66;1;1
-17;-12;39;0;1
-39;5;40;1;1
-40;-17;19;0;1
-28;27;15;0;1
-32;-6;31;1;1
-38;-4;15;0;1
-38;-27;40;0;1
-33;-37;34;0;1
-22;-23;28;0;1
-17;-18;34;0;1
-30;-27;34;0;1
-31;12;24;1;1
-60;9;17;0;1
-52;-13;41;0;1
-25;24;40;1;1
-43;-41;38;1;1
-33;37;16;0;1
-47;-5;34;0;1
-36;5;24;1;1
-43;-47;20;0;1
-56;21;29;0;1
-37;37;30;1;1
-28;6;57;0;1
-28;2;47;0;1
-26;-24;39;0;1
-27;22;48;0;1
-32;-13;35;0;1
-23;-21;18;1;1
-28;11;30;1;1
-33;-2;30;0;1
-56;11;39;0;1
-51;26;19;0;1
-42;-10;34;1;1
-51;-13;42;1;1
-54;-5;29;0;1
-28;-41;42;1;1
-24;19;43;0;1
-18;20;26;1;1
-51;-6;16;0;1
-22;-13;61;1;1
-30;-22;29;0;1
-36;-30;28;1;1
-62;-5;33;1;1
-30;43;21;1;1
-25;-14;35;0;1
-39;19;48;1;1
-12;-10;28;0;1
-36;22;56;1;1
-25;-4;42;0;1
-19;-11;48;0;1
-36;31;49;1;1
-23;-26;53;1;1
-55;-2;22;0;1
-16;-27;27;0;1
-28;-7;38;0;1
-33;14;39;0;1
-26;-33;28;0;1
-27;-40;24;1;1
-14;-14;26;0;1
-21;19;43;1;1
-21;6;35;0;1
-30;-32;45;0;1
-21;3;28;0;1
-41;2;45;1;1
-20;-11;23;0;1
-35;45;30;1;1
-41;-37;33;0;1
-18;28;36;0;1
-60;-11;22;1;1
-52;17;38;0;1
-34;3;48;0;1
-29;-49;29;0;1
-55;-15;29;0;1
-29;-21;37;1;1
-28;31;43;0;1
-28;-20;39;0;1
-37;-8;29;1;1
-57;2;31;1;1
-17;0;41;0;1
-39;-10;27;0;1
-26;-4;29;1;1
-52;-16;42;0;1
-57;8;23;1;1
-24;33;12;0;1
-54;-38;23;0;1
-42;-4;34;1;1
-56;-2;21;1;1
-39;-5;23;0;1
-34;-47;33;0;1
-31;5;14;0;1
-16;20;55;0;1
-52;1;17;0;1
-15;-15;17;0;1
-42;-39;16;0;1
-13;-22;32;0;1
-65;-2;21;1;1
-31;35;51;0;1
-26;10;33;0;1
-25;35;30;0;1
-43;47;24;1;1
-55;-26;18;1;1
-55;12;40;0;1
-37;34;45;0;1
-29;18;61;0;1
-37;14;20;0;1
-22;29;58;0;1
-26;28;23;1;1
-35;1;32;0;1
-42;-45;31;0;1
-64;-13;19;0;1
-51;-5;17;0;1
-28;-6;42;0;1
-25;29;35;0;1
-29;-18;57;1;1
-49;-36;32;0;1
-25;18;55;0;1
-32;1;53;0;1
-55;-1;18;1;1
-44;-29;38;0;1
-30;-39;34;0;1
-37;30;18;0;1
-15;-23;48;0;1
-35;-12;40;1;1
-35;21;55;0;1
-48;1;48;0;1
-38;14;18;0;1
-28;27;37;0;1
-23;14;21;1;1
-28;-15;32;0;1
-28;21;12;1;1
-55;12;29;0;1
-27;16;51;0;1
-41;-3;25;0;1
-28;9;13;0;1
-42;15;37;1;1
-28;-47;39;0;1
-27;39;20;1;1
-36;-13;39;0;1
-38;-5;47;0;1
-43;-51;20;0;1
-31;-8;16;0;1
-30;35;15;1;1
-54;1;36;0;1
-35;33;14;1;1
-35;-1;54;1;1
-41;-30;28;0;1
-39;30;48;0;1
-40;28;17;0;1
-50;-7;15;0;1
-44;-43;28;0;1
-34;-32;37;1;1
-33;8;57;1;1
-34;11;20;0;1
-48;12;16;0;1
-20;-6;24;1;1
-51;0;44;0;1
-29;0;33;0;1
-15;-2;31;0;1
-34;-48;18;0;1
-60;7;34;0;1
-48;8;43;1;1
-17;3;20;0;1
-22;-28;59;0;1
-29;-38;50;1;1
-16;-9;42;0;1
-36;20;43;1;1
-39;3;35;1;1
-53;8;37;0;1
-40;33;37;0;1
-33;-9;28;0;1
-57;27;24;1;1
-51;-6;24;0;1
-26;-37;47;0;1
-12;5;35;0;1
-61;13;21;1;1
-22;-38;31;1;1
-20;16;49;1;1
-11;-13;27;0;1
-64;15;19;0;1
-20;25;35;1;1
-61;14;33;0;1
-40;15;44;0;1
-28;45;32;0;1
-36;-18;11;1;1
-46;-37;23;0;1
-31;-12;14;0;1
-46;21;26;1;1
-50;14;15;0;1
-23;12;39;0;1
-48;14;26;0;1
-62;18;18;0;1
-25;15;13;1;1
-15;19;43;0;1
-39;-7;42;0;1
-54;28;27;1;1
-28;-37;36;1;1
-23;28;27;0;1
-34;-34;37;1;1
-32;-32;52;1;1
-61;17;23;1;1
-16;27;34;1;1
-43;35;42;1;1
-8;13;40;1;1
-29;14;48;0;1
-47;-13;21;1;1
-39;17;20;1;1
-22;-3;37;0;1
-33;-22;32;0;1
-49;-3;26;0;1
-56;13;21;0;1
-43;-34;28;1;1
-29;42;16;0;1
-16;27;27;0;1
-30;1;48;0;1
-64;-2;29;0;1
-21;-9;54;1;1
-43;0;29;1;1
-37;-38;23;1;1
-36;-13;55;0;1
-38;10;50;1;1
-44;-47;25;0;1
-45;-10;24;0;1
-41;-12;38;0;1
-48;15;22;0;1
-34;34;25;0;1
-41;35;30;1;1
-48;-16;25;0;1
-39;4;38;0;1
-18;-14;19;0;1
-38;29;24;0;1
-65;-1;27;0;1
-37;7;19;0;1
-35;45;42;0;1
-11;-16;17;0;1
-17;19;7;1;1
-24;-24;41;1;1
-40;20;20;0;1
-58;-3;33;0;1
-44;18;38;0;1
-21;-7;52;1;1
-25;32;43;1;1
-26;-7;8;0;1
-11;1;27;0;1
-25;0;30;0;1
-17;-19;53;0;1
-38;26;18;0;1
-23;20;58;0;1
-38;-42;22;0;1
-39;-26;13;1;1
-44;37;22;1;1
-38;32;40;1;1
-36;-48;29;1;1
-57;4;33;0;1
-49;9;40;1;1
-23;11;66;1;1
-25;-16;40;0;1
-14;22;53;1;1
-21;-22;27;0;1
-50;42;25;0;1
-20;14;57;0;1
-46;-20;49;1;1
-34;-46;23;1;1
-30;15;16;1;1
-24;7;9;0;1
-56;-5;34;1;1
-21;30;10;1;1
-47;-36;36;0;1
-14;-24;12;0;1
-27;-38;28;0;1
-43;-24;50;1;1
-33;4;32;0;1
-45;7;46;1;1
-49;-4;51;1;1
-30;-32;17;1;1
-29;23;35;0;1
-32;-40;22;0;1
-45;44;22;1;1
-31;-6;57;0;1
-43;-33;32;1;1
-52;32;27;0;1
-33;24;29;1;1
-23;24;50;0;1
-63;-3;21;1;1
-28;10;43;0;1
-7;-8;29;0;1
-30;-6;37;0;1
-39;15;45;0;1
-40;-40;27;0;1
-46;-23;30;0;1
-46;-5;29;0;1
-23;-10;52;1;1
-33;-28;33;0;1
-18;-17;45;0;1
-38;7;39;0;1
-28;-21;37;0;1
-42;9;28;1;1
-52;18;41;0;1
-45;24;45;1;1
-27;2;8;0;1
-55;8;39;1;1
-46;47;18;1;1
-21;-1;27;0;1
-26;-40;36;0;1
-53;0;17;1;1
-25;8;62;0;1
-48;-3;14;1;1
-43;36;37;1;1
-34;-47;32;0;1
-33;49;24;1;1
-42;-30;27;1;1
-33;-8;43;1;1
-37;28;31;1;1
-30;-32;21;0;1
-59;0;37;0;1
-39;18;30;0;1
-37;-7;25;0;1
-35;18;52;0;1
-16;27;36;0;1
-24;9;49;0;1
-34;-52;31;0;1
-33;-30;15;0;1
-20;-12;23;1;1
-24;6;34;1;1
-34;-22;12;0;1
-34;-43;43;0;1
-63;12;20;0;1
-40;-14;52;0;1
-24;25;52;1;1
-16;11;31;1;1
-39;1;33;0;1
-36;-24;25;1;1
-65;-1;25;0;1
-19;-7;48;1;1
-47;5;33;0;1
-18;-15;49;0;1
-27;-14;53;0;1
-52;8;36;0;1
-17;-12;43;0;1
-17;-21;14;0;1
-21;-8;54;1;1
-40;5;36;1;1
-19;14;33;0;1
-23;14;54;1;1
-17;1;20;1;1
-26;-42;44;0;1
-38;24;25;1;1
-17;-26;23;1;1
-20;18;55;0;1
-60;-27;19;0;1
-43;-43;24;1;1
-22;30;41;0;1
-48;-6;40;0;1
-35;22;37;0;1
-45;-6;35;1;1
-31;23;34;0;1
-39;3;48;0;1
-54;-22;34;1;1
-45;27;39;1;1
-29;6;64;1;1
-25;-19;16;1;1
-21;9;38;1;1
-33;-38;43;0;1
-32;-28;20;0;1
-48;43;20;0;1
-20;-25;29;0;1
-33;-18;46;0;1
-32;-34;29;1;1
-37;12;24;0;1
-50;-1;26;0;1
-27;-2;16;0;1
-41;-34;23;0;1
-32;8;28;1;1
-59;-26;18;0;1
-17;27;11;0;1
-50;39;23;1;1
-29;-44;30;0;1
-55;-12;36;0;1
-21;12;44;0;1
-23;-38;37;0;1
-53;-18;43;0;1
-53;38;20;0;1
-35;3;58;0;1
-24;-39;35;0;1
-27;39;50;1;1
-32;-37;28;0;1
-43;-8;23;0;1
-32;37;20;0;1
-27;-42;37;0;1
-29;-40;41;0;1
-31;-42;21;0;1
-30;22;34;0;1
-19;-15;32;0;1
-41;-20;16;1;1
-47;36;21;0;1
-10;16;36;0;1
-21;-26;11;1;1
-38;-37;15;0;1
-29;5;56;1;1
-55;4;40;1;1
-46;-19;42;1;1
-20;-21;53;1;1
-33;21;56;0;1
-25;5;56;1;1
-39;-17;39;0;1
-15;20;8;0;1
-42;37;37;1;1
-50;11;41;0;1
-32;-18;17;0;1
-54;-1;20;1;1
-14;-3;34;0;1
-42;21;33;0;1
-44;-23;45;0;1
-35;-12;53;0;1
-32;12;46;0;1
-29;34;33;0;1
-37;-25;41;0;1
-25;28;32;1;1
-21;-17;55;0;1
-28;-9;47;1;1
-30;17;40;1;1
-15;15;29;1;1
-20;-17;39;0;1
-23;8;29;1;1
-30;-46;44;0;1
-54;0;22;0;1
-36;-45;17;1;1
-44;19;36;1;1
-21;2;51;1;1
-16;-16;57;0;1
-41;24;34;0;1
-44;40;36;1;1
-35;-35;30;0;1
-24;39;52;0;1
-30;-33;46;1;1
-44;-27;16;0;1
-30;-33;12;1;1
-26;22;15;1;1
-37;30;30;0;1
-25;1;53;1;1
-44;-8;35;0;1
-51;22;21;0;1
-61;-6;19;1;1
-30;-13;40;1;1
-28;-12;54;0;1
-43;40;33;0;1
-38;-8;24;1;1
-36;30;43;0;1
-24;-15;14;1;1
-31;-27;40;1;1
-30;35;18;0;1
-53;-17;21;1;1
-32;-18;35;0;1
-13;14;17;1;1
-34;-32;53;0;1
-44;11;15;0;1
-8;12;39;1;1
-26;44;41;1;1
-48;-26;19;0;1
-43;34;34;0;1
-32;28;46;0;1
-57;-1;22;1;1
-41;-26;50;1;1
-30;3;13;0;1
-24;20;30;0;1
-26;28;55;0;1
-21;14;62;0;1
-35;14;60;1;1
-20;8;37;1;1
-41;27;29;1;1
-57;25;20;0;1
-27;-10;21;1;1
-39;-37;43;0;1
-52;-20;17;1;1
-36;-39;30;0;1
-34;1;43;1;1
-16;-4;35;1;1
-42;-52;21;0;1
-49;-7;35;0;1
-40;-43;28;0;1
-26;0;57;1;1
-12;-17;51;0;1
-34;22;29;0;1
-42;22;21;1;1
-40;20;47;0;1
-45;18;41;1;1
-26;32;28;0;1
-34;-44;26;0;1
-41;23;19;0;1
-39;-16;22;0;1
-44;-22;40;0;1
-20;-2;16;1;1
-31;-21;11;0;1
-49;-26;19;0;1
-46;-27;33;0;1
-47;36;35;1;1
-22;37;39;1;1
-36;-2;45;1;1
-22;15;45;1;1
-16;-27;63;0;1
-36;-3;22;1;1
-17;-25;52;1;1
-31;13;44;1;1
-35;-7;21;1;1
-33;-3;21;1;1
-17;25;35;1;1
-25;38;17;0;1
-36;20;40;0;1
-31;-5;22;0;1
-11;14;24;0;1
-41;7;18;1;1
-25;-11;13;1;1
-31;38;35;0;1
-21;16;13;0;1
-31;-17;21;0;1
-31;0;28;0;1
-31;-6;9;0;1
-63;3;26;1;1
-43;28;37;0;1
-32;44;29;1;1
-7;-11;24;1;1
-38;20;41;0;1
-49;4;32;0;1
-32;-46;24;0;1
-54;-1;27;0;1
-47;42;19;0;1
-51;10;18;0;1
-46;-6;45;0;1
-18;10;53;0;1
-45;34;30;1;1
-28;1;12;0;1
-33;24;13;1;1
-35;-9;11;0;1
-45;-9;29;0;1
-19;21;23;0;1
-23;9;16;0;1
-36;-57;19;0;1
-58;-18;33;0;1
-23;-26;42;0;1
-37;10;32;1;1
-34;-10;21;1;1
-42;33;37;0;1
-18;-4;32;1;1
-40;-21;14;0;1
-58;11;39;0;1
-33;-17;15;1;1
-42;26;25;0;1
-26;16;21;0;1
-30;-32;52;0;1
-29;20;12;0;1
-29;13;57;0;1
-22;10;45;0;1
-48;-21;24;1;1
-42;-24;28;1;1
-16;-23;11;0;1
-57;-19;29;1;1
-24;14;23;0;1
-57;2;18;0;1
-38;-5;31;0;1
-40;-29;16;0;1
-22;-15;54;0;1
-31;-45;38;1;1
-32;-32;32;1;1
-39;-42;38;1;1
-39;-34;18;0;1
-23;1;33;1;1
-42;15;23;1;1
-38;-49;34;0;1
-15;14;41;0;1
-24;10;17;0;1
-49;28;35;1;1
-32;-27;56;0;1
-44;-32;16;0;1
-20;5;37;0;1
-54;-30;27;0;1
-26;12;20;0;1
-34;-6;55;1;1
-21;-29;21;0;1
-34;11;17;1;1
-31;45;35;0;1
-18;-3;24;0;1
-37;28;34;0;1
-29;-23;32;1;1
-42;-4;22;0;1
-30;16;27;0;1
-21;-19;38;0;1
-39;24;25;0;1
-47;-20;31;1;1
-42;18;24;0;1
-21;22;35;0;1
-60;3;30;0;1
-38;-30;32;1;1
-28;47;21;0;1
-34;-49;38;0;1
-30;-5;18;1;1
-17;10;30;0;1
-24;2;35;1;1
-31;5;33;1;1
-12;-18;30;0;1
-43;-27;46;1;1
-45;-2;45;0;1
-17;15;16;1;1
-24;-10;27;1;1
-22;7;11;1;1
-34;-8;60;1;1
-52;-7;18;0;1
-30;-14;36;0;1
-41;-22;47;1;1
-46;5;14;0;1
-45;8;43;0;1
-31;12;54;0;1
-16;3;26;0;1
-31;6;10;1;1
-23;13;29;0;1
-36;-42;19;1;1
-37;17;47;1;1
-16;-4;19;0;1
-44;41;18;1;1
-25;8;53;0;1
-33;-1;36;0;1
-36;38;42;0;1
-52;30;20;0;1
-54;-3;18;0;1
-52;29;21;0;1
-25;17;19;0;1
-23;-1;34;0;1
-20;-5;18;0;1
-24;5;52;1;1
-42;-26;23;0;1
-49;11;14;0;1
-15;-14;22;0;1
-18;23;28;1;1
-21;35;21;1;1
-44;-25;47;1;1
-39;52;20;1;1
-13;22;18;0;1
-28;-10;53;1;1
-23;23;42;0;1
-22;-37;38;0;1
-33;-24;46;0;1
-44;30;20;1;1
-56;24;20;0;1
-13;14;49;0;1
-55;-13;22;1;1
-42;-2;28;1;1
-53;-10;26;1;1
-23;26;13;0;1
-20;27;17;0;1
-56;-33;24;0;1
-47;35;37;0;1
-11;-12;30;1;1
-33;36;45;1;1
-22;38;27;0;1
-34;-12;16;0;1
-22;4;56;0;1
-51;-33;17;0;1
-21;26;47;1;1
-28;1;42;0;1
-54;-10;16;0;1
-27;22;19;0;1
-44;10;50;0;1
-22;27;52;0;1
-60;-12;19;0;1
-57;24;29;0;1
-42;-28;21;0;1
-28;20;21;0;1
-53;-12;37;0;1
-40;47;27;1;1
-36;35;49;1;1
-36;39;34;1;1
-24;-19;24;0;1
-49;-45;23;1;1
-35;-23;50;0;1
-44;11;48;1;1
-43;14;41;0;1
-38;7;53;0;1
-50;2;45;0;1
-62;-2;29;1;1
-21;-32;25;1;1
-28;8;57;0;1
-11;17;27;0;1
-11;14;31;1;1
-26;17;12;1;1
-53;-30;20;0;1
-48;-4;19;1;1
-36;24;18;0;1
-54;34;22;0;1
-38;14;55;0;1
-36;-33;30;0;1
-43;-27;22;1;1
-50;-6;37;0;1
-9;-6;24;0;1
-25;-40;16;1;1
-51;-2;19;0;1
-43;5;40;0;1
-36;-12;20;0;1
-58;-10;17;1;1
-17;15;62;0;1
-23;9;31;0;1
-29;-3;26;0;1
-67;-2;23;1;1
-35;49;28;0;1
-36;56;21;0;1
-29;-14;29;0;1
-36;28;31;1;1
-21;26;45;0;1
-54;-29;27;0;1
-30;-17;14;0;1
-45;-20;47;1;1
-35;-32;33;1;1
-13;21;40;0;1
-21;-13;26;1;1
-22;22;16;0;1
-36;-8;58;1;1
-26;-34;54;0;1
-43;-31;45;1;1
-51;-23;26;0;1
-16;10;18;0;1
-19;15;64;1;1
-21;4;41;0;1
-31;35;52;0;1
-26;7;58;0;1
-17;-5;19;1;1
-47;14;14;0;1
-41;13;40;1;1
-24;-8;16;0;1
-36;-22;31;0;1
-40;14;32;0;1
-12;-10;40;0;1
-21;6;51;0;1
-39;-39;42;1;1
-46;35;32;0;1
-45;11;46;1;1
-45;-41;30;1;1
-28;7;61;1;1
-32;-20;25;1;1
-31;-35;33;0;1
-52;-36;29;0;1
-28;2;63;1;1
-40;-38;34;1;1
-39;38;15;0;1
-33;-36;36;0;1
-48;6;22;0;1
-13;-4;26;1;1
-42;-24;46;0;1
-41;-22;28;1;1
-47;-27;15;0;1
-41;-2;46;0;1
-36;-12;41;0;1
-63;0;27;0;1
-41;29;46;0;1
-52;-20;15;1;1
-58;-11;30;0;1
-15;7;26;0;1
-57;-8;16;0;1
-41;-45;18;0;1
-32;24;48;1;1
-43;-14;40;0;1
-41;52;25;0;1
-27;-20;41;0;1
-36;22;48;0;1
-25;29;51;0;1
-30;46;18;0;1
-38;-4;35;0;1
-52;8;15;1;1
-24;26;16;0;1
-29;-21;38;0;1
-29;-24;37;0;1
-24;15;52;1;1
-48;22;47;1;1
-26;-29;32;1;1
-62;19;26;0;1
-42;31;43;0;1
-31;33;32;0;1
-34;14;55;1;1
-54;12;40;1;1
-32;36;18;0;1
-15;-17;51;0;1
-18;25;30;1;1
-63;13;27;1;1
-30;-23;45;0;1
-51;1;49;0;1
-18;16;23;0;1
-13;-12;25;0;1
-32;-5;13;1;1
-44;10;29;0;1
-48;30;28;1;1
-42;-45;18;1;1
-48;-1;41;0;1
-38;-33;15;0;1
-11;-19;11;0;1
-41;-5;19;0;1
-23;-15;52;0;1
-12;-18;38;1;1
-19;-3;34;1;1
-29;-27;24;0;1
-19;16;37;0;1
-23;11;29;1;1
-20;23;25;0;1
-33;-14;49;1;1
-27;3;8;1;1
-31;-11;10;1;1
-32;-5;18;1;1
-43;-21;51;1;1
-41;50;19;1;1
-41;-27;33;0;1
-22;-10;53;0;1
-35;47;38;1;1
-34;-24;34;0;1
-14;14;44;0;1
-25;28;21;0;1
-30;4;30;0;1
-39;-18;39;1;1
-41;4;47;1;1
-53;-12;39;1;1
-40;-38;15;1;1
-21;-6;56;0;1
-29;40;50;1;1
-21;-1;48;0;1
-20;7;40;0;1
-30;26;36;1;1
-39;-4;11;1;1
-35;0;55;0;1
-37;22;28;0;1
-47;11;24;1;1
-37;-1;57;1;1
-44;-22;39;1;1
-41;24;26;0;1
-27;38;43;1;1
-20;22;51;1;1
-46;-32;24;0;1
-24;-30;27;0;1
-54;1;30;1;1
-37;44;36;0;1
-40;22;20;0;1
-60;9;20;0;1
-30;-27;54;0;1
-28;15;18;0;1
-28;28;35;0;1
-44;7;44;0;1
-36;13;58;1;1
-26;-1;46;0;1
-23;26;47;1;1
-46;-4;51;0;1
-29;-9;41;0;1
-37;-23;38;0;1
-15;22;30;0;1
-34;14;10;0;1
-19;26;46;0;1
-31;17;20;1;1
-24;38;42;0;1
-43;-11;14;1;1
-15;15;37;0;1
-64;1;21;0;1
-18;-17;42;0;1
-40;37;25;0;1
-51;-36;33;1;1
-50;-16;16;1;1
-55;13;18;1;1
-17;-27;38;0;1
-55;-24;38;1;1
-33;-6;41;1;1
-24;26;44;0;1
-30;21;11;0;1
-24;35;26;0;1
-10;-9;27;0;1
-33;36;42;1;1
-16;-19;39;0;1
-13;-12;36;0;1
-55;-35;23;0;1
-25;-16;25;1;1
-47;7;16;0;1
-13;6;24;0;1
-30;19;48;0;1
-36;47;28;0;1
-18;-29;35;1;1
-32;47;25;0;1
-43;-16;45;0;1
-23;-9;63;0;1
-23;8;19;1;1
-35;-32;26;1;1
-25;43;36;0;1
-36;-29;33;0;1
-51;24;32;1;1
-53;26;21;0;1
-16;-2;35;1;1
-23;25;34;1;1
-54;-38;26;0;1
-33;14;12;0;1
-9;-6;29;0;1
-17;-22;56;0;1
-35;20;35;0;1
-30;-20;51;0;1
-25;31;37;0;1
-47;-16;27;0;1
-17;12;42;0;1
-16;-11;37;0;1
-46;-1;23;1;1
-36;-2;38;0;1
-29;12;48;0;1
-19;-32;58;1;1
-60;-6;27;0;1
-33;11;57;0;1
-21;-26;28;1;1
-21;3;21;0;1
-30;0;56;0;1
-42;4;21;1;1
-39;21;39;1;1
-31;17;21;0;1
-64;-20;21;0;1
-23;-10;34;0;1
-20;-20;15;0;1
-39;-22;22;0;1
-42;-6;22;0;1
-34;-14;33;1;1
-40;-42;40;0;1
-53;-6;27;0;1
-28;-2;12;0;1
-33;1;45;1;1
-21;-7;57;1;1
-46;-17;48;1;1
-35;-19;20;1;1
-36;-4;47;0;1
-13;15;35;0;1
-49;-7;15;0;1
-42;-23;32;1;1
-30;5;10;0;1
-44;-37;30;0;1
-36;0;26;0;1
-33;17;37;0;1
-14;-19;50;1;1
-39;7;16;1;1
-21;-29;51;0;1
-48;-12;39;0;1
-17;-17;44;0;1
-36;-21;40;1;1
-44;9;44;0;1
-30;-26;24;0;1
-42;9;54;1;1
-33;-16;44;0;1
-28;18;13;0;1
-35;-22;34;1;1
-33;-9;20;0;1
-33;1;50;0;1
-45;-30;44;1;1
-56;25;33;0;1
-51;-6;35;0;1
-41;34;19;0;1
-42;-23;48;0;1
-20;2;53;1;1
-21;-10;46;0;1
-42;24;20;0;1
-27;42;21;0;1
-30;-22;32;1;1
-36;24;49;0;1
-36;18;34;1;1
-30;23;59;1;1
-32;-2;49;0;1
-27;20;15;1;1
-31;9;60;0;1
-8;11;28;1;1
-56;-32;18;1;1
-16;-26;34;1;1
-56;9;32;0;1
-57;-16;18;0;1
-36;46;26;1;1
-60;12;22;0;1
-47;3;34;0;1
-39;45;24;1;1
-56;-5;39;0;1
-54;-21;20;0;1
-33;-7;61;1;1
-38;-14;43;1;1
-64;1;22;1;1
-47;0;52;0;1
-24;-36;15;0;1
-16;20;32;0;1
-17;-21;8;1;1
-24;8;17;1;1
-53;-24;27;0;1
-48;-26;39;1;1
-42;24;32;0;1
-15;18;62;0;1
-31;-9;46;0;1
-27;-12;29;0;1
-27;-14;39;1;1
-28;21;10;1;1
-44;29;44;0;1
-25;-17;44;0;1
-34;37;23;1;1
-22;6;16;0;1
-26;-4;12;0;1
-18;-18;28;0;1
-26;21;53;0;1
-33;-11;21;0;1
-30;40;26;0;1
-33;25;18;1;1
-35;-18;16;1;1
-35;41;42;0;1
-24;36;19;0;1
-59;24;29;0;1
-16;-15;12;0;1
-15;-5;36;0;1
-45;-1;53;1;1
-23;-1;55;0;1
-40;33;33;0;1
-17;-20;23;0;1
-27;21;51;1;1
-37;25;30;0;1
-27;5;26;1;1
-34;33;33;0;1
-27;17;16;1;1
-24;16;34;0;1
-30;22;35;0;1
-37;42;23;1;1
-26;18;31;0;1
-52;-33;28;0;1
-38;-11;52;0;1
-38;38;43;1;1
-38;-10;56;0;1
-23;-33;49;1;1
-23;-21;21;0;1
-35;4;16;0;1
-20;26;57;0;1
-44;7;53;1;1
-38;-15;55;1;1
-30;36;39;1;1
-28;8;64;0;1
-33;-7;59;0;1
-31;35;44;1;1
-44;0;51;1;1
-33;-29;35;0;1
-35;12;60;0;1
-11;19;22;0;1
-57;27;31;1;1
-45;25;28;0;1
-40;44;17;1;1
-25;7;23;0;1
-24;27;39;0;1
-39;-20;49;0;1
-24;-14;60;1;1
-13;-15;42;0;1
-21;-2;41;0;1
-57;9;32;0;1
-66;-10;22;0;1
-50;2;37;0;1
-16;0;40;0;1
-41;-10;49;1;1
-41;13;56;1;1
-23;-2;60;0;1
-33;9;48;0;1
-49;-12;32;1;1
-55;-27;24;1;1
-53;14;24;0;1
-9;6;25;1;1
-43;-19;36;0;1
-34;15;15;0;1
-54;10;22;0;1
-12;-20;33;0;1
-36;-10;32;0;1
-25;-20;55;0;1
-43;21;28;1;1
-47;11;17;0;1
-21;-27;43;1;1
-35;-22;26;0;1
-11;17;16;0;1
-44;-26;29;0;1
-23;-35;18;0;1
-31;-48;37;0;1
-47;24;30;1;1
-38;19;49;1;1
-39;39;34;1;1
-30;12;21;0;1
-58;14;19;0;1
-29;-29;12;1;1
-22;-25;52;1;1
-16;24;20;0;1
-37;17;42;1;1
-20;24;28;1;1
-52;28;21;1;1
-36;23;29;0;1
-41;19;33;0;1
-39;4;23;1;1
-26;23;24;1;1
-55;-3;27;0;1
-53;18;15;1;1
-36;41;34;0;1
-38;-37;18;1;1
-10;14;41;0;1
-23;26;23;1;1
-25;16;40;0;1
-43;-7;47;0;1
-24;-9;24;1;1
-39;11;32;0;1
-29;-23;10;0;1
-33;-37;28;0;1
-23;-1;35;1;1
-63;-9;31;0;1
-30;36;25;1;1
-63;18;24;0;1
-18;-10;30;1;1
-48;-14;15;0;1
-25;38;51;0;1
-51;11;22;0;1
-37;48;26;0;1
-49;16;38;0;1
-32;40;35;0;1
-60;-28;24;0;1
-34;7;52;0;1
-46;-39;30;1;1
-41;31;43;1;1
-54;7;43;0;1
-45;-36;37;1;1
-20;28;38;0;1
-11;13;31;0;1
-36;-6;38;0;1
-17;-28;13;0;1
-34;-31;39;1;1
-24;5;28;0;1
-39;11;28;1;1
-31;-25;22;0;1
-20;17;31;1;1
-23;-18;8;1;1
-24;-33;54;1;1
-35;-18;29;1;1
-51;33;27;0;1
-30;17;41;1;1
-44;41;33;1;1
-36;8;52;0;1
-51;3;14;0;1
-61;-6;21;1;1
-16;-11;32;1;1
-23;28;18;1;1
-20;-9;19;0;1
-46;31;32;1;1
-42;-31;34;0;1
-31;-17;57;0;1
-44;-27;18;0;1
-41;12;28;1;1
-17;-23;12;0;1
-32;39;17;1;1
-36;-38;42;0;1
-19;-7;50;0;1
-22;-31;58;0;1
-34;40;39;0;1
-28;35;36;0;1
-57;-4;31;0;1
-19;14;30;1;1
-38;-43;37;1;1
-46;-28;22;1;1
-30;-38;15;0;1
-40;-10;29;1;1
-44;26;42;1;1
-43;-15;20;1;1
-35;14;46;1;1
-59;19;28;0;1
-38;15;45;0;1
-9;-7;29;0;1
-27;-15;32;1;1
-42;33;35;1;1
-31;-41;31;1;1
-41;-3;36;1;1
-30;5;13;0;1
-38;-36;48;0;1
-47;-36;21;1;1
-38;5;56;1;1
-42;4;43;0;1
-39;5;55;0;1
-27;-45;43;1;1
-26;35;35;0;1
-20;4;46;0;1
-27;14;17;1;1
-48;0;37;0;1
-21;29;58;1;1
-22;-29;29;0;1
-49;-24;16;0;1
-12;20;11;1;1
-13;22;50;0;1
-43;20;49;1;1
-23;-19;37;0;1
-54;-5;38;0;1
-26;11;40;0;1
-19;4;19;0;1
-44;-9;32;0;1
-32;5;59;0;1
-26;-31;41;0;1
-27;41;46;0;1
-32;36;26;1;1
-37;22;51;0;1
-47;-41;17;0;1
-19;31;44;1;1
-31;-5;36;0;1
-31;-24;13;0;1
-61;-10;27;0;1
-38;-29;47;0;1
-44;39;36;0;1
-22;12;55;0;1
-33;53;33;0;1
-29;31;26;1;1
-51;-6;27;1;1
-38;35;30;0;1
-26;-30;28;1;1
-45;18;49;1;1
-28;-23;36;0;1
-40;17;12;0;1
-18;-23;59;0;1
-48;-28;43;0;1
-37;-12;57;1;1
-35;-7;37;0;1
-40;-43;31;0;1
-57;9;39;1;1
-37;3;18;1;1
-25;-4;7;1;1
-19;24;35;1;1
-45;-28;32;1;1
-21;3;35;0;1
-36;-30;18;1;1
-38;-55;20;0;1
-22;36;23;0;1
-34;-5;44;0;1
-27;9;50;0;1
-25;-2;66;0;1
-15;-25;60;0;1
-33;-42;23;0;1
-22;29;36;1;1
-41;0;53;1;1
-50;-15;20;0;1
-49;-3;44;1;1
-34;23;17;1;1
-31;-15;22;0;1
-40;-4;42;1;1
-34;-41;47;1;1
-39;-4;19;1;1
-49;4;37;0;1
-37;8;56;1;1
-38;25;47;1;1
-34;41;25;0;1
-44;20;35;0;1
-18;10;46;1;1
-28;-37;40;1;1
-32;15;35;0;1
-41;-13;45;0;1
-52;-28;39;1;1
-53;12;25;1;1
-51;39;23;0;1
-33;-36;22;0;1
-21;-33;30;1;1
-28;43;33;0;1
-22;-25;49;0;1
-32;-31;31;0;1
-21;-26;50;1;1
-35;27;32;0;1
-27;46;39;1;1
-48;-39;28;1;1
-36;31;39;1;1
-28;-10;58;1;1
-24;-31;45;0;1
-25;-19;46;0;1
-22;10;50;0;1
-60;30;20;0;1
-24;19;28;0;1
-62;-18;29;0;1
-18;21;56;1;1
-19;19;10;0;1
-11;15;46;0;1
-30;-32;49;0;1
-56;-25;18;0;1
-30;-22;27;0;1
-34;52;30;0;1
-21;-26;41;0;1
-39;10;38;0;1
-47;-33;25;0;1
-35;12;37;0;1
-47;35;23;1;1
-16;-1;24;0;1
-37;-54;22;0;1
-28;-43;35;0;1
-20;-29;30;0;1
-38;-8;20;0;1
-40;21;43;1;1
-34;-16;60;0;1
-34;-50;18;1;1
-39;-29;38;1;1
-14;-17;44;0;1
-25;-21;20;1;1
-20;8;33;0;1
-24;30;38;0;1
-46;-35;23;0;1
-26;23;44;0;1
-24;-27;34;1;1
-29;19;13;1;1
-24;-6;29;0;1
-36;1;34;0;1
-19;-18;31;1;1
-20;23;26;1;1
-32;-19;13;0;1
-37;-36;19;0;1
-46;41;20;1;1
-52;-2;15;0;1
-32;20;50;0;1
-35;-27;35;0;1
-44;24;19;0;1
-47;-33;18;1;1
-13;12;47;1;1
-47;-31;26;0;1
-28;20;43;0;1
-64;-18;19;0;1
-33;-2;19;1;1
-45;4;31;0;1
-57;5;28;0;1
-63;14;23;1;1
-18;-17;46;0;1
-39;39;21;1;1
-34;35;30;1;1
-31;-26;22;0;1
-41;14;23;1;1
-27;-25;50;1;1
-15;-9;23;0;1
-48;-6;47;1;1
-50;-27;30;0;1
-22;-14;39;0;1
-20;-3;49;1;1
-20;26;53;1;1
-25;7;13;1;1
-46;18;34;1;1
-30;-8;31;1;1
-25;42;38;0;1
-31;39;19;1;1
-40;-20;47;1;1
-37;41;32;1;1
-9;14;40;0;1
-36;20;13;0;1
-24;-34;41;0;1
-21;-31;25;1;1
-19;12;48;0;1
-44;-31;33;0;1
-41;-42;40;1;1
-38;-28;32;1;1
-23;-7;55;1;1
-55;18;19;0;1
-20;-9;53;0;1
-42;-50;18;1;1
-13;-13;25;0;1
-27;-39;52;0;1
-25;22;26;0;1
-25;-20;62;1;1
-37;13;21;0;1
-16;-7;34;1;1
-40;-2;34;1;1
-31;2;34;0;1
-20;-19;49;1;1
-35;-46;18;1;1
-57;-8;24;0;1
-13;13;49;1;1
-25;-12;57;0;1
-30;-38;14;0;1
-38;-2;40;0;1
-36;42;26;1;1
-24;28;57;1;1
-30;-31;50;1;1
-18;19;49;0;1
-36;14;53;1;1
-47;26;26;0;1
-22;-15;31;0;1
-57;22;31;0;1
-30;-44;40;1;1
-49;5;34;1;1
-32;-15;21;1;1
-30;22;24;1;1
-40;5;50;0;1
-62;7;31;0;1
-41;19;54;1;1
-48;-4;35;0;1
-53;13;22;0;1
-43;35;19;0;1
-32;23;34;0;1
-19;18;32;0;1
-46;20;49;0;1
-10;15;29;0;1
-34;-9;29;0;1
-47;37;24;0;1
-22;-6;16;0;1
-43;-20;38;0;1
-24;-25;11;1;1
-31;-35;38;0;1
-31;-14;43;0;1
-38;49;20;1;1
-24;39;54;0;1
-52;-20;30;1;1
-41;18;41;0;1
-20;-16;18;0;1
-20;-21;29;0;1
-30;-3;35;1;1
-46;22;36;0;1
-48;-10;27;0;1
-36;25;33;0;1
-54;23;38;0;1
-48;-4;51;1;1
-29;-14;63;0;1
-48;-1;30;0;1
-30;-41;28;1;1
-20;32;53;0;1
-40;48;29;0;1
-8;-11;34;1;1
-31;-45;29;0;1
-31;-49;19;1;1
-42;-12;36;1;1
-15;13;20;0;1
-26;7;40;0;1
-47;44;21;1;1
-27;40;50;1;1
-48;23;24;0;1
-35;-35;32;1;1
-41;-12;52;1;1
-37;-11;27;0;1
-52;-36;27;0;1
-47;-16;16;0;1
-36;31;16;1;1
-43;-2;14;0;1
-34;53;32;0;1
-46;-12;14;0;1
-38;0;14;0;1
-36;22;55;1;1
-41;-24;18;0;1
-34;-29;15;1;1
-48;-23;16;0;1
-26;22;23;0;1
-14;-23;51;1;1
-16;-24;13;1;1
-21;-16;52;0;1
-35;34;19;0;1
-25;-23;24;0;1
-30;-19;16;0;1
-21;-24;19;0;1
-19;32;55;0;1
-40;-30;17;0;1
-34;-1;28;0;1
-43;-12;46;1;1
-46;18;49;0;1
-65;-3;19;0;1
-42;16;34;0;1
-36;22;57;0;1
-55;-5;16;0;1
-18;20;43;0;1
-29;-20;12;0;1
-27;29;32;0;1
-36;-31;29;1;1
-41;-24;33;0;1
-22;-16;51;1;1
-55;-10;41;0;1
-43;-8;20;0;1
-28;-5;32;0;1
-18;9;25;0;1
-50;-28;34;0;1
-14;20;48;0;1
-46;50;20;0;1
-35;-29;47;1;1
-58;18;21;1;1
-32;-14;56;0;1
-37;-19;44;0;1
-21;-13;35;0;1
-40;-23;36;0;1
-60;-14;35;0;1
-19;-27;46;0;1
-25;-18;58;0;1
-14;9;19;1;1
-30;-35;16;1;1
-29;-41;50;0;1
-37;18;19;0;1
-54;8;23;0;1
-29;-7;43;1;1
-17;1;42;0;1
-44;-31;46;1;1
-43;-13;24;0;1
-46;44;29;0;1
-24;5;50;0;1
-41;20;22;1;1
-32;-43;16;0;1
-27;1;63;0;1
-23;-28;26;0;1
-25;23;17;0;1
-36;-13;57;0;1
-49;10;18;0;1
-20;13;45;0;1
-30;-47;31;0;1
-22;-10;36;0;1
-22;19;58;0;1
-35;37;31;1;1
-20;7;13;0;1
-27;21;31;0;1
-20;34;50;0;1
-36;48;18;1;1
-25;-31;35;0;1
-22;-11;62;0;1
-48;19;25;0;1
-14;15;35;0;1
-37;36;15;0;1
-46;-39;20;1;1
-47;0;16;0;1
-28;-2;49;1;1
-52;25;34;0;1
-22;-26;40;0;1
-19;22;48;1;1
-25;-14;31;0;1
-35;-15;37;0;1
-40;33;43;0;1
-36;-14;29;0;1
-28;2;51;0;1
-17;-16;45;0;1
-46;17;20;0;1
-18;-10;14;0;1
-17;-7;47;0;1
-38;-44;16;0;1
-24;-38;34;1;1
-28;-6;55;0;1
-36;-31;41;0;1
-48;21;33;1;1
-48;-35;27;0;1
-41;-17;48;0;1
-17;-17;47;1;1
-49;-19;24;1;1
-51;19;35;0;1
-25;28;43;1;1
-26;30;20;1;1
-46;30;37;0;1
-47;10;43;1;1
-46;-4;13;1;1
-36;-18;51;1;1
-53;-16;23;0;1
-44;19;43;0;1
-39;29;49;0;1
-51;-1;25;1;1
-39;-23;38;0;1
-59;-12;18;1;1
-27;-21;57;0;1
-16;0;36;0;1
-32;-16;44;0;1
-36;-15;25;0;1
-36;-11;26;0;1
-44;39;32;1;1
-37;-20;33;0;1
-48;31;17;0;1
-32;27;16;1;1
-28;31;53;0;1
-23;-12;15;0;1
-15;11;20;1;1
-54;-17;30;0;1
-13;7;37;1;1
-48;-5;40;0;1
-24;-29;14;0;1
-23;23;59;0;1
-43;-22;30;1;1
-19;31;59;1;1
-43;19;39;0;1
-33;5;38;1;1
-11;-18;39;1;1
-56;31;29;1;1
-47;-29;23;0;1
-32;-30;12;0;1
-43;22;27;1;1
-50;19;26;0;1
-66;-4;20;1;1
-31;5;39;0;1
-27;-9;29;0;1
-21;21;53;1;1
-23;-13;35;0;1
-30;-47;20;1;1
-40;28;37;1;1
-54;0;27;0;1
-26;12;41;0;1
-19;9;34;0;1
-24;-41;16;0;1
-25;2;37;0;1
-57;21;27;0;1
-32;-25;15;1;1
-13;-6;31;0;1
-31;51;22;1;1
-53;-31;35;0;1
-16;-21;59;1;1
-43;-18;21;0;1
-52;34;24;1;1
-45;21;43;0;1
-43;-5;49;0;1
-40;36;45;0;1
-35;-19;26;0;1
-52;13;43;0;1
-45;20;50;1;1
-54;6;27;0;1
-32;-40;49;0;1
-27;22;27;1;1
-19;-24;25;1;1
-39;25;30;1;1
-18;-31;54;1;1
-48;-30;25;0;1
-51;-28;25;0;1
-37;-23;17;0;1
-30;36;19;0;1
-20;14;55;0;1
-22;0;34;0;1
-67;-5;22;0;1
-38;5;36;1;1
-25;21;22;1;1
-18;-23;17;1;1
-35;0;56;0;1
-20;13;63;1;1
-57;8;24;0;1
-33;31;54;1;1
-21;14;34;1;1
-25;2;66;1;1
-32;0;25;0;1
-37;35;16;0;1
-13;18;24;0;1
-44;17;37;0;1
-42;-27;26;0;1
-49;41;22;1;1
-18;30;50;1;1
-25;27;49;1;1
-44;-19;47;0;1
-44;-19;22;0;1
-25;17;15;0;1
-31;-5;25;0;1
-33;-16;17;1;1
-22;-15;40;1;1
-37;-22;34;0;1
-21;-13;61;1;1
-32;-9;40;1;1
-20;-24;34;1;1
-30;-48;39;1;1
-16;14;23;0;1
-50;17;29;1;1
-38;-12;14;1;1
-26;11;47;1;1
-42;-39;37;1;1
-16;-21;36;0;1
-19;-18;53;0;1
-38;-25;23;0;1
-40;6;55;1;1
-22;-27;13;0;1
-34;-33;26;1;1
-37;-6;31;0;1
-30;-10;12;1;1
-38;21;43;0;1
-39;-19;19;1;1
-11;-4;23;0;1
-42;-2;52;0;1
-18;-16;24;0;1
-51;-12;20;0;1
-29;3;58;1;1
-65;-12;19;0;1
-46;-4;43;0;1
-28;-14;36;1;1
-38;-1;37;0;1
-29;43;20;0;1
-54;-29;24;0;1
-35;-46;30;1;1
-20;34;58;1;1
-16;-18;23;0;1
-33;1;19;1;1
-29;-19;47;0;1
-40;47;20;1;1
-46;-22;48;0;1
-16;-6;31;0;1
-18;2;20;0;1
-30;24;58;1;1
-48;9;20;0;1
-26;-32;55;0;1
-26;0;40;1;1
-41;31;47;1;1
-37;-16;49;0;1
-23;1;40;1;1
-30;-19;57;0;1
-16;11;49;0;1
-24;5;24;1;1
-21;-12;37;0;1
-49;21;27;1;1
-47;12;18;1;1
-48;-26;43;1;1
-22;19;57;1;1
-51;-18;44;1;1
-16;-8;22;1;1
-36;-22;34;0;1
-44;-18;24;0;1
-31;44;16;1;1
-25;19;9;1;1
-34;43;18;0;1
-9;6;23;1;1
-54;-6;34;0;1
-46;-10;36;1;1
-33;-40;35;0;1
-64;-6;29;1;1
-36;28;28;1;1
-22;15;60;0;1
-46;-37;16;0;1
-50;3;23;1;1
-46;16;42;1;1
-28;7;15;1;1
-34;-7;13;1;1
-25;16;8;1;1
-22;23;12;1;1
-30;-34;28;1;1
-46;-28;43;1;1
-22;-31;46;0;1
-44;-30;26;0;1
-45;-19;27;1;1
-29;-34;20;1;1
-26;-2;25;0;1
-29;-47;27;0;1
-23;29;12;0;1
-17;-2;36;0;1
-43;-8;16;0;1
-26;25;25;0;1
-51;-22;21;0;1
-37;-16;53;0;1
-27;0;57;0;1
-17;-16;41;1;1
-14;-13;26;1;1
-39;46;31;0;1
-48;-7;46;0;1
-51;-22;44;1;1
-48;25;25;0;1
-29;-4;9;1;1
-33;16;48;0;1
-22;2;12;1;1
-37;-34;32;0;1
-39;34;47;1;1
-24;12;31;0;1
-25;41;37;0;1
-29;33;51;1;1
-29;35;22;1;1
-33;-22;19;0;1
-26;2;29;0;1
-36;-23;22;0;1
-7;-12;29;0;1
-32;-11;38;0;1
-25;23;56;1;1
-29;-27;30;0;1
-65;-8;27;1;1
-38;-30;23;0;1
-50;0;43;0;1
-23;-18;15;0;1
-37;-32;48;1;1
-42;-6;37;0;1
-42;-16;50;1;1
-44;8;13;1;1
-42;47;25;1;1
-40;-12;23;0;1
-36;9;53;0;1
-33;16;28;1;1
-45;-14;38;0;1
-44;17;21;1;1
-41;-27;27;0;1
-40;-42;16;0;1
-29;23;56;0;1
-28;8;52;0;1
-14;-9;41;1;1
-27;6;12;1;1
-11;10;29;0;1
-21;7;56;0;1
-20;-23;30;1;1
-21;14;41;0;1
-14;-24;15;0;1
-13;11;45;0;1
-48;12;38;1;1
-36;-3;53;0;1
-32;42;44;0;1
-41;-8;45;1;1
-51;-17;29;0;1
-20;1;49;0;1
-16;-8;25;0;1
-41;15;14;1;1
-14;-22;35;0;1
-9;-15;42;1;1
-59;-6;22;1;1
-40;17;48;0;1
-23;-26;10;1;1
-39;-19;46;1;1
-44;-2;35;1;1
-31;41;39;0;1
-52;-21;38;0;1
-58;-10;26;0;1
-39;-28;17;0;1
-44;3;30;0;1
-36;-17;43;0;1
-37;-20;18;0;1
-46;26;32;1;1
-37;-10;23;0;1
-23;-5;35;0;1
-39;-10;25;0;1
-31;14;24;0;1
-55;-25;28;0;1
-29;6;55;0;1
-48;-10;23;1;1
-33;10;21;1;1
-42;34;42;1;1
-22;30;13;0;1
-36;-38;27;0;1
-51;-26;41;0;1
-20;-32;33;0;1
-27;42;43;0;1
-11;18;47;0;1
-46;43;25;1;1
-31;1;24;0;1
-31;36;48;1;1
-18;19;21;0;1
-42;13;36;1;1
-41;-9;38;0;1
-42;14;40;0;1
-41;-2;57;0;1
-19;-32;31;1;1
-29;-5;29;1;1
-35;-18;54;1;1
-36;-40;15;0;1
-25;21;50;0;1
-22;10;24;1;1
-33;-5;17;0;1
-26;40;22;0;1
-31;-22;57;0;1
-24;36;36;0;1
-45;1;29;1;1
-49;21;40;0;1
-33;16;44;0;1
-24;15;14;0;1
-41;-25;44;0;1
-20;34;21;0;1
-27;7;42;1;1
-23;23;52;0;1
-34;29;19;0;1
-25;19;57;1;1
-33;-5;29;0;1
-38;-20;32;1;1
-44;-21;40;0;1
-38;49;19;0;1
-19;0;44;0;1
-52;27;36;1;1
-21;-31;56;0;1
-24;40;38;0;1
-28;37;17;1;1
-33;12;35;0;1
-52;44;20;0;1
-18;12;50;1;1
-51;-21;44;0;1
-34;31;38;1;1
-34;-19;27;1;1
-15;-12;23;0;1
-29;-10;24;1;1
-45;-29;24;0;1
-36;-18;27;0;1
-27;38;30;0;1
-23;-15;56;1;1
-52;13;30;0;1
-20;-19;65;0;1
-39;-49;26;0;1
-29;39;22;1;1
-32;18;42;0;1
-34;7;35;0;1
-35;-38;40;0;1
-42;-37;34;0;1
-26;-16;64;0;1
-44;-50;18;0;1
-34;24;27;1;1
-22;-8;15;1;1
-32;19;55;0;1
-23;21;27;1;1
-33;4;40;0;1
-37;-34;29;0;1
-56;25;19;0;1
-32;-17;50;1;1
-29;46;36;0;1
-11;1;25;1;1
-25;-22;49;0;1
-56;6;20;1;1
-57;0;34;1;1
-27;-45;31;1;1
-41;44;37;1;1
-58;10;18;1;1
-60;-3;25;1;1
-41;-16;51;0;1
-39;-8;41;0;1
-43;-7;36;1;1
-34;-20;42;1;1
-38;23;35;0;1
-23;17;24;0;1
-14;-23;35;0;1
-37;2;45;1;1
-33;13;58;0;1
-18;-28;24;0;1
-24;-37;44;0;1
-39;-13;36;0;1
-29;19;10;1;1
-37;-27;21;1;1
-33;1;41;1;1
-14;-16;39;0;1
-42;13;18;1;1
-29;8;10;0;1
-53;27;16;0;1
-31;24;24;0;1
-27;35;26;1;1
-14;8;27;0;1
-31;-9;15;0;1
-31;-19;22;0;1
-27;8;40;0;1
-23;-19;33;1;1
-26;-13;12;1;1
-56;-1;37;1;1
-57;3;28;1;1
-22;-15;23;0;1
-27;-27;51;0;1
-40;-6;33;0;1
-33;-18;57;1;1
-35;17;56;0;1
-49;-19;40;0;1
-17;11;55;1;1
-35;-13;15;1;1
-24;-19;58;1;1
-52;16;34;0;1
-61;-15;32;0;1
-30;-34;43;0;1
-37;0;30;0;1
-9;10;24;1;1
-33;-46;30;0;1
-41;33;41;0;1
-47;17;26;0;1
-63;-11;28;1;1
-30;16;29;0;1
-45;16;35;1;1
-52;-31;21;0;1
-24;5;17;1;1
-58;21;24;0;1
-45;-3;29;0;1
-34;-29;48;0;1
-40;37;18;0;1
-40;30;28;0;1
-23;-12;53;1;1
-26;-26;43;1;1
-23;0;40;0;1
-30;10;42;1;1
-53;16;18;0;1
-18;-8;41;1;1
-39;11;23;1;1
-26;-19;27;0;1
-45;30;27;1;1
-36;14;16;0;1
-21;15;56;0;1
-47;-44;25;1;1
-44;41;24;0;1
-30;-35;22;0;1
-33;28;44;0;1
-32;-23;21;0;1
-33;46;33;1;1
-54;1;38;0;1
-11;12;28;0;1
-41;-35;35;1;1
-14;19;63;0;1
-55;4;43;1;1
-43;-45;20;0;1
-33;-27;33;1;1
-24;37;26;0;1
-52;8;25;0;1
-21;-15;26;0;1
-15;-2;40;1;1
-57;-13;40;1;1
-29;22;48;1;1
-52;16;16;0;1
-59;3;17;0;1
-51;25;35;0;1
-22;-11;30;0;1
-50;41;19;0;1
-25;39;50;1;1
-14;18;44;1;1
-33;9;58;0;1
-17;10;41;0;1
-27;2;59;0;1
-57;-1;27;0;1
-41;-17;53;1;1
-42;-48;19;0;1
-19;-9;17;0;1
-39;-27;34;1;1
-21;-11;45;0;1
-39;14;43;0;1
-28;-32;30;0;1
-30;-33;47;0;1
-44;3;51;1;1
-32;-35;31;0;1
-50;39;25;0;1
-34;5;11;0;1
-58;20;18;0;1
-38;-26;21;1;1
-26;30;36;0;1
-35;-1;53;1;1
-41;-37;32;0;1
-22;21;25;0;1
-11;7;21;1;1
-55;3;37;1;1
-37;8;25;1;1
-28;14;10;0;1
-30;7;37;0;1
-40;-4;11;1;1
-22;-7;63;0;1
-57;19;31;0;1
-36;45;35;0;1
-35;-26;42;0;1
-24;9;50;0;1
-31;-12;13;1;1
-63;8;19;1;1
-49;34;21;0;1
-41;31;46;0;1
-44;35;28;0;1
-27;-25;14;1;1
-23;29;56;0;1
-38;-22;19;0;1
-48;-33;38;0;1
-16;11;21;1;1
-24;-33;56;1;1
-46;-18;44;1;1
-38;-14;33;1;1
-22;-22;9;1;1
-52;17;39;0;1
-14;17;31;1;1
-31;-35;18;0;1
-54;14;43;0;1
-35;-14;17;0;1
-36;-6;40;1;1
-41;-10;34;0;1
-27;-12;13;1;1
-27;23;54;1;1
-16;-12;51;0;1
-29;-27;22;0;1
-28;-12;23;0;1
-28;-29;16;0;1
-27;-20;46;0;1
-31;-15;59;0;1
-32;-19;34;1;1
-23;-9;17;0;1
-17;-21;46;0;1
-46;-5;21;0;1
-22;6;15;0;1
-27;-3;64;1;1
-33;25;54;0;1
-12;18;18;0;1
-48;30;17;0;1
-23;19;20;0;1
-26;-41;27;0;1
-17;-16;11;1;1
-53;-31;20;1;1
-50;14;44;0;1
-19;-5;35;1;1
-44;0;54;0;1
-20;33;42;0;1
-59;6;31;0;1
-21;28;24;0;1
-34;45;16;0;1
-39;29;17;0;1
-43;10;22;0;1
-13;-22;42;0;1
-11;13;43;0;1
-61;23;24;0;1
-34;-30;16;0;1
-19;2;43;0;1
-40;-5;25;1;1
-45;5;34;0;1
-26;-30;17;0;1
-30;17;39;0;1
-59;-7;19;1;1
-50;-23;40;1;1
-22;-22;28;0;1
-29;23;14;0;1
-49;27;40;1;1
-21;-13;58;1;1
-9;11;38;1;1
-31;-37;20;0;1
-50;-13;40;0;1
-30;-3;26;0;1
-12;-6;32;0;1
-38;38;45;1;1
-42;20;15;0;1
-24;-32;46;1;1
-33;-5;39;0;1
-45;-15;37;0;1
-32;19;37;0;1
-22;-32;57;0;1
-26;-26;41;0;1
-25;11;24;0;1
-29;-22;56;0;1
-23;9;30;0;1
-47;10;26;1;1
-46;15;47;0;1
-43;47;27;0;1
-22;6;19;0;1
-17;19;58;1;1
-47;-17;32;0;1
-39;1;49;1;1
-23;12;53;1;1
-46;-34;18;0;1
-24;8;30;1;1
-34;-14;50;1;1
-46;-7;47;0;1
-28;41;27;1;1
-23;5;50;0;1
-42;-8;38;0;1
-33;0;49;1;1
-25;-16;49;0;1
-37;12;49;0;1
-19;-25;37;1;1
-34;8;10;1;1
-26;37;52;1;1
-18;-21;48;0;1
-38;7;41;0;1
-19;-21;23;0;1
-27;17;55;1;1
-44;3;21;1;1
-33;38;35;0;1
-43;-13;34;1;1
-39;-13;55;0;1
-33;46;36;0;1
-32;-45;15;0;1
-15;23;54;0;1
-12;17;52;1;1
-44;2;52;0;1
-16;26;44;0;1
-30;37;37;0;1
-38;-43;22;0;1
-39;-46;34;1;1
-18;18;33;0;1
-22;17;57;0;1
-46;20;33;1;1
-40;43;39;0;1
-37;10;18;0;1
-45;-7;33;0;1
-18;22;14;0;1
-53;-11;45;0;1
-53;-7;45;1;1
-26;16;13;0;1
-16;-1;36;1;1
-59;26;24;0;1
-54;-20;23;0;1
-41;-17;18;0;1
-20;4;55;1;1
-50;12;25;1;1
-54;-32;19;0;1
-42;22;51;0;1
-21;-36;53;0;1
-37;-25;24;1;1
-50;-1;25;0;1
-27;29;39;0;1
-28;25;15;0;1
-53;25;26;0;1
-35;-3;42;1;1
-27;-21;47;0;1
-44;30;29;0;1
-33;34;20;0;1
-45;-22;26;0;1
-36;7;29;1;1
-21;24;41;0;1
-27;-22;53;0;1
-49;-13;25;1;1
-37;-16;27;0;1
-33;-44;39;0;1
-56;-6;17;1;1
-42;-10;24;0;1
-38;49;31;0;1
-33;-29;14;0;1
-48;-23;33;0;1
-14;20;43;1;1
-30;12;43;0;1
-49;11;16;0;1
-22;-31;30;1;1
-40;-25;48;0;1
-41;34;21;1;1
-35;-20;20;0;1
-45;32;28;0;1
-53;21;41;0;1
-21;34;29;1;1
-48;6;28;0;1
-28;23;29;1;1
-23;-38;55;0;1
-13;-16;14;0;1
-46;29;18;1;1
-45;7;27;0;1
-48;-9;29;1;1
-51;-38;28;1;1
-19;6;43;1;1
-25;-20;34;1;1
-13;-15;17;0;1
-37;-13;36;0;1
-19;-28;40;1;1
-28;35;29;1;1
-20;12;32;0;1
-43;28;42;0;1
-19;20;62;0;1
-27;6;55;1;1
-22;-36;31;1;1
-22;-19;41;1;1
-20;-14;24;1;1
-27;27;55;0;1
-23;-3;53;0;1
-27;-32;49;0;1
-36;-3;43;0;1
-32;-2;63;1;1
-32;16;51;0;1
-20;-23;25;1;1
-23;-36;30;0;1
-49;-41;30;0;1
-44;-37;23;1;1
-61;9;29;0;1
-36;-5;40;0;1
-38;-40;15;0;1
-43;14;24;0;1
-47;36;23;0;1
-18;-27;9;0;1
-47;-35;24;0;1
-47;31;38;0;1
-42;-19;14;0;1
-19;32;18;1;1
-48;14;46;0;1
-33;-21;44;1;1
-24;16;16;0;1
-47;29;22;1;1
-31;30;49;1;1
-25;-39;26;0;1
-34;32;48;0;1
-16;9;49;1;1
-56;-27;22;0;1
-36;-14;35;1;1
-24;0;11;0;1
-36;-5;39;1;1
-42;24;49;1;1
-10;-12;37;0;1
-34;-4;50;0;1
-20;25;19;1;1
-52;27;32;1;1
-32;52;22;0;1
-27;-24;45;0;1
-27;2;61;1;1
-41;19;20;1;1
-40;29;20;0;1
-25;30;34;1;1
-33;-18;51;0;1
-15;6;41;0;1
-13;-14;33;0;1
-33;24;33;0;1
-37;10;22;1;1
-27;-6;17;0;1
-38;-11;30;0;1
-26;30;27;0;1
-33;-42;46;0;1
-32;-15;45;1;1
-17;-27;47;0;1
-27;38;25;0;1
-47;44;18;1;1
-61;14;22;1;1
-34;14;48;0;1
-21;30;25;1;1
-22;-10;48;0;1
-56;-30;24;1;1
-17;-21;15;1;1
-25;-30;31;0;1
-26;41;29;1;1
-34;-40;23;1;1
-30;11;56;1;1
-50;22;26;0;1
-38;-10;13;0;1
-23;-13;26;1;1
-40;-20;16;0;1
-23;-4;41;1;1
-29;8;63;1;1
-33;34;29;1;1
-30;1;41;0;1
-30;-17;25;0;1
-21;-14;25;0;1
-24;-27;48;1;1
-42;-48;27;0;1
-44;-8;21;0;1
-30;26;49;0;1
-45;-38;31;1;1
-53;-16;28;0;1
-43;15;40;0;1
-27;11;20;0;1
-26;-15;35;0;1
-42;-43;30;1;1
-19;28;61;0;1
-38;-4;18;0;1
-41;1;27;0;1
-42;31;29;0;1
-21;34;11;1;1
-29;11;31;0;1
-26;-22;13;0;1
-20;-7;34;0;1
-29;20;23;1;1
-37;-26;22;0;1
-30;49;23;1;1
-60;5;37;0;1
-59;21;27;1;1
-39;23;22;0;1
-21;-13;50;1;1
-49;-17;45;0;1
-29;-16;31;0;1
-39;42;27;1;1
-30;-38;45;0;1
-53;16;15;0;1
-13;21;43;1;1
-16;-9;26;0;1
-40;9;48;1;1
-20;-20;46;0;1
-36;47;36;0;1
-24;-33;34;1;1
-44;49;19;0;1
-44;51;22;1;1
-30;27;40;0;1
-14;14;46;0;1
-28;10;61;0;1
-58;26;20;0;1
-61;1;20;0;1
-46;-8;33;1;1
-26;-8;24;0;1
-24;6;65;0;1
-55;7;32;0;1
-33;-26;47;1;1
-34;-32;44;1;1
-48;-4;52;1;1
-17;15;45;1;1
-28;13;29;0;1
-14;13;39;0;1
-46;-5;36;0;1
-44;-43;30;0;1
-25;-21;35;0;1
-44;-11;26;0;1
-19;-14;56;0;1
-24;11;27;1;1
-55;-8;37;0;1
-34;-23;41;1;1
-18;-6;41;1;1
-52;-3;18;0;1
-29;-41;43;0;1
-41;-41;28;1;1
-15;24;24;0;1
-57;-17;36;1;1
-35;-17;40;0;1
-21;36;43;0;1
-52;-20;16;0;1
-38;18;46;0;1
-35;5;54;0;1
-43;3;25;0;1
-28;36;47;1;1
-25;0;18;1;1
-31;3;33;0;1
-64;19;24;1;1
-21;-6;32;0;1
-28;-2;24;1;1
-55;16;39;0;1
-54;-14;34;1;1
-51;7;26;1;1
-19;23;22;0;1
-36;-17;46;0;1
-48;18;23;0;1
-40;-6;40;0;1
-13;-20;44;0;1
-50;-11;31;0;1
-29;20;50;0;1
-26;2;10;1;1
-33;41;20;0;1
-38;-19;19;0;1
-34;10;12;1;1
-32;7;51;0;1
-33;-34;15;1;1
-24;-31;51;0;1
-16;16;60;1;1
-37;41;35;0;1
-18;10;15;1;1
-25;35;24;0;1
-26;42;34;0;1
-29;5;19;0;1
-28;-12;27;1;1
-38;-11;23;1;1
-23;-14;64;0;1
-34;-13;10;0;1
-37;-3;38;0;1
-41;6;28;1;1
-35;44;33;1;1
-28;38;15;0;1
-26;45;38;0;1
-37;-4;51;1;1
-44;-28;17;0;1
-26;-31;35;1;1
-11;15;36;0;1
-39;12;48;1;1
-62;-17;20;0;1
-27;11;47;1;1
-35;-31;49;1;1
-14;23;26;0;1
-11;-13;37;0;1
-17;-24;44;1;1
-22;7;23;1;1
-49;-19;26;1;1
-30;-39;43;0;1
-62;-19;19;0;1
-13;-16;28;0;1
-25;-42;47;0;1
-48;15;28;1;1
-12;10;31;1;1
-29;8;28;0;1
-30;11;63;1;1
-16;-23;63;0;1
-18;-3;44;0;1
-39;4;30;0;1
-35;6;23;0;1
-34;-18;35;1;1
-32;-42;45;0;1
-29;38;42;0;1
-26;-39;39;0;1
-17;15;43;0;1
-27;-38;24;0;1
-27;-40;31;0;1
-14;13;51;1;1
-11;-15;26;0;1
-51;17;24;0;1
-50;23;40;0;1
-23;-15;31;1;1
-32;39;33;1;1
-49;-16;14;1;1
-25;15;23;0;1
-43;-1;37;0;1
-14;20;52;1;1
-16;-1;23;1;1
-24;-8;48;0;1
-22;-28;30;1;1
-22;-25;34;0;1
-33;-7;55;1;1
-23;-4;61;1;1
-24;31;54;0;1
-33;-12;24;1;1
-27;-13;60;1;1
-50;17;39;0;1
-34;4;48;0;1
-58;-2;28;0;1
-51;37;18;0;1
-34;-44;40;0;1
-40;10;19;0;1
-39;-2;17;1;1
-32;11;54;1;1
-19;-15;39;0;1
-34;41;40;0;1
-57;13;16;0;1
-25;35;13;0;1
-57;-26;22;1;1
-40;-16;56;1;1
-43;-42;19;1;1
-20;-34;39;0;1
-48;-37;37;0;1
-35;35;20;0;1
-19;-30;12;1;1
-47;29;32;0;1
-47;-22;20;0;1
-60;-8;24;0;1
-44;19;46;1;1
-38;-20;44;1;1
-29;24;57;0;1
-10;14;42;0;1
-49;-19;35;1;1
-32;30;39;1;1
-28;-15;59;0;1
-14;22;10;0;1
-25;-4;10;0;1
-20;-7;23;0;1
-46;-26;19;0;1
-43;-32;31;0;1
-32;-7;52;1;1
-47;33;32;0;1
-17;20;23;0;1
-20;2;38;0;1
-28;12;19;1;1
-22;-14;41;1;1
-36;52;19;1;1
-63;-4;26;0;1
-43;24;42;0;1
-43;-23;35;0;1
-45;-47;26;1;1
-45;11;13;0;1
-19;31;12;1;1
-35;-36;19;0;1
-31;-20;16;0;1
-15;17;51;1;1
-39;-3;24;1;1
-40;13;13;1;1
-18;-17;24;1;1
-40;-35;22;0;1
-33;-18;38;0;1
-51;-20;26;0;1
-44;0;41;1;1
-27;-25;46;1;1
-33;-42;35;0;1
-34;-22;46;1;1
-47;13;24;1;1
-22;-34;45;0;1
-19;25;50;0;1
-18;27;31;1;1
-24;-20;25;1;1
-47;37;17;0;1
-31;-29;47;0;1
-23;12;26;1;1
-23;-4;11;1;1
-56;24;22;0;1
-17;12;36;1;1
-41;-28;14;1;1
-22;-29;58;1;1
-55;-14;42;1;1
-24;-37;15;1;1
-48;14;18;0;1
-24;-8;9;0;1
-11;17;18;0;1
-48;-24;37;1;1
-37;41;27;0;1
-52;-6;19;1;1
-26;-13;27;1;1
-11;-16;50;1;1
-27;36;54;0;1
-29;-2;58;0;1
-37;27;33;1;1
-14;-14;20;0;1
-19;-20;49;0;1
-24;-40;39;1;1
-36;-14;51;0;1
-15;-1;34;0;1
-43;-8;45;0;1
-38;-12;28;0;1
-47;16;37;0;1
-29;13;52;0;1
-29;35;32;0;1
-51;-2;29;0;1
-39;13;41;0;1
-33;-33;28;1;1
-61;11;30;0;1
-27;-44;22;1;1
-52;-13;20;1;1
-28;3;59;0;1
-33;-29;36;0;1
-59;-5;21;0;1
-56;-18;16;1;1
-32;-39;15;1;1
-21;-14;16;1;1
-31;0;58;0;1
-40;33;19;0;1
-39;14;56;0;1
-44;40;32;0;1
-33;23;11;1;1
-53;-29;22;0;1
-38;-10;26;0;1
-34;9;58;0;1
-22;7;42;0;1
-46;9;28;0;1
-41;-49;31;1;1
-39;5;24;0;1
-44;-47;24;0;1
-27;-9;27;0;1
-57;-23;18;0;1
-38;-16;57;0;1
-51;-43;24;0;1
-27;-33;56;1;1
-17;12;47;1;1
-29;-3;50;1;1
-35;-48;34;0;1
-51;1;45;0;1
-57;22;32;0;1
-37;33;39;1;1
-33;-38;27;0;1
-50;36;30;1;1
-25;21;49;0;1
-66;-2;20;1;1
-57;22;28;0;1
-34;42;45;0;1
-28;28;22;0;1
-31;12;13;0;1
-19;-1;16;1;1
-50;-26;30;0;1
-40;-39;21;0;1
-36;-24;24;0;1
-55;2;26;0;1
-26;-8;25;0;1
-25;19;39;0;1
-42;20;30;0;1
-22;0;59;1;1
-49;-8;45;0;1
-22;6;9;0;1
-17;-24;31;1;1
-55;-35;24;1;1
-49;-3;22;0;1
-23;9;14;0;1
-11;14;19;1;1
-56;-2;38;1;1
-42;19;46;0;1
-37;-35;25;0;1
-38;-43;17;0;1
-50;-12;17;1;1
-18;-9;18;1;1
-37;-3;11;0;1
-35;-12;56;1;1
-42;13;22;1;1
-15;-24;22;0;1
-24;-32;28;0;1
-38;5;59;0;1
-39;-23;36;0;1
-38;-14;52;0;1
-36;21;35;0;1
-40;11;50;0;1
-32;21;21;0;1
-25;-38;13;0;1
-34;-41;33;1;1
-52;-6;26;0;1
-38;-38;34;0;1
-29;16;25;0;1
-41;-1;49;0;1
-37;22;30;1;1
-17;19;36;1;1
-28;-33;26;1;1
-22;-26;17;0;1
-41;-34;44;1;1
-41;0;11;1;1
-50;15;39;1;1
-39;-7;56;1;1
-39;0;55;0;1
-39;-5;33;0;1
-24;-27;51;0;1
-15;-24;59;0;1
-24;9;42;1;1
-52;-3;23;0;1
-41;-7;13;1;1
-35;-43;43;0;1
-12;2;29;0;1
-25;-17;49;0;1
-20;15;31;0;1
-50;11;20;0;1
-51;28;21;1;1
-15;8;39;0;1
-38;-14;21;1;1
-16;24;8;1;1
-35;-13;13;1;1
-26;23;38;0;1
-34;40;29;0;1
-38;6;56;0;1
-39;-34;28;1;1
-27;4;41;0;1
-27;39;24;0;1
-29;17;21;1;1
-36;17;24;0;1
-12;12;36;0;1
-12;11;24;1;1
-36;40;36;1;1
-34;40;27;0;1
-53;36;24;1;1
-52;10;31;0;1
-49;-5;23;1;1
-49;1;41;0;1
-30;15;37;0;1
-37;19;33;0;1
-60;29;23;0;1
-30;-16;62;0;1
-36;-1;56;0;1
-28;43;27;0;1
-45;35;26;0;1
-44;19;45;1;1
-42;17;53;0;1
-34;18;55;0;1
-38;-3;30;0;1
-33;-33;13;0;1
-33;-46;40;0;1
-47;-8;15;1;1
-35;6;38;1;1
-31;-17;54;0;1
-26;-30;45;0;1
-39;47;17;1;1
-31;47;16;0;1
-22;-8;31;0;1
-24;-5;31;1;1
-63;-19;24;0;1
-27;-39;49;1;1
-28;12;22;0;1
-50;-29;39;1;1
-33;35;17;0;1
-23;-19;15;0;1
-51;6;49;1;1
-20;7;25;0;1
-15;-8;32;0;1
-19;10;40;1;1
-29;10;15;0;1
-26;43;37;1;1
-11;-15;33;1;1
-32;-32;41;0;1
-32;54;22;0;1
-39;-26;23;1;1
-39;24;14;1;1
-60;-14;23;0;1
-57;27;28;0;1
-43;22;50;1;1
-50;3;38;1;1
-56;-9;34;1;1
-46;-5;23;0;1
-40;-15;20;0;1
-50;1;19;1;1
-16;-7;23;1;1
-22;-28;13;1;1
-32;-8;19;0;1
-19;-24;53;0;1
-23;8;55;0;1
-25;1;66;0;1
-32;-21;26;0;1
-40;38;39;0;1
-37;-42;26;1;1
-30;-5;38;0;1
-25;2;50;1;1
-38;-1;60;0;1
-35;45;19;0;1
-18;16;9;1;1
-19;-9;18;1;1
-52;25;18;0;1
-38;18;50;1;1
-40;38;37;0;1
-30;10;43;1;1
-25;33;47;0;1
-24;36;24;0;1
-33;2;36;1;1
-28;9;47;1;1
-18;-1;49;0;1
-45;-2;51;0;1
-39;-22;44;0;1
-39;-45;28;0;1
-32;-23;26;0;1
-32;52;33;1;1
-29;21;24;0;1
-15;7;35;1;1
-34;-23;16;0;1
-40;47;19;0;1
-10;12;31;0;1
-30;-44;17;1;1
-13;19;61;1;1
-30;-17;16;1;1
-11;-11;36;0;1
-48;-29;22;1;1
-49;14;41;1;1
-52;-25;19;0;1
-37;-41;42;0;1
-30;20;37;0;1
-16;-20;9;1;1
-22;-7;18;0;1
-14;22;30;1;1
-19;27;52;1;1
-51;-7;17;0;1
-48;26;26;1;1
-48;-39;29;0;1
-24;-24;23;0;1
-26;42;37;0;1
-30;21;30;1;1
-31;28;52;1;1
-39;32;19;0;1
-36;19;53;1;1
-49;16;27;1;1
-29;17;57;0;1
-28;23;53;0;1
-35;-1;37;1;1
-37;3;57;1;1
-67;10;20;0;1
-23;-10;18;0;1
-24;-13;49;1;1
-28;-36;29;0;1
-43;37;28;1;1
-58;-13;19;0;1
-34;-31;36;0;1
-40;13;14;0;1
-18;4;21;0;1
-33;57;26;0;1
-37;-24;35;0;1
-47;-16;21;1;1
-35;-13;32;0;1
-28;-7;61;0;1
-37;-35;20;1;1
-18;10;51;1;1
-25;-41;31;1;1
-53;7;40;1;1
-43;-37;35;0;1
-35;-4;24;0;1
-45;15;40;0;1
-39;32;49;0;1
-37;-18;36;0;1
-19;-30;22;1;1
-44;-22;42;1;1
-20;22;52;0;1
-24;-1;50;0;1
-28;-45;44;1;1
-49;12;17;0;1
-22;35;17;1;1
-14;-18;13;0;1
-40;15;32;0;1
-26;0;52;0;1
-24;-34;39;1;1
-52;-29;26;1;1
-30;24;21;1;1
-21;10;26;0;1
-41;-30;17;0;1
-32;37;33;1;1
-16;-23;40;0;1
-36;3;44;1;1
-23;-6;64;1;1
-43;28;18;1;1
-28;-48;39;0;1
-38;-33;23;1;1
-32;32;24;1;1
-49;32;25;0;1
-17;12;13;0;1
-14;24;51;1;1
-32;-32;30;0;1
-36;16;44;0;1
-32;6;39;1;1
-37;45;24;0;1
-66;-4;23;1;1
-47;-12;23;0;1
-28;-22;37;0;1
-37;-15;29;0;1
-19;-2;22;0;1
-37;33;46;1;1
-37;-3;12;0;1
-42;-18;54;0;1
-21;-26;40;0;1
-47;-10;35;0;1
-54;-1;45;0;1
-31;-12;21;1;1
-55;-28;21;0;1
-34;-26;22;1;1
-26;-36;14;1;1
-31;-40;49;0;1
-23;-7;9;0;1
-55;-16;16;0;1
-36;15;31;0;1
-32;37;18;0;1
-40;-24;47;0;1
-60;-2;28;0;1
-36;38;38;0;1
-53;14;21;1;1
-24;-19;31;0;1
-33;15;53;1;1
-27;24;37;0;1
-26;25;18;0;1
-21;-3;21;1;1
-27;-36;33;0;1
-29;13;26;1;1
-37;-2;59;0;1
-36;0;56;0;1
-17;-15;61;0;1
-26;-3;49;0;1
-31;31;45;0;1
-35;12;25;0;1
-46;42;26;0;1
-14;-22;8;0;1
-19;6;50;0;1
-49;7;15;0;1
-28;17;51;0;1
-30;2;39;1;1
-29;-39;24;0;1
-47;27;45;1;1
-54;-6;33;1;1
-41;0;43;0;1
-54;-17;39;1;1
-35;29;18;1;1
-38;1;11;1;1
-47;8;50;0;1
-35;33;41;0;1
-67;2;19;0;1
-11;17;21;0;1
-53;12;27;1;1
-13;17;56;1;1
-25;21;58;0;1
-31;-43;21;0;1
-28;-43;30;1;1
-38;0;45;1;1
-26;41;27;1;1
-27;7;12;1;1
-36;50;19;0;1
-48;-2;25;0;1
-31;-38;47;0;1
-27;3;54;0;1
-50;18;39;0;1
-49;-17;36;0;1
-24;1;16;0;1
-51;20;24;0;1
-52;-28;21;0;1
-30;-49;32;0;1
-52;13;29;0;1
-32;27;40;0;1
-37;-4;42;1;1
-28;29;45;0;1
-36;21;43;0;1
-22;29;53;1;1
-18;9;26;0;1
-27;-1;59;0;1
-45;-36;22;0;1
-29;-29;33;0;1
-43;-4;17;0;1
-34;-42;22;1;1
-34;24;50;0;1
-48;10;51;0;1
-37;-3;35;0;1
-36;34;31;0;1
-22;34;48;0;1
-25;-16;56;0;1
-21;-26;46;0;1
-18;-2;42;0;1
-31;20;32;0;1
-30;-22;58;1;1
-48;7;38;0;1
-34;-34;44;0;1
-45;11;30;0;1
-36;23;23;0;1
-56;6;38;0;1
-33;3;49;1;1
-16;18;18;0;1
-48;-29;43;0;1
-41;47;30;0;1
-39;-40;19;1;1
-42;-14;17;0;1
-30;33;12;0;1
-39;23;38;0;1
-35;24;12;0;1
-30;2;12;0;1
-36;26;36;0;1
-32;40;24;0;1
-17;-15;17;0;1
-28;-16;37;0;1
-14;-23;38;0;1
-48;-1;19;0;1
-52;32;18;0;1
-36;3;53;1;1
-13;-17;14;0;1
-27;-4;47;0;1
-37;-47;31;1;1
-42;14;32;0;1
-26;-14;61;0;1
-40;-25;41;0;1
-59;14;18;1;1
-41;-52;19;1;1
-46;-20;50;0;1
-63;-3;23;0;1
-33;52;28;0;1
-38;17;15;1;1
-17;28;55;0;1
-35;-37;15;1;1
-7;11;33;0;1
-24;13;60;0;1
-37;3;33;0;1
-25;7;56;1;1
-56;-35;21;0;1
-41;-4;26;0;1
-17;-13;32;1;1
-46;-44;30;1;1
-19;-10;49;0;1
-22;-10;20;0;1
-16;13;55;0;1
-21;2;54;0;1
-37;-11;16;0;1
-47;12;23;0;1
-18;29;48;0;1
-43;2;16;0;1
-29;-30;41;0;1
-36;-4;58;1;1
-56;3;36;1;1
-58;28;27;0;1
-43;-33;25;0;1
-24;-27;35;0;1
-27;-23;27;1;1
-45;23;25;1;1
-44;5;36;0;1
-21;5;21;0;1
-42;-1;21;0;1
-57;1;24;1;1
-54;20;25;1;1
-30;5;53;0;1
-21;-11;31;1;1
-54;10;15;0;1
-28;43;29;0;1
-10;-15;33;1;1
-32;42;47;1;1
-49;16;48;1;1
-44;38;16;0;1
-45;9;50;0;1
-51;-23;18;0;1
-22;-19;57;1;1
-33;2;13;0;1
-23;-23;15;0;1
-23;20;18;0;1
-31;36;24;1;1
-39;-16;37;1;1
-20;2;19;1;1
-17;5;23;0;1
-21;32;41;0;1
-38;17;26;1;1
-16;-9;41;1;1
-37;-4;11;0;1
-52;-35;17;0;1
-40;-13;49;0;1
-19;12;21;1;1
-46;-41;32;1;1
-44;40;23;0;1
-53;33;30;0;1
-47;-21;33;0;1
-33;-19;48;0;1
-45;-26;18;1;1
-61;24;18;1;1
-20;29;11;0;1
-52;34;25;1;1
-42;28;41;0;1
-13;11;38;1;1
-20;-9;30;1;1
-47;-21;38;0;1
-37;16;44;1;1
-28;-46;25;0;1
-24;-3;50;1;1
-62;-8;18;1;1
-37;-21;39;1;1
-41;39;32;1;1
-43;-37;16;0;1
-32;7;59;0;1
-34;-28;26;0;1
-15;22;46;0;1
-52;-34;29;1;1
-19;-15;31;0;1
-38;11;25;0;1
-17;-17;19;1;1
-36;17;47;1;1
-27;-30;24;0;1
-49;-7;26;1;1
-46;-1;38;0;1
-25;10;28;1;1
-24;-9;13;0;1
-23;-37;53;1;1
-23;37;52;0;1
-41;-3;18;0;1
-56;-5;18;1;1
-55;19;33;0;1
-26;43;48;0;1
-18;-14;30;0;1
-23;-7;65;0;1
-29;41;19;0;1
-27;-20;60;1;1
-33;12;47;0;1
-30;19;21;0;1
-34;19;25;1;1
-27;24;30;1;1
-32;-54;33;0;1
-45;-18;51;0;1
-29;-16;36;0;1
-17;9;43;0;1
-64;-6;18;0;1
-23;-10;40;0;1
-55;28;34;0;1
-39;9;23;1;1
-25;-42;36;0;1
-42;45;25;1;1
-8;11;36;0;1
-41;-20;39;0;1
-51;36;19;0;1
-41;-28;17;0;1
-30;-4;55;0;1
-46;13;45;0;1
-14;-5;25;0;1
-53;-8;45;1;1
-44;-4;46;0;1
-52;-8;36;1;1
-37;2;40;0;1
-30;25;32;1;1
-39;-51;29;0;1
-26;-3;29;0;1
-16;19;55;1;1
-27;-27;57;1;1
-37;52;23;0;1
-35;44;43;0;1
-18;-8;32;1;1
-23;18;43;0;1
-35;-10;23;1;1
-33;-28;45;0;1
-37;-5;17;1;1
-27;29;20;0;1
-37;0;25;0;1
-45;-8;53;0;1
-56;-20;23;0;1
-45;16;49;1;1
-46;-23;23;0;1
-15;11;49;0;1
-27;25;46;0;1
-36;8;15;0;1
-54;11;27;0;1
-63;22;21;0;1
-56;2;24;0;1
-24;37;30;0;1
-30;11;44;0;1
-30;47;26;1;1
-46;-15;35;1;1
-36;30;14;0;1
-26;8;13;1;1
-36;-8;50;0;1
-38;-34;46;0;1
-38;38;28;0;1
-42;37;18;0;1
-17;-15;58;0;1
-19;-23;50;1;1
-18;22;64;1;1
-12;-1;22;1;1
-40;39;36;1;1
-38;8;33;1;1
-29;-38;14;0;1
-35;-5;31;0;1
-17;17;15;0;1
-21;10;60;0;1
-33;-11;14;1;1
-18;-17;29;0;1
-36;42;21;0;1
-18;-27;23;0;1
-38;11;54;0;1
-49;7;33;1;1
-25;15;8;0;1
-18;-29;16;0;1
-42;12;55;0;1
-36;-39;32;1;1
-13;-11;46;1;1
-32;-44;24;1;1
-40;5;30;0;1
-28;-5;62;0;1
-48;13;47;0;1
-54;-30;28;1;1
-22;-31;16;1;1
-43;40;21;0;1
-34;-23;23;0;1
-53;-21;37;0;1
-60;10;30;1;1
-50;8;40;0;1
-62;4;21;0;1
-37;7;39;0;1
-34;6;44;1;1
-39;-34;14;1;1
-49;-19;17;0;1
-44;11;13;1;1
-20;-12;12;1;1
-31;53;29;0;1
-54;0;34;0;1
-13;20;29;0;1
-49;33;34;0;1
-48;20;37;0;1
-31;-25;35;0;1
-19;-27;27;0;1
-48;-5;28;0;1
-26;10;38;0;1
-22;13;38;1;1
-42;15;41;1;1
-14;24;38;0;1
-32;-23;38;0;1
-54;14;41;0;1
-13;-22;25;1;1
-40;-29;30;0;1
-37;-2;45;0;1
-31;-40;27;1;1
-43;12;35;0;1
-22;2;28;0;1
-43;13;19;0;1
-31;22;22;1;1
-39;-19;38;0;1
-12;-19;28;0;1
-21;4;14;0;1
-22;6;50;0;1
-38;-16;44;0;1
-19;6;47;1;1
-59;28;22;1;1
-36;-25;17;0;1
-58;-11;24;1;1
-64;3;26;0;1
-33;-14;42;1;1
-58;-19;25;0;1
-26;-8;53;0;1
-40;44;36;0;1
-10;16;31;0;1
-38;-20;45;1;1
-48;-29;17;0;1
-53;22;34;0;1
-41;-41;41;0;1
-18;25;54;0;1
-53;18;18;1;1
-35;-7;22;0;1
-47;25;34;0;1
-51;-2;46;0;1
-33;-18;34;0;1
-56;-23;29;0;1
-57;-21;25;0;1
-53;-34;29;0;1
-54;24;36;0;1
-23;-4;30;0;1
-19;-8;47;0;1
-36;4;36;0;1
-30;13;23;1;1
-63;-14;23;0;1
-25;0;31;0;1
-8;11;29;0;1
-40;-38;23;0;1
-39;12;45;0;1
-47;30;17;0;1
-11;14;22;0;1
-50;-20;42;0;1
-41;-24;21;1;1
-23;-22;44;0;1
-42;-5;15;1;1
-34;-28;36;1;1
-34;49;21;1;1
-38;12;49;0;1
-29;40;45;1;1
-40;-10;46;1;1
-59;-7;27;0;1
-37;-14;43;0;1
-48;15;16;0;1
-32;-31;38;1;1
-39;7;19;1;1
-34;1;27;0;1
-18;-31;60;0;1
-23;9;50;0;1
-25;-35;55;0;1
-40;-26;51;1;1
-40;-33;47;1;1
-21;8;22;0;1
-15;-2;21;0;1
-40;39;28;0;1
-43;-34;34;0;1
-51;35;21;0;1
-54;-10;40;0;1
-35;-42;26;1;1
-26;-29;33;1;1
-30;20;59;0;1
-9;-7;28;0;1
-56;-23;23;0;1
-22;-26;26;1;1
-18;14;21;0;1
-41;1;36;0;1
-23;-16;13;1;1
-23;27;39;0;1
-27;-43;46;0;1
-18;19;14;0;1
-28;-8;27;0;1
-63;5;29;1;1
-27;-7;8;1;1
-37;48;22;1;1
-24;0;37;0;1
-56;-35;22;0;1
-37;-12;22;1;1
-26;25;16;0;1
-18;-13;57;0;1
-43;-47;23;0;1
-32;-11;16;1;1
-21;5;49;1;1
-46;33;17;1;1
-30;-7;37;1;1
-59;27;22;0;1
-20;29;32;1;1
-49;5;39;1;1
-47;-15;44;0;1
-14;-18;37;0;1
-32;-4;24;1;1
-49;34;34;0;1
-37;-17;12;0;1
-56;-37;22;1;1
-27;1;12;0;1
-59;20;31;0;1
-40;3;39;1;1
-13;20;23;0;1
-30;-16;31;0;1
-43;9;25;0;1
-45;19;50;0;1
-31;8;42;0;1
-27;-1;47;1;1
-44;-38;33;1;1
-19;-2;34;1;1
-54;-14;36;0;1
-41;22;49;1;1
-28;-37;18;0;1
-36;27;39;1;1
-47;34;30;0;1
-42;12;28;1;1
-20;-22;12;0;1
-37;37;31;1;1
-47;-23;33;1;1
-46;-35;29;1;1
-48;15;14;1;1
-24;-9;56;0;1
-23;3;27;0;1
-35;48;26;0;1
-24;25;28;0;1
-58;-32;20;0;1
-49;27;29;1;1
-30;50;30;1;1
-21;-2;43;0;1
-50;10;38;1;1
-24;-23;42;0;1
-43;-6;13;0;1
-15;24;65;0;1
-9;13;35;0;1
-38;11;58;0;1
-35;-47;37;1;1
-54;-22;23;1;1
-22;-24;19;0;1
-35;17;58;0;1
-27;-2;25;0;1
-27;7;19;1;1
-21;36;44;0;1
-29;-28;23;0;1
-40;-6;36;1;1
-33;32;44;0;1
-25;-23;13;0;1
-44;-14;15;0;1
-26;29;29;1;1
-11;4;27;0;1
-27;-4;24;0;1
-27;-6;15;1;1
-25;32;31;0;1
-45;-2;27;1;1
-20;-6;49;1;1
-33;22;50;0;1
-42;-16;18;1;1
-32;4;15;1;1
-33;33;28;0;1
-22;7;18;0;1
-45;32;25;0;1
-55;13;28;1;1
-14;-20;47;1;1
-21;5;12;0;1
-53;25;35;1;1
-50;-11;22;0;1
-22;15;48;0;1
-39;7;21;0;1
-28;-28;55;1;1
-56;-5;38;0;1
-24;-37;37;1;1
-45;-44;19;1;1
-57;10;38;0;1
-15;9;27;1;1
-33;-28;30;0;1
-33;13;10;1;1
-40;-30;43;0;1
-49;0;34;0;1
-34;-31;54;1;1
-15;-19;63;0;1
-57;-22;36;0;1
-23;38;27;0;1
-36;52;27;1;1
-29;-8;13;1;1
-48;-12;36;0;1
-35;23;35;0;1
-63;-6;27;1;1
-58;-3;25;0;1
-52;-31;29;1;1
-34;24;40;0;1
-52;-5;22;1;1
-18;-6;48;1;1
-31;-14;54;0;1
-11;13;39;0;1
-44;-26;43;1;1
-29;-41;30;0;1
-25;-41;52;0;1
-62;-27;19;1;1
-33;45;26;0;1
-46;-22;17;1;1
-26;-35;35;0;1
-38;15;42;1;1
-30;-3;25;0;1
-28;32;22;0;1
-44;5;13;1;1
-34;-24;22;0;1
-29;20;40;1;1
-23;12;41;0;1
-26;42;17;1;1
-39;12;13;1;1
-46;-8;43;0;1
-50;-19;22;0;1
-55;2;37;0;1
-31;14;59;0;1
-24;29;34;1;1
-36;-1;39;0;1
-29;36;52;0;1
-39;-24;51;1;1
-27;1;52;0;1
-28;-42;29;1;1
-51;19;19;0;1
-23;-23;46;0;1
-43;-16;15;0;1
-48;-35;19;1;1
-15;15;49;0;1
-21;26;21;0;1
-28;-3;8;0;1
-56;16;17;0;1
-25;-39;36;0;1
-19;14;36;0;1
-23;-4;18;1;1
-41;14;28;0;1
-29;24;25;1;1
-42;-17;33;0;1
-43;-22;46;1;1
-27;-39;18;0;1
-45;-33;18;0;1
-24;38;18;0;1
-38;27;17;0;1
-27;41;33;0;1
-21;-32;15;0;1
-45;-11;26;0;1
-40;-21;22;1;1
-25;30;23;0;1
-42;36;17;0;1
-13;-1;23;0;1
-21;-12;16;1;1
-11;17;40;1;1
-45;-1;16;0;1
-22;-21;9;1;1
-13;13;47;0;1
-38;29;25;0;1
-40;25;26;0;1
-19;-14;40;0;1
-55;36;22;0;1
-17;-28;50;0;1
-51;40;28;0;1
-36;46;20;1;1
-26;-2;63;0;1
-37;-24;30;1;1
-22;16;10;1;1
-31;16;48;1;1
-55;26;28;0;1
-21;-21;62;1;1
-31;0;48;0;1
-19;23;57;0;1
-33;-23;44;1;1
-23;10;65;0;1
-40;-27;23;1;1
-52;15;39;1;1
-45;-17;51;0;1
-20;-14;40;1;1
-14;-15;40;1;1
-11;-6;23;1;1
-22;-17;19;0;1
-18;11;35;0;1
-34;-53;20;0;1
-33;7;17;0;1
-20;19;17;1;1
-12;-11;22;0;1
-62;-6;28;0;1
-28;23;26;0;1
-21;8;49;1;1
-17;-25;47;0;1
-18;28;49;1;1
-37;31;49;1;1
-13;2;26;1;1
-25;42;42;0;1
-46;14;32;0;1
-39;-39;19;0;1
-32;28;49;0;1
-24;34;47;1;1
-55;8;15;0;1
-11;12;34;0;1
-20;29;13;1;1
-43;9;13;1;1
-49;-17;30;0;1
-34;25;49;1;1
-47;5;46;1;1
-37;-4;55;0;1
-34;-6;56;0;1
-58;27;25;0;1
-27;-16;46;0;1
-51;-21;40;1;1
-30;2;26;0;1
-51;3;37;0;1
-36;-13;15;1;1
-39;-17;43;0;1
-55;30;23;0;1
-48;11;45;0;1
-35;1;47;0;1
-29;-15;29;0;1
-31;10;53;0;1
-25;-27;10;0;1
-38;18;49;0;1
-48;-11;35;0;1
-25;-23;43;0;1
-48;-38;22;1;1
-17;-7;41;1;1
-48;-34;21;1;1
-17;-18;33;0;1
-25;42;40;0;1
-30;-7;56;0;1
-12;-20;63;1;1
-31;-4;32;0;1
-35;-40;35;0;1
-23;2;16;0;1
-13;-16;49;1;1
-51;-3;46;0;1
-32;55;30;0;1
-24;0;12;0;1
-13;22;21;1;1
-40;6;36;1;1
-34;-17;36;0;1
-33;0;61;0;1
-13;-21;54;0;1
-12;17;45;0;1
-25;-16;62;0;1
-40;-10;38;1;1
-23;15;18;1;1
-11;-10;30;0;1
-29;28;52;0;1
-27;-6;63;1;1
-58;-21;31;0;1
-19;12;12;0;1
-17;19;40;1;1
-46;39;24;0;1
-39;-19;40;0;1
-29;-31;37;0;1
-26;9;50;1;1
-32;-4;55;0;1
-11;-12;35;1;1
-31;3;54;0;1
-60;2;36;1;1
-34;6;18;1;1
-25;-26;39;1;1
-35;4;54;0;1
-26;-36;42;1;1
-31;-49;36;1;1
-49;38;17;0;1
-40;13;54;1;1
-35;-8;38;1;1
-45;46;22;0;1
-32;-35;38;1;1
-37;18;36;1;1
-34;-15;41;0;1
-41;-50;21;0;1
-53;34;29;0;1
-45;10;28;0;1
-37;35;37;0;1
-47;-17;15;1;1
-9;15;20;0;1
-21;-14;21;0;1
-50;-29;26;0;1
-48;27;29;1;1
-42;28;40;0;1
-55;29;22;1;1
-31;-27;53;0;1
-53;9;39;1;1
-29;47;24;0;1
-44;-19;19;0;1
-35;-10;21;1;1
-39;50;29;0;1
-37;26;29;0;1
-61;-21;19;1;1
-24;38;26;1;1
-36;-38;32;0;1
-41;-1;57;0;1
-10;-11;25;1;1
-23;-30;47;1;1
-33;49;27;1;1
-42;44;27;1;1
-47;-1;26;0;1
-48;13;32;0;1
-34;-35;30;1;1
-32;18;47;0;1
-37;21;28;1;1
-49;35;21;1;1
-29;34;28;0;1
-36;-31;23;1;1
-28;-47;20;1;1
-51;-22;23;1;1
-51;26;18;0;1
-46;22;15;0;1
-32;2;60;0;1
-32;4;37;1;1
-49;23;44;0;1
-35;-40;21;0;1
-20;-21;42;0;1
-46;-25;27;0;1
-28;11;37;0;1
-18;-24;40;0;1
-30;33;34;1;1
-17;-28;42;1;1
-17;6;22;1;1
-19;-12;15;1;1
-53;-9;44;1;1
-22;19;36;0;1
-33;5;44;0;1
-29;20;47;0;1
-56;14;19;0;1
-11;12;22;0;1
-52;3;47;1;1
-35;-30;29;0;1
-19;17;36;1;1
-19;11;13;0;1
-22;9;12;0;1
-27;-34;35;1;1
-28;25;19;0;1
-29;24;19;1;1
-19;-7;23;0;1
-17;-19;34;1;1
-17;1;25;0;1
-27;-7;20;1;1
-7;-6;25;0;1
-51;14;45;1;1
-40;2;53;0;1
-48;-38;28;0;1
-20;26;13;0;1
-34;11;48;0;1
-29;3;52;0;1
-13;5;27;0;1
-35;-16;18;0;1
-23;30;36;0;1
-50;-45;19;1;1
-29;0;53;0;1
-27;20;30;0;1
-43;36;27;0;1
-44;26;44;1;1
-30;-22;35;0;1
-35;6;11;1;1
-30;-31;51;0;1
-28;-10;31;1;1
-64;-16;25;0;1
-39;27;20;1;1
-28;-11;11;1;1
-63;-1;17;0;1
-27;5;62;0;1
-40;-37;41;0;1
-28;-9;30;0;1
-26;32;15;0;1
-34;21;54;1;1
-23;-28;25;1;1
-45;41;23;1;1
-41;35;21;1;1
-25;5;61;0;1
-13;9;20;0;1
-17;20;13;0;1
-17;-26;37;0;1
-22;-36;27;0;1
-31;-23;29;1;1
-16;-22;11;0;1
-15;-6;23;0;1
-60;12;20;0;1
-64;0;24;0;1
-53;-29;25;1;1
-32;33;17;1;1
-41;7;33;0;1
-40;-25;16;0;1
-43;46;21;0;1
-46;9;21;1;1
-31;-40;31;0;1
-36;4;18;1;1
-54;-28;26;1;1
-47;-10;39;0;1
-41;-5;12;0;1
-42;-37;33;1;1
-17;-18;23;1;1
-40;-11;21;0;1
-39;15;19;0;1
-51;-25;42;1;1
-28;-20;54;0;1
-21;8;43;0;1
-45;23;37;0;1
-24;1;29;1;1
-50;34;29;0;1
-46;-16;50;0;1
-45;4;14;0;1
-34;45;24;0;1
-37;-40;19;0;1
-28;-12;62;0;1
-24;-10;33;1;1
-39;12;11;1;1
-35;-32;27;0;1
-59;-12;36;0;1
-32;-50;36;0;1
-29;34;18;0;1
-29;-1;37;0;1
-7;-11;35;0;1
-42;-30;14;1;1
-52;1;23;1;1
-26;-5;53;0;1
-38;-31;20;0;1
-57;-2;28;0;1
-35;-11;25;1;1
-48;13;40;0;1
-56;17;25;1;1
-26;-3;37;0;1
-57;9;31;1;1
-62;-29;19;0;1
-34;-30;13;1;1
-56;5;30;1;1
-30;44;24;0;1
-31;-4;58;1;1
-27;41;28;0;1
-18;27;56;1;1
-53;1;27;0;1
-25;-23;22;0;1
-43;22;17;0;1
-20;14;63;0;1
-19;18;57;1;1
-40;6;16;1;1
-22;-3;26;1;1
-16;-27;57;0;1
-29;-2;15;0;1
-35;-28;52;0;1
-46;5;32;0;1
-12;14;39;0;1
-57;-26;31;0;1
-28;19;44;1;1
-27;-40;29;1;1
-28;-6;11;0;1
-17;-15;49;0;1
-57;15;39;1;1
-43;-31;38;1;1
-37;27;37;0;1
-42;3;44;0;1
-23;16;12;0;1
-23;-39;48;0;1
-30;9;41;1;1
-54;7;22;1;1
-34;39;36;1;1
-48;33;27;0;1
-34;5;41;1;1
-17;-12;24;1;1
-30;-11;27;0;1
-49;27;20;0;1
-23;0;18;0;1
-25;43;46;1;1
-51;5;16;1;1
-36;21;31;0;1
-18;8;39;0;1
-39;37;39;0;1
-50;2;49;0;1
-38;32;33;0;1
-23;-37;16;1;1
-19;24;43;0;1
-36;36;29;1;1
-36;8;18;1;1
-64;-12;21;0;1
-14;17;34;0;1
-54;-14;31;1;1
-28;36;49;1;1
-37;-22;29;1;1
-39;-14;13;1;1
-22;13;48;1;1
-50;37;28;1;1
-31;-22;24;1;1
-40;-52;18;1;1
-42;24;45;0;1
-29;31;35;1;1
-41;-22;37;1;1
-15;-5;35;1;1
-27;-41;15;0;1
-23;-5;63;0;1
-37;11;27;1;1
-48;-43;23;0;1
-40;42;18;0;1
-62;-19;29;1;1
-59;1;17;0;1
-42;40;40;0;1
-36;-57;22;1;1
-44;-9;44;0;1
-17;16;61;1;1
-44;-44;18;0;1
-24;-4;50;0;1
-41;-48;29;1;1
-23;-8;15;0;1
-27;-34;30;1;1
-34;-12;32;1;1
-33;28;43;0;1
-21;22;39;0;1
-38;-13;36;0;1
-24;26;50;1;1
-29;25;11;0;1
-65;11;24;0;1
-22;33;54;0;1
-23;-30;32;0;1
-50;15;34;1;1
-52;-11;20;0;1
-35;2;14;0;1
-30;10;37;1;1
-34;-3;62;0;1
-34;-51;23;0;1
-34;28;55;1;1
-50;15;25;0;1
-15;17;32;0;1
-27;41;42;1;1
-39;-12;46;0;1
-12;-14;18;1;1
-29;-1;21;0;1
-31;-20;48;0;1
-36;-3;16;1;1
-37;-10;13;1;1
-26;26;10;1;1
-31;-23;36;1;1
-21;5;50;0;1
-25;3;42;0;1
-48;1;22;1;1
-30;-33;50;1;1
-32;-16;30;1;1
-39;15;33;0;1
-19;14;40;0;1
-21;1;50;0;1
-24;26;20;1;1
-23;-11;15;0;1
-17;18;58;1;1
-47;-6;42;0;1
-58;-14;22;1;1
-23;-16;51;0;1
-31;36;38;1;1
-38;14;26;0;1
-46;4;46;0;1
-18;25;32;0;1
-30;-39;22;0;1
-27;44;14;0;1
-16;-15;30;1;1
-24;24;50;1;1
-35;-37;24;0;1
-53;13;34;0;1
-22;-25;60;1;1
-30;17;14;0;1
-35;-28;31;0;1
-27;27;25;1;1
-20;-32;28;0;1
-15;22;57;1;1
-36;1;53;0;1
-13;0;29;1;1
-56;-2;24;0;1
-54;-26;35;1;1
-48;-1;21;0;1
-53;-2;39;0;1
-29;-19;43;1;1
-31;-34;43;0;1
-31;24;43;1;1
-52;-23;24;0;1
-26;4;47;0;1
-28;-44;14;0;1
-27;43;27;0;1
-26;-18;16;1;1
-45;-40;18;1;1
-23;-39;20;1;1
-28;10;52;0;1
-31;-9;52;0;1
-37;24;33;0;1
-44;29;41;0;1
-39;33;17;0;1
-33;18;44;0;1
-22;-2;35;1;1
-60;-9;35;1;1
-29;0;32;0;1
-55;14;17;1;1
-41;-15;54;0;1
-55;26;31;1;1
-24;41;33;0;1
-17;28;59;0;1
-18;23;48;0;1
-46;6;16;0;1
-11;-11;41;1;1
-22;0;31;0;1
-38;-46;27;1;1
-15;7;40;1;1
-51;29;36;0;1
-14;-4;32;1;1
-29;-3;47;1;1
-34;26;45;0;1
-24;-4;62;0;1
-28;-11;14;0;1
-39;-31;16;1;1
-34;17;18;0;1
-12;12;19;0;1
-41;-13;21;1;1
-54;6;33;0;1
-25;9;60;0;1
-19;-2;16;0;1
-59;-10;32;0;1
-16;27;48;0;1
-19;-11;15;1;1
-42;12;38;0;1
-29;-49;18;0;1
-30;18;57;1;1
-18;29;35;0;1
-48;-16;30;0;1
-59;8;37;0;1
-35;7;23;0;1
-53;21;22;0;1
-23;9;40;1;1
-32;31;41;0;1
-23;-38;31;1;1
-28;-26;49;1;1
-47;32;26;0;1
-33;9;62;1;1
-28;-4;49;0;1
-19;-22;51;1;1
-39;-31;21;1;1
-43;-5;27;1;1
-28;7;35;0;1
-27;41;24;1;1
-16;14;46;1;1
-17;-10;21;0;1
-34;17;44;1;1
-26;9;8;0;1
-47;-43;25;0;1
-40;25;24;1;1
-58;8;20;0;1
-40;-1;57;1;1
-11;16;53;1;1
-31;-17;20;0;1
-47;32;21;0;1
-25;31;28;1;1
-12;19;41;1;1
-59;-16;30;0;1
-17;-19;29;0;1
-38;25;48;0;1
-45;-11;37;0;1
-35;-6;51;1;1
-23;9;63;1;1
-53;2;26;0;1
-33;16;30;0;1
-32;-21;33;1;1
-26;-44;16;0;1
-45;-1;41;0;1
-20;24;24;1;1
-26;-27;36;1;1
-41;-22;27;0;1
-34;-8;31;1;1
-28;-9;40;1;1
-46;11;43;1;1
-37;4;53;1;1
-29;17;62;0;1
-38;13;17;0;1
-43;-18;20;1;1
-16;18;39;0;1
-38;-35;14;0;1
-50;-39;19;0;1
-19;17;24;0;1
-25;14;57;1;1
-21;-34;52;0;1
-10;-10;35;1;1
-50;-17;43;1;1
-52;4;28;0;1
-44;-10;24;1;1
-39;29;23;1;1
-59;-6;38;0;1
-28;17;12;0;1
-48;-24;30;1;1
-30;-5;21;0;1
-42;-40;29;0;1
-28;37;27;0;1
-19;22;15;0;1
-34;-54;26;0;1
-31;-1;30;0;1
-47;1;52;0;1
-36;-40;26;0;1
-45;43;22;0;1
-43;31;38;0;1
-21;3;52;0;1
-34;-9;32;1;1
-58;-21;34;0;1
-31;5;17;0;1
-27;-9;45;0;1
-23;0;12;0;1
-48;-22;19;0;1
-31;-11;36;0;1
-38;-11;54;0;1
-25;-7;23;0;1
-53;-8;16;1;1
-31;-29;48;1;1
-43;-8;46;1;1
-40;5;21;1;1
-26;1;65;1;1
-14;4;23;1;1
-52;-26;20;0;1
-38;38;44;1;1
-36;1;27;1;1
-35;29;21;1;1
-20;-5;30;1;1
-21;2;34;1;1
-58;14;16;1;1
-50;24;18;0;1
-19;-4;37;0;1
-38;20;17;0;1
-32;15;45;0;1
-33;9;21;1;1
-48;3;20;0;1
-22;-5;41;1;1
-55;33;20;0;1
-32;-17;34;0;1
-50;22;27;1;1
-20;-11;36;0;1
-57;12;39;0;1
-43;37;41;1;1
-23;9;51;0;1
-36;11;44;1;1
-35;6;20;1;1
-40;-39;35;0;1
-54;-11;36;0;1
-23;21;21;0;1
-28;31;51;1;1
-17;11;37;1;1
-55;19;16;0;1
-58;-11;22;1;1
-62;7;29;0;1
-39;-43;35;0;1
-47;12;45;0;1
-33;-18;35;1;1
-34;-38;16;0;1
-23;25;38;0;1
-11;9;22;0;1
-24;15;12;1;1
-37;21;36;0;1
-67;1;23;1;1
-36;35;46;0;1
-18;-18;58;0;1
-27;9;27;0;1
-41;-12;56;1;1
-43;-31;47;0;1
-28;-2;59;0;1
-37;-7;31;0;1
-31;-22;39;1;1
-28;29;35;1;1
-31;-12;37;0;1
-36;-20;46;0;1
-37;-7;57;0;1
-42;-11;43;1;1
-35;-30;16;0;1
-48;47;21;0;1
-27;-27;16;0;1
-16;-25;59;0;1
-51;-34;24;1;1
-38;40;26;0;1
-55;-12;28;0;1
-47;-6;16;0;1
-51;-1;38;0;1
-55;-3;37;0;1
-21;21;33;0;1
-38;-29;41;0;1
-46;13;28;1;1
-40;3;43;0;1
-28;45;28;0;1
-39;-2;21;1;1
-42;-19;30;1;1
-32;17;17;1;1
-38;-13;26;0;1
-35;16;54;1;1
-57;10;25;0;1
-21;-20;48;1;1
-19;29;23;0;1
-25;28;53;1;1
-49;32;35;1;1
-55;-15;42;0;1
-36;6;29;0;1
-37;9;29;0;1
-52;12;22;0;1
-43;24;31;0;1
-33;17;10;1;1
-29;-6;52;0;1
-29;-10;62;0;1
-56;29;17;0;1
-25;18;49;1;1
-40;14;40;1;1
-23;18;8;1;1
-20;15;29;1;1
-19;-17;55;0;1
-38;55;24;0;1
-39;-30;15;0;1
-22;21;32;0;1
-40;-26;26;0;1
-21;-20;42;0;1
-21;-11;47;0;1
-16;-18;46;0;1
-57;6;30;0;1
-40;3;52;0;1
-25;-10;21;1;1
-45;-36;17;0;1
-37;-41;16;0;1
-61;16;31;0;1
-57;11;39;1;1
-16;18;15;1;1
-44;-43;19;1;1
-29;-43;17;0;1
-42;-4;49;0;1
-17;15;18;1;1
-23;-37;42;0;1
-57;-10;23;1;1
-15;24;17;0;1
-28;42;45;0;1
-54;-23;25;0;1
-20;-29;49;1;1
-31;-24;43;0;1
-45;46;24;0;1
-25;32;45;1;1
-49;-30;37;0;1
-30;-30;49;0;1
-39;-48;30;0;1
-31;-37;28;0;1
-37;32;17;1;1
-28;27;33;1;1
-12;13;35;1;1
-51;-6;32;1;1
-44;-48;18;0;1
-33;36;22;0;1
-56;26;18;0;1
-18;20;42;0;1
-45;11;48;0;1
-61;-22;24;0;1
-52;-10;26;1;1
-27;-31;44;0;1
-18;-28;48;0;1
-19;-23;39;0;1
-34;50;37;0;1
-31;21;31;0;1
-27;-6;32;0;1
-21;-19;45;1;1
-50;9;22;0;1
-57;17;30;1;1
-20;24;43;0;1
-53;2;33;1;1
-21;-17;25;0;1
-36;12;36;0;1
-27;-10;11;0;1
-25;38;22;0;1
-34;-49;20;0;1
-42;-7;31;1;1
-29;-40;21;0;1
-47;30;38;0;1
-18;14;51;0;1
-25;18;54;0;1
-37;-10;27;0;1
-28;18;50;0;1
-12;-17;34;0;1
-38;-51;21;0;1
-55;-9;34;0;1
-22;32;32;1;1
-67;7;22;0;1
-53;14;29;0;1
-45;1;22;0;1
-61;-25;26;1;1
-31;-22;48;1;1
-59;-13;18;1;1
-20;-17;44;0;1
-10;16;25;0;1
-47;-7;31;1;1
-13;14;43;0;1
-55;-9;42;1;1
-28;16;12;1;1
-55;13;20;1;1
-41;23;32;1;1
-35;-1;22;0;1
-42;29;41;0;1
-27;7;49;0;1
-40;-26;46;1;1
-22;33;28;0;1
-31;-22;50;0;1
-35;-37;27;0;1
-34;6;41;0;1
-56;-27;32;0;1
-23;-18;63;1;1
-41;-3;40;0;1
-59;14;37;0;1
-52;42;20;0;1
-39;38;29;0;1
-42;-17;16;0;1
-44;5;39;0;1
-18;-22;41;1;1
-50;-7;22;0;1
-33;0;43;1;1
-20;-34;14;0;1
-21;-20;9;0;1
-58;16;33;0;1
-21;-23;42;0;1
-20;-25;57;0;1
-32;-1;44;1;1
-22;-31;23;0;1
-31;20;35;1;1
-27;6;20;0;1
-31;18;41;0;1
-34;36;40;0;1
-45;-22;20;0;1
-15;9;48;1;1
-51;5;31;1;1
-30;18;40;0;1
-41;-34;46;1;1
-52;35;23;1;1
-13;14;35;0;1
-28;37;44;1;1
-32;2;49;0;1
-33;10;46;0;1
-37;-43;31;0;1
-32;-42;30;0;1
-58;8;33;0;1
-36;41;29;1;1
-26;25;41;1;1
-32;-34;14;0;1
-17;-5;43;0;1
-33;-19;14;0;1
-26;42;24;0;1
-16;15;16;0;1
-54;4;27;0;1
-16;-10;19;0;1
-49;18;15;1;1
-45;2;35;0;1
-34;-7;60;1;1
-37;38;44;0;1
-35;16;24;1;1
-22;36;18;0;1
-23;-17;15;1;1
-60;-24;29;1;1
-11;-17;18;0;1
-24;-11;49;0;1
-18;21;9;0;1
-31;2;63;0;1
-31;23;52;0;1
-39;-2;35;0;1
-17;-23;10;1;1
-33;12;37;1;1
-55;-6;28;0;1
-48;12;44;0;1
-43;18;34;0;1
-44;-8;53;0;1
-30;6;39;0;1
-9;5;23;0;1
-34;-42;39;1;1
-41;42;35;1;1
-66;-1;26;1;1
-37;-1;15;0;1
-50;45;21;0;1
-63;23;21;0;1
-19;-4;45;1;1
-55;26;27;1;1
-14;-18;35;0;1
-29;24;36;0;1
-37;44;19;0;1
-42;-9;26;0;1
-23;39;22;1;1
-18;-16;21;1;1
-50;-40;20;0;1
-19;-1;23;0;1
-28;7;25;0;1
-49;10;21;0;1
-19;-17;49;1;1
-33;23;55;1;1
-32;-37;40;1;1
-29;18;19;1;1
-29;-30;37;1;1
-34;-5;36;0;1
-20;4;30;0;1
-38;-15;28;0;1
-29;-49;27;1;1
-36;-49;32;1;1
-36;34;49;0;1
-31;-28;57;1;1
-27;-3;11;0;1
-21;14;21;0;1
-39;-29;50;0;1
-49;38;24;1;1
-24;-27;23;0;1
-48;2;20;1;1
-37;33;22;0;1
-56;6;27;0;1
-27;26;27;1;1
-24;29;32;1;1
-50;35;33;0;1
-17;-24;11;0;1
-23;26;37;0;1
-42;3;33;1;1
-49;45;19;1;1
-41;-24;38;1;1
-32;36;51;0;1
-61;-23;27;0;1
-37;-54;21;0;1
-47;7;22;0;1
-33;23;52;0;1
-51;-15;41;0;1
-39;26;16;1;1
-54;31;24;0;1
-34;-10;49;0;1
-21;-5;13;1;1
-26;-21;23;0;1
-32;-25;19;0;1
-32;0;51;1;1
-24;24;37;1;1
-37;17;51;0;1
-34;-16;33;0;1
-28;-40;24;0;1
-37;28;13;0;1
-15;3;28;1;1
-31;7;37;0;1
-16;-5;20;0;1
-28;-10;36;0;1
-49;-2;51;1;1
-14;-17;54;0;1
-34;-1;20;0;1
-30;8;44;0;1
-35;43;18;1;1
-52;24;18;0;1
-38;6;26;1;1
-30;51;39;1;1
-21;-32;27;0;1
-40;27;20;0;1
-40;-13;46;0;1
-31;16;61;0;1
-22;23;53;0;1
-30;-4;24;0;1
-60;15;22;0;1
-43;-23;45;0;1
-58;21;19;1;1
-31;3;59;1;1
-34;37;34;0;1
-43;0;28;1;1
-27;5;41;0;1
-17;-24;55;1;1
-34;-47;38;0;1
-19;-10;38;0;1
-32;-32;46;1;1
-17;-21;32;0;1
-38;-11;59;0;1
-27;-40;15;0;1
-42;-6;15;1;1
-37;-18;56;0;1
-40;15;38;1;1
-30;-11;19;1;1
-39;37;22;0;1
-18;-20;9;0;1
-20;21;22;0;1
-36;2;59;0;1
-26;-6;47;1;1
-17;-21;60;0;1
-28;2;32;0;1
-43;-39;39;0;1
-26;4;8;1;1
-20;14;44;0;1
-63;-4;22;1;1
-38;-17;39;0;1
-46;28;35;0;1
-14;10;42;0;1
-15;-15;37;1;1
-22;-9;36;0;1
-35;-15;13;0;1
-37;-43;32;0;1
-38;-30;21;0;1
-37;-39;40;0;1
-54;1;21;0;1
-27;0;26;0;1
-14;17;45;1;1
-44;-22;31;0;1
-33;-29;26;1;1
-30;6;14;1;1
-54;-40;21;0;1
-32;35;51;1;1
-25;5;8;1;1
-26;1;59;1;1
-40;20;29;1;1
-35;-57;18;0;1
-65;3;18;0;1
-25;-11;57;1;1
-45;-28;23;0;1
-17;14;28;1;1
-25;-39;52;1;1
-30;28;42;0;1
-32;42;43;0;1
-50;-35;35;1;1
-18;30;57;0;1
-44;9;18;1;1
-31;-50;17;0;1
-22;-3;43;0;1
-18;14;15;1;1
-52;-35;33;0;1
-27;-7;25;0;1
-31;-14;14;0;1
-14;21;58;0;1
-31;-17;35;0;1
-45;15;20;0;1
-19;22;25;0;1
-59;-24;30;1;1
-16;18;49;0;1
-33;19;13;1;1
-27;1;23;1;1
-16;-24;60;0;1
-28;-40;38;0;1
-17;22;36;0;1
-51;-32;34;0;1
-21;16;20;1;1
-52;22;28;0;1
-33;19;20;0;1
-66;-9;21;1;1
-32;9;55;0;1
-31;25;57;1;1
-38;-29;19;0;1
-34;-10;14;1;1
-24;-24;38;1;1
-60;-9;28;1;1
-53;-2;21;0;1
-21;13;14;1;1
-21;2;33;1;1
-44;8;29;0;1
-34;-10;37;0;1
-21;-2;15;0;1
-50;-8;29;1;1
-49;27;33;0;1
-40;-1;49;1;1
-37;7;37;1;1
-17;-15;41;0;1
-33;27;19;1;1
-31;45;21;0;1
-47;-3;22;0;1
-34;29;36;1;1
-35;-42;31;1;1
-37;38;25;1;1
-55;-27;19;0;1
-45;8;30;0;1
-32;-7;63;0;1
-10;7;28;0;1
-53;-29;31;0;1
-27;-14;16;0;1
-35;-57;20;0;1
-42;5;26;1;1
-22;-24;46;1;1
-25;-21;23;0;1
-32;53;33;1;1
-42;-9;52;1;1
-40;44;18;0;1
-25;-8;33;1;1
-46;17;37;0;1
-22;-31;57;0;1
-15;-24;33;0;1
-34;-27;53;0;1
-38;19;24;1;1
-57;33;25;1;1
-23;0;43;0;1
-34;-33;33;1;1
-27;-19;60;0;1
-31;-48;26;0;1
-23;-32;23;0;1
-40;-41;20;1;1
-32;-18;15;0;1
-46;-31;41;1;1
-40;23;29;1;1
-32;-12;13;0;1
-40;28;42;0;1
-33;30;41;0;1
-52;-21;23;1;1
-48;1;21;0;1
-41;3;47;0;1
-43;-13;48;0;1
-45;21;22;1;1
-59;-11;21;0;1
-64;-12;26;1;1
-48;25;37;1;1
-37;17;25;1;1
-14;-23;29;1;1
-27;-37;49;0;1
-51;-26;20;0;1
-30;-37;48;0;1
-19;-26;53;1;1
-11;8;30;1;1
-27;-34;26;1;1
-26;26;16;0;1
-26;6;24;0;1
-29;32;28;0;1
-26;9;58;0;1
-52;32;36;1;1
-37;-38;36;0;1
-29;-6;17;1;1
-30;6;13;0;1
-32;44;34;1;1
-12;-4;22;1;1
-45;-8;13;0;1
-24;23;38;1;1
-49;-2;45;1;1
-44;34;25;0;1
-15;-8;41;1;1
-42;-8;36;0;1
-37;-8;32;0;1
-59;18;24;1;1
-47;-6;38;1;1
-47;-43;22;0;1
-36;20;38;0;1
-15;-13;42;0;1
-30;-35;50;0;1
-17;-25;16;1;1
-34;-47;24;0;1
-45;-34;35;1;1
-28;-7;14;1;1
-21;-27;60;0;1
-23;30;58;1;1
-31;-4;47;0;1
-14;22;9;1;1
-18;-8;20;0;1
-40;2;20;0;1
-20;-10;35;0;1
-34;-4;22;0;1
-29;1;12;0;1
-18;-22;51;1;1
-29;1;57;0;1
-37;30;37;0;1
-26;11;21;0;1
-32;33;22;0;1
-26;1;10;1;1
-26;1;15;0;1
-44;15;26;0;1
-22;0;19;1;1
-44;-11;18;0;1
-60;-21;19;0;1
-48;-26;22;0;1
-63;-3;20;0;1
-37;-25;22;0;1
-26;24;57;0;1
-32;46;33;1;1
-26;-26;20;1;1
-22;8;59;0;1
-44;4;50;0;1
-24;12;29;0;1
-50;-19;36;0;1
-26;29;57;0;1
-44;40;22;0;1
-18;-20;54;1;1
-25;10;29;1;1
-23;-2;26;1;1
-23;16;60;1;1
-12;17;27;0;1
-62;3;28;1;1
-40;-47;32;0;1
-35;-14;23;1;1
-42;30;35;0;1
-24;19;47;1;1
-40;15;37;0;1
-38;22;50;0;1
-24;32;58;1;1
-29;17;27;0;1
-34;-31;46;1;1
-29;17;53;0;1
-25;-37;19;1;1
-44;17;42;0;1
-39;-26;48;0;1
-52;-9;36;0;1
-44;-28;48;1;1
-47;33;24;0;1
-34;52;19;1;1
-22;22;13;0;1
-37;43;36;1;1
-21;24;22;0;1
-36;-8;16;1;1
-46;25;40;0;1
-33;6;46;1;1
-29;0;43;0;1
-26;5;42;0;1
-33;-38;15;0;1
-47;2;37;0;1
-38;9;55;1;1
-33;9;26;0;1
-13;-14;31;0;1
-24;-19;54;1;1
-18;28;11;0;1
-25;-38;53;0;1
-44;-45;22;0;1
-33;-12;38;0;1
-23;-2;9;0;1
-25;-1;59;0;1
-37;-33;33;0;1
-27;3;62;0;1
-62;-19;23;0;1
-16;19;11;0;1
-17;-8;27;1;1
-44;-29;44;0;1
-46;-40;19;1;1
-33;34;19;0;1
-32;-26;28;0;1
-23;-8;43;1;1
-29;-15;48;0;1
-61;-17;29;0;1
-26;10;20;0;1
-43;-40;20;1;1
-14;16;17;0;1
-37;-48;31;0;1
-50;28;35;1;1
-30;-2;42;1;1
-52;38;20;0;1
-16;6;46;0;1
-27;-46;45;1;1
-56;26;20;0;1
-21;-16;51;0;1
-46;0;28;1;1
-37;1;40;0;1
-51;9;16;0;1
-33;-32;33;0;1
-20;27;61;1;1
-22;-12;62;1;1
-33;51;30;1;1
-51;-13;18;0;1
-30;17;52;0;1
-35;-29;48;0;1
-35;8;39;0;1
-52;-1;45;0;1
-49;-25;44;1;1
-37;1;46;1;1
-18;8;49;1;1
-33;-13;10;0;1
-13;8;29;1;1
-40;-24;37;0;1
-52;19;21;0;1
-47;14;18;0;1
-26;1;40;1;1
-31;2;44;1;1
-39;42;23;1;1
-23;24;55;0;1
-25;-34;12;0;1
-23;2;22;1;1
-32;-23;25;0;1
-30;-24;33;1;1
-29;44;16;0;1
-37;-17;34;0;1
-21;33;11;0;1
-55;13;40;0;1
-40;13;47;0;1
-21;20;47;0;1
-22;-6;15;0;1
-32;28;52;0;1
-23;36;37;1;1
-25;-3;46;0;1
-40;-20;41;0;1
-26;-7;62;0;1
-64;12;22;0;1
-27;-18;21;0;1
-61;-7;18;0;1
-31;35;19;0;1
-68;-4;19;1;1
-68;-3;20;1;1
-68;-2;19;0;1
-68;1;20;1;1
-68;2;19;0;1
-68;2;20;0;1
-67;-10;20;1;1
-67;-8;19;1;1
-67;-8;21;0;1
-67;-8;22;0;1
-67;-7;22;1;1
-67;-6;19;0;1
-67;-5;20;0;1
-67;-5;23;0;1
-67;-4;19;1;1
-67;-4;20;1;1
-67;-4;22;0;1
-67;-4;23;0;1
-67;-3;20;0;1
-67;-2;18;0;1
-67;-2;19;1;1
-67;-2;22;0;1
-67;-1;22;1;1
-67;0;23;0;1
-67;1;20;0;1
-67;2;23;1;1
-67;3;18;1;1
-67;3;20;1;1
-67;4;20;1;1
-67;5;20;0;1
-67;6;19;1;1
-67;6;22;1;1
-67;7;19;0;1
-67;8;20;0;1
-67;9;19;0;1
-67;9;21;1;1
-67;10;21;0;1
-66;-16;19;0;1
-66;-15;20;0;1
-66;-14;22;0;1
-66;-13;19;1;1
-66;-12;18;0;1
-66;-12;19;1;1
-66;-12;21;0;1
-66;-11;18;0;1
-66;-11;19;1;1
-66;-11;21;0;1
-66;-11;23;1;1
-66;-10;18;1;1
-66;-10;20;0;1
-66;-10;24;0;1
-66;-8;20;1;1
-66;-8;22;1;1
-66;-8;23;1;1
-66;-7;18;1;1
-66;-7;19;0;1
-66;-7;21;0;1
-66;-7;24;0;1
-66;-7;25;1;1
-66;-6;19;0;1
-66;-6;21;0;1
-66;-6;23;0;1
-66;-5;18;0;1
-66;-5;19;0;1
-66;-5;21;0;1
-66;-5;23;0;1
-66;-4;22;0;1
-66;-3;18;0;1
-66;-3;20;0;1
-66;-2;19;0;1
-66;-2;21;0;1
-66;-1;21;0;1
-66;-1;25;0;1
-66;0;19;0;1
-66;0;20;1;1
-66;0;21;1;1
-66;0;22;0;1
-66;0;24;0;1
-66;1;19;0;1
-66;1;22;1;1
-66;1;23;0;1
-66;2;19;0;1
-66;3;19;1;1
-66;3;20;0;1
-66;3;21;1;1
-66;3;23;1;1
-66;3;24;1;1
-66;4;20;0;1
-66;5;19;0;1
-66;5;20;0;1
-66;5;21;0;1
-66;5;22;1;1
-66;5;25;1;1
-66;6;18;0;1
-66;6;23;0;1
-66;7;18;1;1
-66;7;21;0;1
-66;7;22;0;1
-66;7;24;1;1
-66;7;25;0;1
-66;8;19;0;1
-66;8;25;0;1
-66;9;18;0;1
-66;9;21;0;1
-66;9;23;0;1
-66;9;24;1;1
-66;10;18;0;1
-66;10;20;0;1
-66;10;24;1;1
-66;11;18;0;1
-66;11;20;0;1
-66;11;22;1;1
-66;12;18;0;1
-66;12;19;0;1
-66;12;20;1;1
-66;12;21;0;1
-66;12;23;0;1
-66;13;19;0;1
-66;13;21;0;1
-66;13;22;1;1
-66;14;19;0;1
-66;14;20;0;1
-66;14;22;0;1
-66;15;19;0;1
-66;15;21;0;1
-65;-21;19;0;1
-65;-20;19;0;1
-65;-20;20;0;1
-65;-19;20;1;1
-65;-19;21;1;1
-65;-18;21;0;1
-65;-17;21;1;1
-65;-17;22;0;1
-65;-17;23;1;1
-65;-16;21;0;1
-65;-16;22;0;1
-65;-15;18;0;1
-65;-15;19;1;1
-65;-15;20;0;1
-65;-15;22;0;1
-65;-14;18;1;1
-65;-14;20;0;1
-65;-14;22;1;1
-65;-14;23;0;1
-65;-14;25;0;1
-65;-13;20;0;1
-65;-13;22;1;1
-65;-13;24;0;1
-65;-13;25;0;1
-65;-12;20;0;1
-65;-12;21;0;1
-65;-12;22;1;1
-65;-12;24;1;1
-65;-12;25;0;1
-65;-12;26;0;1
-65;-11;23;0;1
-65;-11;25;0;1
-65;-10;19;1;1
-65;-10;20;0;1
-65;-10;21;0;1
-65;-10;22;0;1
-65;-10;24;1;1
-65;-9;19;0;1
-65;-9;21;0;1
-65;-9;22;0;1
-65;-9;23;1;1
-65;-9;24;0;1
-65;-9;27;0;1
-65;-8;18;0;1
-65;-8;21;0;1
-65;-8;22;1;1
-65;-7;18;0;1
-65;-7;19;0;1
-65;-7;21;0;1
-65;-7;23;1;1
-65;-7;27;0;1
-65;-6;19;0;1
-65;-6;21;1;1
-65;-6;22;1;1
-65;-6;23;0;1
-65;-6;26;0;1
-65;-5;18;0;1
-65;-5;20;1;1
-65;-5;23;0;1
-65;-5;25;0;1
-65;-5;26;0;1
-65;-4;19;0;1
-65;-4;20;1;1
-65;-4;21;1;1
-65;-4;25;0;1
-65;-4;28;0;1
-65;-3;24;1;1
-65;-3;26;1;1
-65;-3;27;0;1
-65;-2;18;1;1
-65;-2;20;0;1
-65;-2;23;0;1
-65;-2;24;1;1
-65;-2;26;0;1
-65;-2;27;0;1
-65;-1;19;1;1
-65;-1;23;0;1
-65;-1;24;1;1
-65;0;19;0;1
-65;0;20;0;1
-65;0;22;0;1
-65;0;25;0;1
-65;0;26;0;1
-65;0;28;0;1
-65;1;20;0;1
-65;1;21;0;1
-65;1;22;1;1
-65;1;23;1;1
-65;1;25;0;1
-65;1;26;0;1
-65;1;27;1;1
-65;2;18;0;1
-65;2;20;0;1
-65;2;21;0;1
-65;2;23;1;1
-65;2;24;0;1
-65;2;25;0;1
-65;2;28;1;1
-65;3;20;0;1
-65;3;26;0;1
-65;3;28;1;1
-65;4;19;1;1
-65;4;20;0;1
-65;4;21;0;1
-65;4;25;1;1
-65;5;19;0;1
-65;5;24;0;1
-65;6;25;0;1
-65;7;20;0;1
-65;7;21;1;1
-65;7;23;0;1
-65;8;18;0;1
-65;8;19;1;1
-65;8;21;0;1
-65;8;23;0;1
-65;8;26;0;1
-65;9;18;1;1
-65;9;20;1;1
-65;10;21;0;1
-65;10;22;1;1
-65;10;23;1;1
-65;10;26;1;1
-65;11;18;0;1
-65;11;19;0;1
-65;12;20;0;1
-65;14;18;1;1
-65;14;19;1;1
-65;14;20;1;1
-65;14;23;0;1
-65;14;24;0;1
-65;14;25;0;1
-65;15;21;0;1
-65;15;22;1;1
-65;15;24;0;1
-65;16;21;1;1
-65;17;19;1;1
-65;17;21;1;1
-65;17;22;1;1
-65;18;20;0;1
-65;18;22;0;1
-65;19;20;1;1
-65;19;21;0;1
-65;20;19;0;1
-65;20;20;0;1
-64;-24;19;0;1
-64;-23;20;0;1
-64;-21;21;1;1
-64;-21;22;0;1
-64;-20;19;0;1
-64;-20;20;0;1
-64;-20;22;1;1
-64;-20;23;0;1
-64;-19;18;0;1
-64;-19;19;0;1
-64;-19;22;0;1
-64;-18;21;0;1
-64;-18;23;0;1
-64;-18;24;1;1
-64;-18;25;1;1
-64;-17;19;0;1
-64;-17;21;0;1
-64;-17;22;0;1
-64;-16;18;0;1
-64;-16;20;0;1
-64;-16;23;0;1
-64;-16;24;0;1
-64;-15;18;1;1
-64;-15;21;0;1
-64;-15;22;0;1
-64;-15;24;0;1
-64;-15;26;0;1
-64;-14;18;0;1
-64;-14;22;0;1
-64;-14;25;0;1
-64;-14;27;1;1
-64;-13;18;1;1
-64;-13;21;1;1
-64;-13;24;0;1
-64;-13;27;0;1
-64;-12;18;0;1
-64;-12;20;1;1
-64;-12;23;0;1
-64;-12;24;0;1
-64;-12;27;0;1
-64;-11;21;0;1
-64;-11;22;0;1
-64;-11;24;0;1
-64;-10;21;1;1
-64;-10;23;0;1
-64;-10;24;0;1
-64;-10;26;1;1
-64;-10;29;1;1
-64;-9;20;0;1
-64;-9;24;0;1
-64;-9;25;0;1
-64;-9;27;0;1
-64;-9;28;0;1
-64;-8;19;0;1
-64;-8;20;0;1
-64;-8;21;1;1
-64;-8;22;0;1
-64;-8;24;0;1
-64;-8;25;0;1
-64;-8;26;0;1
-64;-7;18;1;1
-64;-7;19;0;1
-64;-7;26;1;1
-64;-7;27;1;1
-64;-7;28;0;1
-64;-6;19;0;1
-64;-6;28;0;1
-64;-6;30;0;1
-64;-5;19;0;1
-64;-5;20;0;1
-64;-5;26;1;1
-64;-5;30;0;1
-64;-4;25;1;1
-64;-4;27;1;1
-64;-4;30;0;1
-64;-3;18;0;1
-64;-3;20;0;1
-64;-3;21;0;1
-64;-3;24;0;1
-64;-3;27;1;1
-64;-3;30;1;1
-64;-2;28;1;1
-64;-1;19;0;1
-64;-1;20;1;1
-64;-1;24;0;1
-64;-1;27;0;1
-64;0;21;0;1
-64;0;27;0;1
-64;0;29;1;1
-64;1;18;0;1
-64;1;19;1;1
-64;1;20;1;1
-64;1;25;0;1
-64;1;27;0;1
-64;1;28;1;1
-64;1;29;0;1
-64;2;18;1;1
-64;2;22;0;1
-64;2;24;1;1
-64;3;19;0;1
-64;3;20;1;1
-64;3;27;1;1
-64;3;29;1;1
-64;4;18;1;1
-64;4;19;1;1
-64;4;21;0;1
-64;4;22;0;1
-64;4;26;1;1
-64;4;29;0;1
-64;5;19;1;1
-64;5;21;1;1
-64;5;27;0;1
-64;5;29;1;1
-64;6;19;0;1
-64;6;20;0;1
-64;6;23;0;1
-64;6;25;1;1
-64;6;27;1;1
-64;6;28;1;1
-64;6;29;0;1
-64;6;30;0;1
-64;7;18;0;1
-64;7;19;0;1
-64;7;22;0;1
-64;7;25;0;1
-64;7;26;0;1
-64;7;28;0;1
-64;7;30;0;1
-64;8;24;0;1
-64;8;25;0;1
-64;8;28;0;1
-64;9;19;0;1
-64;9;20;1;1
-64;9;24;1;1
-64;9;25;0;1
-64;9;27;1;1
-64;9;29;0;1
-64;10;19;1;1
-64;10;20;1;1
-64;10;22;0;1
-64;10;25;0;1
-64;10;27;0;1
-64;10;28;0;1
-64;11;20;1;1
-64;11;21;1;1
-64;11;22;1;1
-64;11;24;0;1
-64;11;26;1;1
-64;12;18;0;1
-64;12;20;1;1
-64;12;23;1;1
-64;12;25;0;1
-64;12;27;0;1
-64;13;21;0;1
-64;13;22;0;1
-64;13;24;1;1
-64;13;26;1;1
-64;14;21;0;1
-64;14;25;0;1
-64;14;27;0;1
-64;15;20;1;1
-64;15;26;1;1
-64;16;21;0;1
-64;16;22;0;1
-64;16;24;1;1
-64;16;25;0;1
-64;17;18;0;1
-64;17;20;0;1
-64;17;21;0;1
-64;18;18;1;1
-64;18;20;0;1
-64;18;22;1;1
-64;18;23;0;1
-64;19;19;0;1
-64;20;20;1;1
-64;21;19;1;1
-64;21;20;1;1
-64;22;20;0;1
-64;22;21;0;1
-64;24;19;1;1
-63;-25;19;1;1
-63;-24;19;0;1
-63;-24;20;1;1
-63;-24;21;0;1
-63;-23;18;0;1
-63;-23;19;1;1
-63;-23;22;0;1
-63;-23;23;1;1
-63;-22;18;0;1
-63;-22;21;0;1
-63;-22;22;0;1
-63;-22;23;1;1
-63;-22;24;0;1
-63;-21;19;0;1
-63;-21;25;1;1
-63;-20;19;1;1
-63;-20;22;0;1
-63;-20;25;1;1
-63;-19;19;0;1
-63;-19;22;1;1
-63;-18;19;1;1
-63;-18;20;1;1
-63;-18;23;0;1
-63;-18;24;0;1
-63;-17;18;1;1
-63;-17;22;0;1
-63;-17;24;1;1
-63;-17;26;0;1
-63;-17;27;1;1
-63;-17;28;0;1
-63;-16;18;0;1
-63;-16;20;1;1
-63;-16;21;1;1
-63;-16;22;1;1
-63;-16;24;1;1
-63;-16;25;0;1
-63;-15;20;0;1
-63;-15;21;1;1
-63;-15;24;1;1
-63;-15;26;0;1
-63;-15;29;0;1
-63;-14;19;0;1
-63;-14;20;0;1
-63;-14;21;0;1
-63;-14;22;0;1
-63;-14;28;1;1
-63;-14;29;0;1
-63;-13;18;0;1
-63;-13;20;1;1
-63;-13;23;0;1
-63;-13;25;0;1
-63;-13;28;0;1
-63;-13;29;1;1
-63;-12;21;0;1
-63;-12;22;1;1
-63;-12;23;0;1
-63;-12;24;0;1
-63;-12;26;0;1
-63;-12;29;0;1
-63;-11;18;1;1
-63;-11;19;0;1
-63;-11;20;1;1
-63;-10;19;1;1
-63;-10;20;0;1
-63;-10;23;0;1
-63;-10;24;0;1
-63;-10;28;1;1
-63;-10;29;0;1
-63;-9;20;0;1
-63;-9;21;0;1
-63;-9;22;0;1
-63;-9;23;1;1
-63;-9;25;0;1
-63;-9;26;1;1
-63;-9;27;0;1
-63;-8;18;1;1
-63;-8;21;0;1
-63;-8;22;0;1
-63;-8;24;0;1
-63;-8;26;1;1
-63;-8;28;1;1
-63;-8;29;1;1
-63;-7;17;1;1
-63;-7;18;0;1
-63;-7;19;1;1
-63;-7;24;1;1
-63;-7;25;0;1
-63;-7;27;0;1
-63;-7;31;0;1
-63;-7;32;0;1
-63;-6;22;1;1
-63;-6;23;0;1
-63;-6;29;0;1
-63;-6;30;0;1
-63;-6;31;0;1
-63;-5;19;1;1
-63;-5;20;0;1
-63;-5;24;0;1
-63;-5;26;1;1
-63;-5;27;0;1
-63;-5;32;1;1
-63;-4;17;0;1
-63;-4;21;0;1
-63;-4;28;0;1
-63;-4;29;0;1
-63;-4;30;0;1
-63;-4;31;0;1
-63;-4;32;0;1
-63;-3;18;1;1
-63;-3;19;0;1
-63;-3;31;1;1
-63;-3;32;0;1
-63;-2;19;0;1
-63;-2;21;1;1
-63;-2;22;0;1
-63;-2;23;0;1
-63;-2;24;0;1
-63;-2;27;0;1
-63;-2;29;0;1
-63;-1;19;1;1
-63;-1;20;1;1
-63;-1;22;0;1
-63;-1;23;1;1
-63;-1;24;0;1
-63;-1;26;0;1
-63;-1;28;1;1
-63;-1;29;0;1
-63;-1;30;0;1
-63;-1;32;0;1
-63;0;18;0;1
-63;0;23;0;1
-63;0;25;0;1
-63;0;26;0;1
-63;0;31;0;1
-63;0;32;0;1
-63;1;18;0;1
-63;1;22;1;1
-63;1;24;1;1
-63;1;25;1;1
-63;1;32;1;1
-63;2;18;1;1
-63;2;20;1;1
-63;2;25;1;1
-63;2;26;1;1
-63;2;27;1;1
-63;2;28;0;1
-63;2;29;0;1
-63;2;31;0;1
-63;3;17;1;1
-63;3;19;0;1
-63;3;24;0;1
-63;3;31;0;1
-63;4;17;1;1
-63;4;22;1;1
-63;4;23;0;1
-63;4;28;1;1
-63;5;17;0;1
-63;5;19;0;1
-63;5;23;1;1
-63;5;25;1;1
-63;6;18;0;1
-63;6;19;1;1
-63;6;22;0;1
-63;6;23;0;1
-63;6;24;1;1
-63;6;28;0;1
-63;6;32;0;1
-63;7;17;0;1
-63;7;19;1;1
-63;7;21;1;1
-63;7;22;0;1
-63;7;23;0;1
-63;7;26;1;1
-63;7;28;0;1
-63;8;18;1;1
-63;8;20;0;1
-63;8;22;1;1
-63;8;23;0;1
-63;8;25;0;1
-63;8;29;1;1
-63;8;31;0;1
-63;9;18;1;1
-63;9;19;0;1
-63;9;21;1;1
-63;9;24;0;1
-63;9;29;1;1
-63;10;18;1;1
-63;10;22;0;1
-63;10;27;0;1
-63;10;28;0;1
-63;11;19;0;1
-63;11;21;0;1
-63;11;23;1;1
-63;11;25;1;1
-63;11;26;0;1
-63;11;29;1;1
-63;12;18;1;1
-63;12;19;0;1
-63;12;29;0;1
-63;13;19;0;1
-63;13;22;0;1
-63;13;25;1;1
-63;13;30;0;1
-63;14;19;0;1
-63;14;27;1;1
-63;14;29;1;1
-63;15;18;0;1
-63;15;20;0;1
-63;15;22;0;1
-63;15;25;1;1
-63;15;26;1;1
-63;15;27;1;1
-63;16;18;0;1
-63;16;27;1;1
-63;16;28;0;1
-63;17;18;1;1
-63;17;21;0;1
-63;17;23;1;1
-63;17;25;0;1
-63;17;27;0;1
-63;17;28;1;1
-63;18;18;0;1
-63;18;21;0;1
-63;18;22;1;1
-63;18;26;1;1
-63;18;27;0;1
-63;19;18;0;1
-63;19;19;1;1
-63;19;20;0;1
-63;19;21;0;1
-63;20;18;0;1
-63;20;19;0;1
-63;20;22;0;1
-63;20;24;1;1
-63;20;25;0;1
-63;21;18;0;1
-63;21;20;1;1
-63;21;22;0;1
-63;21;23;0;1
-63;21;24;0;1
-63;21;25;1;1
-63;22;20;0;1
-63;23;20;0;1
-63;23;22;0;1
-63;23;23;0;1
-63;24;19;0;1
-63;25;20;1;1
-63;26;20;1;1
-62;-27;21;0;1
-62;-26;21;1;1
-62;-26;22;1;1
-62;-25;19;0;1
-62;-25;20;0;1
-62;-25;24;1;1
-62;-24;18;0;1
-62;-24;20;0;1
-62;-24;23;0;1
-62;-24;24;0;1
-62;-23;18;1;1
-62;-23;19;0;1
-62;-23;21;1;1
-62;-23;24;0;1
-62;-23;25;0;1
-62;-22;19;0;1
-62;-22;22;0;1
-62;-22;26;1;1
-62;-21;18;1;1
-62;-21;19;1;1
-62;-21;20;0;1
-62;-21;21;1;1
-62;-21;22;1;1
-62;-21;25;0;1
-62;-21;27;0;1
-62;-20;19;0;1
-62;-20;28;0;1
-62;-19;20;0;1
-62;-19;21;0;1
-62;-19;26;0;1
-62;-18;19;0;1
-62;-18;21;1;1
-62;-18;27;1;1
-62;-17;18;1;1
-62;-17;19;0;1
-62;-17;24;0;1
-62;-17;27;0;1
-62;-17;28;0;1
-62;-17;29;0;1
-62;-17;30;0;1
-62;-16;20;0;1
-62;-16;23;0;1
-62;-16;24;0;1
-62;-16;25;1;1
-62;-16;26;0;1
-62;-16;30;1;1
-62;-15;22;1;1
-62;-15;26;0;1
-62;-15;30;0;1
-62;-14;20;0;1
-62;-14;26;0;1
-62;-14;30;0;1
-62;-14;31;0;1
-62;-13;17;0;1
-62;-13;18;1;1
-62;-13;22;0;1
-62;-13;24;0;1
-62;-13;27;0;1
-62;-12;18;0;1
-62;-12;19;0;1
-62;-12;21;0;1
-62;-12;22;0;1
-62;-12;24;0;1
-62;-12;25;0;1
-62;-12;26;0;1
-62;-12;27;0;1
-62;-12;29;1;1
-62;-12;30;1;1
-62;-12;31;1;1
-62;-11;17;0;1
-62;-11;20;1;1
-62;-11;22;1;1
-62;-11;23;0;1
-62;-11;25;1;1
-62;-11;27;1;1
-62;-11;29;0;1
-62;-11;31;1;1
-62;-10;18;1;1
-62;-10;20;1;1
-62;-10;21;1;1
-62;-10;23;1;1
-62;-10;24;0;1
-62;-10;26;1;1
-62;-10;27;0;1
-62;-10;30;0;1
-62;-10;31;1;1
-62;-10;32;0;1
-62;-9;17;1;1
-62;-9;25;0;1
-62;-9;26;0;1
-62;-9;28;0;1
-62;-9;29;0;1
-62;-9;33;0;1
-62;-8;20;0;1
-62;-8;23;0;1
-62;-8;26;1;1
-62;-8;28;1;1
-62;-8;29;0;1
-62;-8;30;0;1
-62;-7;19;0;1
-62;-7;21;0;1
-62;-7;22;1;1
-62;-7;23;0;1
-62;-7;24;1;1
-62;-7;25;0;1
-62;-7;26;0;1
-62;-7;27;0;1
-62;-7;28;1;1
-62;-7;29;1;1
-62;-7;30;1;1
-62;-7;32;0;1
-62;-7;33;0;1
-62;-6;17;0;1
-62;-6;19;0;1
-62;-6;21;1;1
-62;-6;29;1;1
-62;-6;33;1;1
-62;-6;34;0;1
-62;-5;17;1;1
-62;-5;21;0;1
-62;-5;24;0;1
-62;-5;25;1;1
-62;-5;29;0;1
-62;-5;30;0;1
-62;-5;31;0;1
-62;-5;32;1;1
-62;-5;34;1;1
-62;-4;22;0;1
-62;-4;26;0;1
-62;-4;29;0;1
-62;-4;32;0;1
-62;-4;34;1;1
-62;-3;17;0;1
-62;-3;18;1;1
-62;-3;19;1;1
-62;-3;24;0;1
-62;-3;26;0;1
-62;-3;31;0;1
-62;-3;32;1;1
-62;-3;33;0;1
-62;-2;25;1;1
-62;-2;30;0;1
-62;-2;31;1;1
-62;-2;33;0;1
-62;-2;34;0;1
-62;-1;19;0;1
-62;-1;20;0;1
-62;-1;21;0;1
-62;-1;23;1;1
-62;-1;24;0;1
-62;-1;25;1;1
-62;-1;28;0;1
-62;-1;32;1;1
-62;-1;33;1;1
-62;0;18;1;1
-62;0;24;1;1
-62;0;26;0;1
-62;0;27;1;1
-62;0;28;0;1
-62;0;29;0;1
-62;0;32;0;1
-62;0;33;1;1
-62;0;34;0;1
-62;1;19;1;1
-62;1;22;1;1
-62;1;24;1;1
-62;1;25;1;1
-62;1;32;0;1
-62;1;33;0;1
-62;1;34;0;1
-62;2;17;0;1
-62;2;20;0;1
-62;2;22;0;1
-62;2;23;1;1
-62;2;24;0;1
-62;2;25;0;1
-62;2;32;0;1
-62;2;33;0;1
-62;2;34;1;1
-62;3;17;1;1
-62;3;19;0;1
-62;3;20;1;1
-62;3;21;1;1
-62;3;26;0;1
-62;3;27;1;1
-62;3;29;1;1
-62;3;30;0;1
-62;3;33;1;1
-62;4;19;0;1
-62;4;20;0;1
-62;4;27;1;1
-62;4;29;0;1
-62;4;31;1;1
-62;5;17;0;1
-62;5;18;1;1
-62;5;19;0;1
-62;5;20;1;1
-62;5;21;0;1
-62;5;22;1;1
-62;5;24;1;1
-62;5;25;0;1
-62;5;26;1;1
-62;5;29;1;1
-62;5;30;0;1
-62;5;32;0;1
-62;6;18;0;1
-62;6;19;0;1
-62;6;20;0;1
-62;6;21;0;1
-62;6;22;0;1
-62;6;24;0;1
-62;6;31;1;1
-62;6;32;0;1
-62;6;34;0;1
-62;7;17;1;1
-62;7;18;0;1
-62;7;19;1;1
-62;7;20;1;1
-62;7;22;0;1
-62;7;23;1;1
-62;7;24;1;1
-62;7;27;1;1
-62;7;30;0;1
-62;7;32;1;1
-62;8;18;0;1
-62;8;21;0;1
-62;8;25;0;1
-62;8;28;1;1
-62;8;32;1;1
-62;8;33;1;1
-62;9;17;0;1
-62;9;20;0;1
-62;9;23;0;1
-62;9;24;1;1
-62;9;25;0;1
-62;9;28;0;1
-62;9;29;0;1
-62;9;31;0;1
-62;9;32;1;1
-62;10;17;1;1
-62;10;18;0;1
-62;10;24;1;1
-62;10;31;0;1
-62;10;32;1;1
-62;10;33;0;1
-62;11;19;1;1
-62;11;20;1;1
-62;11;22;0;1
-62;11;25;0;1
-62;11;30;0;1
-62;12;17;1;1
-62;12;19;1;1
-62;12;25;1;1
-62;12;26;1;1
-62;12;27;0;1
-62;12;28;0;1
-62;12;29;1;1
-62;13;18;0;1
-62;13;21;1;1
-62;13;22;0;1
-62;13;23;1;1
-62;13;24;1;1
-62;13;27;0;1
-62;13;29;1;1
-62;13;31;0;1
-62;14;18;1;1
-62;14;19;0;1
-62;14;24;0;1
-62;14;25;1;1
-62;14;26;0;1
-62;14;28;0;1
-62;14;31;1;1
-62;15;20;0;1
-62;15;22;0;1
-62;15;23;0;1
-62;15;24;1;1
-62;15;25;0;1
-62;15;27;0;1
-62;15;28;1;1
-62;16;21;1;1
-62;16;27;1;1
-62;16;29;0;1
-62;17;20;1;1
-62;17;24;1;1
-62;17;26;1;1
-62;17;30;0;1
-62;18;20;0;1
-62;18;25;0;1
-62;18;28;0;1
-62;18;29;0;1
-62;19;21;0;1
-62;19;22;0;1
-62;19;23;0;1
-62;20;22;1;1
-62;20;23;1;1
-62;20;25;0;1
-62;21;18;1;1
-62;21;19;0;1
-62;21;20;0;1
-62;21;23;0;1
-62;21;26;0;1
-62;22;19;0;1
-62;22;22;0;1
-62;22;24;1;1
-62;23;18;1;1
-62;23;21;1;1
-62;23;23;0;1
-62;24;23;0;1
-62;24;24;0;1
-62;24;25;0;1
-62;25;18;0;1
-62;25;22;0;1
-62;26;22;0;1
-62;27;20;1;1
-62;28;19;0;1
-62;28;20;0;1
-61;-29;19;0;1
-61;-28;19;0;1
-61;-28;23;0;1
-61;-27;18;1;1
-61;-27;20;0;1
-61;-27;21;0;1
-61;-26;23;1;1
-61;-26;25;1;1
-61;-25;19;0;1
-61;-25;20;0;1
-61;-25;21;0;1
-61;-25;25;1;1
-61;-24;18;0;1
-61;-24;19;1;1
-61;-24;21;0;1
-61;-24;22;0;1
-61;-24;25;0;1
-61;-24;26;0;1
-61;-24;27;0;1
-61;-23;18;0;1
-61;-23;19;1;1
-61;-23;23;1;1
-61;-23;28;0;1
-61;-22;20;0;1
-61;-22;21;0;1
-61;-22;23;1;1
-61;-22;25;0;1
-61;-22;28;0;1
-61;-22;29;0;1
-61;-21;20;1;1
-61;-21;23;0;1
-61;-21;24;0;1
-61;-20;18;1;1
-61;-20;22;0;1
-61;-20;24;1;1
-61;-20;25;0;1
-61;-20;26;1;1
-61;-20;29;0;1
-61;-19;18;1;1
-61;-19;21;0;1
-61;-19;26;0;1
-61;-19;27;1;1
-61;-19;30;0;1
-61;-18;20;1;1
-61;-18;25;0;1
-61;-18;26;0;1
-61;-18;28;1;1
-61;-18;31;1;1
-61;-17;21;0;1
-61;-17;24;0;1
-61;-17;25;0;1
-61;-17;28;1;1
-61;-17;31;0;1
-61;-17;32;1;1
-61;-16;17;0;1
-61;-16;18;0;1
-61;-16;24;1;1
-61;-16;27;1;1
-61;-16;28;0;1
-61;-16;29;0;1
-61;-16;31;0;1
-61;-15;18;0;1
-61;-15;20;1;1
-61;-15;22;1;1
-61;-15;25;0;1
-61;-15;26;0;1
-61;-15;27;0;1
-61;-15;30;1;1
-61;-14;17;0;1
-61;-14;20;0;1
-61;-14;23;0;1
-61;-14;25;0;1
-61;-14;26;0;1
-61;-14;28;0;1
-61;-14;31;0;1
-61;-13;17;0;1
-61;-13;19;0;1
-61;-13;21;1;1
-61;-13;23;1;1
-61;-13;26;1;1
-61;-13;27;0;1
-61;-13;28;0;1
-61;-13;30;0;1
-61;-13;31;1;1
-61;-13;32;1;1
-61;-13;34;1;1
-61;-12;17;0;1
-61;-12;18;0;1
-61;-12;19;0;1
-61;-12;20;0;1
-61;-12;22;1;1
-61;-12;32;0;1
-61;-11;19;1;1
-61;-11;22;0;1
-61;-11;25;1;1
-61;-11;29;0;1
-61;-11;30;1;1
-61;-11;32;0;1
-61;-11;33;1;1
-61;-11;34;1;1
-61;-10;17;0;1
-61;-10;18;0;1
-61;-10;20;0;1
-61;-10;23;0;1
-61;-10;24;0;1
-61;-10;25;0;1
-61;-10;26;0;1
-61;-10;28;1;1
-61;-10;29;1;1
-61;-10;30;0;1
-61;-10;31;1;1
-61;-10;32;1;1
-61;-10;33;0;1
-61;-10;34;0;1
-61;-9;19;1;1
-61;-9;22;1;1
-61;-9;24;0;1
-61;-9;29;0;1
-61;-9;30;1;1
-61;-9;35;1;1
-61;-8;17;0;1
-61;-8;18;1;1
-61;-8;20;1;1
-61;-8;21;0;1
-61;-8;24;0;1
-61;-8;30;1;1
-61;-8;34;1;1
-61;-7;19;1;1
-61;-7;20;1;1
-61;-7;21;1;1
-61;-7;23;0;1
-61;-7;28;0;1
-61;-6;18;0;1
-61;-6;28;0;1
-61;-6;31;1;1
-61;-6;32;0;1
-61;-6;33;0;1
-61;-5;17;1;1
-61;-5;21;0;1
-61;-5;22;0;1
-61;-5;25;0;1
-61;-5;26;0;1
-61;-5;27;0;1
-61;-5;30;1;1
-61;-5;31;0;1
-61;-5;33;0;1
-61;-5;34;1;1
-61;-5;35;1;1
-61;-5;36;0;1
-61;-4;22;1;1
-61;-4;30;0;1
-61;-4;34;1;1
-61;-4;36;1;1
-61;-3;18;0;1
-61;-3;19;0;1
-61;-3;20;0;1
-61;-3;21;0;1
-61;-3;22;0;1
-61;-3;23;0;1
-61;-3;25;0;1
-61;-3;26;1;1
-61;-3;32;1;1
-61;-3;33;1;1
-61;-3;35;0;1
-61;-2;17;0;1
-61;-2;18;0;1
-61;-2;19;1;1
-61;-2;21;0;1
-61;-2;23;0;1
-61;-2;24;1;1
-61;-2;25;0;1
-61;-2;26;1;1
-61;-2;28;0;1
-61;-2;35;0;1
-61;-2;36;0;1
-61;-1;19;0;1
-61;-1;21;0;1
-61;-1;24;0;1
-61;-1;27;1;1
-61;-1;29;0;1
-61;-1;31;0;1
-61;-1;32;0;1
-61;-1;35;0;1
-61;0;18;0;1
-61;0;22;0;1
-61;0;30;0;1
-61;0;33;1;1
-61;0;34;0;1
-61;1;17;0;1
-61;1;19;1;1
-61;1;22;0;1
-61;1;25;0;1
-61;1;27;1;1
-61;1;33;0;1
-61;2;19;0;1
-61;2;27;1;1
-61;2;29;0;1
-61;2;31;0;1
-61;3;17;1;1
-61;3;19;0;1
-61;3;26;1;1
-61;3;27;1;1
-61;3;28;0;1
-61;3;29;0;1
-61;3;31;0;1
-61;3;34;1;1
-61;3;36;1;1
-61;4;18;0;1
-61;4;19;0;1
-61;4;22;1;1
-61;4;23;1;1
-61;4;24;0;1
-61;4;28;1;1
-61;4;29;1;1
-61;4;31;0;1
-61;4;33;0;1
-61;4;34;0;1
-61;4;35;0;1
-61;4;36;0;1
-61;5;17;0;1
-61;5;19;0;1
-61;5;22;1;1
-61;5;26;0;1
-61;5;31;0;1
-61;5;32;0;1
-61;5;33;0;1
-61;5;36;1;1
-61;6;17;0;1
-61;6;19;1;1
-61;6;21;1;1
-61;6;23;0;1
-61;6;24;0;1
-61;6;26;0;1
-61;6;27;0;1
-61;6;28;1;1
-61;6;30;1;1
-61;6;31;0;1
-61;6;32;1;1
-61;6;33;1;1
-61;7;17;0;1
-61;7;18;1;1
-61;7;23;0;1
-61;7;24;0;1
-61;7;29;0;1
-61;7;32;1;1
-61;7;33;1;1
-61;7;34;0;1
-61;7;35;0;1
-61;8;20;0;1
-61;8;24;1;1
-61;8;26;1;1
-61;8;27;0;1
-61;8;31;0;1
-61;8;32;0;1
-61;8;33;1;1
-61;8;34;0;1
-61;9;17;0;1
-61;9;18;1;1
-61;9;21;1;1
-61;9;23;1;1
-61;9;24;0;1
-61;9;28;0;1
-61;9;31;0;1
-61;9;33;0;1
-61;10;17;1;1
-61;10;19;1;1
-61;10;20;0;1
-61;10;21;0;1
-61;10;24;1;1
-61;10;25;0;1
-61;10;26;0;1
-61;10;27;0;1
-61;10;29;0;1
-61;10;32;0;1
-61;10;35;0;1
-61;11;17;1;1
-61;11;28;1;1
-61;11;29;0;1
-61;11;33;0;1
-61;11;34;0;1
-61;12;19;1;1
-61;12;20;0;1
-61;12;21;1;1
-61;12;22;1;1
-61;12;24;0;1
-61;12;26;0;1
-61;12;27;0;1
-61;12;28;0;1
-61;12;32;0;1
-61;12;34;1;1
-61;13;18;0;1
-61;13;19;0;1
-61;13;20;0;1
-61;13;22;1;1
-61;13;31;1;1
-61;13;32;0;1
-61;13;33;0;1
-61;13;34;1;1
-61;14;17;1;1
-61;14;19;1;1
-61;14;21;0;1
-61;14;27;1;1
-61;14;29;0;1
-61;14;30;1;1
-61;15;17;1;1
-61;15;18;0;1
-61;15;23;0;1
-61;15;24;0;1
-61;15;26;0;1
-61;15;27;0;1
-61;15;30;1;1
-61;15;31;1;1
-61;15;33;1;1
-61;16;20;0;1
-61;16;21;0;1
-61;16;22;0;1
-61;16;26;0;1
-61;16;29;0;1
-61;17;17;0;1
-61;17;18;0;1
-61;17;20;0;1
-61;17;21;0;1
-61;17;25;0;1
-61;17;27;0;1
-61;17;28;1;1
-61;17;29;1;1
-61;17;31;0;1
-61;18;20;1;1
-61;18;21;0;1
-61;18;23;0;1
-61;18;24;0;1
-61;18;27;1;1
-61;18;29;0;1
-61;18;30;0;1
-61;18;31;0;1
-61;19;19;0;1
-61;19;21;1;1
-61;19;24;0;1
-61;19;27;1;1
-61;19;31;0;1
-61;20;20;1;1
-61;20;21;0;1
-61;20;24;0;1
-61;20;25;1;1
-61;20;26;0;1
-61;20;27;0;1
-61;20;28;1;1
-61;20;29;1;1
-61;20;30;0;1
-61;21;18;1;1
-61;21;20;0;1
-61;21;22;1;1
-61;21;25;0;1
-61;21;27;1;1
-61;21;29;0;1
-61;22;18;1;1
-61;22;19;1;1
-61;22;20;0;1
-61;22;22;0;1
-61;22;25;1;1
-61;23;19;0;1
-61;23;21;0;1
-61;23;28;0;1
-61;24;21;1;1
-61;24;22;0;1
-61;24;23;0;1
-61;24;25;0;1
-61;24;26;0;1
-61;25;19;0;1
-61;25;20;1;1
-61;25;21;0;1
-61;26;19;1;1
-61;26;23;1;1
-61;27;19;0;1
-61;27;21;1;1
-61;27;22;0;1
-61;28;18;0;1
-61;28;20;0;1
-61;28;21;1;1
-61;28;23;0;1
-61;29;20;1;1
-61;29;21;0;1
-61;30;19;0;1
-61;30;20;0;1
-60;-32;19;1;1
-60;-31;19;0;1
-60;-31;20;0;1
-60;-30;18;1;1
-60;-30;20;0;1
-60;-30;21;0;1
-60;-30;22;0;1
-60;-30;23;0;1
-60;-29;18;0;1
-60;-29;19;0;1
-60;-29;22;1;1
-60;-29;24;1;1
-60;-28;20;1;1
-60;-28;22;1;1
-60;-27;18;0;1
-60;-27;21;0;1
-60;-27;23;1;1
-60;-26;21;0;1
-60;-26;22;1;1
-60;-26;26;0;1
-60;-25;19;0;1
-60;-25;21;0;1
-60;-25;26;1;1
-60;-24;18;1;1
-60;-24;22;0;1
-60;-24;23;0;1
-60;-24;27;0;1
-60;-24;28;1;1
-60;-23;21;1;1
-60;-23;22;0;1
-60;-23;30;0;1
-60;-22;18;0;1
-60;-22;19;1;1
-60;-22;24;0;1
-60;-22;26;0;1
-60;-22;27;1;1
-60;-22;30;1;1
-60;-21;18;1;1
-60;-21;23;0;1
-60;-21;28;0;1
-60;-21;29;1;1
-60;-21;30;0;1
-60;-20;18;0;1
-60;-20;22;0;1
-60;-20;24;0;1
-60;-20;25;0;1
-60;-20;26;0;1
-60;-20;27;1;1
-60;-20;32;1;1
-60;-19;19;0;1
-60;-19;21;1;1
-60;-19;22;0;1
-60;-19;24;0;1
-60;-19;26;0;1
-60;-19;28;0;1
-60;-19;29;0;1
-60;-19;31;0;1
-60;-18;18;0;1
-60;-18;21;1;1
-60;-18;22;0;1
-60;-18;25;1;1
-60;-18;26;0;1
-60;-18;30;0;1
-60;-18;32;0;1
-60;-17;17;0;1
-60;-17;19;0;1
-60;-17;21;0;1
-60;-17;28;1;1
-60;-17;29;1;1
-60;-17;30;0;1
-60;-17;32;0;1
-60;-17;33;1;1
-60;-16;20;0;1
-60;-16;22;1;1
-60;-16;25;0;1
-60;-16;28;0;1
-60;-16;30;0;1
-60;-16;33;1;1
-60;-16;34;0;1
-60;-15;17;1;1
-60;-15;21;1;1
-60;-15;25;1;1
-60;-15;27;0;1
-60;-15;29;0;1
-60;-15;32;0;1
-60;-15;33;1;1
-60;-15;34;0;1
-60;-14;18;0;1
-60;-14;20;0;1
-60;-14;21;1;1
-60;-14;24;1;1
-60;-14;29;0;1
-60;-14;30;0;1
-60;-14;33;1;1
-60;-13;17;0;1
-60;-13;18;0;1
-60;-13;23;0;1
-60;-13;24;0;1
-60;-13;25;1;1
-60;-13;26;0;1
-60;-13;29;0;1
-60;-13;31;0;1
-60;-13;33;0;1
-60;-13;34;0;1
-60;-13;35;0;1
-60;-12;21;0;1
-60;-12;22;1;1
-60;-12;23;1;1
-60;-12;24;1;1
-60;-12;25;1;1
-60;-12;26;0;1
-60;-12;27;1;1
-60;-12;32;0;1
-60;-12;35;1;1
-60;-12;36;1;1
-60;-11;17;1;1
-60;-11;20;1;1
-60;-11;25;0;1
-60;-11;28;0;1
-60;-11;29;1;1
-60;-10;17;0;1
-60;-10;18;1;1
-60;-10;19;1;1
-60;-10;21;1;1
-60;-10;23;0;1
-60;-10;25;1;1
-60;-10;26;0;1
-60;-10;28;0;1
-60;-10;36;0;1
-60;-9;18;1;1
-60;-9;19;1;1
-60;-9;21;0;1
-60;-9;25;0;1
-60;-9;27;1;1
-60;-9;30;0;1
-60;-9;32;1;1
-60;-9;34;0;1
-60;-8;17;1;1
-60;-8;21;0;1
-60;-8;25;1;1
-60;-8;28;1;1
-60;-8;29;0;1
-60;-8;31;1;1
-60;-8;34;0;1
-60;-7;19;1;1
-60;-7;20;1;1
-60;-7;27;0;1
-60;-7;33;0;1
-60;-7;34;1;1
-60;-7;35;0;1
-60;-7;36;1;1
-60;-6;17;1;1
-60;-6;18;0;1
-60;-6;19;1;1
-60;-6;25;1;1
-60;-6;26;1;1
-60;-6;28;1;1
-60;-6;29;1;1
-60;-6;33;1;1
-60;-6;36;0;1
-60;-5;19;0;1
-60;-5;21;0;1
-60;-5;24;0;1
-60;-5;27;1;1
-60;-5;28;0;1
-60;-5;29;1;1
-60;-5;31;1;1
-60;-5;33;1;1
-60;-5;34;0;1
-60;-5;35;1;1
-60;-4;17;0;1
-60;-4;19;0;1
-60;-4;21;0;1
-60;-4;22;1;1
-60;-4;24;0;1
-60;-4;30;0;1
-60;-4;31;1;1
-60;-4;33;1;1
-60;-4;35;0;1
-60;-4;37;1;1
-60;-3;18;0;1
-60;-3;21;0;1
-60;-3;23;1;1
-60;-3;26;1;1
-60;-3;29;1;1
-60;-3;31;1;1
-60;-3;33;0;1
-60;-3;34;0;1
-60;-3;35;1;1
-60;-3;36;1;1
-60;-3;37;0;1
-60;-2;17;0;1
-60;-2;18;0;1
-60;-2;21;0;1
-60;-2;22;1;1
-60;-2;24;0;1
-60;-2;29;0;1
-60;-2;31;0;1
-60;-2;36;0;1
-60;-1;17;0;1
-60;-1;19;0;1
-60;-1;20;1;1
-60;-1;21;0;1
-60;-1;23;1;1
-60;-1;24;0;1
-60;-1;30;1;1
-60;-1;31;1;1
-60;-1;36;1;1
-60;0;17;1;1
-60;0;20;1;1
-60;0;21;0;1
-60;0;22;1;1
-60;0;23;0;1
-60;0;24;1;1
-60;0;26;1;1
-60;0;27;0;1
-60;0;28;1;1
-60;0;34;0;1
-60;0;35;0;1
-60;0;36;0;1
-60;1;20;0;1
-60;1;25;0;1
-60;1;26;0;1
-60;1;29;0;1
-60;1;30;1;1
-60;1;31;1;1
-60;1;32;1;1
-60;1;34;0;1
-60;1;35;1;1
-60;1;37;0;1
-60;2;18;1;1
-60;2;20;1;1
-60;2;24;0;1
-60;2;25;0;1
-60;2;31;0;1
-60;2;34;0;1
-60;3;19;0;1
-60;3;22;1;1
-60;3;32;0;1
-60;3;33;0;1
-60;3;35;1;1
-60;4;17;1;1
-60;4;21;0;1
-60;4;22;1;1
-60;4;27;1;1
-60;4;29;0;1
-60;4;34;0;1
-60;4;36;0;1
-60;5;18;0;1
-60;5;20;0;1
-60;5;22;0;1
-60;5;26;1;1
-60;5;30;0;1
-60;5;32;0;1
-60;5;34;0;1
-60;5;36;0;1
-60;6;17;0;1
-60;6;22;1;1
-60;6;24;0;1
-60;6;25;1;1
-60;6;26;0;1
-60;6;28;0;1
-60;6;30;0;1
-60;6;33;0;1
-60;7;17;0;1
-60;7;19;0;1
-60;7;20;0;1
-60;7;21;1;1
-60;7;22;1;1
-60;7;23;0;1
-60;7;24;1;1
-60;7;26;0;1
-60;7;28;0;1
-60;7;29;0;1
-60;7;33;0;1
-60;7;37;1;1
-60;8;17;0;1
-60;8;18;1;1
-60;8;19;1;1
-60;8;21;1;1
-60;8;23;1;1
-60;8;24;1;1
-60;8;26;0;1
-60;8;29;0;1
-60;8;32;0;1
-60;8;33;0;1
-60;9;19;1;1
-60;9;22;0;1
-60;9;23;1;1
-60;9;24;0;1
-60;9;26;0;1
-60;9;27;1;1
-60;9;28;0;1
-60;10;19;0;1
-60;10;20;0;1
-60;10;23;1;1
-60;10;27;0;1
-60;10;33;1;1
-60;10;34;0;1
-60;10;35;0;1
-60;11;18;0;1
-60;11;19;1;1
-60;11;21;0;1
-60;11;23;0;1
-60;11;26;0;1
-60;11;30;0;1
-60;11;31;0;1
-60;11;34;0;1
-60;11;35;1;1
-60;11;36;0;1
-60;12;17;1;1
-60;12;19;1;1
-60;12;23;1;1
-60;12;24;0;1
-60;12;26;0;1
-60;12;30;0;1
-60;12;33;0;1
-60;13;18;0;1
-60;13;21;0;1
-60;13;22;0;1
-60;13;23;0;1
-60;13;27;0;1
-60;13;29;0;1
-60;14;17;0;1
-60;14;18;0;1
-60;14;20;1;1
-60;14;21;0;1
-60;14;22;1;1
-60;14;24;0;1
-60;14;26;0;1
-60;14;28;0;1
-60;14;30;0;1
-60;14;31;1;1
-60;14;32;1;1
-60;15;18;0;1
-60;15;19;1;1
-60;15;23;1;1
-60;15;28;1;1
-60;15;30;0;1
-60;15;31;1;1
-60;15;32;1;1
-60;16;22;1;1
-60;16;29;0;1
-60;16;32;1;1
-60;16;33;1;1
-60;16;34;0;1
-60;17;19;1;1
-60;17;20;0;1
-60;17;21;0;1
-60;17;23;0;1
-60;17;26;0;1
-60;17;27;1;1
-60;17;29;0;1
-60;17;30;0;1
-60;17;33;1;1
-60;18;17;0;1
-60;18;26;1;1
-60;18;27;1;1
-60;18;30;0;1
-60;18;31;0;1
-60;19;17;0;1
-60;19;20;1;1
-60;19;25;1;1
-60;19;28;1;1
-60;19;29;0;1
-60;20;23;0;1
-60;20;24;0;1
-60;20;25;1;1
-60;20;28;0;1
-60;20;29;0;1
-60;20;32;0;1
-60;21;19;0;1
-60;21;24;0;1
-60;21;26;1;1
-60;21;29;0;1
-60;22;18;0;1
-60;22;20;1;1
-60;22;26;0;1
-60;22;28;1;1
-60;23;18;0;1
-60;23;19;1;1
-60;23;23;0;1
-60;23;24;0;1
-60;23;25;0;1
-60;23;27;0;1
-60;23;28;0;1
-60;23;29;1;1
-60;23;30;0;1
-60;24;20;0;1
-60;24;25;0;1
-60;24;27;0;1
-60;24;28;1;1
-60;25;18;0;1
-60;25;19;0;1
-60;25;21;0;1
-60;25;28;0;1
-60;26;20;1;1
-60;26;22;1;1
-60;26;23;0;1
-60;26;24;0;1
-60;26;25;0;1
-60;27;20;0;1
-60;27;23;1;1
-60;28;19;0;1
-60;28;20;0;1
-60;28;21;1;1
-60;28;23;0;1
-60;28;25;0;1
-60;29;22;1;1
-60;29;24;0;1
-60;30;22;1;1
-60;30;23;0;1
-60;32;19;0;1
-60;32;20;0;1
-59;-34;20;0;1
-59;-33;20;0;1
-59;-33;21;0;1
-59;-32;21;1;1
-59;-31;18;1;1
-59;-31;19;1;1
-59;-31;20;1;1
-59;-31;24;0;1
-59;-30;22;0;1
-59;-30;25;0;1
-59;-29;18;1;1
-59;-29;20;0;1
-59;-29;23;1;1
-59;-29;24;1;1
-59;-29;25;0;1
-59;-28;20;0;1
-59;-28;22;0;1
-59;-28;24;0;1
-59;-27;18;0;1
-59;-27;21;0;1
-59;-27;24;0;1
-59;-27;25;0;1
-59;-27;26;0;1
-59;-26;20;1;1
-59;-26;22;0;1
-59;-26;24;0;1
-59;-26;27;1;1
-59;-26;28;1;1
-59;-26;29;1;1
-59;-25;19;0;1
-59;-25;20;1;1
-59;-25;21;1;1
-59;-25;22;0;1
-59;-25;26;0;1
-59;-25;28;1;1
-59;-25;29;1;1
-59;-24;24;1;1
-59;-24;25;0;1
-59;-24;28;0;1
-59;-24;31;0;1
-59;-23;17;0;1
-59;-23;18;0;1
-59;-23;19;1;1
-59;-23;20;0;1
-59;-23;22;1;1
-59;-23;26;0;1
-59;-23;27;0;1
-59;-23;28;1;1
-59;-22;17;1;1
-59;-22;22;0;1
-59;-22;24;0;1
-59;-22;29;0;1
-59;-22;32;1;1
-59;-21;19;1;1
-59;-21;21;1;1
-59;-21;23;0;1
-59;-21;28;0;1
-59;-21;29;0;1
-59;-21;31;0;1
-59;-21;32;0;1
-59;-20;19;1;1
-59;-20;21;1;1
-59;-20;22;0;1
-59;-20;25;1;1
-59;-20;28;1;1
-59;-20;29;0;1
-59;-20;30;0;1
-59;-20;31;0;1
-59;-20;32;1;1
-59;-19;20;0;1
-59;-19;27;1;1
-59;-19;28;1;1
-59;-19;29;0;1
-59;-19;32;0;1
-59;-19;34;1;1
-59;-18;19;0;1
-59;-18;25;0;1
-59;-18;26;0;1
-59;-18;28;0;1
-59;-18;30;0;1
-59;-18;31;0;1
-59;-18;32;0;1
-59;-18;33;0;1
-59;-18;35;1;1
-59;-17;17;0;1
-59;-17;22;0;1
-59;-17;23;1;1
-59;-17;24;0;1
-59;-17;25;0;1
-59;-17;30;0;1
-59;-17;31;0;1
-59;-17;33;0;1
-59;-16;17;0;1
-59;-16;21;1;1
-59;-16;23;1;1
-59;-16;24;1;1
-59;-16;27;0;1
-59;-16;28;0;1
-59;-16;31;1;1
-59;-16;33;0;1
-59;-16;35;1;1
-59;-15;17;0;1
-59;-15;18;0;1
-59;-15;19;0;1
-59;-15;20;1;1
-59;-15;21;1;1
-59;-15;22;0;1
-59;-15;23;0;1
-59;-15;25;1;1
-59;-15;27;0;1
-59;-15;28;0;1
-59;-15;29;1;1
-59;-15;33;0;1
-59;-14;17;1;1
-59;-14;19;1;1
-59;-14;21;1;1
-59;-14;23;0;1
-59;-14;25;0;1
-59;-14;31;0;1
-59;-14;32;0;1
-59;-14;33;0;1
-59;-14;34;1;1
-59;-14;36;1;1
-59;-14;37;0;1
-59;-13;19;0;1
-59;-13;20;1;1
-59;-13;22;0;1
-59;-13;24;0;1
-59;-13;26;0;1
-59;-13;27;0;1
-59;-13;30;1;1
-59;-13;31;0;1
-59;-13;34;0;1
-59;-13;37;1;1
-59;-12;23;0;1
-59;-12;26;0;1
-59;-12;29;0;1
-59;-12;30;0;1
-59;-12;32;0;1
-59;-12;35;0;1
-59;-11;20;0;1
-59;-11;31;0;1
-59;-11;32;0;1
-59;-11;33;1;1
-59;-11;36;1;1
-59;-11;38;1;1
-59;-10;18;1;1
-59;-10;19;0;1
-59;-10;21;0;1
-59;-10;22;1;1
-59;-10;23;0;1
-59;-10;24;1;1
-59;-10;30;1;1
-59;-10;33;1;1
-59;-10;34;0;1
-59;-9;18;1;1
-59;-9;20;0;1
-59;-9;25;0;1
-59;-9;29;0;1
-59;-9;32;0;1
-59;-9;35;1;1
-59;-9;36;0;1
-59;-8;17;0;1
-59;-8;18;0;1
-59;-8;19;0;1
-59;-8;22;1;1
-59;-8;27;1;1
-59;-8;29;0;1
-59;-8;32;0;1
-59;-8;34;1;1
-59;-8;38;1;1
-59;-7;20;0;1
-59;-7;23;0;1
-59;-7;24;0;1
-59;-7;32;0;1
-59;-7;36;0;1
-59;-7;38;0;1
-59;-6;16;0;1
-59;-6;19;1;1
-59;-6;20;1;1
-59;-6;23;0;1
-59;-6;26;1;1
-59;-6;29;0;1
-59;-6;32;0;1
-59;-6;34;0;1
-59;-6;35;1;1
-59;-6;37;0;1
-59;-6;39;0;1
-59;-5;16;0;1
-59;-5;19;1;1
-59;-5;27;0;1
-59;-5;31;0;1
-59;-5;33;0;1
-59;-5;36;0;1
-59;-5;37;0;1
-59;-4;16;1;1
-59;-4;20;1;1
-59;-4;28;0;1
-59;-4;33;0;1
-59;-4;35;1;1
-59;-4;36;1;1
-59;-3;16;0;1
-59;-3;23;1;1
-59;-3;24;0;1
-59;-3;28;1;1
-59;-3;33;0;1
-59;-3;35;1;1
-59;-3;36;0;1
-59;-3;37;1;1
-59;-2;18;0;1
-59;-2;19;1;1
-59;-2;20;1;1
-59;-2;23;0;1
-59;-2;24;0;1
-59;-2;26;0;1
-59;-2;27;1;1
-59;-2;28;0;1
-59;-2;30;0;1
-59;-2;31;0;1
-59;-2;32;1;1
-59;-2;38;1;1
-59;-2;39;0;1
-59;-1;19;0;1
-59;-1;20;0;1
-59;-1;26;0;1
-59;-1;30;0;1
-59;-1;31;1;1
-59;-1;37;0;1
-59;-1;39;0;1
-59;0;18;1;1
-59;0;21;0;1
-59;0;22;0;1
-59;0;30;1;1
-59;0;31;0;1
-59;0;32;0;1
-59;0;34;1;1
-59;1;16;0;1
-59;1;18;1;1
-59;1;19;0;1
-59;1;20;0;1
-59;1;22;0;1
-59;1;27;0;1
-59;1;30;0;1
-59;1;32;1;1
-59;1;33;1;1
-59;1;35;0;1
-59;1;37;0;1
-59;1;38;0;1
-59;2;16;1;1
-59;2;17;0;1
-59;2;19;0;1
-59;2;22;1;1
-59;2;24;1;1
-59;2;26;0;1
-59;2;27;0;1
-59;2;28;0;1
-59;2;38;1;1
-59;3;16;1;1
-59;3;19;0;1
-59;3;21;0;1
-59;3;22;0;1
-59;3;23;0;1
-59;3;26;1;1
-59;3;27;0;1
-59;3;31;1;1
-59;3;32;0;1
-59;3;34;0;1
-59;3;35;1;1
-59;3;36;1;1
-59;4;17;0;1
-59;4;18;1;1
-59;4;19;1;1
-59;4;22;1;1
-59;4;23;1;1
-59;4;27;0;1
-59;4;28;1;1
-59;4;32;1;1
-59;4;34;0;1
-59;4;39;0;1
-59;5;16;0;1
-59;5;18;1;1
-59;5;20;0;1
-59;5;21;0;1
-59;5;37;1;1
-59;5;38;0;1
-59;5;39;0;1
-59;6;17;1;1
-59;6;20;1;1
-59;6;21;0;1
-59;6;22;0;1
-59;6;23;1;1
-59;6;24;0;1
-59;6;33;0;1
-59;6;38;0;1
-59;7;17;0;1
-59;7;20;0;1
-59;7;22;1;1
-59;7;23;0;1
-59;7;25;0;1
-59;7;27;1;1
-59;7;28;0;1
-59;7;29;0;1
-59;7;30;1;1
-59;7;31;1;1
-59;7;33;0;1
-59;7;34;1;1
-59;7;35;0;1
-59;7;36;0;1
-59;7;38;0;1
-59;8;16;1;1
-59;8;17;0;1
-59;8;18;0;1
-59;8;21;0;1
-59;8;24;0;1
-59;8;26;0;1
-59;8;29;0;1
-59;8;33;0;1
-59;8;35;1;1
-59;9;19;1;1
-59;9;20;0;1
-59;9;22;1;1
-59;9;24;0;1
-59;9;25;0;1
-59;9;28;1;1
-59;9;33;1;1
-59;9;35;0;1
-59;9;36;0;1
-59;9;37;1;1
-59;10;20;1;1
-59;10;21;0;1
-59;10;22;1;1
-59;10;23;0;1
-59;10;24;1;1
-59;10;28;1;1
-59;10;29;0;1
-59;10;31;0;1
-59;10;35;0;1
-59;10;36;1;1
-59;10;37;0;1
-59;11;18;1;1
-59;11;21;0;1
-59;11;23;0;1
-59;11;27;1;1
-59;11;35;1;1
-59;11;37;0;1
-59;12;17;0;1
-59;12;18;1;1
-59;12;20;1;1
-59;12;23;0;1
-59;12;29;0;1
-59;12;31;1;1
-59;12;37;0;1
-59;13;17;0;1
-59;13;18;1;1
-59;13;20;1;1
-59;13;21;0;1
-59;13;22;0;1
-59;13;23;1;1
-59;13;28;0;1
-59;13;31;0;1
-59;13;34;1;1
-59;13;36;1;1
-59;14;19;1;1
-59;14;20;0;1
-59;14;23;1;1
-59;14;24;1;1
-59;14;26;0;1
-59;14;28;0;1
-59;14;30;1;1
-59;14;31;1;1
-59;14;34;1;1
-59;14;36;0;1
-59;15;17;0;1
-59;15;18;0;1
-59;15;21;1;1
-59;15;22;1;1
-59;15;23;1;1
-59;15;24;1;1
-59;15;29;1;1
-59;15;30;1;1
-59;15;33;1;1
-59;15;34;0;1
-59;16;17;1;1
-59;16;18;0;1
-59;16;19;0;1
-59;16;20;1;1
-59;16;21;1;1
-59;16;24;0;1
-59;16;31;1;1
-59;16;33;0;1
-59;16;36;0;1
-59;17;17;1;1
-59;17;19;0;1
-59;17;20;0;1
-59;17;22;0;1
-59;17;23;1;1
-59;17;26;1;1
-59;17;28;1;1
-59;17;31;1;1
-59;17;34;1;1
-59;18;17;1;1
-59;18;18;0;1
-59;18;21;0;1
-59;18;22;0;1
-59;18;25;0;1
-59;18;30;0;1
-59;18;31;0;1
-59;19;18;0;1
-59;19;21;0;1
-59;19;22;0;1
-59;19;24;0;1
-59;19;30;1;1
-59;19;31;0;1
-59;19;32;0;1
-59;20;17;0;1
-59;20;18;0;1
-59;20;19;1;1
-59;20;20;1;1
-59;20;24;0;1
-59;20;26;0;1
-59;20;27;1;1
-59;20;34;1;1
-59;21;17;1;1
-59;21;18;0;1
-59;21;21;0;1
-59;21;23;1;1
-59;21;25;0;1
-59;21;26;0;1
-59;21;28;1;1
-59;21;30;1;1
-59;22;19;0;1
-59;22;21;0;1
-59;22;29;0;1
-59;22;30;0;1
-59;23;18;0;1
-59;23;21;0;1
-59;23;32;1;1
-59;24;18;0;1
-59;24;20;0;1
-59;24;21;0;1
-59;24;22;1;1
-59;24;28;0;1
-59;24;30;0;1
-59;24;31;0;1
-59;25;18;1;1
-59;25;21;0;1
-59;25;22;1;1
-59;25;24;0;1
-59;25;26;1;1
-59;25;27;1;1
-59;25;29;0;1
-59;25;30;1;1
-59;26;18;0;1
-59;26;19;0;1
-59;26;21;1;1
-59;26;25;1;1
-59;26;26;0;1
-59;26;27;0;1
-59;27;19;1;1
-59;27;24;0;1
-59;27;25;0;1
-59;27;26;1;1
-59;27;27;0;1
-59;28;20;0;1
-59;28;26;1;1
-59;29;18;0;1
-59;29;20;1;1
-59;29;24;0;1
-59;29;26;0;1
-59;30;19;1;1
-59;30;25;1;1
-59;31;18;1;1
-59;31;23;1;1
-59;33;21;1;1
-58;-36;19;1;1
-58;-35;20;0;1
-58;-34;21;0;1
-58;-33;20;1;1
-58;-33;22;0;1
-58;-33;23;1;1
-58;-32;19;0;1
-58;-32;25;0;1
-58;-31;18;0;1
-58;-31;22;0;1
-58;-31;26;1;1
-58;-30;18;1;1
-58;-30;20;0;1
-58;-30;21;0;1
-58;-29;18;0;1
-58;-29;26;0;1
-58;-28;18;0;1
-58;-28;19;1;1
-58;-28;21;0;1
-58;-28;22;0;1
-58;-28;23;1;1
-58;-28;24;1;1
-58;-28;28;0;1
-58;-28;29;0;1
-58;-27;18;1;1
-58;-27;19;0;1
-58;-27;21;1;1
-58;-27;26;1;1
-58;-27;27;0;1
-58;-26;20;0;1
-58;-26;21;1;1
-58;-26;24;0;1
-58;-26;26;0;1
-58;-26;27;1;1
-58;-26;28;1;1
-58;-26;29;0;1
-58;-26;30;0;1
-58;-25;17;0;1
-58;-25;19;0;1
-58;-25;21;0;1
-58;-25;23;0;1
-58;-25;24;1;1
-58;-25;30;0;1
-58;-25;31;0;1
-58;-24;17;0;1
-58;-24;19;1;1
-58;-24;22;1;1
-58;-24;24;1;1
-58;-24;32;1;1
-58;-24;33;1;1
-58;-23;18;0;1
-58;-23;19;0;1
-58;-23;23;1;1
-58;-23;24;0;1
-58;-23;25;1;1
-58;-23;26;0;1
-58;-23;27;0;1
-58;-23;28;0;1
-58;-23;30;0;1
-58;-23;32;0;1
-58;-22;21;0;1
-58;-22;24;0;1
-58;-22;30;1;1
-58;-22;31;0;1
-58;-22;33;0;1
-58;-21;17;0;1
-58;-21;18;0;1
-58;-21;19;0;1
-58;-21;21;1;1
-58;-21;24;0;1
-58;-21;25;0;1
-58;-21;26;1;1
-58;-21;28;1;1
-58;-21;29;1;1
-58;-21;35;0;1
-58;-20;17;0;1
-58;-20;24;0;1
-58;-20;26;0;1
-58;-20;27;0;1
-58;-20;29;0;1
-58;-20;33;1;1
-58;-19;18;0;1
-58;-19;27;0;1
-58;-19;30;1;1
-58;-19;33;0;1
-58;-19;34;0;1
-58;-19;35;0;1
-58;-19;36;1;1
-58;-18;18;0;1
-58;-18;19;0;1
-58;-18;22;0;1
-58;-18;24;1;1
-58;-18;25;1;1
-58;-18;26;0;1
-58;-18;28;0;1
-58;-18;32;0;1
-58;-18;35;0;1
-58;-17;19;0;1
-58;-17;24;0;1
-58;-17;26;1;1
-58;-17;28;0;1
-58;-17;29;0;1
-58;-17;32;0;1
-58;-17;34;1;1
-58;-17;35;0;1
-58;-17;36;0;1
-58;-16;17;0;1
-58;-16;18;0;1
-58;-16;21;0;1
-58;-16;23;0;1
-58;-16;24;0;1
-58;-16;33;0;1
-58;-16;37;0;1
-58;-15;18;1;1
-58;-15;19;1;1
-58;-15;20;1;1
-58;-15;21;0;1
-58;-15;22;0;1
-58;-15;26;0;1
-58;-15;29;0;1
-58;-15;31;1;1
-58;-15;33;0;1
-58;-15;37;0;1
-58;-14;16;0;1
-58;-14;19;0;1
-58;-14;21;0;1
-58;-14;24;0;1
-58;-14;27;0;1
-58;-13;20;0;1
-58;-13;23;1;1
-58;-13;26;0;1
-58;-13;30;1;1
-58;-13;33;0;1
-58;-13;36;0;1
-58;-13;38;1;1
-58;-12;19;0;1
-58;-12;22;0;1
-58;-12;25;0;1
-58;-12;26;0;1
-58;-12;28;0;1
-58;-12;32;0;1
-58;-12;37;0;1
-58;-12;39;0;1
-58;-11;20;0;1
-58;-11;25;1;1
-58;-11;26;0;1
-58;-11;27;0;1
-58;-11;29;0;1
-58;-11;32;0;1
-58;-11;33;1;1
-58;-11;36;1;1
-58;-10;24;0;1
-58;-10;29;0;1
-58;-10;30;0;1
-58;-10;35;1;1
-58;-10;37;1;1
-58;-10;38;0;1
-58;-9;16;1;1
-58;-9;17;0;1
-58;-9;20;0;1
-58;-9;24;0;1
-58;-9;26;0;1
-58;-9;29;0;1
-58;-9;30;0;1
-58;-9;31;0;1
-58;-9;33;1;1
-58;-9;34;1;1
-58;-9;35;0;1
-58;-9;37;1;1
-58;-9;38;0;1
-58;-9;40;0;1
-58;-8;16;1;1
-58;-8;19;1;1
-58;-8;20;0;1
-58;-8;21;1;1
-58;-8;22;1;1
-58;-8;24;1;1
-58;-8;28;0;1
-58;-8;30;1;1
-58;-8;31;1;1
-58;-8;32;1;1
-58;-8;35;0;1
-58;-8;36;0;1
-58;-8;38;0;1
-58;-7;16;1;1
-58;-7;21;1;1
-58;-7;23;1;1
-58;-7;25;0;1
-58;-7;26;1;1
-58;-7;27;0;1
-58;-7;37;0;1
-58;-6;16;0;1
-58;-6;17;0;1
-58;-6;18;0;1
-58;-6;20;1;1
-58;-6;23;1;1
-58;-6;24;1;1
-58;-6;27;1;1
-58;-6;28;1;1
-58;-6;30;0;1
-58;-6;34;0;1
-58;-6;35;1;1
-58;-5;17;1;1
-58;-5;21;0;1
-58;-5;22;1;1
-58;-5;23;0;1
-58;-5;29;0;1
-58;-5;34;1;1
-58;-5;35;1;1
-58;-5;39;0;1
-58;-5;40;1;1
-58;-4;18;0;1
-58;-4;21;0;1
-58;-4;24;1;1
-58;-4;25;0;1
-58;-4;28;0;1
-58;-4;30;1;1
-58;-4;32;1;1
-58;-4;37;1;1
-58;-4;38;0;1
-58;-4;40;0;1
-58;-3;17;0;1
-58;-3;18;1;1
-58;-3;21;1;1
-58;-3;22;1;1
-58;-3;23;0;1
-58;-3;29;1;1
-58;-3;31;1;1
-58;-3;34;1;1
-58;-3;36;0;1
-58;-3;38;1;1
-58;-2;18;0;1
-58;-2;21;0;1
-58;-2;22;0;1
-58;-2;26;0;1
-58;-2;27;1;1
-58;-2;29;0;1
-58;-2;30;1;1
-58;-2;31;1;1
-58;-2;32;1;1
-58;-2;35;1;1
-58;-2;39;0;1
-58;-1;16;0;1
-58;-1;27;0;1
-58;-1;28;1;1
-58;-1;33;0;1
-58;-1;36;0;1
-58;-1;37;0;1
-58;-1;40;1;1
-58;-1;41;0;1
-58;0;23;0;1
-58;0;27;1;1
-58;0;32;1;1
-58;0;33;0;1
-58;0;39;0;1
-58;0;40;1;1
-58;1;16;1;1
-58;1;24;0;1
-58;1;25;0;1
-58;1;28;0;1
-58;1;29;1;1
-58;1;31;0;1
-58;1;33;1;1
-58;1;35;1;1
-58;1;36;0;1
-58;1;37;0;1
-58;1;38;0;1
-58;2;16;1;1
-58;2;18;1;1
-58;2;20;0;1
-58;2;22;0;1
-58;2;31;0;1
-58;2;33;1;1
-58;2;35;1;1
-58;2;36;1;1
-58;2;37;0;1
-58;2;38;0;1
-58;2;39;0;1
-58;2;40;1;1
-58;3;17;0;1
-58;3;20;0;1
-58;3;22;0;1
-58;3;23;0;1
-58;3;25;0;1
-58;3;31;1;1
-58;3;33;0;1
-58;3;36;0;1
-58;3;37;0;1
-58;3;38;1;1
-58;3;40;1;1
-58;4;18;0;1
-58;4;21;0;1
-58;4;23;0;1
-58;4;25;1;1
-58;4;27;0;1
-58;4;28;1;1
-58;4;29;1;1
-58;4;30;0;1
-58;4;31;1;1
-58;4;33;1;1
-58;4;37;0;1
-58;5;16;0;1
-58;5;17;1;1
-58;5;20;1;1
-58;5;21;0;1
-58;5;22;0;1
-58;5;25;0;1
-58;5;26;0;1
-58;5;33;0;1
-58;5;36;1;1
-58;6;16;0;1
-58;6;18;1;1
-58;6;24;1;1
-58;6;27;1;1
-58;6;29;0;1
-58;6;30;1;1
-58;6;33;1;1
-58;6;37;0;1
-58;6;39;1;1
-58;6;40;1;1
-58;7;19;0;1
-58;7;22;0;1
-58;7;23;0;1
-58;7;25;0;1
-58;7;29;1;1
-58;7;30;0;1
-58;7;31;1;1
-58;7;32;0;1
-58;7;37;1;1
-58;7;39;0;1
-58;8;16;0;1
-58;8;17;0;1
-58;8;18;1;1
-58;8;22;1;1
-58;8;25;1;1
-58;8;34;0;1
-58;8;36;1;1
-58;9;19;0;1
-58;9;21;1;1
-58;9;28;0;1
-58;9;30;1;1
-58;9;40;0;1
-58;10;19;1;1
-58;10;20;1;1
-58;10;22;0;1
-58;10;24;0;1
-58;10;25;0;1
-58;10;31;0;1
-58;10;32;0;1
-58;10;34;0;1
-58;10;35;0;1
-58;10;36;0;1
-58;10;38;1;1
-58;10;39;0;1
-58;11;18;0;1
-58;11;21;0;1
-58;11;27;0;1
-58;11;29;0;1
-58;11;30;0;1
-58;11;33;0;1
-58;11;34;0;1
-58;11;35;0;1
-58;11;37;0;1
-58;12;17;0;1
-58;12;19;1;1
-58;12;21;1;1
-58;12;22;1;1
-58;12;23;0;1
-58;12;28;0;1
-58;12;32;1;1
-58;12;33;1;1
-58;12;37;1;1
-58;12;39;0;1
-58;13;17;0;1
-58;13;18;1;1
-58;13;19;1;1
-58;13;20;0;1
-58;13;24;0;1
-58;13;26;1;1
-58;13;27;1;1
-58;13;28;1;1
-58;13;29;0;1
-58;13;32;0;1
-58;13;34;0;1
-58;13;38;0;1
-58;14;21;1;1
-58;14;23;0;1
-58;14;25;0;1
-58;14;27;0;1
-58;14;29;0;1
-58;14;30;1;1
-58;14;32;0;1
-58;14;33;0;1
-58;14;34;1;1
-58;14;35;0;1
-58;14;37;1;1
-58;15;18;0;1
-58;15;19;1;1
-58;15;22;1;1
-58;15;24;0;1
-58;15;26;0;1
-58;15;28;1;1
-58;15;29;0;1
-58;15;34;1;1
-58;15;35;1;1
-58;16;17;1;1
-58;16;22;0;1
-58;16;28;0;1
-58;16;30;1;1
-58;16;35;0;1
-58;16;37;0;1
-58;17;17;1;1
-58;17;18;0;1
-58;17;19;0;1
-58;17;22;1;1
-58;17;25;1;1
-58;17;26;0;1
-58;17;27;1;1
-58;17;34;0;1
-58;18;18;0;1
-58;18;19;1;1
-58;18;23;1;1
-58;18;24;0;1
-58;18;25;0;1
-58;18;26;0;1
-58;18;27;1;1
-58;18;28;1;1
-58;18;29;1;1
-58;18;31;0;1
-58;18;32;1;1
-58;19;19;0;1
-58;19;20;0;1
-58;19;22;1;1
-58;19;26;0;1
-58;19;27;0;1
-58;19;28;0;1
-58;19;31;0;1
-58;19;35;0;1
-58;20;17;1;1
-58;20;25;0;1
-58;20;28;1;1
-58;20;31;0;1
-58;20;32;1;1
-58;20;34;1;1
-58;20;35;0;1
-58;21;17;0;1
-58;21;20;1;1
-58;21;22;1;1
-58;21;23;0;1
-58;21;25;1;1
-58;21;28;0;1
-58;21;33;1;1
-58;21;35;1;1
-58;22;19;0;1
-58;22;20;1;1
-58;22;29;0;1
-58;22;32;0;1
-58;22;33;0;1
-58;22;34;0;1
-58;23;18;0;1
-58;23;21;0;1
-58;23;25;1;1
-58;23;29;0;1
-58;23;30;1;1
-58;23;31;0;1
-58;24;17;1;1
-58;24;18;0;1
-58;24;19;1;1
-58;24;20;0;1
-58;24;22;0;1
-58;24;26;1;1
-58;24;29;0;1
-58;25;22;0;1
-58;25;24;1;1
-58;25;29;0;1
-58;25;30;0;1
-58;26;25;0;1
-58;26;27;0;1
-58;26;28;1;1
-58;27;22;0;1
-58;27;23;1;1
-58;27;27;0;1
-58;28;20;1;1
-58;28;22;0;1
-58;28;24;1;1
-58;28;25;0;1
-58;28;28;1;1
-58;28;29;0;1
-58;29;20;1;1
-58;29;25;0;1
-58;29;26;1;1
-58;29;29;0;1
-58;30;19;0;1
-58;30;24;1;1
-58;30;26;0;1
-58;31;19;1;1
-58;31;20;0;1
-58;31;21;0;1
-58;31;23;0;1
-58;31;24;0;1
-58;31;26;0;1
-58;32;18;1;1
-58;32;19;1;1
-58;33;18;0;1
-58;33;20;0;1
-58;33;22;1;1
-58;33;23;1;1
-58;33;24;0;1
-58;34;19;0;1
-58;34;20;0;1
-58;35;19;1;1
-58;35;20;1;1
-57;-37;20;0;1
-57;-36;21;1;1
-57;-36;22;0;1
-57;-35;19;1;1
-57;-35;20;0;1
-57;-35;21;0;1
-57;-35;22;0;1
-57;-33;21;0;1
-57;-33;22;1;1
-57;-33;23;1;1
-57;-33;26;0;1
-57;-32;20;0;1
-57;-32;23;0;1
-57;-32;27;1;1
-57;-31;18;1;1
-57;-31;21;0;1
-57;-31;22;1;1
-57;-31;23;0;1
-57;-31;24;0;1
-57;-31;26;1;1
-57;-31;28;1;1
-57;-30;18;1;1
-57;-30;19;0;1
-57;-30;21;1;1
-57;-30;24;0;1
-57;-30;25;1;1
-57;-30;26;0;1
-57;-30;29;1;1
-57;-29;18;1;1
-57;-29;20;0;1
-57;-29;21;0;1
-57;-29;22;0;1
-57;-29;23;0;1
-57;-29;26;0;1
-57;-29;28;0;1
-57;-29;29;1;1
-57;-28;19;0;1
-57;-28;20;1;1
-57;-28;21;1;1
-57;-28;23;1;1
-57;-28;25;0;1
-57;-28;26;0;1
-57;-28;28;1;1
-57;-28;31;1;1
-57;-27;17;0;1
-57;-27;20;1;1
-57;-27;21;1;1
-57;-27;22;0;1
-57;-27;23;0;1
-57;-27;24;1;1
-57;-27;26;1;1
-57;-26;17;0;1
-57;-26;18;0;1
-57;-26;24;0;1
-57;-26;26;0;1
-57;-26;29;0;1
-57;-26;32;0;1
-57;-25;18;1;1
-57;-25;19;1;1
-57;-25;20;0;1
-57;-25;23;0;1
-57;-25;27;0;1
-57;-25;30;0;1
-57;-25;32;0;1
-57;-25;34;1;1
-57;-24;17;0;1
-57;-24;23;1;1
-57;-24;24;1;1
-57;-24;28;1;1
-57;-24;29;1;1
-57;-24;33;1;1
-57;-24;34;0;1
-57;-23;23;1;1
-57;-23;25;0;1
-57;-23;27;0;1
-57;-23;28;0;1
-57;-23;29;0;1
-57;-23;33;1;1
-57;-22;17;0;1
-57;-22;18;1;1
-57;-22;22;0;1
-57;-22;23;0;1
-57;-22;24;0;1
-57;-22;26;0;1
-57;-22;29;1;1
-57;-22;30;0;1
-57;-22;31;0;1
-57;-22;32;0;1
-57;-21;21;1;1
-57;-21;32;0;1
-57;-20;26;1;1
-57;-20;27;0;1
-57;-20;28;1;1
-57;-20;29;1;1
-57;-20;33;0;1
-57;-20;34;0;1
-57;-20;37;0;1
-57;-19;17;0;1
-57;-19;18;0;1
-57;-19;21;0;1
-57;-19;25;0;1
-57;-19;27;0;1
-57;-19;32;1;1
-57;-19;35;0;1
-57;-19;36;0;1
-57;-18;17;1;1
-57;-18;18;0;1
-57;-18;20;0;1
-57;-18;21;1;1
-57;-18;22;0;1
-57;-18;26;1;1
-57;-18;28;0;1
-57;-18;29;1;1
-57;-18;31;1;1
-57;-18;37;1;1
-57;-18;38;1;1
-57;-17;18;1;1
-57;-17;19;1;1
-57;-17;20;0;1
-57;-17;22;0;1
-57;-17;24;0;1
-57;-17;30;1;1
-57;-17;33;1;1
-57;-17;38;0;1
-57;-16;19;0;1
-57;-16;25;0;1
-57;-16;26;1;1
-57;-16;29;1;1
-57;-16;33;0;1
-57;-16;34;1;1
-57;-16;37;0;1
-57;-15;16;1;1
-57;-15;18;0;1
-57;-15;19;1;1
-57;-15;22;0;1
-57;-15;31;1;1
-57;-14;16;0;1
-57;-14;19;0;1
-57;-14;20;0;1
-57;-14;21;0;1
-57;-14;29;1;1
-57;-14;30;0;1
-57;-14;33;0;1
-57;-14;39;1;1
-57;-13;16;1;1
-57;-13;17;0;1
-57;-13;20;1;1
-57;-13;22;1;1
-57;-13;23;1;1
-57;-13;25;0;1
-57;-13;27;0;1
-57;-13;28;0;1
-57;-13;29;1;1
-57;-13;30;1;1
-57;-13;32;0;1
-57;-13;34;1;1
-57;-13;37;1;1
-57;-13;38;0;1
-57;-12;23;0;1
-57;-12;26;1;1
-57;-12;27;1;1
-57;-12;31;0;1
-57;-12;35;0;1
-57;-12;36;0;1
-57;-12;38;0;1
-57;-12;39;0;1
-57;-11;16;1;1
-57;-11;21;0;1
-57;-11;22;1;1
-57;-11;23;0;1
-57;-11;26;1;1
-57;-11;28;0;1
-57;-11;29;0;1
-57;-11;30;1;1
-57;-11;34;0;1
-57;-11;35;1;1
-57;-11;38;0;1
-57;-11;39;1;1
-57;-11;40;1;1
-57;-10;17;1;1
-57;-10;19;1;1
-57;-10;21;0;1
-57;-10;25;0;1
-57;-10;26;0;1
-57;-10;27;0;1
-57;-10;29;0;1
-57;-10;31;0;1
-57;-10;32;0;1
-57;-10;41;0;1
-57;-9;16;0;1
-57;-9;17;1;1
-57;-9;20;0;1
-57;-9;21;0;1
-57;-9;30;0;1
-57;-9;32;0;1
-57;-9;35;1;1
-57;-9;38;0;1
-57;-9;39;1;1
-57;-9;40;0;1
-57;-8;18;0;1
-57;-8;21;1;1
-57;-8;25;0;1
-57;-8;26;0;1
-57;-8;27;0;1
-57;-8;28;1;1
-57;-8;29;0;1
-57;-8;32;0;1
-57;-8;33;0;1
-57;-8;35;1;1
-57;-8;36;0;1
-57;-8;40;1;1
-57;-7;18;0;1
-57;-7;25;0;1
-57;-7;30;1;1
-57;-7;37;1;1
-57;-7;41;0;1
-57;-6;16;1;1
-57;-6;18;0;1
-57;-6;19;0;1
-57;-6;20;0;1
-57;-6;21;0;1
-57;-6;23;0;1
-57;-6;28;1;1
-57;-6;29;0;1
-57;-6;30;0;1
-57;-6;31;1;1
-57;-6;33;0;1
-57;-6;34;0;1
-57;-6;37;1;1
-57;-5;17;1;1
-57;-5;20;0;1
-57;-5;24;1;1
-57;-5;25;0;1
-57;-5;26;0;1
-57;-5;27;0;1
-57;-5;31;0;1
-57;-5;32;1;1
-57;-5;33;0;1
-57;-5;35;0;1
-57;-5;42;1;1
-57;-4;16;1;1
-57;-4;17;1;1
-57;-4;19;0;1
-57;-4;20;0;1
-57;-4;22;1;1
-57;-4;24;0;1
-57;-4;25;0;1
-57;-4;29;0;1
-57;-4;30;0;1
-57;-4;33;1;1
-57;-4;34;1;1
-57;-4;35;0;1
-57;-4;42;0;1
-57;-3;17;1;1
-57;-3;19;0;1
-57;-3;23;1;1
-57;-3;25;1;1
-57;-3;27;0;1
-57;-3;29;0;1
-57;-3;32;0;1
-57;-3;34;0;1
-57;-3;41;1;1
-57;-2;16;0;1
-57;-2;17;0;1
-57;-2;18;1;1
-57;-2;19;0;1
-57;-2;21;0;1
-57;-2;22;0;1
-57;-2;23;0;1
-57;-2;27;1;1
-57;-2;31;0;1
-57;-2;35;1;1
-57;-2;38;1;1
-57;-2;40;0;1
-57;-1;16;0;1
-57;-1;25;0;1
-57;-1;29;0;1
-57;-1;30;1;1
-57;-1;31;0;1
-57;-1;32;0;1
-57;-1;35;1;1
-57;-1;41;1;1
-57;-1;42;0;1
-57;0;18;1;1
-57;0;20;1;1
-57;0;21;1;1
-57;0;24;0;1
-57;0;25;1;1
-57;0;27;1;1
-57;0;29;0;1
-57;0;31;0;1
-57;0;33;0;1
-57;0;35;1;1
-57;0;37;0;1
-57;0;38;0;1
-57;1;26;1;1
-57;1;27;0;1
-57;1;28;1;1
-57;1;29;0;1
-57;1;31;1;1
-57;1;32;0;1
-57;1;36;0;1
-57;1;39;0;1
-57;1;40;0;1
-57;2;22;0;1
-57;2;25;1;1
-57;2;27;0;1
-57;2;28;0;1
-57;2;29;0;1
-57;2;30;0;1
-57;2;35;0;1
-57;2;36;0;1
-57;2;37;1;1
-57;2;39;1;1
-57;2;40;0;1
-57;2;42;0;1
-57;3;16;0;1
-57;3;17;0;1
-57;3;19;0;1
-57;3;20;1;1
-57;3;21;1;1
-57;3;24;1;1
-57;3;27;0;1
-57;3;35;0;1
-57;3;36;0;1
-57;3;39;0;1
-57;3;42;0;1
-57;4;17;0;1
-57;4;18;1;1
-57;4;19;0;1
-57;4;23;0;1
-57;4;25;0;1
-57;4;26;1;1
-57;4;30;0;1
-57;4;31;0;1
-57;4;34;0;1
-57;4;37;1;1
-57;4;38;1;1
-57;4;39;1;1
-57;4;40;0;1
-57;5;16;0;1
-57;5;17;0;1
-57;5;18;1;1
-57;5;22;0;1
-57;5;24;0;1
-57;5;26;1;1
-57;5;30;0;1
-57;5;31;0;1
-57;5;33;1;1
-57;5;39;1;1
-57;5;40;1;1
-57;5;41;0;1
-57;6;16;0;1
-57;6;20;0;1
-57;6;21;0;1
-57;6;25;0;1
-57;6;31;0;1
-57;6;32;0;1
-57;6;36;1;1
-57;6;37;0;1
-57;6;38;1;1
-57;6;39;1;1
-57;6;40;1;1
-57;6;41;0;1
-57;7;16;0;1
-57;7;17;0;1
-57;7;21;1;1
-57;7;23;0;1
-57;7;35;0;1
-57;7;37;1;1
-57;7;41;0;1
-57;8;16;0;1
-57;8;19;1;1
-57;8;22;0;1
-57;8;25;0;1
-57;8;27;0;1
-57;8;36;0;1
-57;8;38;0;1
-57;8;39;1;1
-57;9;17;1;1
-57;9;20;0;1
-57;9;22;0;1
-57;9;23;1;1
-57;9;24;1;1
-57;9;25;1;1
-57;9;26;0;1
-57;9;29;1;1
-57;9;34;1;1
-57;9;35;0;1
-57;9;36;0;1
-57;9;37;1;1
-57;10;16;1;1
-57;10;19;0;1
-57;10;20;1;1
-57;10;23;0;1
-57;10;28;1;1
-57;10;29;0;1
-57;10;30;1;1
-57;10;31;0;1
-57;10;35;0;1
-57;10;36;0;1
-57;10;37;0;1
-57;11;16;1;1
-57;11;18;1;1
-57;11;21;0;1
-57;11;23;1;1
-57;11;32;0;1
-57;11;35;1;1
-57;11;36;1;1
-57;11;38;0;1
-57;12;19;0;1
-57;12;25;0;1
-57;12;26;0;1
-57;12;28;0;1
-57;12;29;0;1
-57;12;30;1;1
-57;12;31;1;1
-57;12;34;0;1
-57;12;38;0;1
-57;13;20;1;1
-57;13;21;0;1
-57;13;23;1;1
-57;13;24;0;1
-57;13;25;1;1
-57;13;36;1;1
-57;13;40;0;1
-57;14;18;1;1
-57;14;22;1;1
-57;14;23;0;1
-57;14;24;1;1
-57;14;25;0;1
-57;14;27;0;1
-57;14;33;1;1
-57;14;34;0;1
-57;14;36;1;1
-57;14;37;1;1
-57;14;38;0;1
-57;15;16;1;1
-57;15;17;1;1
-57;15;18;0;1
-57;15;19;1;1
-57;15;20;0;1
-57;15;21;0;1
-57;15;24;1;1
-57;15;27;1;1
-57;15;28;0;1
-57;15;30;0;1
-57;15;31;0;1
-57;15;34;1;1
-57;15;35;0;1
-57;16;21;0;1
-57;16;22;1;1
-57;16;23;1;1
-57;16;24;0;1
-57;16;29;0;1
-57;16;33;0;1
-57;16;34;1;1
-57;17;16;0;1
-57;17;22;0;1
-57;17;25;0;1
-57;17;26;0;1
-57;17;36;1;1
-57;17;37;0;1
-57;17;38;0;1
-57;18;18;1;1
-57;18;22;0;1
-57;18;23;1;1
-57;18;24;1;1
-57;18;29;0;1
-57;18;30;1;1
-57;18;31;0;1
-57;18;34;0;1
-57;18;35;0;1
-57;18;36;0;1
-57;18;37;0;1
-57;18;38;0;1
-57;19;21;0;1
-57;19;25;0;1
-57;19;26;0;1
-57;19;27;0;1
-57;19;32;1;1
-57;19;36;1;1
-57;20;18;0;1
-57;20;24;0;1
-57;20;25;1;1
-57;20;26;0;1
-57;20;27;0;1
-57;20;28;0;1
-57;20;30;0;1
-57;20;31;1;1
-57;20;36;0;1
-57;20;37;1;1
-57;21;17;1;1
-57;21;20;1;1
-57;21;21;1;1
-57;21;22;0;1
-57;21;23;1;1
-57;21;24;0;1
-57;21;28;0;1
-57;21;29;0;1
-57;21;30;1;1
-57;21;35;1;1
-57;22;20;1;1
-57;22;21;0;1
-57;22;22;0;1
-57;22;24;1;1
-57;22;27;1;1
-57;22;30;0;1
-57;22;33;0;1
-57;22;36;0;1
-57;23;17;1;1
-57;23;21;0;1
-57;23;26;1;1
-57;23;29;0;1
-57;23;33;0;1
-57;24;17;0;1
-57;24;26;0;1
-57;24;32;0;1
-57;25;22;0;1
-57;25;26;0;1
-57;25;28;1;1
-57;25;29;0;1
-57;25;30;0;1
-57;25;32;0;1
-57;26;19;0;1
-57;26;26;1;1
-57;26;32;0;1
-57;26;33;0;1
-57;27;17;1;1
-57;27;20;0;1
-57;27;22;1;1
-57;27;25;0;1
-57;27;26;1;1
-57;27;29;0;1
-57;28;18;0;1
-57;28;21;0;1
-57;28;22;0;1
-57;28;26;1;1
-57;28;31;0;1
-57;29;20;1;1
-57;29;21;1;1
-57;29;27;0;1
-57;29;28;1;1
-57;29;30;0;1
-57;30;18;0;1
-57;30;20;1;1
-57;30;21;0;1
-57;30;22;0;1
-57;30;23;0;1
-57;30;24;1;1
-57;30;25;0;1
-57;30;27;0;1
-57;30;28;1;1
-57;30;29;0;1
-57;31;19;0;1
-57;31;21;0;1
-57;31;24;1;1
-57;31;25;0;1
-57;31;27;1;1
-57;32;18;0;1
-57;32;21;0;1
-57;32;22;1;1
-57;32;23;1;1
-57;32;24;1;1
-57;33;19;0;1
-57;33;21;0;1
-57;33;26;1;1
-57;34;20;1;1
-57;34;21;1;1
-57;34;23;0;1
-57;35;18;0;1
-57;35;20;1;1
-57;35;21;0;1
-57;35;22;0;1
-57;36;19;1;1
-57;36;21;1;1
-56;-39;19;1;1
-56;-38;21;0;1
-56;-37;20;1;1
-56;-37;21;1;1
-56;-36;19;1;1
-56;-36;21;0;1
-56;-35;19;0;1
-56;-35;25;0;1
-56;-35;26;1;1
-56;-34;19;1;1
-56;-34;20;0;1
-56;-34;21;1;1
-56;-34;22;0;1
-56;-34;24;1;1
-56;-34;25;1;1
-56;-34;26;0;1
-56;-33;18;1;1
-56;-33;20;0;1
-56;-33;26;0;1
-56;-33;28;0;1
-56;-32;20;1;1
-56;-32;23;0;1
-56;-32;28;0;1
-56;-32;29;1;1
-56;-31;18;1;1
-56;-31;26;0;1
-56;-31;29;0;1
-56;-31;30;0;1
-56;-30;18;0;1
-56;-30;22;0;1
-56;-30;27;0;1
-56;-30;28;0;1
-56;-30;30;0;1
-56;-29;18;0;1
-56;-29;19;1;1
-56;-29;32;1;1
-56;-28;17;1;1
-56;-28;23;1;1
-56;-28;24;1;1
-56;-28;26;0;1
-56;-28;28;0;1
-56;-28;29;0;1
-56;-28;30;1;1
-56;-27;20;1;1
-56;-27;21;0;1
-56;-27;23;0;1
-56;-27;24;0;1
-56;-27;26;0;1
-56;-27;28;0;1
-56;-27;29;0;1
-56;-26;21;0;1
-56;-26;22;0;1
-56;-26;25;1;1
-56;-26;26;0;1
-56;-26;28;0;1
-56;-26;29;0;1
-56;-26;30;0;1
-56;-26;31;0;1
-56;-26;32;1;1
-56;-26;33;1;1
-56;-26;35;0;1
-56;-25;20;0;1
-56;-25;22;1;1
-56;-25;23;1;1
-56;-25;25;0;1
-56;-25;28;1;1
-56;-25;30;0;1
-56;-25;34;1;1
-56;-24;17;0;1
-56;-24;19;1;1
-56;-24;21;0;1
-56;-24;23;1;1
-56;-24;26;1;1
-56;-24;30;0;1
-56;-24;31;0;1
-56;-24;33;0;1
-56;-24;34;0;1
-56;-23;17;1;1
-56;-23;19;0;1
-56;-23;24;0;1
-56;-23;25;0;1
-56;-23;31;1;1
-56;-23;32;1;1
-56;-23;33;0;1
-56;-23;36;1;1
-56;-23;37;0;1
-56;-22;18;0;1
-56;-22;24;1;1
-56;-22;25;0;1
-56;-22;28;0;1
-56;-22;29;0;1
-56;-22;32;0;1
-56;-22;33;0;1
-56;-22;34;1;1
-56;-22;36;0;1
-56;-22;37;1;1
-56;-21;18;1;1
-56;-21;20;1;1
-56;-21;21;0;1
-56;-21;25;0;1
-56;-21;27;0;1
-56;-21;28;0;1
-56;-21;32;0;1
-56;-21;35;0;1
-56;-20;16;1;1
-56;-20;19;1;1
-56;-20;20;1;1
-56;-20;24;1;1
-56;-20;26;1;1
-56;-20;30;0;1
-56;-20;31;1;1
-56;-20;32;0;1
-56;-20;35;1;1
-56;-19;16;1;1
-56;-19;20;0;1
-56;-19;22;1;1
-56;-19;25;0;1
-56;-19;27;1;1
-56;-19;28;1;1
-56;-19;29;1;1
-56;-19;30;0;1
-56;-19;31;0;1
-56;-19;33;0;1
-56;-19;34;0;1
-56;-19;36;1;1
-56;-18;18;1;1
-56;-18;21;0;1
-56;-18;22;0;1
-56;-18;23;0;1
-56;-18;24;0;1
-56;-18;26;0;1
-56;-18;30;1;1
-56;-18;33;0;1
-56;-18;36;1;1
-56;-18;37;0;1
-56;-18;38;1;1
-56;-17;18;0;1
-56;-17;19;0;1
-56;-17;20;0;1
-56;-17;21;0;1
-56;-17;22;0;1
-56;-17;24;0;1
-56;-17;25;0;1
-56;-17;28;0;1
-56;-17;29;1;1
-56;-17;35;0;1
-56;-16;16;1;1
-56;-16;18;0;1
-56;-16;19;0;1
-56;-16;20;0;1
-56;-16;24;0;1
-56;-16;25;0;1
-56;-16;26;0;1
-56;-16;27;0;1
-56;-16;29;1;1
-56;-16;32;0;1
-56;-16;34;1;1
-56;-16;35;1;1
-56;-16;39;0;1
-56;-16;40;1;1
-56;-15;19;0;1
-56;-15;21;1;1
-56;-15;23;0;1
-56;-15;25;0;1
-56;-15;27;1;1
-56;-15;31;0;1
-56;-15;33;0;1
-56;-15;37;1;1
-56;-15;38;0;1
-56;-14;17;0;1
-56;-14;25;1;1
-56;-14;32;0;1
-56;-14;33;0;1
-56;-14;35;0;1
-56;-14;41;0;1
-56;-13;21;1;1
-56;-13;26;0;1
-56;-13;29;1;1
-56;-13;30;1;1
-56;-13;32;0;1
-56;-13;39;0;1
-56;-13;40;1;1
-56;-12;17;1;1
-56;-12;18;0;1
-56;-12;19;0;1
-56;-12;20;1;1
-56;-12;23;0;1
-56;-12;24;0;1
-56;-12;26;1;1
-56;-12;27;1;1
-56;-12;29;1;1
-56;-12;30;1;1
-56;-12;31;0;1
-56;-12;32;1;1
-56;-12;38;0;1
-56;-12;39;0;1
-56;-12;41;1;1
-56;-11;18;0;1
-56;-11;21;1;1
-56;-11;25;0;1
-56;-11;26;1;1
-56;-11;27;0;1
-56;-11;29;1;1
-56;-11;30;0;1
-56;-11;31;0;1
-56;-11;33;1;1
-56;-11;34;0;1
-56;-11;37;1;1
-56;-11;39;1;1
-56;-11;42;1;1
-56;-10;24;1;1
-56;-10;25;1;1
-56;-10;31;0;1
-56;-10;33;1;1
-56;-10;35;0;1
-56;-10;38;1;1
-56;-9;19;1;1
-56;-9;20;0;1
-56;-9;23;1;1
-56;-9;24;0;1
-56;-9;25;1;1
-56;-9;27;0;1
-56;-9;28;0;1
-56;-9;30;0;1
-56;-9;32;0;1
-56;-9;36;1;1
-56;-9;38;0;1
-56;-9;40;0;1
-56;-9;42;1;1
-56;-8;16;0;1
-56;-8;19;1;1
-56;-8;24;1;1
-56;-8;26;0;1
-56;-8;29;1;1
-56;-8;30;0;1
-56;-8;31;0;1
-56;-8;38;1;1
-56;-8;39;0;1
-56;-7;21;0;1
-56;-7;23;0;1
-56;-7;24;0;1
-56;-7;28;0;1
-56;-7;29;0;1
-56;-7;33;0;1
-56;-7;36;0;1
-56;-7;37;0;1
-56;-7;40;1;1
-56;-7;41;1;1
-56;-7;42;0;1
-56;-7;43;1;1
-56;-6;16;1;1
-56;-6;22;0;1
-56;-6;23;0;1
-56;-6;24;0;1
-56;-6;27;1;1
-56;-6;36;0;1
-56;-6;38;1;1
-56;-6;39;0;1
-56;-6;41;0;1
-56;-5;19;1;1
-56;-5;22;0;1
-56;-5;23;0;1
-56;-5;25;0;1
-56;-5;26;0;1
-56;-5;30;1;1
-56;-5;31;0;1
-56;-5;32;1;1
-56;-5;35;1;1
-56;-5;40;0;1
-56;-5;43;0;1
-56;-4;16;0;1
-56;-4;17;1;1
-56;-4;18;0;1
-56;-4;19;1;1
-56;-4;29;0;1
-56;-4;30;1;1
-56;-4;33;0;1
-56;-4;34;0;1
-56;-4;36;1;1
-56;-4;38;0;1
-56;-3;21;1;1
-56;-3;23;0;1
-56;-3;25;0;1
-56;-3;27;0;1
-56;-3;28;1;1
-56;-3;29;0;1
-56;-3;33;1;1
-56;-3;35;1;1
-56;-3;36;0;1
-56;-3;40;0;1
-56;-3;41;1;1
-56;-3;43;1;1
-56;-2;17;0;1
-56;-2;23;0;1
-56;-2;25;0;1
-56;-2;27;0;1
-56;-2;30;0;1
-56;-2;33;0;1
-56;-2;35;0;1
-56;-2;37;1;1
-56;-2;39;1;1
-56;-2;41;1;1
-56;-2;42;1;1
-56;-1;16;0;1
-56;-1;18;0;1
-56;-1;19;0;1
-56;-1;22;0;1
-56;-1;23;1;1
-56;-1;25;0;1
-56;-1;27;0;1
-56;-1;31;0;1
-56;-1;33;1;1
-56;-1;35;0;1
-56;-1;36;0;1
-56;-1;39;0;1
-56;-1;40;0;1
-56;-1;42;0;1
-56;-1;43;0;1
-56;0;16;0;1
-56;0;17;1;1
-56;0;23;0;1
-56;0;29;1;1
-56;0;32;1;1
-56;0;33;1;1
-56;0;35;1;1
-56;0;36;0;1
-56;0;38;0;1
-56;0;39;0;1
-56;0;40;1;1
-56;0;41;0;1
-56;0;43;0;1
-56;1;16;0;1
-56;1;17;1;1
-56;1;22;0;1
-56;1;26;0;1
-56;1;28;0;1
-56;1;31;0;1
-56;1;33;0;1
-56;1;34;1;1
-56;1;36;0;1
-56;1;41;0;1
-56;1;42;0;1
-56;2;17;0;1
-56;2;21;0;1
-56;2;26;0;1
-56;2;28;0;1
-56;2;32;0;1
-56;2;34;1;1
-56;2;36;0;1
-56;2;41;0;1
-56;2;43;1;1
-56;3;17;0;1
-56;3;22;0;1
-56;3;24;0;1
-56;3;25;1;1
-56;3;31;1;1
-56;3;32;1;1
-56;3;34;0;1
-56;3;38;1;1
-56;3;39;0;1
-56;3;42;1;1
-56;3;43;0;1
-56;4;20;1;1
-56;4;21;0;1
-56;4;23;0;1
-56;4;24;1;1
-56;4;25;0;1
-56;4;27;1;1
-56;4;28;1;1
-56;4;31;1;1
-56;4;32;0;1
-56;4;37;0;1
-56;4;42;0;1
-56;4;43;0;1
-56;5;17;1;1
-56;5;18;1;1
-56;5;19;1;1
-56;5;22;0;1
-56;5;24;1;1
-56;5;25;0;1
-56;5;29;1;1
-56;5;31;1;1
-56;5;32;0;1
-56;5;36;1;1
-56;5;37;0;1
-56;6;16;0;1
-56;6;17;0;1
-56;6;18;0;1
-56;6;21;0;1
-56;6;24;0;1
-56;6;32;0;1
-56;6;34;0;1
-56;6;36;0;1
-56;6;40;0;1
-56;7;17;1;1
-56;7;21;0;1
-56;7;22;0;1
-56;7;24;0;1
-56;7;27;0;1
-56;7;30;0;1
-56;7;31;1;1
-56;7;32;1;1
-56;7;33;0;1
-56;7;34;0;1
-56;7;36;0;1
-56;7;37;1;1
-56;7;38;0;1
-56;7;39;0;1
-56;7;40;1;1
-56;7;41;0;1
-56;7;43;0;1
-56;8;16;1;1
-56;8;23;0;1
-56;8;24;0;1
-56;8;27;0;1
-56;8;29;0;1
-56;8;31;0;1
-56;8;33;0;1
-56;8;35;1;1
-56;8;36;1;1
-56;8;37;1;1
-56;8;40;1;1
-56;8;41;0;1
-56;8;42;0;1
-56;9;17;0;1
-56;9;19;0;1
-56;9;20;0;1
-56;9;23;1;1
-56;9;27;1;1
-56;9;29;0;1
-56;9;31;0;1
-56;9;33;0;1
-56;9;35;1;1
-56;9;36;0;1
-56;9;38;0;1
-56;9;39;1;1
-56;9;40;0;1
-56;10;17;1;1
-56;10;19;0;1
-56;10;20;0;1
-56;10;23;1;1
-56;10;25;0;1
-56;10;32;1;1
-56;10;33;1;1
-56;10;34;0;1
-56;10;36;1;1
-56;10;37;1;1
-56;10;41;0;1
-56;10;42;1;1
-56;11;17;0;1
-56;11;20;1;1
-56;11;21;0;1
-56;11;25;0;1
-56;11;26;1;1
-56;11;30;0;1
-56;11;31;1;1
-56;11;37;1;1
-56;11;41;0;1
-56;11;42;1;1
-56;12;16;0;1
-56;12;20;0;1
-56;12;21;0;1
-56;12;25;1;1
-56;12;29;1;1
-56;12;32;0;1
-56;12;34;0;1
-56;12;36;1;1
-56;12;37;1;1
-56;12;40;1;1
-56;13;17;0;1
-56;13;18;1;1
-56;13;19;1;1
-56;13;20;0;1
-56;13;25;0;1
-56;13;26;0;1
-56;13;30;1;1
-56;13;31;1;1
-56;13;34;0;1
-56;13;36;0;1
-56;13;38;0;1
-56;13;39;0;1
-56;13;41;0;1
-56;14;17;0;1
-56;14;18;0;1
-56;14;26;0;1
-56;14;36;1;1
-56;14;39;0;1
-56;14;41;0;1
-56;15;16;0;1
-56;15;17;1;1
-56;15;19;0;1
-56;15;23;0;1
-56;15;25;1;1
-56;15;32;0;1
-56;15;33;0;1
-56;16;16;0;1
-56;16;18;0;1
-56;16;22;0;1
-56;16;24;1;1
-56;16;26;0;1
-56;16;29;0;1
-56;16;30;1;1
-56;16;32;1;1
-56;16;33;1;1
-56;16;36;0;1
-56;16;40;0;1
-56;17;16;0;1
-56;17;18;0;1
-56;17;23;0;1
-56;17;28;0;1
-56;17;31;0;1
-56;17;33;0;1
-56;17;35;0;1
-56;17;37;0;1
-56;18;16;0;1
-56;18;17;1;1
-56;18;27;0;1
-56;18;32;0;1
-56;18;35;1;1
-56;19;19;0;1
-56;19;27;0;1
-56;19;28;1;1
-56;19;29;0;1
-56;19;30;0;1
-56;19;32;0;1
-56;19;33;0;1
-56;19;35;0;1
-56;20;16;1;1
-56;20;18;1;1
-56;20;19;0;1
-56;20;23;1;1
-56;20;24;1;1
-56;20;25;1;1
-56;20;26;0;1
-56;20;27;0;1
-56;20;32;1;1
-56;20;34;1;1
-56;20;35;0;1
-56;21;19;0;1
-56;21;21;1;1
-56;21;30;0;1
-56;21;31;0;1
-56;21;33;0;1
-56;21;34;0;1
-56;22;22;0;1
-56;22;23;1;1
-56;22;26;0;1
-56;22;27;0;1
-56;22;28;0;1
-56;22;29;0;1
-56;22;30;1;1
-56;22;31;0;1
-56;22;32;1;1
-56;22;36;1;1
-56;22;37;0;1
-56;23;18;0;1
-56;23;22;0;1
-56;23;24;1;1
-56;23;26;0;1
-56;23;31;1;1
-56;23;35;0;1
-56;23;36;0;1
-56;24;19;0;1
-56;24;23;1;1
-56;24;25;0;1
-56;24;26;0;1
-56;24;28;0;1
-56;24;31;0;1
-56;24;34;1;1
-56;24;35;1;1
-56;24;36;1;1
-56;25;21;0;1
-56;25;22;1;1
-56;25;24;1;1
-56;25;25;1;1
-56;25;26;1;1
-56;25;27;1;1
-56;25;31;1;1
-56;25;32;1;1
-56;25;34;1;1
-56;25;35;1;1
-56;26;19;0;1
-56;26;23;1;1
-56;26;25;0;1
-56;26;29;1;1
-56;26;30;0;1
-56;26;35;1;1
-56;27;17;0;1
-56;27;21;1;1
-56;27;22;1;1
-56;27;24;0;1
-56;27;27;0;1
-56;27;29;0;1
-56;27;30;0;1
-56;27;33;0;1
-56;27;34;0;1
-56;28;18;0;1
-56;28;20;0;1
-56;28;22;1;1
-56;28;27;0;1
-56;28;30;0;1
-56;28;32;0;1
-56;29;20;0;1
-56;29;21;1;1
-56;29;22;0;1
-56;29;23;0;1
-56;29;28;1;1
-56;29;30;0;1
-56;30;19;1;1
-56;30;20;0;1
-56;30;24;1;1
-56;30;25;0;1
-56;30;26;1;1
-56;30;30;0;1
-56;30;31;1;1
-56;31;23;1;1
-56;31;26;0;1
-56;31;27;0;1
-56;31;28;1;1
-56;32;21;0;1
-56;32;25;0;1
-56;32;27;0;1
-56;32;29;1;1
-56;33;22;1;1
-56;33;23;0;1
-56;33;25;0;1
-56;33;27;1;1
-56;33;28;1;1
-56;34;20;0;1
-56;34;23;1;1
-56;34;24;1;1
-56;34;26;0;1
-56;34;27;0;1
-56;35;19;1;1
-56;35;20;1;1
-56;35;23;0;1
-56;35;26;0;1
-56;36;18;0;1
-56;36;23;1;1
-56;37;21;0;1
-56;38;20;1;1
-55;-39;19;0;1
-55;-39;20;0;1
-55;-38;18;0;1
-55;-38;20;0;1
-55;-38;23;0;1
-55;-37;19;0;1
-55;-37;20;0;1
-55;-37;22;1;1
-55;-37;24;0;1
-55;-37;25;1;1
-55;-36;18;1;1
-55;-36;20;0;1
-55;-36;21;0;1
-55;-36;23;0;1
-55;-36;25;0;1
-55;-35;19;1;1
-55;-35;20;0;1
-55;-35;21;1;1
-55;-35;25;0;1
-55;-35;26;0;1
-55;-35;28;0;1
-55;-34;23;1;1
-55;-34;26;1;1
-55;-34;28;0;1
-55;-33;19;1;1
-55;-33;22;0;1
-55;-33;26;0;1
-55;-32;23;1;1
-55;-32;27;1;1
-55;-32;30;0;1
-55;-31;17;1;1
-55;-31;18;0;1
-55;-31;19;1;1
-55;-31;20;1;1
-55;-31;23;0;1
-55;-31;27;0;1
-55;-31;30;0;1
-55;-30;17;0;1
-55;-30;19;0;1
-55;-30;20;0;1
-55;-30;23;1;1
-55;-30;25;0;1
-55;-30;31;1;1
-55;-30;32;0;1
-55;-29;18;1;1
-55;-29;23;0;1
-55;-29;24;1;1
-55;-29;25;0;1
-55;-29;26;0;1
-55;-29;29;1;1
-55;-29;31;0;1
-55;-29;32;0;1
-55;-28;17;0;1
-55;-28;20;1;1
-55;-28;22;0;1
-55;-28;24;1;1
-55;-28;25;0;1
-55;-27;17;1;1
-55;-27;25;0;1
-55;-27;26;0;1
-55;-27;28;0;1
-55;-27;31;0;1
-55;-26;19;0;1
-55;-26;21;0;1
-55;-26;22;0;1
-55;-26;23;1;1
-55;-26;24;0;1
-55;-26;26;1;1
-55;-26;27;0;1
-55;-26;28;1;1
-55;-26;29;0;1
-55;-26;30;0;1
-55;-26;32;1;1
-55;-26;33;0;1
-55;-26;35;0;1
-55;-25;17;0;1
-55;-25;22;0;1
-55;-25;24;1;1
-55;-25;25;0;1
-55;-25;27;1;1
-55;-25;30;0;1
-55;-25;31;0;1
-55;-25;32;0;1
-55;-24;25;0;1
-55;-24;26;0;1
-55;-24;28;0;1
-55;-24;29;0;1
-55;-24;31;0;1
-55;-24;33;0;1
-55;-24;36;1;1
-55;-24;37;0;1
-55;-23;18;0;1
-55;-23;20;1;1
-55;-23;26;0;1
-55;-23;28;0;1
-55;-23;29;1;1
-55;-22;16;0;1
-55;-22;18;1;1
-55;-22;19;0;1
-55;-22;22;1;1
-55;-22;25;0;1
-55;-22;28;1;1
-55;-22;32;0;1
-55;-22;33;0;1
-55;-22;34;0;1
-55;-22;36;0;1
-55;-22;39;0;1
-55;-21;16;0;1
-55;-21;17;0;1
-55;-21;19;1;1
-55;-21;22;0;1
-55;-21;26;0;1
-55;-21;27;1;1
-55;-21;30;1;1
-55;-21;33;0;1
-55;-21;36;1;1
-55;-21;38;1;1
-55;-20;16;1;1
-55;-20;17;0;1
-55;-20;20;0;1
-55;-20;22;0;1
-55;-20;29;1;1
-55;-20;30;0;1
-55;-20;31;0;1
-55;-20;32;0;1
-55;-20;34;0;1
-55;-20;37;1;1
-55;-20;38;1;1
-55;-19;17;0;1
-55;-19;21;0;1
-55;-19;22;1;1
-55;-19;23;0;1
-55;-19;33;0;1
-55;-19;34;1;1
-55;-19;36;0;1
-55;-19;37;0;1
-55;-19;38;0;1
-55;-18;17;0;1
-55;-18;20;0;1
-55;-18;24;0;1
-55;-18;25;0;1
-55;-18;29;0;1
-55;-18;30;0;1
-55;-18;32;1;1
-55;-18;34;1;1
-55;-18;36;0;1
-55;-18;40;0;1
-55;-18;41;0;1
-55;-17;16;0;1
-55;-17;19;0;1
-55;-17;20;1;1
-55;-17;21;0;1
-55;-17;26;0;1
-55;-17;28;0;1
-55;-17;29;0;1
-55;-17;31;0;1
-55;-17;32;0;1
-55;-17;34;0;1
-55;-17;38;1;1
-55;-17;40;0;1
-55;-16;17;0;1
-55;-16;20;0;1
-55;-16;21;0;1
-55;-16;22;1;1
-55;-16;23;1;1
-55;-16;26;0;1
-55;-16;28;0;1
-55;-16;31;0;1
-55;-16;34;0;1
-55;-16;36;0;1
-55;-16;41;0;1
-55;-15;20;0;1
-55;-15;21;0;1
-55;-15;23;1;1
-55;-15;26;0;1
-55;-15;27;1;1
-55;-15;30;0;1
-55;-15;31;1;1
-55;-15;34;0;1
-55;-15;35;0;1
-55;-15;37;1;1
-55;-15;38;1;1
-55;-15;40;1;1
-55;-14;17;0;1
-55;-14;19;0;1
-55;-14;20;0;1
-55;-14;22;0;1
-55;-14;25;1;1
-55;-14;26;1;1
-55;-14;30;1;1
-55;-14;31;0;1
-55;-14;33;0;1
-55;-14;39;1;1
-55;-13;16;0;1
-55;-13;18;0;1
-55;-13;19;0;1
-55;-13;23;0;1
-55;-13;26;0;1
-55;-13;31;0;1
-55;-13;32;1;1
-55;-13;33;0;1
-55;-13;35;1;1
-55;-13;37;0;1
-55;-13;38;0;1
-55;-13;41;0;1
-55;-13;42;0;1
-55;-13;43;1;1
-55;-12;16;1;1
-55;-12;22;0;1
-55;-12;23;0;1
-55;-12;29;0;1
-55;-12;31;0;1
-55;-12;32;1;1
-55;-12;34;1;1
-55;-12;35;1;1
-55;-12;39;1;1
-55;-12;40;0;1
-55;-11;16;0;1
-55;-11;17;0;1
-55;-11;18;0;1
-55;-11;19;0;1
-55;-11;20;1;1
-55;-11;22;0;1
-55;-11;26;1;1
-55;-11;27;0;1
-55;-11;29;1;1
-55;-11;30;1;1
-55;-11;34;0;1
-55;-11;37;1;1
-55;-11;38;0;1
-55;-11;41;0;1
-55;-11;42;0;1
-55;-11;43;1;1
-55;-10;16;0;1
-55;-10;17;1;1
-55;-10;23;0;1
-55;-10;24;1;1
-55;-10;26;0;1
-55;-10;27;1;1
-55;-10;34;1;1
-55;-10;36;0;1
-55;-10;37;0;1
-55;-10;40;0;1
-55;-10;42;0;1
-55;-10;43;0;1
-55;-9;16;0;1
-55;-9;20;0;1
-55;-9;21;1;1
-55;-9;22;1;1
-55;-9;23;0;1
-55;-9;24;1;1
-55;-9;25;0;1
-55;-9;28;0;1
-55;-9;29;0;1
-55;-9;30;1;1
-55;-9;33;1;1
-55;-9;38;1;1
-55;-9;40;0;1
-55;-9;41;0;1
-55;-9;43;1;1
-55;-8;16;0;1
-55;-8;17;1;1
-55;-8;20;0;1
-55;-8;21;1;1
-55;-8;22;1;1
-55;-8;23;1;1
-55;-8;24;0;1
-55;-8;25;1;1
-55;-8;26;0;1
-55;-8;28;0;1
-55;-8;32;1;1
-55;-8;33;0;1
-55;-8;34;0;1
-55;-8;35;1;1
-55;-8;36;1;1
-55;-8;39;0;1
-55;-8;40;1;1
-55;-8;41;0;1
-55;-8;42;1;1
-55;-8;44;0;1
-55;-7;17;1;1
-55;-7;26;1;1
-55;-7;27;0;1
-55;-7;28;0;1
-55;-7;34;1;1
-55;-7;35;1;1
-55;-7;37;1;1
-55;-7;38;1;1
-55;-7;40;0;1
-55;-7;41;1;1
-55;-7;42;0;1
-55;-6;17;0;1
-55;-6;19;1;1
-55;-6;20;1;1
-55;-6;27;0;1
-55;-6;36;0;1
-55;-6;37;0;1
-55;-6;41;0;1
-55;-6;43;0;1
-55;-5;15;0;1
-55;-5;17;0;1
-55;-5;24;1;1
-55;-5;25;0;1
-55;-5;26;0;1
-55;-5;29;1;1
-55;-5;31;0;1
-55;-5;35;1;1
-55;-5;39;1;1
-55;-5;41;0;1
-55;-5;44;0;1
-55;-4;16;0;1
-55;-4;17;0;1
-55;-4;23;1;1
-55;-4;25;0;1
-55;-4;27;0;1
-55;-4;31;0;1
-55;-4;33;0;1
-55;-4;40;0;1
-55;-4;43;0;1
-55;-4;44;0;1
-55;-3;15;0;1
-55;-3;17;1;1
-55;-3;18;0;1
-55;-3;22;0;1
-55;-3;23;0;1
-55;-3;24;0;1
-55;-3;34;1;1
-55;-3;35;0;1
-55;-3;38;0;1
-55;-3;39;1;1
-55;-3;41;1;1
-55;-3;42;0;1
-55;-3;44;1;1
-55;-2;18;0;1
-55;-2;19;0;1
-55;-2;21;1;1
-55;-2;25;0;1
-55;-2;26;0;1
-55;-2;28;0;1
-55;-2;29;0;1
-55;-2;30;0;1
-55;-2;31;0;1
-55;-2;32;0;1
-55;-2;33;0;1
-55;-2;35;0;1
-55;-2;37;1;1
-55;-2;38;0;1
-55;-2;39;1;1
-55;-2;41;0;1
-55;-2;42;0;1
-55;-1;16;0;1
-55;-1;17;0;1
-55;-1;19;1;1
-55;-1;20;0;1
-55;-1;22;0;1
-55;-1;24;0;1
-55;-1;25;0;1
-55;-1;26;1;1
-55;-1;32;1;1
-55;-1;33;0;1
-55;-1;36;0;1
-55;-1;37;1;1
-55;-1;41;0;1
-55;-1;43;0;1
-55;0;15;0;1
-55;0;17;1;1
-55;0;27;0;1
-55;0;28;0;1
-55;0;29;0;1
-55;0;30;0;1
-55;0;31;1;1
-55;0;38;1;1
-55;0;39;0;1
-55;0;43;1;1
-55;0;44;1;1
-55;1;16;0;1
-55;1;17;0;1
-55;1;18;1;1
-55;1;19;0;1
-55;1;24;0;1
-55;1;26;1;1
-55;1;30;0;1
-55;1;31;0;1
-55;1;32;1;1
-55;1;34;0;1
-55;1;36;0;1
-55;1;39;1;1
-55;1;41;1;1
-55;1;44;1;1
-55;2;15;1;1
-55;2;16;1;1
-55;2;20;0;1
-55;2;22;0;1
-55;2;28;1;1
-55;2;33;0;1
-55;2;35;0;1
-55;2;36;1;1
-55;2;38;0;1
-55;2;42;1;1
-55;2;43;0;1
-55;2;44;0;1
-55;3;16;0;1
-55;3;17;0;1
-55;3;19;0;1
-55;3;22;0;1
-55;3;23;0;1
-55;3;24;0;1
-55;3;26;1;1
-55;3;27;0;1
-55;3;28;1;1
-55;3;33;0;1
-55;3;34;0;1
-55;3;39;1;1
-55;3;42;1;1
-55;4;16;1;1
-55;4;18;0;1
-55;4;19;1;1
-55;4;23;1;1
-55;4;25;1;1
-55;4;26;0;1
-55;4;28;1;1
-55;4;32;1;1
-55;4;34;0;1
-55;4;41;0;1
-55;4;42;0;1
-55;4;44;1;1
-55;5;16;1;1
-55;5;18;1;1
-55;5;21;0;1
-55;5;22;1;1
-55;5;24;0;1
-55;5;26;1;1
-55;5;31;0;1
-55;5;32;1;1
-55;5;34;0;1
-55;5;35;0;1
-55;5;38;1;1
-55;5;41;0;1
-55;5;42;0;1
-55;6;17;0;1
-55;6;20;0;1
-55;6;22;0;1
-55;6;31;0;1
-55;6;33;0;1
-55;6;35;0;1
-55;6;36;0;1
-55;6;40;1;1
-55;6;41;1;1
-55;6;43;0;1
-55;7;16;0;1
-55;7;21;0;1
-55;7;23;1;1
-55;7;25;1;1
-55;7;26;0;1
-55;7;27;1;1
-55;7;28;1;1
-55;7;30;0;1
-55;7;33;0;1
-55;7;34;0;1
-55;7;37;1;1
-55;7;39;0;1
-55;8;20;0;1
-55;8;22;0;1
-55;8;26;1;1
-55;8;27;1;1
-55;8;29;1;1
-55;8;30;1;1
-55;8;32;0;1
-55;8;38;0;1
-55;8;40;0;1
-55;8;42;0;1
-55;9;15;0;1
-55;9;16;0;1
-55;9;18;0;1
-55;9;20;1;1
-55;9;21;1;1
-55;9;24;0;1
-55;9;25;1;1
-55;9;26;1;1
-55;9;30;1;1
-55;9;31;0;1
-55;9;33;1;1
-55;9;44;0;1
-55;10;18;0;1
-55;10;19;0;1
-55;10;22;0;1
-55;10;23;1;1
-55;10;25;0;1
-55;10;28;0;1
-55;10;30;0;1
-55;10;31;0;1
-55;10;32;1;1
-55;10;33;0;1
-55;10;35;0;1
-55;10;37;0;1
-55;10;38;0;1
-55;10;39;1;1
-55;10;40;0;1
-55;10;41;0;1
-55;10;42;0;1
-55;11;20;0;1
-55;11;21;0;1
-55;11;23;0;1
-55;11;24;1;1
-55;11;26;1;1
-55;11;27;1;1
-55;11;28;0;1
-55;11;29;0;1
-55;11;38;0;1
-55;11;41;0;1
-55;11;43;1;1
-55;12;17;0;1
-55;12;19;1;1
-55;12;23;1;1
-55;12;25;0;1
-55;12;26;0;1
-55;12;28;1;1
-55;12;30;0;1
-55;12;33;0;1
-55;12;34;0;1
-55;12;35;0;1
-55;12;36;0;1
-55;12;37;1;1
-55;12;43;0;1
-55;13;16;1;1
-55;13;17;1;1
-55;13;19;0;1
-55;13;21;1;1
-55;13;23;0;1
-55;13;30;0;1
-55;13;32;0;1
-55;13;34;0;1
-55;13;37;0;1
-55;13;41;0;1
-55;14;18;1;1
-55;14;21;0;1
-55;14;23;0;1
-55;14;26;0;1
-55;14;27;0;1
-55;14;29;1;1
-55;14;30;0;1
-55;14;32;1;1
-55;14;36;0;1
-55;14;38;1;1
-55;14;39;0;1
-55;14;40;1;1
-55;15;16;1;1
-55;15;17;1;1
-55;15;19;0;1
-55;15;21;0;1
-55;15;22;1;1
-55;15;23;1;1
-55;15;25;0;1
-55;15;26;0;1
-55;15;29;0;1
-55;15;30;0;1
-55;15;31;0;1
-55;15;37;0;1
-55;15;41;0;1
-55;16;17;0;1
-55;16;24;1;1
-55;16;26;0;1
-55;16;27;1;1
-55;16;32;0;1
-55;16;34;1;1
-55;16;35;0;1
-55;16;40;0;1
-55;16;42;1;1
-55;17;16;0;1
-55;17;21;0;1
-55;17;22;0;1
-55;17;24;0;1
-55;17;25;0;1
-55;17;30;1;1
-55;17;31;0;1
-55;17;32;0;1
-55;17;34;0;1
-55;17;36;1;1
-55;17;40;0;1
-55;18;21;0;1
-55;18;22;1;1
-55;18;23;0;1
-55;18;24;0;1
-55;18;29;1;1
-55;18;30;0;1
-55;18;32;0;1
-55;18;33;0;1
-55;18;41;1;1
-55;19;18;0;1
-55;19;19;0;1
-55;19;20;0;1
-55;19;22;1;1
-55;19;24;0;1
-55;19;27;0;1
-55;19;31;0;1
-55;19;35;1;1
-55;19;36;0;1
-55;19;40;0;1
-55;20;20;1;1
-55;20;28;1;1
-55;20;29;1;1
-55;20;31;0;1
-55;20;33;0;1
-55;20;34;1;1
-55;20;39;1;1
-55;21;17;0;1
-55;21;20;1;1
-55;21;21;0;1
-55;21;23;0;1
-55;21;24;1;1
-55;21;25;0;1
-55;21;26;0;1
-55;21;27;0;1
-55;21;30;0;1
-55;21;32;0;1
-55;21;35;0;1
-55;21;36;0;1
-55;21;37;0;1
-55;22;17;0;1
-55;22;18;0;1
-55;22;21;0;1
-55;22;23;1;1
-55;22;24;1;1
-55;22;25;1;1
-55;22;29;0;1
-55;22;30;1;1
-55;22;35;1;1
-55;23;20;0;1
-55;23;22;1;1
-55;23;27;0;1
-55;23;31;1;1
-55;24;17;1;1
-55;24;19;1;1
-55;24;24;1;1
-55;24;25;1;1
-55;24;27;0;1
-55;24;29;0;1
-55;24;33;0;1
-55;24;34;1;1
-55;24;37;0;1
-55;25;18;1;1
-55;25;21;1;1
-55;25;22;1;1
-55;25;29;0;1
-55;26;19;0;1
-55;27;17;0;1
-55;27;19;0;1
-55;27;21;0;1
-55;27;22;0;1
-55;27;25;0;1
-55;27;26;0;1
-55;27;28;1;1
-55;27;30;0;1
-55;27;31;1;1
-55;27;33;0;1
-55;27;34;0;1
-55;27;35;1;1
-55;28;19;0;1
-55;28;20;0;1
-55;28;23;0;1
-55;28;28;0;1
-55;28;30;0;1
-55;28;31;0;1
-55;28;32;0;1
-55;28;33;0;1
-55;29;17;0;1
-55;29;18;1;1
-55;29;19;1;1
-55;29;27;0;1
-55;29;30;1;1
-55;29;32;0;1
-55;30;17;0;1
-55;30;18;0;1
-55;30;19;0;1
-55;30;26;0;1
-55;30;29;0;1
-55;31;18;0;1
-55;31;19;0;1
-55;31;22;0;1
-55;31;25;0;1
-55;31;26;0;1
-55;31;31;1;1
-55;31;32;1;1
-55;32;18;0;1
-55;32;20;1;1
-55;32;22;1;1
-55;32;23;0;1
-55;32;28;0;1
-55;32;30;1;1
-55;32;31;1;1
-55;33;19;0;1
-55;33;22;0;1
-55;33;24;0;1
-55;33;26;0;1
-55;33;27;1;1
-55;33;28;0;1
-55;33;29;0;1
-55;34;18;0;1
-55;34;20;0;1
-55;34;24;1;1
-55;34;28;0;1
-55;34;29;0;1
-55;35;19;0;1
-55;35;20;0;1
-55;35;23;0;1
-55;35;25;1;1
-55;36;19;0;1
-55;36;21;0;1
-55;36;25;0;1
-55;36;26;1;1
-55;37;20;0;1
-55;37;21;1;1
-55;38;20;0;1
-55;38;22;0;1
-55;38;23;1;1
-55;38;24;1;1
-55;39;19;0;1
-55;39;20;1;1
-55;39;22;0;1
-55;40;19;0;1
-55;40;20;0;1
-54;-42;19;0;1
-54;-41;19;0;1
-54;-41;20;1;1
-54;-40;22;1;1
-54;-39;20;0;1
-54;-39;22;1;1
-54;-38;18;0;1
-54;-38;19;1;1
-54;-37;19;0;1
-54;-37;21;0;1
-54;-37;22;0;1
-54;-37;23;0;1
-54;-37;24;0;1
-54;-37;26;1;1
-54;-37;27;0;1
-54;-36;19;0;1
-54;-36;20;0;1
-54;-36;21;0;1
-54;-36;23;0;1
-54;-36;25;1;1
-54;-35;21;0;1
-54;-35;23;0;1
-54;-35;24;0;1
-54;-35;25;1;1
-54;-35;29;0;1
-54;-35;30;0;1
-54;-34;18;1;1
-54;-34;19;0;1
-54;-34;24;0;1
-54;-34;29;0;1
-54;-34;31;0;1
-54;-33;17;0;1
-54;-33;19;0;1
-54;-33;22;0;1
-54;-33;24;1;1
-54;-32;17;0;1
-54;-32;21;1;1
-54;-32;22;0;1
-54;-32;23;1;1
-54;-32;24;0;1
-54;-32;25;0;1
-54;-32;27;1;1
-54;-32;28;0;1
-54;-32;31;1;1
-54;-31;17;0;1
-54;-31;19;1;1
-54;-31;22;0;1
-54;-31;29;1;1
-54;-31;30;1;1
-54;-31;31;1;1
-54;-31;32;0;1
-54;-31;33;0;1
-54;-31;34;0;1
-54;-30;17;1;1
-54;-30;20;0;1
-54;-30;25;0;1
-54;-30;26;0;1
-54;-30;30;0;1
-54;-30;33;0;1
-54;-30;34;0;1
-54;-29;17;0;1
-54;-29;19;1;1
-54;-29;20;1;1
-54;-29;21;1;1
-54;-29;22;1;1
-54;-29;23;0;1
-54;-29;30;0;1
-54;-28;20;0;1
-54;-28;27;0;1
-54;-28;29;0;1
-54;-28;32;0;1
-54;-28;33;1;1
-54;-28;36;0;1
-54;-27;19;0;1
-54;-27;20;1;1
-54;-27;23;0;1
-54;-27;24;0;1
-54;-27;25;0;1
-54;-27;29;0;1
-54;-27;31;1;1
-54;-27;34;1;1
-54;-27;35;0;1
-54;-27;37;0;1
-54;-26;18;0;1
-54;-26;21;1;1
-54;-26;22;0;1
-54;-26;28;0;1
-54;-26;33;0;1
-54;-26;34;0;1
-54;-26;38;0;1
-54;-25;20;0;1
-54;-25;28;1;1
-54;-25;34;0;1
-54;-25;35;0;1
-54;-25;38;1;1
-54;-24;16;0;1
-54;-24;22;0;1
-54;-24;27;0;1
-54;-24;33;0;1
-54;-24;36;1;1
-54;-24;39;1;1
-54;-23;27;0;1
-54;-23;28;0;1
-54;-23;30;1;1
-54;-23;32;0;1
-54;-23;33;0;1
-54;-23;35;1;1
-54;-23;38;1;1
-54;-23;39;0;1
-54;-22;20;0;1
-54;-22;21;0;1
-54;-22;22;0;1
-54;-22;24;1;1
-54;-22;29;0;1
-54;-22;30;0;1
-54;-22;32;0;1
-54;-22;33;1;1
-54;-22;35;0;1
-54;-21;17;1;1
-54;-21;18;0;1
-54;-21;25;1;1
-54;-21;27;0;1
-54;-21;28;1;1
-54;-21;30;0;1
-54;-21;34;0;1
-54;-21;35;1;1
-54;-21;37;1;1
-54;-21;38;1;1
-54;-20;16;0;1
-54;-20;18;1;1
-54;-20;24;1;1
-54;-20;25;0;1
-54;-20;26;1;1
-54;-20;27;0;1
-54;-20;29;0;1
-54;-20;30;0;1
-54;-20;35;0;1
-54;-20;37;0;1
-54;-20;38;0;1
-54;-20;41;1;1
-54;-19;16;0;1
-54;-19;26;0;1
-54;-19;30;0;1
-54;-19;32;1;1
-54;-19;33;0;1
-54;-19;37;0;1
-54;-19;38;0;1
-54;-18;19;1;1
-54;-18;21;0;1
-54;-18;24;0;1
-54;-18;31;0;1
-54;-18;34;0;1
-54;-18;37;0;1
-54;-18;42;0;1
-54;-17;16;0;1
-54;-17;21;1;1
-54;-17;22;0;1
-54;-17;23;1;1
-54;-17;25;0;1
-54;-17;26;1;1
-54;-17;27;0;1
-54;-17;29;1;1
-54;-17;32;0;1
-54;-17;36;1;1
-54;-17;38;0;1
-54;-17;41;0;1
-54;-16;17;1;1
-54;-16;20;0;1
-54;-16;25;0;1
-54;-16;28;0;1
-54;-16;31;0;1
-54;-16;33;0;1
-54;-16;39;0;1
-54;-16;40;1;1
-54;-16;42;1;1
-54;-16;43;0;1
-54;-15;20;0;1
-54;-15;24;0;1
-54;-15;26;0;1
-54;-15;27;1;1
-54;-15;28;0;1
-54;-15;30;1;1
-54;-15;32;1;1
-54;-15;35;1;1
-54;-15;37;1;1
-54;-15;38;0;1
-54;-15;39;0;1
-54;-15;42;1;1
-54;-15;43;0;1
-54;-14;17;0;1
-54;-14;19;0;1
-54;-14;28;1;1
-54;-14;29;1;1
-54;-14;32;1;1
-54;-14;33;0;1
-54;-14;42;0;1
-54;-13;17;0;1
-54;-13;29;0;1
-54;-13;30;0;1
-54;-13;33;0;1
-54;-13;44;0;1
-54;-12;17;1;1
-54;-12;19;1;1
-54;-12;21;1;1
-54;-12;22;0;1
-54;-12;24;1;1
-54;-12;26;0;1
-54;-12;28;0;1
-54;-12;39;0;1
-54;-12;41;0;1
-54;-12;43;1;1
-54;-11;17;0;1
-54;-11;18;1;1
-54;-11;24;0;1
-54;-11;28;0;1
-54;-11;39;0;1
-54;-11;44;0;1
-54;-10;15;1;1
-54;-10;18;0;1
-54;-10;19;0;1
-54;-10;24;1;1
-54;-10;27;0;1
-54;-10;30;0;1
-54;-10;31;0;1
-54;-10;32;0;1
-54;-10;34;0;1
-54;-10;35;0;1
-54;-10;37;0;1
-54;-10;42;0;1
-54;-10;43;0;1
-54;-9;18;0;1
-54;-9;22;1;1
-54;-9;23;0;1
-54;-9;24;1;1
-54;-9;25;1;1
-54;-9;27;0;1
-54;-9;29;0;1
-54;-9;34;1;1
-54;-9;35;1;1
-54;-9;40;1;1
-54;-9;41;1;1
-54;-9;45;1;1
-54;-8;15;0;1
-54;-8;18;0;1
-54;-8;22;0;1
-54;-8;23;0;1
-54;-8;25;0;1
-54;-8;27;1;1
-54;-8;29;0;1
-54;-8;30;1;1
-54;-8;33;0;1
-54;-8;36;0;1
-54;-8;37;0;1
-54;-8;42;1;1
-54;-8;44;0;1
-54;-7;16;0;1
-54;-7;19;0;1
-54;-7;20;0;1
-54;-7;24;0;1
-54;-7;26;0;1
-54;-7;28;1;1
-54;-7;29;0;1
-54;-7;30;0;1
-54;-7;31;1;1
-54;-7;32;1;1
-54;-7;37;0;1
-54;-7;38;0;1
-54;-7;39;1;1
-54;-7;45;0;1
-54;-6;15;0;1
-54;-6;16;0;1
-54;-6;21;0;1
-54;-6;22;0;1
-54;-6;23;0;1
-54;-6;26;0;1
-54;-6;29;0;1
-54;-6;30;1;1
-54;-6;31;0;1
-54;-6;32;0;1
-54;-6;36;0;1
-54;-6;40;0;1
-54;-6;42;1;1
-54;-6;43;0;1
-54;-6;45;0;1
-54;-5;17;0;1
-54;-5;18;0;1
-54;-5;19;0;1
-54;-5;20;0;1
-54;-5;26;0;1
-54;-5;28;0;1
-54;-5;30;0;1
-54;-5;33;0;1
-54;-5;36;0;1
-54;-5;37;0;1
-54;-5;39;0;1
-54;-5;40;0;1
-54;-5;41;1;1
-54;-5;42;0;1
-54;-5;43;1;1
-54;-5;44;1;1
-54;-5;45;1;1
-54;-4;17;0;1
-54;-4;20;0;1
-54;-4;22;0;1
-54;-4;23;0;1
-54;-4;24;0;1
-54;-4;28;0;1
-54;-4;32;1;1
-54;-4;36;0;1
-54;-4;37;0;1
-54;-4;38;1;1
-54;-4;40;0;1
-54;-4;41;0;1
-54;-4;45;0;1
-54;-3;17;0;1
-54;-3;20;1;1
-54;-3;21;0;1
-54;-3;22;0;1
-54;-3;23;1;1
-54;-3;24;0;1
-54;-3;25;0;1
-54;-3;27;1;1
-54;-3;32;0;1
-54;-3;36;0;1
-54;-3;42;0;1
-54;-3;44;1;1
-54;-3;45;0;1
-54;-3;46;0;1
-54;-2;16;1;1
-54;-2;19;1;1
-54;-2;20;1;1
-54;-2;22;0;1
-54;-2;26;1;1
-54;-2;28;0;1
-54;-2;30;1;1
-54;-2;31;0;1
-54;-2;32;0;1
-54;-2;34;1;1
-54;-2;41;1;1
-54;-2;44;0;1
-54;-1;17;0;1
-54;-1;18;0;1
-54;-1;21;1;1
-54;-1;24;0;1
-54;-1;29;0;1
-54;-1;31;0;1
-54;-1;34;0;1
-54;-1;35;1;1
-54;-1;36;1;1
-54;0;19;1;1
-54;0;25;0;1
-54;0;29;0;1
-54;0;30;0;1
-54;0;31;0;1
-54;0;33;0;1
-54;0;36;1;1
-54;0;40;0;1
-54;0;41;0;1
-54;1;16;1;1
-54;1;17;1;1
-54;1;18;0;1
-54;1;20;0;1
-54;1;22;0;1
-54;1;23;0;1
-54;1;24;0;1
-54;1;25;1;1
-54;1;27;1;1
-54;1;29;1;1
-54;1;34;0;1
-54;1;39;1;1
-54;1;41;0;1
-54;1;46;1;1
-54;2;17;0;1
-54;2;19;0;1
-54;2;22;0;1
-54;2;25;1;1
-54;2;27;0;1
-54;2;29;0;1
-54;2;31;0;1
-54;2;32;0;1
-54;2;34;1;1
-54;2;35;0;1
-54;2;37;0;1
-54;2;39;1;1
-54;2;40;1;1
-54;2;42;1;1
-54;3;16;0;1
-54;3;18;0;1
-54;3;20;0;1
-54;3;21;0;1
-54;3;22;1;1
-54;3;25;1;1
-54;3;29;0;1
-54;3;30;1;1
-54;3;31;0;1
-54;3;37;0;1
-54;3;39;0;1
-54;3;41;1;1
-54;3;45;0;1
-54;4;17;0;1
-54;4;19;0;1
-54;4;23;0;1
-54;4;29;0;1
-54;4;30;0;1
-54;4;31;0;1
-54;4;41;0;1
-54;4;43;1;1
-54;4;44;0;1
-54;5;17;1;1
-54;5;21;0;1
-54;5;22;1;1
-54;5;23;0;1
-54;5;24;0;1
-54;5;25;0;1
-54;5;27;0;1
-54;5;29;0;1
-54;5;31;1;1
-54;5;36;0;1
-54;5;38;1;1
-54;5;39;1;1
-54;5;43;0;1
-54;5;45;1;1
-54;6;18;1;1
-54;6;20;1;1
-54;6;21;1;1
-54;6;22;0;1
-54;6;23;0;1
-54;6;24;0;1
-54;6;25;0;1
-54;6;28;1;1
-54;6;30;0;1
-54;6;32;0;1
-54;6;35;0;1
-54;6;36;0;1
-54;6;39;1;1
-54;6;41;1;1
-54;6;43;1;1
-54;6;44;1;1
-54;6;45;1;1
-54;7;16;0;1
-54;7;17;0;1
-54;7;18;0;1
-54;7;21;1;1
-54;7;23;1;1
-54;7;24;1;1
-54;7;27;0;1
-54;7;30;1;1
-54;7;31;0;1
-54;7;34;0;1
-54;7;38;0;1
-54;7;39;1;1
-54;7;45;0;1
-54;8;27;1;1
-54;8;28;0;1
-54;8;33;0;1
-54;8;36;1;1
-54;8;37;0;1
-54;8;42;0;1
-54;8;43;0;1
-54;8;44;1;1
-54;8;45;0;1
-54;9;17;0;1
-54;9;22;0;1
-54;9;24;1;1
-54;9;26;0;1
-54;9;27;0;1
-54;9;30;0;1
-54;9;31;0;1
-54;9;34;1;1
-54;9;37;0;1
-54;9;40;0;1
-54;9;44;0;1
-54;10;19;0;1
-54;10;21;0;1
-54;10;27;1;1
-54;10;28;0;1
-54;10;29;0;1
-54;10;31;0;1
-54;10;33;0;1
-54;10;34;1;1
-54;10;36;0;1
-54;10;38;0;1
-54;10;39;1;1
-54;10;41;0;1
-54;11;15;1;1
-54;11;18;1;1
-54;11;20;1;1
-54;11;21;1;1
-54;11;23;0;1
-54;11;24;1;1
-54;11;28;0;1
-54;11;31;0;1
-54;11;44;0;1
-54;12;19;0;1
-54;12;21;1;1
-54;12;22;0;1
-54;12;24;0;1
-54;12;25;0;1
-54;12;27;0;1
-54;12;29;0;1
-54;12;30;1;1
-54;12;31;0;1
-54;12;34;1;1
-54;12;35;0;1
-54;12;37;1;1
-54;12;38;0;1
-54;12;41;0;1
-54;12;42;0;1
-54;13;15;1;1
-54;13;18;1;1
-54;13;20;0;1
-54;13;21;0;1
-54;13;23;1;1
-54;13;25;1;1
-54;13;29;0;1
-54;13;30;0;1
-54;13;33;0;1
-54;13;35;0;1
-54;13;37;1;1
-54;13;43;0;1
-54;14;15;0;1
-54;14;16;0;1
-54;14;17;1;1
-54;14;20;0;1
-54;14;21;0;1
-54;14;22;0;1
-54;14;24;1;1
-54;14;25;0;1
-54;14;26;1;1
-54;14;32;1;1
-54;14;36;1;1
-54;14;37;0;1
-54;15;18;0;1
-54;15;21;0;1
-54;15;22;0;1
-54;15;24;0;1
-54;15;29;1;1
-54;15;30;1;1
-54;15;32;0;1
-54;15;34;0;1
-54;15;35;0;1
-54;15;37;0;1
-54;15;38;0;1
-54;15;39;1;1
-54;15;42;0;1
-54;16;16;0;1
-54;16;19;1;1
-54;16;25;0;1
-54;16;26;0;1
-54;16;28;0;1
-54;16;29;1;1
-54;16;32;0;1
-54;16;33;0;1
-54;16;34;0;1
-54;16;38;0;1
-54;16;39;0;1
-54;16;42;1;1
-54;17;25;1;1
-54;17;31;0;1
-54;17;34;0;1
-54;17;35;1;1
-54;17;37;0;1
-54;17;42;1;1
-54;18;16;0;1
-54;18;20;1;1
-54;18;25;1;1
-54;18;27;1;1
-54;18;39;1;1
-54;18;41;1;1
-54;19;19;1;1
-54;19;20;0;1
-54;19;21;0;1
-54;19;25;0;1
-54;19;29;0;1
-54;19;30;0;1
-54;19;31;0;1
-54;19;32;0;1
-54;19;34;0;1
-54;19;36;0;1
-54;19;41;0;1
-54;20;21;0;1
-54;20;24;0;1
-54;20;27;0;1
-54;20;30;0;1
-54;20;31;0;1
-54;20;33;1;1
-54;20;34;0;1
-54;20;37;1;1
-54;20;39;0;1
-54;20;41;1;1
-54;21;16;1;1
-54;21;17;0;1
-54;21;21;0;1
-54;21;23;1;1
-54;21;25;0;1
-54;21;26;0;1
-54;21;27;0;1
-54;21;34;0;1
-54;21;36;0;1
-54;21;37;0;1
-54;21;39;0;1
-54;22;17;1;1
-54;22;20;0;1
-54;22;21;0;1
-54;22;23;0;1
-54;22;24;0;1
-54;22;25;1;1
-54;22;26;0;1
-54;22;36;0;1
-54;23;16;0;1
-54;23;20;1;1
-54;23;22;1;1
-54;23;25;1;1
-54;23;27;0;1
-54;23;28;0;1
-54;23;29;0;1
-54;23;33;0;1
-54;23;35;1;1
-54;23;37;0;1
-54;23;40;0;1
-54;24;16;0;1
-54;24;17;1;1
-54;24;20;0;1
-54;24;22;0;1
-54;24;26;0;1
-54;24;27;0;1
-54;24;28;1;1
-54;24;31;0;1
-54;24;33;1;1
-54;24;37;1;1
-54;24;39;0;1
-54;25;17;0;1
-54;25;18;0;1
-54;25;21;0;1
-54;25;25;0;1
-54;25;29;1;1
-54;25;30;1;1
-54;25;31;1;1
-54;25;34;0;1
-54;25;36;1;1
-54;26;17;1;1
-54;26;20;0;1
-54;26;23;1;1
-54;26;24;0;1
-54;26;26;1;1
-54;26;28;0;1
-54;26;31;0;1
-54;26;33;0;1
-54;26;35;0;1
-54;26;37;0;1
-54;26;38;1;1
-54;27;17;0;1
-54;27;20;1;1
-54;27;23;0;1
-54;27;30;0;1
-54;27;35;0;1
-54;27;36;0;1
-54;27;37;0;1
-54;28;17;0;1
-54;28;20;0;1
-54;28;21;0;1
-54;28;22;1;1
-54;28;25;0;1
-54;28;35;0;1
-54;28;36;1;1
-54;29;19;0;1
-54;29;24;1;1
-54;29;27;0;1
-54;30;20;1;1
-54;30;22;0;1
-54;30;23;0;1
-54;30;24;0;1
-54;30;27;0;1
-54;30;35;0;1
-54;31;19;1;1
-54;31;22;0;1
-54;31;26;0;1
-54;31;27;0;1
-54;31;28;0;1
-54;31;29;0;1
-54;31;31;0;1
-54;31;32;0;1
-54;31;33;0;1
-54;32;18;0;1
-54;32;19;1;1
-54;32;23;1;1
-54;32;25;0;1
-54;32;26;0;1
-54;32;29;1;1
-54;32;30;1;1
-54;33;17;1;1
-54;33;20;0;1
-54;33;22;1;1
-54;33;23;0;1
-54;33;25;1;1
-54;33;27;0;1
-54;34;18;1;1
-54;34;19;1;1
-54;34;25;0;1
-54;35;25;1;1
-54;35;26;0;1
-54;35;30;1;1
-54;36;19;0;1
-54;36;21;0;1
-54;36;22;0;1
-54;36;23;1;1
-54;36;25;1;1
-54;37;19;0;1
-54;37;21;0;1
-54;37;22;0;1
-54;37;23;0;1
-54;37;24;1;1
-54;37;27;0;1
-54;38;18;0;1
-54;38;22;0;1
-54;38;24;0;1
-54;39;19;0;1
-54;39;20;0;1
-54;39;23;0;1
-54;40;20;1;1
-54;40;23;1;1
-54;41;19;0;1
-54;41;20;1;1
-53;-43;19;0;1
-53;-42;20;1;1
-53;-42;21;1;1
-53;-41;21;1;1
-53;-40;19;0;1
-53;-40;21;0;1
-53;-40;22;0;1
-53;-39;18;1;1
-53;-39;20;0;1
-53;-39;21;0;1
-53;-39;25;0;1
-53;-39;26;1;1
-53;-38;19;1;1
-53;-38;20;0;1
-53;-38;21;1;1
-53;-38;24;0;1
-53;-38;27;0;1
-53;-38;28;0;1
-53;-37;21;0;1
-53;-37;23;0;1
-53;-37;27;1;1
-53;-37;28;1;1
-53;-36;24;1;1
-53;-36;26;1;1
-53;-36;27;1;1
-53;-36;29;1;1
-53;-36;30;0;1
-53;-35;20;1;1
-53;-35;21;0;1
-53;-35;27;1;1
-53;-34;20;0;1
-53;-34;21;0;1
-53;-34;22;1;1
-53;-34;27;0;1
-53;-34;32;0;1
-53;-33;17;0;1
-53;-33;18;0;1
-53;-33;20;0;1
-53;-33;24;0;1
-53;-33;26;1;1
-53;-33;27;0;1
-53;-32;17;1;1
-53;-32;18;0;1
-53;-32;19;0;1
-53;-32;24;1;1
-53;-32;26;1;1
-53;-32;27;0;1
-53;-32;30;1;1
-53;-32;31;1;1
-53;-32;33;0;1
-53;-32;34;0;1
-53;-31;19;0;1
-53;-31;23;0;1
-53;-31;24;0;1
-53;-31;28;0;1
-53;-31;29;0;1
-53;-31;30;0;1
-53;-31;32;0;1
-53;-31;33;1;1
-53;-30;17;0;1
-53;-30;18;0;1
-53;-30;19;1;1
-53;-30;22;0;1
-53;-30;26;0;1
-53;-30;27;0;1
-53;-30;29;0;1
-53;-30;30;0;1
-53;-30;31;0;1
-53;-30;36;0;1
-53;-29;18;1;1
-53;-29;20;0;1
-53;-29;24;1;1
-53;-29;28;0;1
-53;-29;29;0;1
-53;-29;30;0;1
-53;-29;32;0;1
-53;-29;37;1;1
-53;-28;18;0;1
-53;-28;22;1;1
-53;-28;23;0;1
-53;-28;26;1;1
-53;-28;27;0;1
-53;-28;28;1;1
-53;-28;31;0;1
-53;-28;32;1;1
-53;-28;33;1;1
-53;-28;35;0;1
-53;-28;38;0;1
-53;-27;16;0;1
-53;-27;17;1;1
-53;-27;18;0;1
-53;-27;22;0;1
-53;-27;24;1;1
-53;-27;25;0;1
-53;-27;33;1;1
-53;-27;37;0;1
-53;-26;16;0;1
-53;-26;18;0;1
-53;-26;20;0;1
-53;-26;24;0;1
-53;-26;26;1;1
-53;-26;31;0;1
-53;-26;34;0;1
-53;-26;35;0;1
-53;-26;36;1;1
-53;-25;18;1;1
-53;-25;20;1;1
-53;-25;22;0;1
-53;-25;24;1;1
-53;-25;25;0;1
-53;-25;30;0;1
-53;-25;31;0;1
-53;-25;34;1;1
-53;-25;38;1;1
-53;-25;39;0;1
-53;-24;16;0;1
-53;-24;18;0;1
-53;-24;20;0;1
-53;-24;22;0;1
-53;-24;25;1;1
-53;-24;32;0;1
-53;-24;38;0;1
-53;-24;40;1;1
-53;-23;19;1;1
-53;-23;24;0;1
-53;-23;26;1;1
-53;-23;33;0;1
-53;-23;35;0;1
-53;-23;38;1;1
-53;-22;17;1;1
-53;-22;21;1;1
-53;-22;23;1;1
-53;-22;24;1;1
-53;-22;25;1;1
-53;-22;34;1;1
-53;-22;37;0;1
-53;-22;39;1;1
-53;-22;40;1;1
-53;-21;17;1;1
-53;-21;21;1;1
-53;-21;30;0;1
-53;-21;32;0;1
-53;-21;33;0;1
-53;-21;38;1;1
-53;-21;39;1;1
-53;-21;41;1;1
-53;-21;42;0;1
-53;-20;16;0;1
-53;-20;19;1;1
-53;-20;21;1;1
-53;-20;30;0;1
-53;-20;38;1;1
-53;-20;39;0;1
-53;-20;42;0;1
-53;-19;16;0;1
-53;-19;19;1;1
-53;-19;20;0;1
-53;-19;21;0;1
-53;-19;25;1;1
-53;-19;26;0;1
-53;-19;30;1;1
-53;-19;31;1;1
-53;-19;32;1;1
-53;-19;33;0;1
-53;-19;34;1;1
-53;-19;39;0;1
-53;-19;42;0;1
-53;-18;16;1;1
-53;-18;25;1;1
-53;-18;28;1;1
-53;-18;29;1;1
-53;-18;30;0;1
-53;-18;32;0;1
-53;-18;40;0;1
-53;-17;16;0;1
-53;-17;17;0;1
-53;-17;19;0;1
-53;-17;22;0;1
-53;-17;23;0;1
-53;-17;24;1;1
-53;-17;26;0;1
-53;-17;29;0;1
-53;-17;30;0;1
-53;-17;34;1;1
-53;-17;35;1;1
-53;-17;36;0;1
-53;-17;38;1;1
-53;-17;41;1;1
-53;-16;16;1;1
-53;-16;17;0;1
-53;-16;20;0;1
-53;-16;25;1;1
-53;-16;31;0;1
-53;-16;32;0;1
-53;-16;37;0;1
-53;-16;39;0;1
-53;-16;41;0;1
-53;-16;44;0;1
-53;-15;15;0;1
-53;-15;18;0;1
-53;-15;22;0;1
-53;-15;24;0;1
-53;-15;25;0;1
-53;-15;26;1;1
-53;-15;27;0;1
-53;-15;29;0;1
-53;-15;35;1;1
-53;-15;36;0;1
-53;-15;38;1;1
-53;-15;39;0;1
-53;-15;41;1;1
-53;-15;43;0;1
-53;-14;16;0;1
-53;-14;20;1;1
-53;-14;21;1;1
-53;-14;22;1;1
-53;-14;28;1;1
-53;-14;29;0;1
-53;-14;30;0;1
-53;-14;32;0;1
-53;-14;33;1;1
-53;-14;35;1;1
-53;-14;37;0;1
-53;-14;38;0;1
-53;-14;39;0;1
-53;-14;41;1;1
-53;-14;42;0;1
-53;-14;43;0;1
-53;-13;15;0;1
-53;-13;16;0;1
-53;-13;19;0;1
-53;-13;20;0;1
-53;-13;21;1;1
-53;-13;22;1;1
-53;-13;24;0;1
-53;-13;26;0;1
-53;-13;28;0;1
-53;-13;29;0;1
-53;-13;30;1;1
-53;-13;32;0;1
-53;-13;33;0;1
-53;-13;37;0;1
-53;-13;44;1;1
-53;-13;45;0;1
-53;-12;15;0;1
-53;-12;17;1;1
-53;-12;18;0;1
-53;-12;19;0;1
-53;-12;24;0;1
-53;-12;30;0;1
-53;-12;31;0;1
-53;-12;35;1;1
-53;-12;36;0;1
-53;-12;40;0;1
-53;-12;44;0;1
-53;-11;17;1;1
-53;-11;18;1;1
-53;-11;19;1;1
-53;-11;22;0;1
-53;-11;24;1;1
-53;-11;26;0;1
-53;-11;28;0;1
-53;-11;30;0;1
-53;-11;33;0;1
-53;-11;34;1;1
-53;-11;36;0;1
-53;-11;39;1;1
-53;-11;41;1;1
-53;-11;44;0;1
-53;-10;23;0;1
-53;-10;25;1;1
-53;-10;34;0;1
-53;-10;35;1;1
-53;-10;36;0;1
-53;-10;38;1;1
-53;-10;41;1;1
-53;-10;44;1;1
-53;-9;18;0;1
-53;-9;20;0;1
-53;-9;21;1;1
-53;-9;22;0;1
-53;-9;24;0;1
-53;-9;25;0;1
-53;-9;27;1;1
-53;-9;33;0;1
-53;-9;34;1;1
-53;-9;36;0;1
-53;-9;38;0;1
-53;-9;39;0;1
-53;-9;42;0;1
-53;-9;43;0;1
-53;-9;45;1;1
-53;-8;17;0;1
-53;-8;19;1;1
-53;-8;23;0;1
-53;-8;26;0;1
-53;-8;27;1;1
-53;-8;31;1;1
-53;-8;32;0;1
-53;-8;33;1;1
-53;-8;36;1;1
-53;-8;37;0;1
-53;-8;38;0;1
-53;-8;41;1;1
-53;-8;43;1;1
-53;-8;44;1;1
-53;-7;16;0;1
-53;-7;19;1;1
-53;-7;20;1;1
-53;-7;21;0;1
-53;-7;23;0;1
-53;-7;26;0;1
-53;-7;30;0;1
-53;-7;35;1;1
-53;-7;36;1;1
-53;-7;37;1;1
-53;-7;39;1;1
-53;-7;40;0;1
-53;-7;42;0;1
-53;-7;46;1;1
-53;-6;15;0;1
-53;-6;16;0;1
-53;-6;18;1;1
-53;-6;19;1;1
-53;-6;20;0;1
-53;-6;23;0;1
-53;-6;24;0;1
-53;-6;25;0;1
-53;-6;31;0;1
-53;-6;36;1;1
-53;-6;41;0;1
-53;-6;46;0;1
-53;-5;18;0;1
-53;-5;19;0;1
-53;-5;20;0;1
-53;-5;21;0;1
-53;-5;22;1;1
-53;-5;23;0;1
-53;-5;26;1;1
-53;-5;28;1;1
-53;-5;32;0;1
-53;-5;33;1;1
-53;-5;35;0;1
-53;-5;36;1;1
-53;-5;37;0;1
-53;-5;38;0;1
-53;-5;40;1;1
-53;-5;41;0;1
-53;-5;42;0;1
-53;-5;43;0;1
-53;-5;47;0;1
-53;-4;18;0;1
-53;-4;19;0;1
-53;-4;20;0;1
-53;-4;23;1;1
-53;-4;24;1;1
-53;-4;25;0;1
-53;-4;27;1;1
-53;-4;29;0;1
-53;-4;30;0;1
-53;-4;33;1;1
-53;-4;36;1;1
-53;-4;38;0;1
-53;-4;46;1;1
-53;-4;47;0;1
-53;-3;15;1;1
-53;-3;16;1;1
-53;-3;18;0;1
-53;-3;19;0;1
-53;-3;20;0;1
-53;-3;22;1;1
-53;-3;25;0;1
-53;-3;31;1;1
-53;-3;33;0;1
-53;-3;34;0;1
-53;-3;35;1;1
-53;-3;37;0;1
-53;-3;39;1;1
-53;-3;41;0;1
-53;-3;42;0;1
-53;-3;46;1;1
-53;-2;15;1;1
-53;-2;18;0;1
-53;-2;22;0;1
-53;-2;23;0;1
-53;-2;25;0;1
-53;-2;27;0;1
-53;-2;28;0;1
-53;-2;29;0;1
-53;-2;33;1;1
-53;-2;35;0;1
-53;-2;36;0;1
-53;-2;37;0;1
-53;-2;38;0;1
-53;-2;40;0;1
-53;-2;42;0;1
-53;-2;43;0;1
-53;-2;46;0;1
-53;-1;16;1;1
-53;-1;19;1;1
-53;-1;21;0;1
-53;-1;22;0;1
-53;-1;27;0;1
-53;-1;30;1;1
-53;-1;31;0;1
-53;-1;33;0;1
-53;-1;35;0;1
-53;-1;41;0;1
-53;-1;43;1;1
-53;-1;44;0;1
-53;-1;45;0;1
-53;0;20;1;1
-53;0;21;0;1
-53;0;24;0;1
-53;0;29;0;1
-53;0;35;1;1
-53;0;36;1;1
-53;0;43;0;1
-53;0;44;0;1
-53;0;47;0;1
-53;1;18;0;1
-53;1;19;1;1
-53;1;21;0;1
-53;1;24;0;1
-53;1;26;1;1
-53;1;34;1;1
-53;1;36;0;1
-53;1;39;0;1
-53;1;40;0;1
-53;1;41;1;1
-53;1;43;0;1
-53;1;44;0;1
-53;1;46;0;1
-53;1;47;1;1
-53;2;16;0;1
-53;2;17;0;1
-53;2;22;0;1
-53;2;24;1;1
-53;2;29;0;1
-53;2;30;0;1
-53;2;32;1;1
-53;2;38;0;1
-53;2;40;1;1
-53;2;43;1;1
-53;2;44;1;1
-53;2;45;1;1
-53;3;15;1;1
-53;3;17;0;1
-53;3;18;1;1
-53;3;21;0;1
-53;3;22;0;1
-53;3;24;0;1
-53;3;28;0;1
-53;3;29;0;1
-53;3;31;0;1
-53;3;32;0;1
-53;3;35;0;1
-53;3;36;0;1
-53;3;38;0;1
-53;3;44;1;1
-53;3;45;0;1
-53;3;46;0;1
-53;4;23;0;1
-53;4;24;1;1
-53;4;25;1;1
-53;4;27;0;1
-53;4;30;0;1
-53;4;32;0;1
-53;4;33;1;1
-53;4;38;0;1
-53;4;39;0;1
-53;4;47;0;1
-53;5;16;0;1
-53;5;18;1;1
-53;5;19;0;1
-53;5;20;0;1
-53;5;24;1;1
-53;5;25;1;1
-53;5;26;1;1
-53;5;28;0;1
-53;5;30;0;1
-53;5;32;1;1
-53;5;34;1;1
-53;5;35;0;1
-53;5;36;0;1
-53;5;37;0;1
-53;5;38;1;1
-53;5;39;0;1
-53;5;41;1;1
-53;5;42;0;1
-53;6;15;1;1
-53;6;16;0;1
-53;6;19;1;1
-53;6;22;0;1
-53;6;25;0;1
-53;6;31;0;1
-53;6;32;0;1
-53;6;33;0;1
-53;6;34;1;1
-53;6;37;1;1
-53;6;38;0;1
-53;6;42;1;1
-53;7;18;0;1
-53;7;20;0;1
-53;7;21;0;1
-53;7;28;0;1
-53;7;30;1;1
-53;7;32;0;1
-53;7;33;1;1
-53;7;35;0;1
-53;7;38;1;1
-53;7;42;1;1
-53;7;46;0;1
-53;8;15;0;1
-53;8;19;0;1
-53;8;20;0;1
-53;8;31;1;1
-53;8;33;0;1
-53;8;34;1;1
-53;8;36;0;1
-53;8;38;0;1
-53;8;39;0;1
-53;8;44;0;1
-53;8;45;0;1
-53;9;15;0;1
-53;9;16;1;1
-53;9;18;0;1
-53;9;19;0;1
-53;9;21;0;1
-53;9;28;1;1
-53;9;30;0;1
-53;9;33;1;1
-53;9;35;1;1
-53;9;36;0;1
-53;9;38;0;1
-53;9;43;0;1
-53;9;44;1;1
-53;9;45;0;1
-53;10;15;1;1
-53;10;17;0;1
-53;10;18;1;1
-53;10;20;1;1
-53;10;23;0;1
-53;10;26;1;1
-53;10;27;1;1
-53;10;28;1;1
-53;10;32;0;1
-53;10;34;1;1
-53;10;35;1;1
-53;10;37;0;1
-53;10;38;1;1
-53;10;40;0;1
-53;10;41;0;1
-53;10;42;0;1
-53;10;43;0;1
-53;10;45;0;1
-53;10;46;0;1
-53;11;15;0;1
-53;11;22;0;1
-53;11;24;0;1
-53;11;25;0;1
-53;11;26;0;1
-53;11;28;0;1
-53;11;31;0;1
-53;11;37;1;1
-53;11;42;0;1
-53;11;46;1;1
-53;12;15;1;1
-53;12;19;0;1
-53;12;20;0;1
-53;12;21;0;1
-53;12;29;1;1
-53;12;32;1;1
-53;12;33;1;1
-53;12;34;0;1
-53;12;35;0;1
-53;12;43;0;1
-53;12;45;0;1
-53;13;19;1;1
-53;13;20;1;1
-53;13;27;0;1
-53;13;29;0;1
-53;13;30;1;1
-53;13;31;1;1
-53;13;39;1;1
-53;13;43;0;1
-53;13;45;0;1
-53;14;19;0;1
-53;14;20;0;1
-53;14;26;1;1
-53;14;28;0;1
-53;14;30;0;1
-53;14;31;1;1
-53;14;32;1;1
-53;14;34;0;1
-53;14;35;0;1
-53;14;39;1;1
-53;14;40;0;1
-53;14;41;1;1
-53;14;42;0;1
-53;14;45;0;1
-53;15;15;0;1
-53;15;20;0;1
-53;15;21;0;1
-53;15;26;1;1
-53;15;27;0;1
-53;15;30;1;1
-53;15;32;0;1
-53;15;36;0;1
-53;15;37;0;1
-53;15;38;1;1
-53;15;39;0;1
-53;15;40;0;1
-53;15;43;1;1
-53;16;19;0;1
-53;16;21;1;1
-53;16;22;0;1
-53;16;23;1;1
-53;16;24;0;1
-53;16;29;0;1
-53;16;32;0;1
-53;16;35;0;1
-53;16;37;1;1
-53;16;40;1;1
-53;17;15;1;1
-53;17;17;0;1
-53;17;18;0;1
-53;17;20;0;1
-53;17;22;0;1
-53;17;28;0;1
-53;17;29;0;1
-53;17;30;0;1
-53;17;31;1;1
-53;17;33;0;1
-53;17;34;1;1
-53;17;43;0;1
-53;17;44;0;1
-53;18;16;0;1
-53;18;22;0;1
-53;18;25;0;1
-53;18;27;1;1
-53;18;31;1;1
-53;18;35;1;1
-53;18;36;1;1
-53;18;37;1;1
-53;18;39;1;1
-53;18;41;1;1
-53;19;17;1;1
-53;19;22;1;1
-53;19;23;0;1
-53;19;28;1;1
-53;19;31;0;1
-53;19;35;1;1
-53;19;38;1;1
-53;19;40;0;1
-53;19;43;0;1
-53;20;21;0;1
-53;20;23;0;1
-53;20;28;0;1
-53;20;30;0;1
-53;20;31;0;1
-53;20;35;0;1
-53;20;37;0;1
-53;20;39;0;1
-53;20;42;0;1
-53;21;17;1;1
-53;21;18;0;1
-53;21;23;0;1
-53;21;24;0;1
-53;21;25;0;1
-53;21;30;1;1
-53;21;31;0;1
-53;21;33;0;1
-53;21;34;0;1
-53;21;35;0;1
-53;21;36;0;1
-53;21;39;0;1
-53;22;16;1;1
-53;22;17;0;1
-53;22;19;0;1
-53;22;21;0;1
-53;22;22;1;1
-53;22;24;0;1
-53;22;28;1;1
-53;22;29;0;1
-53;22;30;0;1
-53;22;32;0;1
-53;22;36;0;1
-53;22;37;1;1
-53;22;41;1;1
-53;23;16;0;1
-53;23;17;0;1
-53;23;18;1;1
-53;23;20;1;1
-53;23;24;0;1
-53;23;34;0;1
-53;23;35;1;1
-53;23;36;0;1
-53;23;38;0;1
-53;23;40;0;1
-53;24;16;0;1
-53;24;17;1;1
-53;24;18;1;1
-53;24;19;0;1
-53;24;22;0;1
-53;24;25;0;1
-53;24;26;1;1
-53;24;27;0;1
-53;24;28;0;1
-53;24;30;0;1
-53;24;33;1;1
-53;24;34;1;1
-53;25;17;1;1
-53;25;18;0;1
-53;25;21;0;1
-53;25;23;1;1
-53;25;27;0;1
-53;25;28;0;1
-53;25;31;0;1
-53;25;32;0;1
-53;25;33;0;1
-53;25;38;1;1
-53;26;16;1;1
-53;26;17;0;1
-53;26;20;1;1
-53;26;24;1;1
-53;26;26;1;1
-53;26;27;0;1
-53;26;28;1;1
-53;26;35;0;1
-53;26;39;0;1
-53;27;17;0;1
-53;27;18;1;1
-53;27;19;0;1
-53;27;20;1;1
-53;27;22;1;1
-53;27;25;1;1
-53;27;29;1;1
-53;27;30;1;1
-53;27;31;1;1
-53;27;36;1;1
-53;27;38;0;1
-53;28;20;0;1
-53;28;21;0;1
-53;28;23;0;1
-53;28;24;0;1
-53;28;29;0;1
-53;28;30;0;1
-53;28;32;0;1
-53;29;18;0;1
-53;29;22;0;1
-53;29;23;0;1
-53;29;25;0;1
-53;29;28;0;1
-53;29;30;1;1
-53;29;31;0;1
-53;29;32;0;1
-53;29;34;0;1
-53;29;35;0;1
-53;29;36;0;1
-53;30;17;0;1
-53;30;27;1;1
-53;30;30;0;1
-53;30;32;0;1
-53;30;33;0;1
-53;31;22;1;1
-53;31;23;1;1
-53;31;27;0;1
-53;31;30;0;1
-53;31;33;1;1
-53;32;18;0;1
-53;32;24;0;1
-53;32;25;0;1
-53;32;26;1;1
-53;32;32;0;1
-53;33;20;0;1
-53;33;22;1;1
-53;33;23;0;1
-53;33;32;1;1
-53;34;18;1;1
-53;34;20;1;1
-53;34;22;0;1
-53;34;24;1;1
-53;34;27;0;1
-53;34;28;1;1
-53;34;31;1;1
-53;34;32;0;1
-53;35;19;1;1
-53;35;21;0;1
-53;35;24;0;1
-53;35;25;0;1
-53;35;26;0;1
-53;35;30;1;1
-53;35;31;1;1
-53;36;18;0;1
-53;36;19;1;1
-53;36;21;0;1
-53;36;23;1;1
-53;36;25;1;1
-53;36;27;1;1
-53;36;28;1;1
-53;36;29;1;1
-53;37;19;1;1
-53;37;20;1;1
-53;37;23;1;1
-53;37;24;1;1
-53;37;25;0;1
-53;37;26;0;1
-53;37;28;0;1
-53;38;18;1;1
-53;38;19;0;1
-53;38;22;1;1
-53;38;25;1;1
-53;38;28;1;1
-53;39;20;1;1
-53;39;22;0;1
-53;39;23;0;1
-53;39;24;0;1
-53;40;22;1;1
-53;41;19;1;1
-53;41;20;0;1
-53;41;22;0;1
-52;-43;19;1;1
-52;-42;19;1;1
-52;-42;20;0;1
-52;-42;22;1;1
-52;-42;23;0;1
-52;-41;19;1;1
-52;-41;20;0;1
-52;-41;25;1;1
-52;-40;18;0;1
-52;-40;21;0;1
-52;-40;23;0;1
-52;-40;26;0;1
-52;-39;22;1;1
-52;-39;24;0;1
-52;-39;26;0;1
-52;-38;23;0;1
-52;-38;24;0;1
-52;-38;29;0;1
-52;-37;19;0;1
-52;-37;21;0;1
-52;-37;24;1;1
-52;-37;25;1;1
-52;-37;26;0;1
-52;-37;27;1;1
-52;-37;28;0;1
-52;-36;18;0;1
-52;-36;19;1;1
-52;-36;20;1;1
-52;-36;22;0;1
-52;-36;24;1;1
-52;-36;26;1;1
-52;-36;28;1;1
-52;-36;30;0;1
-52;-36;31;1;1
-52;-36;32;1;1
-52;-35;18;1;1
-52;-35;22;0;1
-52;-34;18;0;1
-52;-34;21;0;1
-52;-34;23;1;1
-52;-34;28;0;1
-52;-34;31;1;1
-52;-34;34;0;1
-52;-33;26;0;1
-52;-33;31;0;1
-52;-32;18;1;1
-52;-32;20;0;1
-52;-32;22;1;1
-52;-32;24;0;1
-52;-32;26;0;1
-52;-32;27;1;1
-52;-32;31;0;1
-52;-32;33;0;1
-52;-31;17;0;1
-52;-31;20;0;1
-52;-31;22;0;1
-52;-31;23;0;1
-52;-31;24;0;1
-52;-31;28;1;1
-52;-31;30;1;1
-52;-30;17;0;1
-52;-30;18;1;1
-52;-30;19;1;1
-52;-30;20;1;1
-52;-30;21;0;1
-52;-30;22;0;1
-52;-30;28;0;1
-52;-30;29;1;1
-52;-30;30;0;1
-52;-30;31;1;1
-52;-30;32;0;1
-52;-30;33;1;1
-52;-29;18;0;1
-52;-29;21;1;1
-52;-29;22;0;1
-52;-29;27;0;1
-52;-29;30;1;1
-52;-29;33;0;1
-52;-29;36;0;1
-52;-29;37;1;1
-52;-28;18;0;1
-52;-28;19;0;1
-52;-28;23;0;1
-52;-28;24;0;1
-52;-28;25;0;1
-52;-28;26;0;1
-52;-28;27;0;1
-52;-28;31;0;1
-52;-28;32;0;1
-52;-28;33;0;1
-52;-28;37;0;1
-52;-27;18;1;1
-52;-27;20;1;1
-52;-27;21;0;1
-52;-27;25;0;1
-52;-27;27;0;1
-52;-27;30;1;1
-52;-27;33;0;1
-52;-27;34;0;1
-52;-27;35;1;1
-52;-27;36;0;1
-52;-27;39;0;1
-52;-27;40;1;1
-52;-26;18;1;1
-52;-26;23;0;1
-52;-26;25;0;1
-52;-26;26;0;1
-52;-26;31;0;1
-52;-26;32;1;1
-52;-26;34;1;1
-52;-26;37;0;1
-52;-26;38;0;1
-52;-26;40;0;1
-52;-25;18;0;1
-52;-25;23;0;1
-52;-25;24;0;1
-52;-25;25;1;1
-52;-25;26;1;1
-52;-25;29;0;1
-52;-25;30;1;1
-52;-25;31;0;1
-52;-25;34;1;1
-52;-25;35;0;1
-52;-25;40;1;1
-52;-24;17;0;1
-52;-24;22;0;1
-52;-24;24;0;1
-52;-24;25;0;1
-52;-24;30;0;1
-52;-24;36;0;1
-52;-24;39;0;1
-52;-24;41;1;1
-52;-24;42;0;1
-52;-23;16;1;1
-52;-23;17;0;1
-52;-23;20;0;1
-52;-23;27;0;1
-52;-23;30;0;1
-52;-23;31;0;1
-52;-23;33;0;1
-52;-23;34;0;1
-52;-23;35;0;1
-52;-23;37;1;1
-52;-23;39;0;1
-52;-23;40;0;1
-52;-23;41;0;1
-52;-22;16;0;1
-52;-22;19;0;1
-52;-22;20;1;1
-52;-22;21;0;1
-52;-22;24;0;1
-52;-22;28;1;1
-52;-22;31;1;1
-52;-22;33;1;1
-52;-22;34;0;1
-52;-22;36;0;1
-52;-22;37;1;1
-52;-22;41;1;1
-52;-21;21;1;1
-52;-21;24;1;1
-52;-21;25;0;1
-52;-21;29;0;1
-52;-21;30;0;1
-52;-21;37;0;1
-52;-21;39;1;1
-52;-21;40;1;1
-52;-20;22;0;1
-52;-20;25;1;1
-52;-20;29;1;1
-52;-20;31;1;1
-52;-20;32;0;1
-52;-20;35;1;1
-52;-20;37;0;1
-52;-20;38;0;1
-52;-20;43;0;1
-52;-19;18;0;1
-52;-19;19;1;1
-52;-19;21;0;1
-52;-19;22;0;1
-52;-19;23;0;1
-52;-19;24;0;1
-52;-19;25;0;1
-52;-19;26;1;1
-52;-19;27;1;1
-52;-19;30;0;1
-52;-19;35;1;1
-52;-19;37;1;1
-52;-19;44;0;1
-52;-18;15;1;1
-52;-18;16;1;1
-52;-18;24;0;1
-52;-18;25;0;1
-52;-18;27;0;1
-52;-18;28;0;1
-52;-18;30;1;1
-52;-18;35;0;1
-52;-18;40;1;1
-52;-18;43;1;1
-52;-17;19;0;1
-52;-17;20;0;1
-52;-17;21;0;1
-52;-17;23;0;1
-52;-17;24;0;1
-52;-17;26;0;1
-52;-17;27;0;1
-52;-17;28;0;1
-52;-17;29;0;1
-52;-17;30;0;1
-52;-17;34;1;1
-52;-17;36;1;1
-52;-17;38;0;1
-52;-17;39;0;1
-52;-17;40;0;1
-52;-17;43;0;1
-52;-16;17;0;1
-52;-16;18;1;1
-52;-16;20;1;1
-52;-16;21;1;1
-52;-16;25;0;1
-52;-16;26;1;1
-52;-16;28;0;1
-52;-16;30;0;1
-52;-16;31;0;1
-52;-16;35;1;1
-52;-16;37;1;1
-52;-16;41;1;1
-52;-15;15;0;1
-52;-15;16;0;1
-52;-15;20;0;1
-52;-15;21;1;1
-52;-15;25;0;1
-52;-15;27;0;1
-52;-15;29;1;1
-52;-15;35;0;1
-52;-15;38;0;1
-52;-15;42;1;1
-52;-14;17;0;1
-52;-14;22;1;1
-52;-14;24;0;1
-52;-14;27;1;1
-52;-14;28;1;1
-52;-14;31;0;1
-52;-14;34;1;1
-52;-14;36;0;1
-52;-14;41;0;1
-52;-14;44;0;1
-52;-14;45;0;1
-52;-13;16;1;1
-52;-13;17;1;1
-52;-13;18;1;1
-52;-13;23;0;1
-52;-13;27;0;1
-52;-13;30;0;1
-52;-13;33;0;1
-52;-13;38;1;1
-52;-13;43;0;1
-52;-13;44;1;1
-52;-12;17;0;1
-52;-12;20;0;1
-52;-12;25;0;1
-52;-12;26;0;1
-52;-12;29;1;1
-52;-12;32;0;1
-52;-12;33;0;1
-52;-12;38;0;1
-52;-12;39;0;1
-52;-12;40;1;1
-52;-12;43;1;1
-52;-11;16;1;1
-52;-11;23;0;1
-52;-11;24;0;1
-52;-11;26;0;1
-52;-11;28;0;1
-52;-11;31;0;1
-52;-11;34;1;1
-52;-11;36;0;1
-52;-11;37;0;1
-52;-11;41;0;1
-52;-11;42;0;1
-52;-11;43;1;1
-52;-11;44;1;1
-52;-10;15;1;1
-52;-10;16;0;1
-52;-10;19;1;1
-52;-10;20;0;1
-52;-10;21;0;1
-52;-10;22;0;1
-52;-10;25;0;1
-52;-10;27;1;1
-52;-10;32;1;1
-52;-10;44;0;1
-52;-10;46;1;1
-52;-9;16;0;1
-52;-9;20;0;1
-52;-9;23;1;1
-52;-9;28;1;1
-52;-9;29;1;1
-52;-9;34;0;1
-52;-9;35;0;1
-52;-9;38;0;1
-52;-9;40;0;1
-52;-8;16;0;1
-52;-8;20;1;1
-52;-8;24;1;1
-52;-8;29;0;1
-52;-8;33;1;1
-52;-8;39;0;1
-52;-8;41;0;1
-52;-8;45;1;1
-52;-7;24;1;1
-52;-7;26;0;1
-52;-7;27;0;1
-52;-7;28;0;1
-52;-7;30;0;1
-52;-7;32;1;1
-52;-7;36;1;1
-52;-7;37;0;1
-52;-7;39;0;1
-52;-7;43;0;1
-52;-7;45;1;1
-52;-6;15;0;1
-52;-6;18;0;1
-52;-6;20;0;1
-52;-6;21;1;1
-52;-6;24;1;1
-52;-6;25;1;1
-52;-6;29;0;1
-52;-6;30;0;1
-52;-6;35;1;1
-52;-6;36;0;1
-52;-6;37;1;1
-52;-6;39;0;1
-52;-6;41;1;1
-52;-6;42;1;1
-52;-6;43;1;1
-52;-6;45;0;1
-52;-6;46;0;1
-52;-5;16;0;1
-52;-5;18;1;1
-52;-5;19;1;1
-52;-5;20;0;1
-52;-5;24;0;1
-52;-5;28;0;1
-52;-5;29;0;1
-52;-5;34;1;1
-52;-5;36;0;1
-52;-5;38;1;1
-52;-5;40;0;1
-52;-5;43;1;1
-52;-5;44;1;1
-52;-4;15;1;1
-52;-4;17;0;1
-52;-4;23;0;1
-52;-4;26;0;1
-52;-4;28;0;1
-52;-4;32;1;1
-52;-4;33;1;1
-52;-4;34;1;1
-52;-4;35;0;1
-52;-4;40;0;1
-52;-4;41;1;1
-52;-4;42;1;1
-52;-4;43;0;1
-52;-4;45;1;1
-52;-4;46;0;1
-52;-3;24;0;1
-52;-3;26;0;1
-52;-3;29;0;1
-52;-3;32;0;1
-52;-3;33;0;1
-52;-3;35;1;1
-52;-3;36;1;1
-52;-3;38;0;1
-52;-3;39;0;1
-52;-3;41;1;1
-52;-3;47;1;1
-52;-3;48;0;1
-52;-2;14;1;1
-52;-2;17;0;1
-52;-2;19;0;1
-52;-2;23;0;1
-52;-2;24;0;1
-52;-2;27;0;1
-52;-2;30;0;1
-52;-2;31;0;1
-52;-2;32;0;1
-52;-2;37;0;1
-52;-2;43;1;1
-52;-2;44;0;1
-52;-2;46;1;1
-52;-2;47;0;1
-52;-1;14;1;1
-52;-1;18;1;1
-52;-1;19;0;1
-52;-1;25;0;1
-52;-1;26;0;1
-52;-1;27;0;1
-52;-1;28;1;1
-52;-1;29;0;1
-52;-1;32;0;1
-52;-1;34;0;1
-52;-1;37;1;1
-52;-1;38;0;1
-52;-1;40;0;1
-52;-1;41;0;1
-52;-1;44;0;1
-52;-1;46;1;1
-52;-1;48;0;1
-52;0;14;0;1
-52;0;15;1;1
-52;0;16;0;1
-52;0;17;0;1
-52;0;26;0;1
-52;0;29;1;1
-52;0;35;1;1
-52;0;37;0;1
-52;0;42;0;1
-52;0;45;0;1
-52;1;15;0;1
-52;1;21;0;1
-52;1;24;0;1
-52;1;25;1;1
-52;1;27;1;1
-52;1;31;1;1
-52;1;33;0;1
-52;1;35;0;1
-52;1;38;1;1
-52;1;39;1;1
-52;1;40;0;1
-52;1;45;0;1
-52;1;47;1;1
-52;2;18;1;1
-52;2;26;0;1
-52;2;28;0;1
-52;2;30;0;1
-52;2;33;1;1
-52;2;34;0;1
-52;2;35;0;1
-52;2;36;0;1
-52;2;39;0;1
-52;2;40;0;1
-52;2;42;0;1
-52;2;45;0;1
-52;2;48;0;1
-52;3;18;1;1
-52;3;23;0;1
-52;3;27;1;1
-52;3;28;1;1
-52;3;30;0;1
-52;3;32;1;1
-52;3;33;0;1
-52;3;34;0;1
-52;3;36;1;1
-52;3;37;0;1
-52;3;38;0;1
-52;3;45;1;1
-52;3;46;1;1
-52;3;48;1;1
-52;4;14;0;1
-52;4;15;0;1
-52;4;16;0;1
-52;4;18;1;1
-52;4;20;1;1
-52;4;23;1;1
-52;4;26;1;1
-52;4;31;1;1
-52;4;32;0;1
-52;4;33;0;1
-52;4;35;1;1
-52;4;37;1;1
-52;4;38;1;1
-52;4;41;1;1
-52;4;48;0;1
-52;5;21;0;1
-52;5;24;0;1
-52;5;25;0;1
-52;5;34;1;1
-52;5;38;0;1
-52;5;39;1;1
-52;5;40;0;1
-52;5;41;1;1
-52;5;42;0;1
-52;5;43;0;1
-52;5;44;0;1
-52;5;45;1;1
-52;5;48;1;1
-52;6;15;1;1
-52;6;16;0;1
-52;6;20;1;1
-52;6;21;0;1
-52;6;23;0;1
-52;6;26;1;1
-52;6;31;0;1
-52;6;33;1;1
-52;6;34;0;1
-52;6;35;1;1
-52;6;36;1;1
-52;6;37;1;1
-52;6;38;1;1
-52;6;39;0;1
-52;6;41;1;1
-52;7;16;1;1
-52;7;18;1;1
-52;7;19;0;1
-52;7;22;0;1
-52;7;23;1;1
-52;7;25;0;1
-52;7;26;0;1
-52;7;27;0;1
-52;7;28;0;1
-52;7;29;1;1
-52;7;34;1;1
-52;7;35;1;1
-52;7;37;0;1
-52;7;41;0;1
-52;7;45;1;1
-52;7;47;1;1
-52;8;19;0;1
-52;8;20;0;1
-52;8;21;0;1
-52;8;23;1;1
-52;8;26;0;1
-52;8;29;1;1
-52;8;37;1;1
-52;8;39;0;1
-52;8;41;0;1
-52;8;43;1;1
-52;8;47;1;1
-52;9;16;0;1
-52;9;18;0;1
-52;9;19;0;1
-52;9;20;0;1
-52;9;21;1;1
-52;9;25;0;1
-52;9;30;0;1
-52;9;34;0;1
-52;9;37;0;1
-52;9;41;1;1
-52;9;45;0;1
-52;10;15;1;1
-52;10;17;0;1
-52;10;19;1;1
-52;10;21;0;1
-52;10;22;0;1
-52;10;28;0;1
-52;10;30;1;1
-52;10;32;1;1
-52;10;33;1;1
-52;10;34;1;1
-52;10;36;0;1
-52;10;38;0;1
-52;10;39;1;1
-52;10;40;1;1
-52;10;42;0;1
-52;10;47;1;1
-52;11;16;0;1
-52;11;17;0;1
-52;11;19;1;1
-52;11;20;0;1
-52;11;21;0;1
-52;11;22;0;1
-52;11;25;1;1
-52;11;28;0;1
-52;11;29;0;1
-52;11;33;0;1
-52;11;34;0;1
-52;11;36;1;1
-52;11;39;0;1
-52;11;40;0;1
-52;11;41;1;1
-52;11;43;0;1
-52;11;44;0;1
-52;11;46;1;1
-52;12;20;0;1
-52;12;21;0;1
-52;12;27;0;1
-52;12;33;0;1
-52;12;35;0;1
-52;12;37;0;1
-52;12;39;0;1
-52;12;40;0;1
-52;12;44;1;1
-52;12;45;0;1
-52;12;46;1;1
-52;13;16;0;1
-52;13;17;0;1
-52;13;20;0;1
-52;13;25;0;1
-52;13;28;0;1
-52;13;31;0;1
-52;13;38;1;1
-52;13;39;0;1
-52;13;40;0;1
-52;13;41;0;1
-52;13;42;0;1
-52;13;44;0;1
-52;13;46;1;1
-52;14;17;0;1
-52;14;21;0;1
-52;14;23;0;1
-52;14;24;0;1
-52;14;26;0;1
-52;14;31;0;1
-52;14;32;1;1
-52;14;33;1;1
-52;14;36;1;1
-52;14;39;1;1
-52;14;40;0;1
-52;14;42;0;1
-52;14;43;1;1
-52;15;16;0;1
-52;15;17;1;1
-52;15;29;1;1
-52;15;31;0;1
-52;15;35;0;1
-52;15;36;0;1
-52;15;45;1;1
-52;16;18;0;1
-52;16;19;0;1
-52;16;21;0;1
-52;16;23;0;1
-52;16;24;1;1
-52;16;27;1;1
-52;16;28;0;1
-52;16;30;0;1
-52;16;31;0;1
-52;16;38;0;1
-52;16;39;0;1
-52;16;44;0;1
-52;17;15;1;1
-52;17;17;1;1
-52;17;18;0;1
-52;17;19;0;1
-52;17;21;0;1
-52;17;22;1;1
-52;17;23;0;1
-52;17;24;1;1
-52;17;25;0;1
-52;17;26;0;1
-52;17;29;0;1
-52;17;32;0;1
-52;17;35;0;1
-52;17;37;0;1
-52;17;41;0;1
-52;17;42;0;1
-52;17;43;0;1
-52;18;18;0;1
-52;18;20;0;1
-52;18;25;0;1
-52;18;26;1;1
-52;18;27;1;1
-52;18;28;0;1
-52;18;32;0;1
-52;18;34;1;1
-52;18;35;0;1
-52;18;38;1;1
-52;18;39;0;1
-52;18;40;0;1
-52;18;43;1;1
-52;18;44;0;1
-52;19;24;0;1
-52;19;25;0;1
-52;19;29;0;1
-52;19;30;0;1
-52;19;34;1;1
-52;19;35;1;1
-52;19;36;1;1
-52;19;38;1;1
-52;19;40;0;1
-52;19;43;0;1
-52;20;16;0;1
-52;20;17;0;1
-52;20;20;0;1
-52;20;24;0;1
-52;20;25;0;1
-52;20;26;0;1
-52;20;35;0;1
-52;20;37;0;1
-52;20;38;0;1
-52;20;39;1;1
-52;20;44;0;1
-52;21;17;0;1
-52;21;20;1;1
-52;21;29;0;1
-52;21;31;0;1
-52;21;32;1;1
-52;21;37;1;1
-52;21;39;0;1
-52;21;43;0;1
-52;22;16;0;1
-52;22;20;1;1
-52;22;22;0;1
-52;22;30;1;1
-52;22;31;0;1
-52;22;32;0;1
-52;22;33;1;1
-52;22;34;0;1
-52;22;35;0;1
-52;22;36;1;1
-52;22;37;0;1
-52;22;38;0;1
-52;22;42;1;1
-52;23;17;1;1
-52;23;21;1;1
-52;23;22;0;1
-52;23;24;0;1
-52;23;27;0;1
-52;23;31;0;1
-52;23;33;0;1
-52;23;37;0;1
-52;23;40;0;1
-52;23;41;0;1
-52;24;19;0;1
-52;24;22;0;1
-52;24;24;0;1
-52;24;25;0;1
-52;24;30;1;1
-52;24;32;0;1
-52;24;35;1;1
-52;24;37;1;1
-52;24;39;1;1
-52;24;40;1;1
-52;24;41;0;1
-52;25;17;0;1
-52;25;21;1;1
-52;25;28;0;1
-52;25;29;1;1
-52;25;31;1;1
-52;25;33;0;1
-52;25;37;0;1
-52;25;39;1;1
-52;25;41;1;1
-52;26;16;0;1
-52;26;19;0;1
-52;26;22;1;1
-52;26;23;0;1
-52;26;24;0;1
-52;26;26;1;1
-52;26;32;0;1
-52;26;33;0;1
-52;26;35;1;1
-52;26;38;0;1
-52;26;39;1;1
-52;27;17;0;1
-52;27;19;0;1
-52;27;20;0;1
-52;27;21;0;1
-52;27;22;1;1
-52;27;30;1;1
-52;27;33;1;1
-52;27;34;0;1
-52;28;22;0;1
-52;28;25;0;1
-52;28;27;1;1
-52;28;28;0;1
-52;28;31;0;1
-52;28;33;0;1
-52;28;34;1;1
-52;28;35;1;1
-52;29;16;0;1
-52;29;19;0;1
-52;29;23;0;1
-52;29;26;0;1
-52;29;27;1;1
-52;29;28;1;1
-52;29;32;0;1
-52;29;34;1;1
-52;29;36;1;1
-52;29;37;0;1
-52;30;19;1;1
-52;30;22;1;1
-52;30;27;1;1
-52;30;33;0;1
-52;30;35;0;1
-52;31;20;0;1
-52;31;23;0;1
-52;31;29;1;1
-52;31;31;0;1
-52;31;33;0;1
-52;31;34;0;1
-52;31;35;0;1
-52;31;36;0;1
-52;32;17;0;1
-52;32;21;1;1
-52;32;22;0;1
-52;32;29;1;1
-52;32;33;0;1
-52;32;34;1;1
-52;32;35;1;1
-52;33;17;0;1
-52;33;18;0;1
-52;33;19;0;1
-52;33;20;1;1
-52;33;22;0;1
-52;33;24;1;1
-52;33;25;1;1
-52;33;26;1;1
-52;33;28;1;1
-52;33;33;0;1
-52;33;34;0;1
-52;34;20;0;1
-52;34;22;1;1
-52;34;30;1;1
-52;34;33;1;1
-52;35;17;0;1
-52;35;18;0;1
-52;35;22;0;1
-52;35;24;0;1
-52;35;26;0;1
-52;35;27;1;1
-52;35;28;0;1
-52;35;29;1;1
-52;35;30;0;1
-52;35;31;1;1
-52;36;17;0;1
-52;36;18;1;1
-52;36;21;1;1
-52;36;28;0;1
-52;36;31;1;1
-52;36;32;0;1
-52;37;20;0;1
-52;37;22;1;1
-52;37;24;0;1
-52;37;28;0;1
-52;37;29;1;1
-52;37;31;0;1
-52;38;18;0;1
-52;38;21;1;1
-52;38;23;0;1
-52;38;24;1;1
-52;38;25;0;1
-52;38;28;0;1
-52;38;29;1;1
-52;39;19;0;1
-52;39;21;1;1
-52;40;19;1;1
-52;40;20;1;1
-52;40;22;1;1
-52;40;24;0;1
-52;40;27;0;1
-52;41;18;1;1
-52;41;19;0;1
-52;41;24;0;1
-52;41;25;1;1
-52;42;19;0;1
-52;42;22;0;1
-52;43;22;0;1
-51;-45;19;1;1
-51;-45;20;0;1
-51;-44;20;0;1
-51;-44;21;0;1
-51;-43;18;0;1
-51;-43;19;0;1
-51;-42;20;0;1
-51;-42;21;0;1
-51;-42;25;1;1
-51;-41;19;0;1
-51;-41;21;1;1
-51;-40;19;1;1
-51;-40;20;0;1
-51;-40;22;0;1
-51;-40;24;0;1
-51;-40;25;1;1
-51;-40;29;1;1
-51;-39;19;0;1
-51;-39;20;0;1
-51;-39;27;0;1
-51;-39;29;0;1
-51;-39;30;0;1
-51;-38;18;0;1
-51;-38;24;0;1
-51;-38;25;0;1
-51;-38;29;0;1
-51;-37;21;1;1
-51;-37;23;0;1
-51;-37;25;0;1
-51;-37;27;0;1
-51;-37;31;0;1
-51;-36;18;0;1
-51;-36;19;0;1
-51;-36;21;1;1
-51;-36;25;0;1
-51;-36;26;1;1
-51;-36;28;1;1
-51;-36;29;1;1
-51;-36;30;1;1
-51;-35;18;0;1
-51;-35;22;1;1
-51;-35;23;1;1
-51;-35;25;0;1
-51;-35;29;1;1
-51;-35;30;1;1
-51;-35;31;0;1
-51;-35;33;0;1
-51;-35;34;1;1
-51;-34;18;1;1
-51;-34;22;0;1
-51;-34;26;1;1
-51;-34;28;0;1
-51;-34;29;0;1
-51;-34;30;0;1
-51;-34;33;0;1
-51;-34;34;0;1
-51;-33;21;1;1
-51;-33;22;0;1
-51;-33;23;1;1
-51;-33;26;1;1
-51;-33;27;1;1
-51;-33;31;0;1
-51;-33;32;1;1
-51;-33;34;0;1
-51;-33;35;0;1
-51;-32;20;0;1
-51;-32;31;1;1
-51;-32;32;0;1
-51;-32;33;0;1
-51;-32;37;1;1
-51;-31;17;1;1
-51;-31;20;1;1
-51;-31;21;0;1
-51;-31;28;0;1
-51;-31;35;0;1
-51;-31;36;0;1
-51;-30;16;0;1
-51;-30;18;1;1
-51;-30;19;1;1
-51;-30;21;0;1
-51;-30;22;0;1
-51;-30;23;0;1
-51;-30;25;1;1
-51;-30;26;0;1
-51;-30;29;0;1
-51;-30;30;0;1
-51;-30;32;0;1
-51;-30;34;1;1
-51;-30;35;0;1
-51;-30;37;0;1
-51;-29;19;1;1
-51;-29;20;1;1
-51;-29;21;0;1
-51;-29;22;0;1
-51;-29;23;0;1
-51;-29;26;1;1
-51;-29;29;1;1
-51;-29;31;1;1
-51;-29;33;1;1
-51;-29;34;0;1
-51;-29;35;1;1
-51;-29;37;0;1
-51;-29;39;1;1
-51;-29;40;0;1
-51;-28;16;1;1
-51;-28;17;0;1
-51;-28;20;0;1
-51;-28;26;0;1
-51;-28;33;0;1
-51;-28;35;1;1
-51;-28;38;1;1
-51;-28;39;0;1
-51;-27;17;0;1
-51;-27;18;1;1
-51;-27;21;0;1
-51;-27;22;1;1
-51;-27;23;0;1
-51;-27;27;1;1
-51;-27;28;0;1
-51;-27;29;0;1
-51;-27;36;0;1
-51;-27;37;1;1
-51;-27;38;0;1
-51;-27;41;1;1
-51;-26;19;0;1
-51;-26;21;1;1
-51;-26;24;0;1
-51;-26;25;0;1
-51;-26;26;0;1
-51;-26;27;1;1
-51;-26;30;1;1
-51;-26;37;1;1
-51;-26;42;0;1
-51;-25;16;0;1
-51;-25;17;0;1
-51;-25;18;0;1
-51;-25;19;0;1
-51;-25;21;1;1
-51;-25;25;0;1
-51;-25;26;0;1
-51;-25;27;0;1
-51;-25;33;0;1
-51;-25;35;0;1
-51;-25;36;0;1
-51;-25;37;0;1
-51;-25;38;1;1
-51;-25;39;0;1
-51;-25;40;0;1
-51;-25;41;0;1
-51;-24;17;1;1
-51;-24;18;0;1
-51;-24;23;0;1
-51;-24;24;1;1
-51;-24;25;1;1
-51;-24;28;0;1
-51;-24;32;0;1
-51;-24;33;1;1
-51;-24;37;1;1
-51;-24;42;1;1
-51;-24;43;1;1
-51;-23;15;0;1
-51;-23;16;0;1
-51;-23;19;1;1
-51;-23;20;1;1
-51;-23;22;1;1
-51;-23;23;1;1
-51;-23;24;0;1
-51;-23;29;0;1
-51;-23;30;0;1
-51;-23;31;0;1
-51;-23;38;0;1
-51;-23;39;0;1
-51;-23;40;0;1
-51;-23;43;0;1
-51;-22;17;1;1
-51;-22;18;0;1
-51;-22;20;0;1
-51;-22;24;0;1
-51;-22;27;0;1
-51;-22;30;1;1
-51;-22;31;1;1
-51;-22;39;1;1
-51;-21;15;0;1
-51;-21;19;0;1
-51;-21;23;0;1
-51;-21;24;0;1
-51;-21;25;0;1
-51;-21;26;1;1
-51;-21;29;0;1
-51;-21;34;0;1
-51;-21;35;0;1
-51;-21;36;0;1
-51;-21;39;0;1
-51;-20;19;1;1
-51;-20;21;0;1
-51;-20;22;1;1
-51;-20;24;0;1
-51;-20;25;1;1
-51;-20;29;0;1
-51;-20;34;1;1
-51;-20;35;1;1
-51;-20;36;0;1
-51;-20;37;1;1
-51;-20;38;0;1
-51;-20;39;0;1
-51;-20;40;1;1
-51;-20;41;1;1
-51;-20;44;0;1
-51;-20;45;0;1
-51;-19;17;0;1
-51;-19;19;0;1
-51;-19;22;1;1
-51;-19;23;1;1
-51;-19;25;1;1
-51;-19;27;0;1
-51;-19;29;0;1
-51;-19;30;0;1
-51;-19;31;1;1
-51;-19;32;0;1
-51;-19;33;1;1
-51;-19;34;0;1
-51;-19;37;0;1
-51;-19;43;1;1
-51;-19;44;1;1
-51;-18;16;0;1
-51;-18;18;0;1
-51;-18;21;0;1
-51;-18;23;1;1
-51;-18;24;0;1
-51;-18;28;0;1
-51;-18;29;0;1
-51;-18;32;0;1
-51;-18;33;0;1
-51;-18;36;0;1
-51;-18;37;0;1
-51;-18;38;0;1
-51;-18;40;1;1
-51;-18;42;0;1
-51;-18;43;1;1
-51;-18;45;1;1
-51;-17;17;1;1
-51;-17;19;1;1
-51;-17;21;0;1
-51;-17;23;0;1
-51;-17;26;1;1
-51;-17;27;0;1
-51;-17;28;1;1
-51;-17;33;1;1
-51;-17;38;1;1
-51;-17;40;0;1
-51;-17;41;1;1
-51;-17;45;0;1
-51;-17;46;1;1
-51;-16;15;0;1
-51;-16;17;0;1
-51;-16;22;0;1
-51;-16;24;0;1
-51;-16;25;0;1
-51;-16;26;0;1
-51;-16;28;1;1
-51;-16;29;0;1
-51;-16;31;1;1
-51;-16;32;0;1
-51;-16;34;0;1
-51;-16;35;1;1
-51;-16;36;1;1
-51;-16;37;1;1
-51;-16;39;1;1
-51;-16;40;0;1
-51;-16;44;0;1
-51;-15;16;0;1
-51;-15;17;0;1
-51;-15;20;0;1
-51;-15;22;0;1
-51;-15;23;0;1
-51;-15;26;1;1
-51;-15;27;0;1
-51;-15;29;1;1
-51;-15;30;1;1
-51;-15;31;0;1
-51;-15;34;0;1
-51;-15;35;0;1
-51;-15;39;0;1
-51;-15;40;1;1
-51;-15;42;0;1
-51;-15;46;0;1
-51;-14;17;0;1
-51;-14;19;1;1
-51;-14;24;0;1
-51;-14;25;0;1
-51;-14;27;1;1
-51;-14;31;1;1
-51;-14;32;0;1
-51;-14;33;1;1
-51;-14;38;0;1
-51;-14;41;0;1
-51;-14;44;0;1
-51;-14;45;1;1
-51;-14;46;0;1
-51;-13;15;1;1
-51;-13;16;1;1
-51;-13;17;0;1
-51;-13;19;0;1
-51;-13;21;1;1
-51;-13;22;1;1
-51;-13;24;1;1
-51;-13;26;1;1
-51;-13;28;0;1
-51;-13;31;1;1
-51;-13;33;0;1
-51;-13;34;1;1
-51;-13;35;0;1
-51;-13;36;0;1
-51;-13;39;0;1
-51;-13;44;0;1
-51;-13;45;0;1
-51;-12;19;0;1
-51;-12;21;1;1
-51;-12;26;0;1
-51;-12;28;1;1
-51;-12;29;0;1
-51;-12;32;0;1
-51;-12;34;0;1
-51;-12;35;0;1
-51;-12;36;1;1
-51;-12;37;0;1
-51;-12;38;0;1
-51;-12;41;1;1
-51;-12;45;1;1
-51;-11;14;0;1
-51;-11;16;0;1
-51;-11;19;1;1
-51;-11;21;1;1
-51;-11;23;0;1
-51;-11;24;0;1
-51;-11;25;0;1
-51;-11;26;0;1
-51;-11;28;1;1
-51;-11;30;0;1
-51;-11;32;0;1
-51;-11;33;0;1
-51;-11;34;1;1
-51;-11;35;0;1
-51;-11;36;0;1
-51;-11;39;0;1
-51;-11;41;1;1
-51;-11;45;1;1
-51;-11;46;0;1
-51;-10;16;1;1
-51;-10;19;1;1
-51;-10;28;0;1
-51;-10;29;0;1
-51;-10;30;1;1
-51;-10;31;0;1
-51;-10;32;0;1
-51;-10;33;1;1
-51;-10;39;0;1
-51;-10;42;1;1
-51;-10;43;1;1
-51;-10;47;0;1
-51;-10;48;1;1
-51;-9;14;1;1
-51;-9;16;1;1
-51;-9;17;0;1
-51;-9;19;0;1
-51;-9;21;0;1
-51;-9;23;0;1
-51;-9;25;1;1
-51;-9;28;0;1
-51;-9;30;0;1
-51;-9;31;0;1
-51;-9;35;0;1
-51;-9;37;1;1
-51;-9;39;1;1
-51;-9;41;0;1
-51;-9;43;0;1
-51;-9;48;0;1
-51;-8;14;1;1
-51;-8;15;1;1
-51;-8;17;1;1
-51;-8;18;0;1
-51;-8;20;1;1
-51;-8;21;0;1
-51;-8;22;0;1
-51;-8;23;0;1
-51;-8;24;0;1
-51;-8;28;0;1
-51;-8;29;0;1
-51;-8;30;0;1
-51;-8;31;0;1
-51;-8;35;1;1
-51;-8;36;0;1
-51;-8;37;1;1
-51;-8;44;0;1
-51;-8;45;0;1
-51;-7;15;1;1
-51;-7;21;0;1
-51;-7;22;0;1
-51;-7;23;0;1
-51;-7;24;0;1
-51;-7;28;1;1
-51;-7;30;0;1
-51;-7;31;0;1
-51;-7;32;1;1
-51;-7;33;0;1
-51;-7;38;0;1
-51;-7;39;1;1
-51;-7;44;1;1
-51;-7;45;0;1
-51;-7;46;0;1
-51;-7;47;0;1
-51;-6;21;1;1
-51;-6;25;0;1
-51;-6;28;0;1
-51;-6;30;0;1
-51;-6;31;0;1
-51;-6;34;1;1
-51;-6;39;1;1
-51;-6;40;0;1
-51;-6;42;0;1
-51;-6;46;1;1
-51;-5;18;1;1
-51;-5;19;0;1
-51;-5;20;0;1
-51;-5;22;1;1
-51;-5;23;0;1
-51;-5;24;0;1
-51;-5;25;1;1
-51;-5;27;1;1
-51;-5;29;1;1
-51;-5;30;0;1
-51;-5;31;0;1
-51;-5;32;0;1
-51;-5;36;1;1
-51;-5;37;0;1
-51;-5;40;0;1
-51;-5;44;1;1
-51;-5;48;1;1
-51;-5;49;1;1
-51;-4;15;0;1
-51;-4;16;0;1
-51;-4;20;0;1
-51;-4;24;0;1
-51;-4;25;1;1
-51;-4;30;1;1
-51;-4;32;0;1
-51;-4;33;0;1
-51;-4;34;0;1
-51;-4;35;1;1
-51;-4;37;1;1
-51;-4;38;1;1
-51;-4;39;0;1
-51;-4;41;1;1
-51;-4;42;1;1
-51;-4;44;0;1
-51;-4;46;1;1
-51;-4;48;0;1
-51;-4;49;1;1
-51;-3;14;0;1
-51;-3;16;1;1
-51;-3;17;0;1
-51;-3;18;1;1
-51;-3;19;1;1
-51;-3;21;0;1
-51;-3;22;0;1
-51;-3;24;1;1
-51;-3;27;0;1
-51;-3;28;0;1
-51;-3;29;0;1
-51;-3;31;1;1
-51;-3;34;1;1
-51;-3;36;0;1
-51;-3;37;1;1
-51;-3;39;0;1
-51;-3;40;0;1
-51;-3;42;0;1
-51;-3;45;0;1
-51;-3;48;0;1
-51;-3;49;0;1
-51;-2;18;0;1
-51;-2;24;0;1
-51;-2;32;0;1
-51;-2;33;0;1
-51;-2;35;0;1
-51;-2;37;1;1
-51;-2;39;1;1
-51;-2;40;1;1
-51;-2;41;1;1
-51;-2;42;0;1
-51;-2;43;1;1
-51;-2;45;0;1
-51;-2;47;1;1
-51;-2;49;0;1
-51;-1;14;0;1
-51;-1;15;0;1
-51;-1;17;0;1
-51;-1;19;1;1
-51;-1;21;1;1
-51;-1;24;1;1
-51;-1;26;0;1
-51;-1;27;1;1
-51;-1;29;0;1
-51;-1;31;0;1
-51;-1;32;0;1
-51;-1;33;0;1
-51;-1;34;0;1
-51;-1;40;1;1
-51;-1;42;0;1
-51;-1;44;0;1
-51;-1;46;0;1
-51;0;19;1;1
-51;0;29;0;1
-51;0;32;0;1
-51;0;37;0;1
-51;0;38;1;1
-51;0;39;0;1
-51;0;40;0;1
-51;0;41;0;1
-51;0;42;1;1
-51;0;46;0;1
-51;0;48;0;1
-51;1;14;0;1
-51;1;15;0;1
-51;1;16;0;1
-51;1;17;0;1
-51;1;18;0;1
-51;1;19;0;1
-51;1;20;0;1
-51;1;23;0;1
-51;1;24;0;1
-51;1;31;0;1
-51;1;33;1;1
-51;1;34;1;1
-51;1;36;1;1
-51;1;43;1;1
-51;1;44;0;1
-51;1;47;0;1
-51;2;17;1;1
-51;2;18;0;1
-51;2;20;0;1
-51;2;21;1;1
-51;2;24;0;1
-51;2;26;0;1
-51;2;28;1;1
-51;2;32;1;1
-51;2;33;1;1
-51;2;35;0;1
-51;2;37;1;1
-51;2;38;0;1
-51;2;41;1;1
-51;2;44;0;1
-51;2;46;0;1
-51;2;48;1;1
-51;3;15;0;1
-51;3;16;0;1
-51;3;17;0;1
-51;3;18;0;1
-51;3;19;0;1
-51;3;23;0;1
-51;3;25;1;1
-51;3;28;1;1
-51;3;31;0;1
-51;3;32;1;1
-51;3;33;0;1
-51;3;34;0;1
-51;3;42;0;1
-51;3;43;0;1
-51;3;44;0;1
-51;3;45;0;1
-51;3;48;0;1
-51;3;49;1;1
-51;4;21;0;1
-51;4;22;0;1
-51;4;24;0;1
-51;4;27;0;1
-51;4;31;0;1
-51;4;32;0;1
-51;4;38;1;1
-51;4;39;1;1
-51;4;43;0;1
-51;4;47;1;1
-51;4;48;0;1
-51;5;14;1;1
-51;5;18;0;1
-51;5;19;0;1
-51;5;22;0;1
-51;5;27;0;1
-51;5;28;1;1
-51;5;29;1;1
-51;5;30;1;1
-51;5;32;1;1
-51;5;33;0;1
-51;5;38;1;1
-51;5;43;0;1
-51;5;44;1;1
-51;5;45;1;1
-51;5;46;0;1
-51;5;47;1;1
-51;5;49;1;1
-51;6;14;0;1
-51;6;16;1;1
-51;6;21;0;1
-51;6;22;1;1
-51;6;23;0;1
-51;6;24;0;1
-51;6;26;0;1
-51;6;30;0;1
-51;6;34;0;1
-51;6;35;1;1
-51;6;37;1;1
-51;6;42;0;1
-51;6;44;0;1
-51;6;45;1;1
-51;6;46;1;1
-51;6;48;0;1
-51;7;15;1;1
-51;7;17;0;1
-51;7;18;0;1
-51;7;22;0;1
-51;7;24;1;1
-51;7;28;0;1
-51;7;30;0;1
-51;7;31;1;1
-51;7;34;0;1
-51;7;38;1;1
-51;7;39;0;1
-51;7;40;1;1
-51;7;44;0;1
-51;7;45;0;1
-51;8;14;0;1
-51;8;15;1;1
-51;8;16;0;1
-51;8;17;0;1
-51;8;19;0;1
-51;8;21;0;1
-51;8;22;0;1
-51;8;23;0;1
-51;8;25;0;1
-51;8;26;1;1
-51;8;28;1;1
-51;8;29;0;1
-51;8;31;1;1
-51;8;34;0;1
-51;8;35;0;1
-51;8;36;0;1
-51;8;41;0;1
-51;8;43;0;1
-51;8;46;0;1
-51;8;48;0;1
-51;9;15;0;1
-51;9;18;0;1
-51;9;19;1;1
-51;9;22;0;1
-51;9;26;0;1
-51;9;35;0;1
-51;9;37;1;1
-51;9;38;0;1
-51;9;39;0;1
-51;9;41;1;1
-51;9;43;0;1
-51;9;45;0;1
-51;9;46;1;1
-51;10;15;0;1
-51;10;16;0;1
-51;10;17;0;1
-51;10;19;1;1
-51;10;24;1;1
-51;10;26;0;1
-51;10;29;0;1
-51;10;30;0;1
-51;10;32;0;1
-51;10;34;1;1
-51;10;37;0;1
-51;10;42;0;1
-51;10;44;0;1
-51;10;45;0;1
-51;11;14;1;1
-51;11;15;1;1
-51;11;21;1;1
-51;11;26;0;1
-51;11;29;1;1
-51;11;31;0;1
-51;11;32;0;1
-51;11;33;1;1
-51;11;36;0;1
-51;11;40;1;1
-51;11;43;0;1
-51;12;22;0;1
-51;12;28;0;1
-51;12;29;0;1
-51;12;33;1;1
-51;12;34;1;1
-51;12;35;0;1
-51;12;36;0;1
-51;12;38;0;1
-51;12;43;1;1
-51;12;44;0;1
-51;12;45;0;1
-51;13;27;0;1
-51;13;30;1;1
-51;13;33;0;1
-51;13;34;0;1
-51;13;39;1;1
-51;13;42;0;1
-51;13;44;0;1
-51;13;45;0;1
-51;13;46;0;1
-51;14;15;0;1
-51;14;18;0;1
-51;14;20;0;1
-51;14;21;1;1
-51;14;22;0;1
-51;14;23;1;1
-51;14;26;0;1
-51;14;30;0;1
-51;14;31;0;1
-51;14;32;1;1
-51;14;34;0;1
-51;14;37;1;1
-51;14;41;1;1
-51;14;44;0;1
-51;14;46;0;1
-51;15;19;0;1
-51;15;20;0;1
-51;15;26;0;1
-51;15;28;1;1
-51;15;31;1;1
-51;15;37;0;1
-51;15;38;1;1
-51;15;39;0;1
-51;15;40;0;1
-51;15;41;0;1
-51;15;44;1;1
-51;15;45;0;1
-51;16;15;0;1
-51;16;16;0;1
-51;16;18;1;1
-51;16;22;1;1
-51;16;23;1;1
-51;16;24;1;1
-51;16;26;0;1
-51;16;27;0;1
-51;16;30;0;1
-51;16;32;0;1
-51;16;33;1;1
-51;16;37;0;1
-51;16;39;0;1
-51;16;42;0;1
-51;16;43;0;1
-51;16;44;1;1
-51;16;45;0;1
-51;17;18;0;1
-51;17;21;0;1
-51;17;23;1;1
-51;17;26;0;1
-51;17;27;1;1
-51;17;29;1;1
-51;17;30;0;1
-51;17;31;0;1
-51;17;32;1;1
-51;17;33;0;1
-51;17;34;0;1
-51;17;41;1;1
-51;17;42;0;1
-51;17;44;0;1
-51;17;45;1;1
-51;18;15;0;1
-51;18;17;0;1
-51;18;18;0;1
-51;18;19;0;1
-51;18;20;0;1
-51;18;21;0;1
-51;18;23;0;1
-51;18;24;0;1
-51;18;25;1;1
-51;18;27;0;1
-51;18;29;1;1
-51;18;36;1;1
-51;18;37;0;1
-51;18;40;1;1
-51;18;44;0;1
-51;18;45;1;1
-51;18;46;1;1
-51;19;16;1;1
-51;19;23;0;1
-51;19;24;0;1
-51;19;27;0;1
-51;19;29;1;1
-51;19;30;1;1
-51;19;32;0;1
-51;19;37;1;1
-51;19;42;1;1
-51;19;45;0;1
-51;20;18;0;1
-51;20;25;0;1
-51;20;26;1;1
-51;20;32;1;1
-51;20;33;0;1
-51;20;34;0;1
-51;20;35;1;1
-51;20;39;0;1
-51;20;41;0;1
-51;20;42;0;1
-51;20;44;0;1
-51;21;16;1;1
-51;21;18;0;1
-51;21;22;0;1
-51;21;24;0;1
-51;21;26;0;1
-51;21;30;0;1
-51;21;32;0;1
-51;21;35;0;1
-51;21;41;0;1
-51;22;15;1;1
-51;22;17;0;1
-51;22;18;0;1
-51;22;20;1;1
-51;22;23;0;1
-51;22;24;0;1
-51;22;26;1;1
-51;22;27;0;1
-51;22;28;1;1
-51;22;31;0;1
-51;22;32;1;1
-51;22;35;0;1
-51;22;36;0;1
-51;22;37;1;1
-51;22;41;0;1
-51;23;16;0;1
-51;23;17;0;1
-51;23;20;0;1
-51;23;24;1;1
-51;23;26;0;1
-51;23;29;0;1
-51;23;31;1;1
-51;23;32;1;1
-51;23;33;1;1
-51;23;35;1;1
-51;23;37;1;1
-51;23;38;0;1
-51;23;41;0;1
-51;23;42;0;1
-51;24;18;0;1
-51;24;24;0;1
-51;24;26;1;1
-51;24;29;1;1
-51;24;34;1;1
-51;24;35;1;1
-51;24;36;0;1
-51;24;40;0;1
-51;24;41;0;1
-51;24;43;0;1
-51;25;18;0;1
-51;25;23;0;1
-51;25;24;0;1
-51;25;25;0;1
-51;25;29;0;1
-51;25;32;0;1
-51;25;33;0;1
-51;25;34;0;1
-51;25;38;0;1
-51;25;39;1;1
-51;25;41;1;1
-51;26;17;0;1
-51;26;22;1;1
-51;26;24;0;1
-51;26;25;1;1
-51;26;26;1;1
-51;26;28;0;1
-51;26;30;1;1
-51;26;31;0;1
-51;26;32;0;1
-51;26;39;1;1
-51;27;18;1;1
-51;27;19;0;1
-51;27;20;0;1
-51;27;21;1;1
-51;27;23;1;1
-51;27;24;1;1
-51;27;25;1;1
-51;27;28;1;1
-51;27;30;0;1
-51;27;32;1;1
-51;27;38;0;1
-51;27;39;1;1
-51;28;19;0;1
-51;28;24;0;1
-51;28;32;1;1
-51;28;34;0;1
-51;28;35;0;1
-51;28;36;0;1
-51;28;37;1;1
-51;29;23;0;1
-51;29;28;0;1
-51;29;30;0;1
-51;29;31;1;1
-51;29;32;1;1
-51;29;34;1;1
-51;29;35;1;1
-51;29;40;0;1
-51;30;19;1;1
-51;30;21;0;1
-51;30;24;1;1
-51;30;26;1;1
-51;30;28;0;1
-51;30;29;1;1
-51;30;30;0;1
-51;30;36;0;1
-51;30;38;1;1
-51;31;17;0;1
-51;31;20;1;1
-51;31;21;0;1
-51;31;23;0;1
-51;31;25;1;1
-51;31;28;0;1
-51;31;37;0;1
-51;32;20;1;1
-51;32;21;0;1
-51;32;24;1;1
-51;32;25;0;1
-51;32;26;0;1
-51;32;27;1;1
-51;32;28;0;1
-51;32;29;0;1
-51;32;30;1;1
-51;32;31;1;1
-51;32;34;0;1
-51;32;35;0;1
-51;33;19;0;1
-51;33;22;0;1
-51;33;24;0;1
-51;33;26;0;1
-51;33;29;0;1
-51;33;33;0;1
-51;34;20;0;1
-51;34;22;1;1
-51;34;25;1;1
-51;34;26;0;1
-51;34;28;0;1
-51;34;29;0;1
-51;34;30;0;1
-51;34;33;0;1
-51;34;35;0;1
-51;35;17;0;1
-51;35;22;1;1
-51;35;24;1;1
-51;35;25;1;1
-51;35;26;0;1
-51;35;29;1;1
-51;35;30;1;1
-51;35;34;0;1
-51;36;17;1;1
-51;36;18;1;1
-51;36;20;0;1
-51;36;21;1;1
-51;36;25;1;1
-51;36;26;0;1
-51;36;29;0;1
-51;36;32;0;1
-51;36;33;0;1
-51;37;20;0;1
-51;37;26;0;1
-51;37;28;1;1
-51;37;29;0;1
-51;38;18;0;1
-51;38;21;1;1
-51;38;22;1;1
-51;38;23;0;1
-51;38;26;1;1
-51;38;27;1;1
-51;38;29;0;1
-51;39;21;0;1
-51;39;22;0;1
-51;39;24;1;1
-51;39;26;0;1
-51;39;27;0;1
-51;40;18;0;1
-51;40;20;0;1
-51;40;21;1;1
-51;40;26;0;1
-51;40;27;1;1
-51;41;19;0;1
-51;41;20;1;1
-51;41;21;0;1
-51;41;23;0;1
-51;41;24;0;1
-51;41;26;0;1
-51;41;27;0;1
-51;42;18;0;1
-51;42;20;1;1
-51;42;21;0;1
-51;42;23;0;1
-51;42;24;0;1
-51;43;18;0;1
-51;43;19;0;1
-51;43;22;0;1
-51;43;24;0;1
-51;44;19;1;1
-51;44;22;0;1
-51;45;20;0;1
-50;-45;20;1;1
-50;-45;22;0;1
-50;-44;18;0;1
-50;-44;19;1;1
-50;-44;21;0;1
-50;-44;24;0;1
-50;-43;19;1;1
-50;-43;20;1;1
-50;-43;22;0;1
-50;-43;23;0;1
-50;-43;24;1;1
-50;-42;18;0;1
-50;-42;19;1;1
-50;-42;22;0;1
-50;-42;25;1;1
-50;-41;19;1;1
-50;-41;22;1;1
-50;-41;25;0;1
-50;-41;28;1;1
-50;-40;18;0;1
-50;-40;19;0;1
-50;-40;22;0;1
-50;-40;25;1;1
-50;-40;26;0;1
-50;-40;27;1;1
-50;-39;18;1;1
-50;-39;28;1;1
-50;-39;30;1;1
-50;-39;31;0;1
-50;-38;17;1;1
-50;-38;19;0;1
-50;-38;21;0;1
-50;-38;22;0;1
-50;-38;25;1;1
-50;-38;27;0;1
-50;-38;28;0;1
-50;-38;29;1;1
-50;-38;30;0;1
-50;-38;31;0;1
-50;-38;33;0;1
-50;-37;17;0;1
-50;-37;18;1;1
-50;-37;23;1;1
-50;-37;24;0;1
-50;-37;26;1;1
-50;-37;28;0;1
-50;-37;29;1;1
-50;-37;33;0;1
-50;-36;17;1;1
-50;-36;19;1;1
-50;-36;22;0;1
-50;-36;23;1;1
-50;-36;29;0;1
-50;-36;31;0;1
-50;-36;35;1;1
-50;-35;18;0;1
-50;-35;29;1;1
-50;-35;31;1;1
-50;-35;32;1;1
-50;-35;33;1;1
-50;-35;34;0;1
-50;-34;17;1;1
-50;-34;19;1;1
-50;-34;20;0;1
-50;-34;23;0;1
-50;-34;29;0;1
-50;-34;31;0;1
-50;-34;32;0;1
-50;-34;33;0;1
-50;-34;34;0;1
-50;-33;22;0;1
-50;-33;31;1;1
-50;-33;32;0;1
-50;-33;33;1;1
-50;-33;36;0;1
-50;-33;37;0;1
-50;-32;19;0;1
-50;-32;20;0;1
-50;-32;26;1;1
-50;-32;29;0;1
-50;-32;33;0;1
-50;-32;37;0;1
-50;-32;38;0;1
-50;-32;39;0;1
-50;-31;22;0;1
-50;-31;27;0;1
-50;-31;28;0;1
-50;-31;31;0;1
-50;-31;36;1;1
-50;-31;38;0;1
-50;-30;17;0;1
-50;-30;22;0;1
-50;-30;23;1;1
-50;-30;24;1;1
-50;-30;27;1;1
-50;-30;29;0;1
-50;-30;30;1;1
-50;-30;37;0;1
-50;-30;39;1;1
-50;-30;40;1;1
-50;-29;17;1;1
-50;-29;19;0;1
-50;-29;22;0;1
-50;-29;27;0;1
-50;-29;36;0;1
-50;-29;38;1;1
-50;-29;40;0;1
-50;-28;18;0;1
-50;-28;20;0;1
-50;-28;22;0;1
-50;-28;23;0;1
-50;-28;29;0;1
-50;-28;30;0;1
-50;-28;32;0;1
-50;-28;37;0;1
-50;-28;40;1;1
-50;-27;17;0;1
-50;-27;22;1;1
-50;-27;23;1;1
-50;-27;26;0;1
-50;-27;29;1;1
-50;-27;32;0;1
-50;-27;33;0;1
-50;-27;36;0;1
-50;-27;39;1;1
-50;-27;40;1;1
-50;-26;16;0;1
-50;-26;18;0;1
-50;-26;20;1;1
-50;-26;23;1;1
-50;-26;24;1;1
-50;-26;29;1;1
-50;-26;34;1;1
-50;-26;36;0;1
-50;-26;37;0;1
-50;-26;40;0;1
-50;-26;42;0;1
-50;-25;16;0;1
-50;-25;17;1;1
-50;-25;19;1;1
-50;-25;21;0;1
-50;-25;26;1;1
-50;-25;27;0;1
-50;-25;32;0;1
-50;-25;33;0;1
-50;-25;36;0;1
-50;-25;39;1;1
-50;-25;43;1;1
-50;-24;17;0;1
-50;-24;20;1;1
-50;-24;22;0;1
-50;-24;25;0;1
-50;-24;26;0;1
-50;-24;28;0;1
-50;-24;29;0;1
-50;-24;30;1;1
-50;-24;33;1;1
-50;-24;34;1;1
-50;-24;36;1;1
-50;-23;16;0;1
-50;-23;17;0;1
-50;-23;19;0;1
-50;-23;21;1;1
-50;-23;22;0;1
-50;-23;23;0;1
-50;-23;26;0;1
-50;-23;29;1;1
-50;-23;32;0;1
-50;-23;33;0;1
-50;-23;34;0;1
-50;-23;39;0;1
-50;-23;42;1;1
-50;-23;43;0;1
-50;-22;15;0;1
-50;-22;16;0;1
-50;-22;22;1;1
-50;-22;23;1;1
-50;-22;24;0;1
-50;-22;26;0;1
-50;-22;34;1;1
-50;-22;36;0;1
-50;-22;37;0;1
-50;-22;39;0;1
-50;-22;40;0;1
-50;-22;41;0;1
-50;-22;42;1;1
-50;-22;43;0;1
-50;-22;44;0;1
-50;-22;45;0;1
-50;-21;15;0;1
-50;-21;17;0;1
-50;-21;19;0;1
-50;-21;21;0;1
-50;-21;26;0;1
-50;-21;27;0;1
-50;-21;28;0;1
-50;-21;29;0;1
-50;-21;32;1;1
-50;-21;33;1;1
-50;-21;35;0;1
-50;-21;40;0;1
-50;-21;41;0;1
-50;-21;43;1;1
-50;-21;44;1;1
-50;-20;15;0;1
-50;-20;18;1;1
-50;-20;20;1;1
-50;-20;21;0;1
-50;-20;22;0;1
-50;-20;28;0;1
-50;-20;31;0;1
-50;-20;35;0;1
-50;-20;43;1;1
-50;-20;46;1;1
-50;-19;17;1;1
-50;-19;18;0;1
-50;-19;29;0;1
-50;-19;34;0;1
-50;-19;35;1;1
-50;-19;37;0;1
-50;-19;38;0;1
-50;-19;41;0;1
-50;-19;45;0;1
-50;-19;46;1;1
-50;-18;19;0;1
-50;-18;21;0;1
-50;-18;22;0;1
-50;-18;23;0;1
-50;-18;25;0;1
-50;-18;29;0;1
-50;-18;31;0;1
-50;-18;34;0;1
-50;-18;38;0;1
-50;-18;39;0;1
-50;-18;40;0;1
-50;-18;41;0;1
-50;-18;43;0;1
-50;-18;45;1;1
-50;-17;15;0;1
-50;-17;16;1;1
-50;-17;19;1;1
-50;-17;25;0;1
-50;-17;26;0;1
-50;-17;29;1;1
-50;-17;30;0;1
-50;-17;31;0;1
-50;-17;34;0;1
-50;-17;38;0;1
-50;-17;41;0;1
-50;-17;45;0;1
-50;-17;46;0;1
-50;-16;17;1;1
-50;-16;20;0;1
-50;-16;21;0;1
-50;-16;22;0;1
-50;-16;24;1;1
-50;-16;25;1;1
-50;-16;27;1;1
-50;-16;28;0;1
-50;-16;29;0;1
-50;-16;30;0;1
-50;-16;31;1;1
-50;-16;32;0;1
-50;-16;35;1;1
-50;-16;37;0;1
-50;-16;38;0;1
-50;-16;41;0;1
-50;-16;42;0;1
-50;-16;45;1;1
-50;-16;46;0;1
-50;-15;16;0;1
-50;-15;19;1;1
-50;-15;23;0;1
-50;-15;24;1;1
-50;-15;27;0;1
-50;-15;28;0;1
-50;-15;33;1;1
-50;-15;35;0;1
-50;-15;37;1;1
-50;-15;40;0;1
-50;-15;42;1;1
-50;-15;47;0;1
-50;-14;17;1;1
-50;-14;19;1;1
-50;-14;21;1;1
-50;-14;22;0;1
-50;-14;23;0;1
-50;-14;24;1;1
-50;-14;27;1;1
-50;-14;35;0;1
-50;-14;38;0;1
-50;-14;40;0;1
-50;-14;41;0;1
-50;-14;45;0;1
-50;-14;46;0;1
-50;-14;47;0;1
-50;-14;48;0;1
-50;-13;17;0;1
-50;-13;24;0;1
-50;-13;26;1;1
-50;-13;28;0;1
-50;-13;29;0;1
-50;-13;31;1;1
-50;-13;34;1;1
-50;-13;35;0;1
-50;-13;41;0;1
-50;-13;44;1;1
-50;-12;19;1;1
-50;-12;21;0;1
-50;-12;22;0;1
-50;-12;24;0;1
-50;-12;27;1;1
-50;-12;31;0;1
-50;-12;33;1;1
-50;-12;34;0;1
-50;-12;37;1;1
-50;-12;42;0;1
-50;-12;44;1;1
-50;-12;47;0;1
-50;-11;15;0;1
-50;-11;17;0;1
-50;-11;18;1;1
-50;-11;21;0;1
-50;-11;23;0;1
-50;-11;25;0;1
-50;-11;28;0;1
-50;-11;30;0;1
-50;-11;35;1;1
-50;-11;39;1;1
-50;-11;42;0;1
-50;-11;43;0;1
-50;-11;47;0;1
-50;-11;48;1;1
-50;-10;15;0;1
-50;-10;16;0;1
-50;-10;18;1;1
-50;-10;21;0;1
-50;-10;25;0;1
-50;-10;34;0;1
-50;-10;37;1;1
-50;-10;39;0;1
-50;-10;41;1;1
-50;-10;45;0;1
-50;-10;48;0;1
-50;-10;49;0;1
-50;-9;14;0;1
-50;-9;15;1;1
-50;-9;17;0;1
-50;-9;18;0;1
-50;-9;21;0;1
-50;-9;24;1;1
-50;-9;27;0;1
-50;-9;29;1;1
-50;-9;31;1;1
-50;-9;32;0;1
-50;-9;33;0;1
-50;-9;34;1;1
-50;-9;38;0;1
-50;-9;42;1;1
-50;-9;44;0;1
-50;-9;46;0;1
-50;-9;47;1;1
-50;-8;14;0;1
-50;-8;17;0;1
-50;-8;20;0;1
-50;-8;23;1;1
-50;-8;30;1;1
-50;-8;35;1;1
-50;-8;39;1;1
-50;-8;41;0;1
-50;-8;42;0;1
-50;-8;43;0;1
-50;-8;46;0;1
-50;-8;48;0;1
-50;-7;18;1;1
-50;-7;20;0;1
-50;-7;26;0;1
-50;-7;29;0;1
-50;-7;30;0;1
-50;-7;31;1;1
-50;-7;36;0;1
-50;-7;38;1;1
-50;-7;39;0;1
-50;-7;41;1;1
-50;-7;45;0;1
-50;-7;46;1;1
-50;-7;47;1;1
-50;-7;48;1;1
-50;-7;49;1;1
-50;-6;14;1;1
-50;-6;20;0;1
-50;-6;22;0;1
-50;-6;24;0;1
-50;-6;26;1;1
-50;-6;36;1;1
-50;-6;38;0;1
-50;-6;40;0;1
-50;-6;41;1;1
-50;-6;44;0;1
-50;-6;46;1;1
-50;-6;49;1;1
-50;-5;14;0;1
-50;-5;15;0;1
-50;-5;19;0;1
-50;-5;21;1;1
-50;-5;24;0;1
-50;-5;25;1;1
-50;-5;28;1;1
-50;-5;33;0;1
-50;-5;38;0;1
-50;-5;42;1;1
-50;-5;45;0;1
-50;-5;48;0;1
-50;-4;16;0;1
-50;-4;18;1;1
-50;-4;19;0;1
-50;-4;22;1;1
-50;-4;24;1;1
-50;-4;25;0;1
-50;-4;28;1;1
-50;-4;29;0;1
-50;-4;30;0;1
-50;-4;33;1;1
-50;-4;35;1;1
-50;-4;37;0;1
-50;-4;38;0;1
-50;-4;40;1;1
-50;-4;42;1;1
-50;-4;45;0;1
-50;-4;46;0;1
-50;-4;47;0;1
-50;-3;17;0;1
-50;-3;18;0;1
-50;-3;19;0;1
-50;-3;24;0;1
-50;-3;26;1;1
-50;-3;29;0;1
-50;-3;30;1;1
-50;-3;34;0;1
-50;-3;37;0;1
-50;-3;38;1;1
-50;-3;39;0;1
-50;-3;42;1;1
-50;-3;43;1;1
-50;-3;45;1;1
-50;-3;47;1;1
-50;-3;48;0;1
-50;-3;50;0;1
-50;-2;14;0;1
-50;-2;16;0;1
-50;-2;21;1;1
-50;-2;22;0;1
-50;-2;26;0;1
-50;-2;28;0;1
-50;-2;29;0;1
-50;-2;31;1;1
-50;-2;34;0;1
-50;-2;35;0;1
-50;-2;37;0;1
-50;-2;40;0;1
-50;-2;43;0;1
-50;-2;47;0;1
-50;-1;14;0;1
-50;-1;20;0;1
-50;-1;21;0;1
-50;-1;22;0;1
-50;-1;23;0;1
-50;-1;27;1;1
-50;-1;32;0;1
-50;-1;34;0;1
-50;-1;35;0;1
-50;-1;37;1;1
-50;-1;40;1;1
-50;-1;42;1;1
-50;-1;49;0;1
-50;0;15;0;1
-50;0;17;0;1
-50;0;19;1;1
-50;0;22;0;1
-50;0;26;0;1
-50;0;27;1;1
-50;0;31;0;1
-50;0;42;0;1
-50;0;44;0;1
-50;0;47;0;1
-50;0;48;1;1
-50;0;50;1;1
-50;1;14;0;1
-50;1;16;0;1
-50;1;18;1;1
-50;1;27;1;1
-50;1;29;0;1
-50;1;31;1;1
-50;1;35;0;1
-50;1;37;1;1
-50;1;39;1;1
-50;1;40;0;1
-50;1;42;1;1
-50;1;44;0;1
-50;1;45;0;1
-50;1;47;0;1
-50;1;50;0;1
-50;2;14;1;1
-50;2;15;0;1
-50;2;19;0;1
-50;2;21;1;1
-50;2;23;1;1
-50;2;24;0;1
-50;2;29;0;1
-50;2;30;0;1
-50;2;31;1;1
-50;2;32;0;1
-50;2;33;1;1
-50;2;42;0;1
-50;2;43;1;1
-50;2;44;1;1
-50;2;50;0;1
-50;3;16;0;1
-50;3;18;0;1
-50;3;22;0;1
-50;3;26;1;1
-50;3;29;0;1
-50;3;31;1;1
-50;3;40;1;1
-50;3;41;0;1
-50;3;42;0;1
-50;3;43;0;1
-50;3;44;0;1
-50;3;45;0;1
-50;3;49;0;1
-50;4;19;0;1
-50;4;21;0;1
-50;4;23;0;1
-50;4;25;0;1
-50;4;26;0;1
-50;4;28;1;1
-50;4;29;0;1
-50;4;32;0;1
-50;4;33;0;1
-50;4;34;0;1
-50;4;35;1;1
-50;4;36;1;1
-50;4;38;0;1
-50;4;39;1;1
-50;4;40;0;1
-50;4;41;0;1
-50;4;42;1;1
-50;4;46;1;1
-50;4;47;1;1
-50;4;48;0;1
-50;4;49;0;1
-50;4;50;0;1
-50;5;18;0;1
-50;5;24;0;1
-50;5;26;0;1
-50;5;31;1;1
-50;5;32;1;1
-50;5;39;0;1
-50;5;40;0;1
-50;5;44;0;1
-50;5;46;0;1
-50;5;48;0;1
-50;5;50;0;1
-50;6;16;0;1
-50;6;18;0;1
-50;6;23;1;1
-50;6;26;1;1
-50;6;27;1;1
-50;6;28;1;1
-50;6;37;0;1
-50;6;38;1;1
-50;6;39;1;1
-50;6;41;0;1
-50;6;42;0;1
-50;6;43;0;1
-50;6;44;0;1
-50;6;45;0;1
-50;7;14;0;1
-50;7;15;0;1
-50;7;18;1;1
-50;7;22;1;1
-50;7;24;1;1
-50;7;28;0;1
-50;7;33;0;1
-50;7;34;0;1
-50;7;35;1;1
-50;7;36;1;1
-50;7;37;1;1
-50;7;38;0;1
-50;7;44;1;1
-50;7;46;0;1
-50;7;48;1;1
-50;7;49;0;1
-50;8;17;1;1
-50;8;22;0;1
-50;8;26;1;1
-50;8;29;0;1
-50;8;30;0;1
-50;8;31;0;1
-50;8;32;0;1
-50;8;34;1;1
-50;8;36;0;1
-50;8;38;0;1
-50;8;41;0;1
-50;8;42;0;1
-50;8;43;0;1
-50;8;44;1;1
-50;8;45;0;1
-50;8;48;1;1
-50;8;49;0;1
-50;9;14;1;1
-50;9;17;0;1
-50;9;18;1;1
-50;9;19;1;1
-50;9;21;0;1
-50;9;25;1;1
-50;9;28;0;1
-50;9;29;0;1
-50;9;30;1;1
-50;9;34;0;1
-50;9;35;1;1
-50;9;38;1;1
-50;9;39;0;1
-50;9;40;1;1
-50;9;44;1;1
-50;9;46;0;1
-50;9;49;1;1
-50;10;19;0;1
-50;10;24;1;1
-50;10;25;0;1
-50;10;30;0;1
-50;10;32;1;1
-50;10;34;1;1
-50;10;37;0;1
-50;10;39;0;1
-50;10;40;1;1
-50;10;41;0;1
-50;10;43;1;1
-50;10;44;1;1
-50;10;49;0;1
-50;11;15;1;1
-50;11;18;1;1
-50;11;22;1;1
-50;11;23;0;1
-50;11;24;0;1
-50;11;27;0;1
-50;11;29;0;1
-50;11;30;0;1
-50;11;31;0;1
-50;11;32;1;1
-50;11;33;0;1
-50;11;35;0;1
-50;11;36;0;1
-50;11;38;0;1
-50;11;39;0;1
-50;11;40;0;1
-50;11;43;1;1
-50;11;46;0;1
-50;11;48;1;1
-50;11;49;0;1
-50;12;15;0;1
-50;12;16;0;1
-50;12;17;1;1
-50;12;19;0;1
-50;12;27;0;1
-50;12;34;0;1
-50;12;36;0;1
-50;12;40;1;1
-50;12;42;0;1
-50;12;45;0;1
-50;12;47;0;1
-50;13;16;0;1
-50;13;18;0;1
-50;13;19;1;1
-50;13;26;0;1
-50;13;27;1;1
-50;13;29;1;1
-50;13;31;0;1
-50;13;32;1;1
-50;13;34;1;1
-50;13;36;1;1
-50;13;39;1;1
-50;13;40;0;1
-50;13;43;1;1
-50;13;44;0;1
-50;13;47;1;1
-50;14;14;1;1
-50;14;16;0;1
-50;14;21;0;1
-50;14;23;0;1
-50;14;24;1;1
-50;14;25;1;1
-50;14;27;0;1
-50;14;28;0;1
-50;14;33;1;1
-50;14;34;0;1
-50;14;36;1;1
-50;14;37;0;1
-50;14;39;1;1
-50;14;41;1;1
-50;14;43;0;1
-50;14;46;0;1
-50;14;47;0;1
-50;14;48;0;1
-50;15;14;0;1
-50;15;16;0;1
-50;15;17;0;1
-50;15;19;0;1
-50;15;20;0;1
-50;15;22;1;1
-50;15;31;0;1
-50;15;32;0;1
-50;15;33;0;1
-50;15;37;0;1
-50;15;48;0;1
-50;16;20;1;1
-50;16;25;0;1
-50;16;27;0;1
-50;16;29;0;1
-50;16;35;1;1
-50;16;36;0;1
-50;16;37;1;1
-50;16;40;0;1
-50;16;44;0;1
-50;16;47;0;1
-50;17;17;0;1
-50;17;19;0;1
-50;17;21;0;1
-50;17;22;0;1
-50;17;23;0;1
-50;17;24;0;1
-50;17;25;0;1
-50;17;27;0;1
-50;17;30;1;1
-50;17;33;0;1
-50;17;37;0;1
-50;17;38;0;1
-50;17;40;0;1
-50;17;41;0;1
-50;17;46;0;1
-50;18;19;1;1
-50;18;21;0;1
-50;18;23;0;1
-50;18;24;0;1
-50;18;27;0;1
-50;18;29;0;1
-50;18;31;0;1
-50;18;38;1;1
-50;18;42;0;1
-50;18;45;0;1
-50;18;46;0;1
-50;18;47;1;1
-50;19;18;0;1
-50;19;19;0;1
-50;19;20;0;1
-50;19;24;0;1
-50;19;27;1;1
-50;19;28;0;1
-50;19;30;1;1
-50;19;31;0;1
-50;19;33;0;1
-50;19;36;1;1
-50;19;38;0;1
-50;19;39;0;1
-50;19;42;0;1
-50;19;44;1;1
-50;19;45;0;1
-50;19;46;1;1
-50;20;18;1;1
-50;20;19;0;1
-50;20;21;0;1
-50;20;22;1;1
-50;20;24;0;1
-50;20;28;1;1
-50;20;29;0;1
-50;20;30;0;1
-50;20;31;1;1
-50;20;32;0;1
-50;20;33;0;1
-50;20;39;0;1
-50;20;41;0;1
-50;20;42;1;1
-50;21;15;1;1
-50;21;16;0;1
-50;21;20;1;1
-50;21;21;0;1
-50;21;22;0;1
-50;21;23;1;1
-50;21;26;0;1
-50;21;28;0;1
-50;21;29;0;1
-50;21;30;0;1
-50;21;32;1;1
-50;21;34;1;1
-50;21;36;0;1
-50;21;40;0;1
-50;21;44;1;1
-50;22;15;0;1
-50;22;16;1;1
-50;22;18;0;1
-50;22;19;0;1
-50;22;20;1;1
-50;22;22;1;1
-50;22;23;0;1
-50;22;24;0;1
-50;22;32;0;1
-50;22;35;1;1
-50;22;36;0;1
-50;22;38;1;1
-50;22;41;0;1
-50;22;42;1;1
-50;22;43;1;1
-50;23;23;0;1
-50;23;26;0;1
-50;23;29;0;1
-50;23;30;1;1
-50;23;31;0;1
-50;23;33;1;1
-50;23;35;0;1
-50;23;36;0;1
-50;23;37;0;1
-50;23;42;1;1
-50;23;44;1;1
-50;24;15;0;1
-50;24;17;0;1
-50;24;24;1;1
-50;24;26;0;1
-50;24;27;0;1
-50;24;29;1;1
-50;24;30;1;1
-50;24;31;1;1
-50;24;32;0;1
-50;24;34;0;1
-50;24;39;0;1
-50;24;42;1;1
-50;24;43;1;1
-50;25;15;0;1
-50;25;16;0;1
-50;25;17;0;1
-50;25;18;1;1
-50;25;19;0;1
-50;25;20;1;1
-50;25;22;0;1
-50;25;24;1;1
-50;25;27;1;1
-50;25;30;0;1
-50;25;32;0;1
-50;25;35;1;1
-50;25;37;1;1
-50;25;38;1;1
-50;26;16;0;1
-50;26;21;0;1
-50;26;22;0;1
-50;26;27;1;1
-50;26;29;0;1
-50;26;30;0;1
-50;26;31;1;1
-50;26;35;1;1
-50;26;43;0;1
-50;27;18;0;1
-50;27;21;0;1
-50;27;23;1;1
-50;27;24;0;1
-50;27;28;1;1
-50;27;30;0;1
-50;27;31;0;1
-50;27;33;0;1
-50;27;35;1;1
-50;27;36;0;1
-50;27;40;0;1
-50;27;42;0;1
-50;28;19;0;1
-50;28;20;1;1
-50;28;24;1;1
-50;28;27;0;1
-50;28;31;1;1
-50;28;32;0;1
-50;28;37;1;1
-50;28;41;1;1
-50;29;16;0;1
-50;29;17;1;1
-50;29;20;0;1
-50;29;22;0;1
-50;29;24;0;1
-50;29;25;1;1
-50;29;26;1;1
-50;29;31;0;1
-50;29;32;1;1
-50;29;36;0;1
-50;29;39;0;1
-50;30;16;1;1
-50;30;18;0;1
-50;30;26;0;1
-50;30;29;0;1
-50;30;32;0;1
-50;30;35;0;1
-50;30;37;0;1
-50;31;18;0;1
-50;31;20;1;1
-50;31;22;1;1
-50;31;24;0;1
-50;31;26;0;1
-50;31;28;1;1
-50;31;29;0;1
-50;31;30;0;1
-50;31;31;0;1
-50;31;34;0;1
-50;31;35;0;1
-50;31;37;1;1
-50;32;16;0;1
-50;32;19;0;1
-50;32;23;1;1
-50;32;27;0;1
-50;32;31;1;1
-50;32;33;0;1
-50;32;38;0;1
-50;32;39;0;1
-50;33;20;0;1
-50;33;21;1;1
-50;33;22;0;1
-50;33;24;0;1
-50;33;25;0;1
-50;33;27;0;1
-50;33;28;0;1
-50;33;30;0;1
-50;33;31;1;1
-50;33;32;0;1
-50;33;33;0;1
-50;33;35;1;1
-50;33;37;1;1
-50;33;38;1;1
-50;34;20;0;1
-50;34;23;0;1
-50;34;25;0;1
-50;34;26;1;1
-50;34;27;0;1
-50;34;28;0;1
-50;35;20;1;1
-50;35;21;0;1
-50;35;22;1;1
-50;35;23;0;1
-50;35;28;0;1
-50;35;29;1;1
-50;35;31;0;1
-50;35;32;0;1
-50;36;17;0;1
-50;36;18;0;1
-50;36;19;0;1
-50;36;22;0;1
-50;36;24;1;1
-50;36;26;0;1
-50;36;29;0;1
-50;36;32;0;1
-50;36;35;1;1
-50;37;17;1;1
-50;37;19;1;1
-50;37;24;0;1
-50;37;26;0;1
-50;37;30;0;1
-50;38;17;1;1
-50;38;22;1;1
-50;38;23;0;1
-50;38;24;0;1
-50;38;25;1;1
-50;38;27;0;1
-50;38;29;1;1
-50;38;32;1;1
-50;39;27;0;1
-50;39;28;0;1
-50;39;29;1;1
-50;40;18;0;1
-50;40;24;0;1
-50;40;26;0;1
-50;40;27;0;1
-50;40;29;0;1
-50;40;30;1;1
-50;41;20;0;1
-50;41;22;0;1
-50;41;28;0;1
-50;42;18;1;1
-50;42;21;0;1
-50;42;27;1;1
-50;43;19;1;1
-50;43;20;0;1
-50;43;22;1;1
-50;43;23;0;1
-50;44;18;1;1
-50;44;19;0;1
-50;44;22;1;1
-50;44;23;0;1
-50;45;19;0;1
-50;45;20;0;1
-50;46;19;0;1
-49;-47;20;0;1
-49;-46;20;0;1
-49;-46;22;0;1
-49;-45;18;0;1
-49;-45;19;0;1
-49;-45;21;0;1
-49;-44;18;0;1
-49;-44;23;1;1
-49;-44;24;0;1
-49;-44;25;0;1
-49;-43;20;0;1
-49;-43;23;0;1
-49;-43;24;1;1
-49;-43;27;0;1
-49;-42;19;0;1
-49;-42;21;0;1
-49;-42;25;0;1
-49;-42;26;0;1
-49;-42;27;0;1
-49;-42;28;1;1
-49;-41;18;1;1
-49;-41;22;1;1
-49;-41;28;0;1
-49;-41;29;0;1
-49;-40;18;1;1
-49;-40;23;0;1
-49;-40;24;1;1
-49;-40;30;1;1
-49;-40;32;1;1
-49;-39;17;0;1
-49;-39;21;0;1
-49;-39;23;0;1
-49;-39;25;0;1
-49;-39;26;1;1
-49;-39;27;0;1
-49;-39;29;0;1
-49;-39;31;1;1
-49;-39;32;0;1
-49;-38;22;0;1
-49;-38;25;0;1
-49;-38;30;0;1
-49;-38;31;0;1
-49;-37;17;1;1
-49;-37;20;1;1
-49;-37;22;0;1
-49;-37;24;1;1
-49;-37;25;0;1
-49;-37;30;1;1
-49;-37;32;1;1
-49;-36;18;1;1
-49;-36;26;0;1
-49;-36;28;0;1
-49;-36;30;1;1
-49;-36;31;0;1
-49;-36;34;0;1
-49;-35;17;0;1
-49;-35;19;1;1
-49;-35;21;1;1
-49;-35;23;1;1
-49;-35;24;0;1
-49;-35;29;1;1
-49;-35;30;1;1
-49;-35;31;0;1
-49;-35;34;1;1
-49;-35;35;1;1
-49;-34;16;0;1
-49;-34;18;0;1
-49;-34;23;0;1
-49;-34;26;0;1
-49;-34;27;0;1
-49;-34;28;0;1
-49;-34;29;1;1
-49;-34;30;1;1
-49;-34;31;0;1
-49;-34;34;0;1
-49;-34;36;0;1
-49;-34;38;1;1
-49;-33;16;1;1
-49;-33;19;0;1
-49;-33;21;0;1
-49;-33;31;0;1
-49;-33;38;0;1
-49;-33;39;0;1
-49;-32;17;1;1
-49;-32;18;1;1
-49;-32;19;1;1
-49;-32;20;1;1
-49;-32;22;1;1
-49;-32;23;0;1
-49;-32;27;0;1
-49;-32;29;0;1
-49;-32;30;0;1
-49;-32;31;0;1
-49;-32;33;0;1
-49;-32;38;1;1
-49;-32;39;1;1
-49;-32;40;0;1
-49;-31;20;0;1
-49;-31;21;0;1
-49;-31;26;0;1
-49;-31;29;0;1
-49;-31;31;0;1
-49;-31;34;0;1
-49;-31;35;0;1
-49;-31;40;0;1
-49;-31;41;1;1
-49;-30;17;1;1
-49;-30;22;1;1
-49;-30;24;0;1
-49;-30;29;0;1
-49;-30;36;1;1
-49;-30;40;0;1
-49;-30;41;1;1
-49;-29;16;0;1
-49;-29;21;0;1
-49;-29;22;0;1
-49;-29;24;0;1
-49;-29;26;0;1
-49;-29;29;0;1
-49;-29;30;1;1
-49;-29;31;1;1
-49;-29;33;1;1
-49;-29;36;0;1
-49;-29;38;0;1
-49;-29;39;1;1
-49;-28;19;0;1
-49;-28;20;1;1
-49;-28;21;0;1
-49;-28;22;1;1
-49;-28;25;1;1
-49;-28;26;0;1
-49;-28;27;0;1
-49;-28;35;1;1
-49;-28;36;0;1
-49;-28;38;1;1
-49;-28;40;1;1
-49;-28;42;0;1
-49;-28;43;1;1
-49;-27;20;1;1
-49;-27;22;0;1
-49;-27;29;1;1
-49;-27;34;0;1
-49;-27;38;1;1
-49;-27;41;1;1
-49;-27;43;0;1
-49;-26;16;0;1
-49;-26;20;1;1
-49;-26;21;1;1
-49;-26;23;0;1
-49;-26;24;1;1
-49;-26;25;0;1
-49;-26;26;1;1
-49;-26;27;0;1
-49;-26;28;1;1
-49;-26;29;1;1
-49;-26;31;0;1
-49;-26;32;1;1
-49;-26;37;0;1
-49;-26;38;0;1
-49;-26;39;0;1
-49;-26;40;0;1
-49;-26;42;0;1
-49;-26;43;1;1
-49;-25;15;0;1
-49;-25;17;1;1
-49;-25;20;1;1
-49;-25;21;0;1
-49;-25;23;1;1
-49;-25;24;1;1
-49;-25;25;0;1
-49;-25;27;0;1
-49;-25;28;1;1
-49;-25;29;0;1
-49;-25;31;1;1
-49;-25;33;0;1
-49;-25;38;1;1
-49;-25;41;0;1
-49;-25;43;0;1
-49;-24;15;0;1
-49;-24;21;0;1
-49;-24;26;0;1
-49;-24;31;0;1
-49;-24;32;0;1
-49;-24;35;0;1
-49;-24;36;1;1
-49;-24;37;0;1
-49;-24;40;0;1
-49;-24;42;1;1
-49;-24;44;1;1
-49;-24;45;0;1
-49;-23;16;0;1
-49;-23;17;0;1
-49;-23;19;1;1
-49;-23;28;0;1
-49;-23;32;1;1
-49;-23;38;0;1
-49;-23;39;1;1
-49;-23;41;0;1
-49;-22;15;0;1
-49;-22;16;1;1
-49;-22;17;0;1
-49;-22;18;1;1
-49;-22;20;0;1
-49;-22;23;0;1
-49;-22;25;1;1
-49;-22;26;0;1
-49;-22;27;1;1
-49;-22;28;0;1
-49;-22;29;1;1
-49;-22;34;0;1
-49;-22;36;0;1
-49;-22;37;1;1
-49;-22;38;0;1
-49;-21;16;1;1
-49;-21;18;1;1
-49;-21;19;1;1
-49;-21;21;0;1
-49;-21;22;0;1
-49;-21;23;0;1
-49;-21;25;0;1
-49;-21;26;0;1
-49;-21;28;1;1
-49;-21;34;0;1
-49;-21;38;1;1
-49;-21;41;0;1
-49;-21;44;0;1
-49;-20;15;1;1
-49;-20;19;0;1
-49;-20;21;0;1
-49;-20;22;0;1
-49;-20;24;0;1
-49;-20;25;0;1
-49;-20;30;0;1
-49;-20;32;1;1
-49;-20;35;1;1
-49;-20;36;1;1
-49;-20;37;0;1
-49;-20;41;1;1
-49;-20;43;0;1
-49;-20;45;1;1
-49;-20;47;0;1
-49;-19;23;0;1
-49;-19;30;0;1
-49;-19;31;0;1
-49;-19;33;0;1
-49;-19;34;0;1
-49;-19;36;1;1
-49;-19;37;0;1
-49;-19;39;1;1
-49;-18;14;1;1
-49;-18;15;0;1
-49;-18;16;0;1
-49;-18;18;0;1
-49;-18;20;0;1
-49;-18;22;1;1
-49;-18;27;0;1
-49;-18;28;0;1
-49;-18;33;0;1
-49;-18;35;0;1
-49;-18;36;0;1
-49;-18;37;1;1
-49;-18;38;1;1
-49;-18;40;0;1
-49;-18;45;0;1
-49;-18;47;1;1
-49;-17;16;1;1
-49;-17;17;0;1
-49;-17;25;0;1
-49;-17;26;1;1
-49;-17;28;1;1
-49;-17;32;0;1
-49;-17;33;0;1
-49;-17;40;0;1
-49;-17;44;0;1
-49;-17;48;1;1
-49;-16;16;1;1
-49;-16;17;0;1
-49;-16;18;1;1
-49;-16;22;1;1
-49;-16;31;1;1
-49;-16;34;1;1
-49;-16;39;0;1
-49;-16;40;1;1
-49;-16;43;1;1
-49;-15;15;0;1
-49;-15;16;1;1
-49;-15;17;0;1
-49;-15;19;1;1
-49;-15;20;0;1
-49;-15;24;0;1
-49;-15;26;1;1
-49;-15;33;0;1
-49;-15;37;0;1
-49;-15;38;1;1
-49;-15;39;1;1
-49;-15;43;0;1
-49;-15;44;1;1
-49;-15;48;1;1
-49;-15;49;0;1
-49;-14;14;0;1
-49;-14;16;0;1
-49;-14;20;1;1
-49;-14;21;0;1
-49;-14;23;1;1
-49;-14;24;1;1
-49;-14;25;1;1
-49;-14;26;0;1
-49;-14;28;1;1
-49;-14;31;0;1
-49;-14;39;0;1
-49;-14;40;0;1
-49;-14;44;1;1
-49;-14;45;0;1
-49;-14;46;1;1
-49;-13;15;0;1
-49;-13;24;0;1
-49;-13;27;0;1
-49;-13;29;1;1
-49;-13;30;0;1
-49;-13;34;1;1
-49;-13;35;0;1
-49;-13;37;0;1
-49;-13;38;1;1
-49;-13;39;1;1
-49;-13;44;0;1
-49;-13;45;0;1
-49;-13;49;1;1
-49;-12;17;1;1
-49;-12;23;0;1
-49;-12;24;0;1
-49;-12;26;1;1
-49;-12;27;1;1
-49;-12;29;1;1
-49;-12;34;1;1
-49;-12;39;1;1
-49;-12;40;0;1
-49;-12;42;1;1
-49;-11;14;1;1
-49;-11;15;0;1
-49;-11;20;0;1
-49;-11;24;0;1
-49;-11;25;0;1
-49;-11;26;0;1
-49;-11;27;0;1
-49;-11;28;0;1
-49;-11;29;1;1
-49;-11;30;0;1
-49;-11;31;0;1
-49;-11;32;0;1
-49;-11;33;0;1
-49;-11;37;0;1
-49;-11;43;0;1
-49;-11;50;0;1
-49;-10;18;1;1
-49;-10;23;0;1
-49;-10;26;0;1
-49;-10;27;0;1
-49;-10;30;1;1
-49;-10;31;1;1
-49;-10;32;0;1
-49;-10;34;0;1
-49;-10;35;1;1
-49;-10;36;1;1
-49;-10;39;0;1
-49;-10;40;0;1
-49;-10;41;1;1
-49;-10;42;0;1
-49;-10;46;1;1
-49;-9;15;0;1
-49;-9;17;0;1
-49;-9;19;0;1
-49;-9;20;0;1
-49;-9;21;0;1
-49;-9;23;0;1
-49;-9;25;0;1
-49;-9;29;1;1
-49;-9;33;1;1
-49;-9;34;1;1
-49;-9;35;0;1
-49;-9;38;1;1
-49;-9;39;0;1
-49;-9;41;0;1
-49;-9;42;0;1
-49;-9;44;1;1
-49;-9;45;0;1
-49;-9;46;0;1
-49;-9;48;0;1
-49;-9;50;1;1
-49;-8;14;0;1
-49;-8;17;0;1
-49;-8;18;0;1
-49;-8;23;0;1
-49;-8;24;1;1
-49;-8;25;1;1
-49;-8;28;1;1
-49;-8;31;1;1
-49;-8;32;0;1
-49;-8;33;0;1
-49;-8;36;1;1
-49;-8;38;0;1
-49;-8;39;0;1
-49;-8;41;0;1
-49;-7;16;0;1
-49;-7;23;1;1
-49;-7;27;0;1
-49;-7;30;0;1
-49;-7;32;0;1
-49;-7;33;0;1
-49;-7;37;1;1
-49;-7;39;0;1
-49;-7;44;0;1
-49;-7;45;0;1
-49;-7;47;1;1
-49;-7;49;0;1
-49;-7;50;1;1
-49;-6;20;0;1
-49;-6;21;1;1
-49;-6;22;0;1
-49;-6;23;0;1
-49;-6;30;0;1
-49;-6;31;0;1
-49;-6;34;0;1
-49;-6;35;0;1
-49;-6;36;0;1
-49;-6;39;1;1
-49;-6;40;1;1
-49;-6;41;0;1
-49;-6;42;0;1
-49;-6;44;1;1
-49;-6;46;0;1
-49;-6;49;0;1
-49;-6;51;1;1
-49;-5;16;0;1
-49;-5;17;1;1
-49;-5;18;1;1
-49;-5;20;0;1
-49;-5;24;1;1
-49;-5;28;0;1
-49;-5;33;0;1
-49;-5;34;0;1
-49;-5;39;1;1
-49;-5;41;1;1
-49;-5;43;0;1
-49;-4;23;0;1
-49;-4;26;1;1
-49;-4;30;0;1
-49;-4;31;0;1
-49;-4;32;0;1
-49;-4;35;1;1
-49;-4;36;0;1
-49;-4;37;0;1
-49;-4;38;0;1
-49;-4;41;0;1
-49;-4;43;1;1
-49;-4;45;0;1
-49;-4;46;0;1
-49;-4;47;0;1
-49;-4;48;0;1
-49;-4;49;0;1
-49;-3;14;0;1
-49;-3;15;0;1
-49;-3;18;0;1
-49;-3;20;0;1
-49;-3;21;0;1
-49;-3;27;0;1
-49;-3;28;0;1
-49;-3;29;0;1
-49;-3;30;0;1
-49;-3;35;0;1
-49;-3;37;1;1
-49;-3;38;1;1
-49;-3;39;1;1
-49;-3;40;0;1
-49;-3;41;0;1
-49;-3;42;1;1
-49;-3;45;1;1
-49;-3;50;1;1
-49;-2;18;0;1
-49;-2;20;0;1
-49;-2;21;0;1
-49;-2;26;0;1
-49;-2;30;0;1
-49;-2;31;0;1
-49;-2;32;1;1
-49;-2;35;0;1
-49;-2;37;1;1
-49;-2;42;0;1
-49;-2;46;0;1
-49;-1;14;1;1
-49;-1;16;0;1
-49;-1;18;0;1
-49;-1;22;0;1
-49;-1;23;0;1
-49;-1;25;0;1
-49;-1;26;0;1
-49;-1;29;1;1
-49;-1;33;0;1
-49;-1;35;0;1
-49;-1;37;1;1
-49;-1;39;1;1
-49;-1;40;0;1
-49;-1;41;0;1
-49;-1;45;0;1
-49;-1;49;0;1
-49;0;17;0;1
-49;0;22;0;1
-49;0;23;1;1
-49;0;25;1;1
-49;0;31;0;1
-49;0;35;0;1
-49;0;36;0;1
-49;0;37;1;1
-49;0;43;0;1
-49;0;44;1;1
-49;0;45;0;1
-49;0;46;1;1
-49;0;48;0;1
-49;0;50;0;1
-49;1;15;1;1
-49;1;18;0;1
-49;1;19;1;1
-49;1;23;0;1
-49;1;27;1;1
-49;1;28;1;1
-49;1;32;0;1
-49;1;35;0;1
-49;1;45;0;1
-49;1;46;1;1
-49;1;48;0;1
-49;1;51;1;1
-49;2;14;0;1
-49;2;17;1;1
-49;2;19;0;1
-49;2;20;0;1
-49;2;21;1;1
-49;2;22;1;1
-49;2;25;0;1
-49;2;26;1;1
-49;2;29;0;1
-49;2;30;0;1
-49;2;31;1;1
-49;2;34;0;1
-49;2;36;1;1
-49;2;39;0;1
-49;2;41;0;1
-49;2;42;0;1
-49;2;45;1;1
-49;3;20;0;1
-49;3;24;0;1
-49;3;27;0;1
-49;3;31;1;1
-49;3;33;0;1
-49;3;35;0;1
-49;3;36;0;1
-49;3;37;0;1
-49;3;41;1;1
-49;3;42;1;1
-49;3;43;1;1
-49;3;45;1;1
-49;3;46;1;1
-49;3;49;0;1
-49;3;51;0;1
-49;4;16;0;1
-49;4;19;0;1
-49;4;20;0;1
-49;4;22;0;1
-49;4;23;0;1
-49;4;40;1;1
-49;4;41;0;1
-49;4;43;0;1
-49;4;44;0;1
-49;4;47;0;1
-49;4;51;0;1
-49;5;16;0;1
-49;5;17;1;1
-49;5;18;0;1
-49;5;21;0;1
-49;5;22;0;1
-49;5;25;1;1
-49;5;26;1;1
-49;5;27;0;1
-49;5;28;0;1
-49;5;29;0;1
-49;5;30;0;1
-49;5;32;0;1
-49;5;35;0;1
-49;5;37;1;1
-49;5;38;0;1
-49;5;42;0;1
-49;5;44;0;1
-49;5;45;0;1
-49;5;50;0;1
-49;5;51;0;1
-49;6;16;0;1
-49;6;19;1;1
-49;6;20;1;1
-49;6;21;0;1
-49;6;23;1;1
-49;6;27;1;1
-49;6;29;0;1
-49;6;30;0;1
-49;6;34;1;1
-49;6;35;0;1
-49;6;41;0;1
-49;6;42;1;1
-49;6;45;0;1
-49;6;46;0;1
-49;6;51;1;1
-49;7;14;1;1
-49;7;22;0;1
-49;7;24;0;1
-49;7;26;0;1
-49;7;30;0;1
-49;7;32;1;1
-49;7;34;1;1
-49;7;36;1;1
-49;7;39;0;1
-49;7;42;1;1
-49;7;45;0;1
-49;7;46;1;1
-49;7;47;0;1
-49;7;48;1;1
-49;8;14;0;1
-49;8;16;0;1
-49;8;20;0;1
-49;8;22;1;1
-49;8;23;1;1
-49;8;24;0;1
-49;8;28;0;1
-49;8;30;0;1
-49;8;31;1;1
-49;8;40;1;1
-49;8;41;0;1
-49;8;44;1;1
-49;8;45;1;1
-49;8;47;0;1
-49;8;49;0;1
-49;8;50;0;1
-49;9;14;1;1
-49;9;16;0;1
-49;9;19;0;1
-49;9;21;0;1
-49;9;25;1;1
-49;9;26;0;1
-49;9;27;0;1
-49;9;30;0;1
-49;9;31;1;1
-49;9;42;0;1
-49;9;43;1;1
-49;9;47;1;1
-49;9;49;0;1
-49;10;14;1;1
-49;10;16;1;1
-49;10;20;1;1
-49;10;22;0;1
-49;10;24;1;1
-49;10;26;1;1
-49;10;29;0;1
-49;10;35;1;1
-49;10;36;0;1
-49;10;37;0;1
-49;10;38;0;1
-49;10;41;1;1
-49;10;43;1;1
-49;10;44;0;1
-49;10;49;0;1
-49;10;50;0;1
-49;11;15;1;1
-49;11;17;1;1
-49;11;18;0;1
-49;11;19;0;1
-49;11;22;0;1
-49;11;26;1;1
-49;11;28;0;1
-49;11;32;1;1
-49;11;33;1;1
-49;11;34;0;1
-49;11;36;0;1
-49;11;37;0;1
-49;11;41;1;1
-49;11;42;0;1
-49;11;45;0;1
-49;11;48;0;1
-49;11;49;0;1
-49;12;15;1;1
-49;12;19;0;1
-49;12;20;0;1
-49;12;22;1;1
-49;12;26;0;1
-49;12;30;0;1
-49;12;31;0;1
-49;12;33;1;1
-49;12;37;1;1
-49;12;38;1;1
-49;12;43;0;1
-49;12;44;0;1
-49;12;50;0;1
-49;13;16;1;1
-49;13;17;1;1
-49;13;18;0;1
-49;13;19;1;1
-49;13;20;1;1
-49;13;21;1;1
-49;13;24;0;1
-49;13;27;0;1
-49;13;31;1;1
-49;13;32;0;1
-49;13;33;0;1
-49;13;37;0;1
-49;13;38;0;1
-49;13;45;1;1
-49;13;46;1;1
-49;13;47;0;1
-49;14;14;0;1
-49;14;18;1;1
-49;14;21;1;1
-49;14;22;0;1
-49;14;24;0;1
-49;14;26;0;1
-49;14;27;1;1
-49;14;28;1;1
-49;14;29;1;1
-49;14;34;0;1
-49;14;35;1;1
-49;14;38;0;1
-49;14;46;0;1
-49;14;48;1;1
-49;14;49;1;1
-49;15;15;1;1
-49;15;19;0;1
-49;15;21;1;1
-49;15;22;0;1
-49;15;23;0;1
-49;15;26;0;1
-49;15;28;0;1
-49;15;30;0;1
-49;15;32;0;1
-49;15;33;0;1
-49;15;35;1;1
-49;15;38;0;1
-49;15;39;0;1
-49;15;43;0;1
-49;15;45;0;1
-49;15;47;1;1
-49;16;15;1;1
-49;16;19;0;1
-49;16;20;0;1
-49;16;23;1;1
-49;16;24;0;1
-49;16;26;0;1
-49;16;29;0;1
-49;16;31;0;1
-49;16;36;1;1
-49;16;41;1;1
-49;16;42;0;1
-49;16;45;0;1
-49;16;46;1;1
-49;16;47;0;1
-49;17;18;0;1
-49;17;21;0;1
-49;17;24;1;1
-49;17;27;0;1
-49;17;30;0;1
-49;17;33;1;1
-49;17;35;0;1
-49;17;36;0;1
-49;17;37;1;1
-49;17;38;0;1
-49;17;41;1;1
-49;17;43;1;1
-49;17;44;0;1
-49;17;45;0;1
-49;17;47;1;1
-49;18;16;1;1
-49;18;17;0;1
-49;18;19;0;1
-49;18;24;1;1
-49;18;27;0;1
-49;18;28;1;1
-49;18;29;0;1
-49;18;31;1;1
-49;18;32;1;1
-49;18;34;0;1
-49;18;35;1;1
-49;18;36;0;1
-49;18;38;1;1
-49;18;39;0;1
-49;18;41;0;1
-49;18;42;0;1
-49;18;43;1;1
-49;18;46;0;1
-49;18;48;0;1
-49;19;15;0;1
-49;19;16;0;1
-49;19;17;0;1
-49;19;18;1;1
-49;19;20;0;1
-49;19;27;0;1
-49;19;31;0;1
-49;19;35;1;1
-49;19;36;0;1
-49;19;38;1;1
-49;19;40;1;1
-49;19;42;1;1
-49;19;47;0;1
-49;20;16;0;1
-49;20;17;0;1
-49;20;21;0;1
-49;20;26;1;1
-49;20;27;1;1
-49;20;28;1;1
-49;20;29;1;1
-49;20;31;1;1
-49;20;33;0;1
-49;20;37;0;1
-49;20;39;1;1
-49;20;40;0;1
-49;20;43;0;1
-49;20;45;0;1
-49;20;47;1;1
-49;21;16;0;1
-49;21;17;0;1
-49;21;18;0;1
-49;21;21;0;1
-49;21;23;0;1
-49;21;25;1;1
-49;21;28;1;1
-49;21;29;0;1
-49;21;30;0;1
-49;21;31;1;1
-49;21;41;1;1
-49;21;45;1;1
-49;22;20;1;1
-49;22;22;0;1
-49;22;23;1;1
-49;22;24;0;1
-49;22;26;0;1
-49;22;27;0;1
-49;22;28;0;1
-49;22;30;0;1
-49;22;31;0;1
-49;22;34;0;1
-49;22;37;0;1
-49;22;38;1;1
-49;22;39;0;1
-49;22;40;0;1
-49;22;41;0;1
-49;22;42;1;1
-49;23;15;1;1
-49;23;16;0;1
-49;23;23;0;1
-49;23;25;0;1
-49;23;26;0;1
-49;23;27;0;1
-49;23;30;0;1
-49;23;31;0;1
-49;23;37;1;1
-49;23;39;0;1
-49;23;40;0;1
-49;24;15;0;1
-49;24;17;0;1
-49;24;21;1;1
-49;24;22;0;1
-49;24;24;1;1
-49;24;26;0;1
-49;24;27;0;1
-49;24;28;1;1
-49;24;30;0;1
-49;24;37;0;1
-49;24;38;0;1
-49;24;39;0;1
-49;24;41;0;1
-49;24;44;0;1
-49;25;17;1;1
-49;25;25;0;1
-49;25;31;0;1
-49;25;32;0;1
-49;25;34;0;1
-49;25;35;0;1
-49;25;36;0;1
-49;25;37;0;1
-49;25;39;0;1
-49;25;40;0;1
-49;25;42;0;1
-49;25;43;0;1
-49;26;16;0;1
-49;26;18;0;1
-49;26;20;0;1
-49;26;21;0;1
-49;26;35;0;1
-49;26;37;0;1
-49;26;40;0;1
-49;26;42;1;1
-49;26;44;0;1
-49;27;16;0;1
-49;27;17;0;1
-49;27;22;1;1
-49;27;24;0;1
-49;27;26;0;1
-49;27;30;1;1
-49;27;31;1;1
-49;27;34;1;1
-49;27;38;0;1
-49;27;42;1;1
-49;27;43;0;1
-49;28;21;0;1
-49;28;23;0;1
-49;28;26;0;1
-49;28;28;0;1
-49;28;29;0;1
-49;28;30;1;1
-49;28;34;1;1
-49;28;36;1;1
-49;28;37;1;1
-49;28;38;0;1
-49;28;39;0;1
-49;28;41;1;1
-49;29;17;0;1
-49;29;18;0;1
-49;29;19;1;1
-49;29;22;0;1
-49;29;24;0;1
-49;29;25;0;1
-49;29;26;1;1
-49;29;31;1;1
-49;29;33;0;1
-49;29;36;1;1
-49;29;37;0;1
-49;29;38;0;1
-49;29;39;0;1
-49;29;42;0;1
-49;30;16;0;1
-49;30;17;0;1
-49;30;20;0;1
-49;30;21;0;1
-49;30;22;0;1
-49;30;23;0;1
-49;30;26;0;1
-49;30;27;0;1
-49;30;28;0;1
-49;30;34;1;1
-49;30;35;0;1
-49;30;36;0;1
-49;30;37;1;1
-49;31;17;0;1
-49;31;19;1;1
-49;31;22;0;1
-49;31;25;0;1
-49;31;29;0;1
-49;31;35;1;1
-49;31;37;0;1
-49;32;16;1;1
-49;32;20;0;1
-49;32;22;1;1
-49;32;23;1;1
-49;32;24;0;1
-49;32;28;1;1
-49;32;31;0;1
-49;32;36;0;1
-49;32;39;0;1
-49;32;40;1;1
-49;33;16;0;1
-49;33;17;1;1
-49;33;18;0;1
-49;33;23;0;1
-49;33;24;0;1
-49;33;26;1;1
-49;33;29;1;1
-49;33;30;1;1
-49;33;31;0;1
-49;33;38;0;1
-49;34;17;1;1
-49;34;18;0;1
-49;34;19;0;1
-49;34;27;0;1
-49;34;29;1;1
-49;34;35;0;1
-49;35;18;1;1
-49;35;19;0;1
-49;35;20;0;1
-49;35;24;0;1
-49;35;30;1;1
-49;35;31;0;1
-49;35;33;0;1
-49;35;34;0;1
-49;35;36;0;1
-49;36;18;0;1
-49;36;20;0;1
-49;36;21;0;1
-49;36;23;0;1
-49;36;26;0;1
-49;36;30;1;1
-49;36;31;0;1
-49;36;33;0;1
-49;36;34;0;1
-49;37;22;0;1
-49;37;23;1;1
-49;37;24;1;1
-49;37;25;1;1
-49;37;31;0;1
-49;37;32;0;1
-49;37;33;0;1
-49;37;35;0;1
-49;38;19;1;1
-49;38;22;1;1
-49;38;23;0;1
-49;38;26;0;1
-49;38;27;1;1
-49;38;28;1;1
-49;38;29;1;1
-49;38;31;1;1
-49;38;33;1;1
-49;39;18;0;1
-49;39;19;1;1
-49;39;22;1;1
-49;39;23;1;1
-49;39;24;0;1
-49;39;29;1;1
-49;40;20;0;1
-49;40;22;0;1
-49;40;27;1;1
-49;40;28;1;1
-49;40;31;1;1
-49;41;20;1;1
-49;41;21;1;1
-49;41;23;1;1
-49;41;24;0;1
-49;41;28;0;1
-49;41;29;1;1
-49;41;31;0;1
-49;42;19;1;1
-49;42;21;0;1
-49;42;24;1;1
-49;42;28;1;1
-49;43;19;0;1
-49;43;22;1;1
-49;43;25;0;1
-49;44;18;0;1
-49;44;20;0;1
-49;44;22;0;1
-49;45;18;0;1
-49;45;20;0;1
-49;45;24;1;1
-49;46;19;0;1
-49;46;20;1;1
-49;46;23;1;1
-49;47;19;1;1
-49;47;20;0;1
-48;-48;19;1;1
-48;-48;20;0;1
-48;-47;19;1;1
-48;-47;21;0;1
-48;-47;22;0;1
-48;-46;21;1;1
-48;-46;22;1;1
-48;-46;25;0;1
-48;-45;20;0;1
-48;-45;21;1;1
-48;-45;23;0;1
-48;-45;26;0;1
-48;-44;18;0;1
-48;-44;20;1;1
-48;-44;25;0;1
-48;-44;26;0;1
-48;-44;28;1;1
-48;-43;20;0;1
-48;-43;22;0;1
-48;-43;29;1;1
-48;-42;19;0;1
-48;-42;22;1;1
-48;-42;23;0;1
-48;-42;25;0;1
-48;-42;26;0;1
-48;-42;28;0;1
-48;-41;17;0;1
-48;-41;19;0;1
-48;-41;20;1;1
-48;-41;22;0;1
-48;-41;25;1;1
-48;-41;27;0;1
-48;-41;29;0;1
-48;-40;17;0;1
-48;-40;23;1;1
-48;-40;26;0;1
-48;-40;27;0;1
-48;-40;28;1;1
-48;-40;30;1;1
-48;-40;31;1;1
-48;-40;32;0;1
-48;-40;33;0;1
-48;-39;17;1;1
-48;-39;18;1;1
-48;-39;22;0;1
-48;-39;23;1;1
-48;-38;17;0;1
-48;-38;20;0;1
-48;-38;21;0;1
-48;-38;25;0;1
-48;-38;26;1;1
-48;-38;27;1;1
-48;-38;30;0;1
-48;-38;31;0;1
-48;-38;34;1;1
-48;-37;19;0;1
-48;-37;20;1;1
-48;-37;23;0;1
-48;-37;26;0;1
-48;-37;27;0;1
-48;-37;31;1;1
-48;-37;32;0;1
-48;-36;18;0;1
-48;-36;22;1;1
-48;-36;23;1;1
-48;-36;24;0;1
-48;-36;26;0;1
-48;-36;28;0;1
-48;-36;29;1;1
-48;-36;30;0;1
-48;-36;33;0;1
-48;-36;35;0;1
-48;-36;38;1;1
-48;-35;18;0;1
-48;-35;20;1;1
-48;-35;22;0;1
-48;-35;23;0;1
-48;-35;24;1;1
-48;-35;28;0;1
-48;-35;30;0;1
-48;-35;35;0;1
-48;-35;36;1;1
-48;-35;38;0;1
-48;-34;16;0;1
-48;-34;17;1;1
-48;-34;19;1;1
-48;-34;24;0;1
-48;-34;25;0;1
-48;-34;26;1;1
-48;-34;30;1;1
-48;-34;34;0;1
-48;-34;37;0;1
-48;-33;17;0;1
-48;-33;18;0;1
-48;-33;19;0;1
-48;-33;23;0;1
-48;-33;24;0;1
-48;-33;33;0;1
-48;-33;36;0;1
-48;-33;40;1;1
-48;-32;16;0;1
-48;-32;17;0;1
-48;-32;21;0;1
-48;-32;22;1;1
-48;-32;25;0;1
-48;-32;26;0;1
-48;-32;27;1;1
-48;-32;29;0;1
-48;-32;30;0;1
-48;-32;37;0;1
-48;-32;38;0;1
-48;-31;16;0;1
-48;-31;17;1;1
-48;-31;18;1;1
-48;-31;23;0;1
-48;-31;24;0;1
-48;-31;30;0;1
-48;-31;33;0;1
-48;-31;38;0;1
-48;-31;40;1;1
-48;-31;41;0;1
-48;-31;42;1;1
-48;-30;20;1;1
-48;-30;22;1;1
-48;-30;23;0;1
-48;-30;24;0;1
-48;-30;26;0;1
-48;-30;27;1;1
-48;-30;29;0;1
-48;-30;30;0;1
-48;-30;32;0;1
-48;-30;33;0;1
-48;-30;36;0;1
-48;-29;16;1;1
-48;-29;21;0;1
-48;-29;23;0;1
-48;-29;24;0;1
-48;-29;32;1;1
-48;-29;35;1;1
-48;-29;40;0;1
-48;-29;41;0;1
-48;-29;42;0;1
-48;-28;19;0;1
-48;-28;20;0;1
-48;-28;21;1;1
-48;-28;22;0;1
-48;-28;24;1;1
-48;-28;25;0;1
-48;-28;29;1;1
-48;-28;30;1;1
-48;-28;35;0;1
-48;-28;37;1;1
-48;-28;38;0;1
-48;-28;39;0;1
-48;-28;44;1;1
-48;-27;16;1;1
-48;-27;21;0;1
-48;-27;22;0;1
-48;-27;24;1;1
-48;-27;27;0;1
-48;-27;30;1;1
-48;-27;35;0;1
-48;-27;41;0;1
-48;-26;20;0;1
-48;-26;21;1;1
-48;-26;29;1;1
-48;-26;31;1;1
-48;-26;34;0;1
-48;-26;35;0;1
-48;-26;37;0;1
-48;-26;41;1;1
-48;-26;42;0;1
-48;-25;15;0;1
-48;-25;17;0;1
-48;-25;19;0;1
-48;-25;22;1;1
-48;-25;25;1;1
-48;-25;26;0;1
-48;-25;28;0;1
-48;-25;30;0;1
-48;-25;35;1;1
-48;-25;36;1;1
-48;-25;37;0;1
-48;-25;43;1;1
-48;-25;44;0;1
-48;-25;45;1;1
-48;-24;16;1;1
-48;-24;20;0;1
-48;-24;22;1;1
-48;-24;26;0;1
-48;-24;27;0;1
-48;-24;28;1;1
-48;-24;31;1;1
-48;-24;36;0;1
-48;-24;40;0;1
-48;-24;45;0;1
-48;-24;46;0;1
-48;-23;15;0;1
-48;-23;17;0;1
-48;-23;19;1;1
-48;-23;20;0;1
-48;-23;23;0;1
-48;-23;27;0;1
-48;-23;31;0;1
-48;-23;32;0;1
-48;-23;38;0;1
-48;-23;41;0;1
-48;-23;46;0;1
-48;-23;47;1;1
-48;-22;15;0;1
-48;-22;16;1;1
-48;-22;18;0;1
-48;-22;20;1;1
-48;-22;23;0;1
-48;-22;24;0;1
-48;-22;25;0;1
-48;-22;26;0;1
-48;-22;27;0;1
-48;-22;34;1;1
-48;-22;37;1;1
-48;-22;42;1;1
-48;-21;20;1;1
-48;-21;21;1;1
-48;-21;22;0;1
-48;-21;23;1;1
-48;-21;27;0;1
-48;-21;34;1;1
-48;-21;37;1;1
-48;-21;39;0;1
-48;-21;45;1;1
-48;-21;46;0;1
-48;-20;14;1;1
-48;-20;17;0;1
-48;-20;20;1;1
-48;-20;21;1;1
-48;-20;22;1;1
-48;-20;31;0;1
-48;-20;33;1;1
-48;-20;34;0;1
-48;-20;36;1;1
-48;-20;37;0;1
-48;-20;38;0;1
-48;-20;40;0;1
-48;-20;41;1;1
-48;-20;44;1;1
-48;-20;47;0;1
-48;-20;48;0;1
-48;-19;17;0;1
-48;-19;18;0;1
-48;-19;21;0;1
-48;-19;22;0;1
-48;-19;23;0;1
-48;-19;28;1;1
-48;-19;34;0;1
-48;-19;35;0;1
-48;-19;36;1;1
-48;-19;37;1;1
-48;-19;39;0;1
-48;-19;40;1;1
-48;-19;41;1;1
-48;-19;43;0;1
-48;-19;44;1;1
-48;-19;45;1;1
-48;-19;47;0;1
-48;-18;14;1;1
-48;-18;16;1;1
-48;-18;17;0;1
-48;-18;19;0;1
-48;-18;21;0;1
-48;-18;23;1;1
-48;-18;26;0;1
-48;-18;36;1;1
-48;-18;38;0;1
-48;-18;43;0;1
-48;-18;44;0;1
-48;-18;47;1;1
-48;-18;48;0;1
-48;-18;49;0;1
-48;-17;16;1;1
-48;-17;17;1;1
-48;-17;19;1;1
-48;-17;23;0;1
-48;-17;24;1;1
-48;-17;27;0;1
-48;-17;32;0;1
-48;-17;33;0;1
-48;-17;39;0;1
-48;-17;40;1;1
-48;-17;43;1;1
-48;-17;47;1;1
-48;-17;49;0;1
-48;-16;14;1;1
-48;-16;20;1;1
-48;-16;26;0;1
-48;-16;31;0;1
-48;-16;35;1;1
-48;-16;36;0;1
-48;-16;37;0;1
-48;-16;46;1;1
-48;-16;48;0;1
-48;-15;15;0;1
-48;-15;22;0;1
-48;-15;23;0;1
-48;-15;24;1;1
-48;-15;25;0;1
-48;-15;29;0;1
-48;-15;30;0;1
-48;-15;33;0;1
-48;-15;34;0;1
-48;-15;35;0;1
-48;-15;38;0;1
-48;-15;40;0;1
-48;-15;41;0;1
-48;-15;42;1;1
-48;-15;43;0;1
-48;-15;45;1;1
-48;-15;48;1;1
-48;-15;49;0;1
-48;-15;50;1;1
-48;-14;16;0;1
-48;-14;18;0;1
-48;-14;20;1;1
-48;-14;31;0;1
-48;-14;32;1;1
-48;-14;33;1;1
-48;-14;34;0;1
-48;-14;38;1;1
-48;-14;40;1;1
-48;-14;42;1;1
-48;-14;46;1;1
-48;-14;49;1;1
-48;-14;50;0;1
-48;-13;14;0;1
-48;-13;18;0;1
-48;-13;20;0;1
-48;-13;27;1;1
-48;-13;28;1;1
-48;-13;30;0;1
-48;-13;31;0;1
-48;-13;36;0;1
-48;-13;37;0;1
-48;-13;39;1;1
-48;-13;40;0;1
-48;-13;41;0;1
-48;-13;45;0;1
-48;-13;46;0;1
-48;-13;48;0;1
-48;-12;15;1;1
-48;-12;18;0;1
-48;-12;20;0;1
-48;-12;26;0;1
-48;-12;29;1;1
-48;-12;33;0;1
-48;-12;41;1;1
-48;-12;42;0;1
-48;-12;47;1;1
-48;-12;49;1;1
-48;-11;14;0;1
-48;-11;16;0;1
-48;-11;17;0;1
-48;-11;19;1;1
-48;-11;28;0;1
-48;-11;36;1;1
-48;-11;39;0;1
-48;-11;41;0;1
-48;-11;42;1;1
-48;-11;44;1;1
-48;-11;46;0;1
-48;-11;47;0;1
-48;-11;50;0;1
-48;-11;51;0;1
-48;-10;15;1;1
-48;-10;18;0;1
-48;-10;22;1;1
-48;-10;28;1;1
-48;-10;29;0;1
-48;-10;33;0;1
-48;-10;35;0;1
-48;-10;36;0;1
-48;-10;39;0;1
-48;-10;42;0;1
-48;-10;44;0;1
-48;-10;45;0;1
-48;-10;47;0;1
-48;-10;49;1;1
-48;-9;16;0;1
-48;-9;17;1;1
-48;-9;23;0;1
-48;-9;28;0;1
-48;-9;30;0;1
-48;-9;34;1;1
-48;-9;38;1;1
-48;-9;40;1;1
-48;-9;41;0;1
-48;-9;42;0;1
-48;-9;46;0;1
-48;-8;14;0;1
-48;-8;15;0;1
-48;-8;16;0;1
-48;-8;18;0;1
-48;-8;22;0;1
-48;-8;23;1;1
-48;-8;27;0;1
-48;-8;28;1;1
-48;-8;32;0;1
-48;-8;33;0;1
-48;-8;35;0;1
-48;-8;39;0;1
-48;-8;45;1;1
-48;-8;48;1;1
-48;-8;50;1;1
-48;-8;51;0;1
-48;-7;16;1;1
-48;-7;20;0;1
-48;-7;21;1;1
-48;-7;23;0;1
-48;-7;31;0;1
-48;-7;33;0;1
-48;-7;34;1;1
-48;-7;35;0;1
-48;-7;36;0;1
-48;-7;39;1;1
-48;-7;49;0;1
-48;-7;51;1;1
-48;-6;14;0;1
-48;-6;15;0;1
-48;-6;18;1;1
-48;-6;23;0;1
-48;-6;26;0;1
-48;-6;28;0;1
-48;-6;31;0;1
-48;-6;32;0;1
-48;-6;33;1;1
-48;-6;37;1;1
-48;-6;41;0;1
-48;-6;46;0;1
-48;-6;48;1;1
-48;-6;49;1;1
-48;-6;51;1;1
-48;-5;16;0;1
-48;-5;17;0;1
-48;-5;21;0;1
-48;-5;22;0;1
-48;-5;23;1;1
-48;-5;25;1;1
-48;-5;32;1;1
-48;-5;33;0;1
-48;-5;36;1;1
-48;-5;37;1;1
-48;-5;41;0;1
-48;-5;42;1;1
-48;-5;44;1;1
-48;-5;46;0;1
-48;-5;47;0;1
-48;-5;48;1;1
-48;-4;15;1;1
-48;-4;20;0;1
-48;-4;22;1;1
-48;-4;23;1;1
-48;-4;27;0;1
-48;-4;29;1;1
-48;-4;30;1;1
-48;-4;31;0;1
-48;-4;34;0;1
-48;-4;40;0;1
-48;-4;41;0;1
-48;-4;43;1;1
-48;-4;47;1;1
-48;-4;48;0;1
-48;-3;15;1;1
-48;-3;16;0;1
-48;-3;17;0;1
-48;-3;18;1;1
-48;-3;19;0;1
-48;-3;20;0;1
-48;-3;21;1;1
-48;-3;24;0;1
-48;-3;25;0;1
-48;-3;27;0;1
-48;-3;29;0;1
-48;-3;31;0;1
-48;-3;32;1;1
-48;-3;37;1;1
-48;-3;38;0;1
-48;-3;39;0;1
-48;-3;42;0;1
-48;-3;44;1;1
-48;-3;45;1;1
-48;-3;48;0;1
-48;-3;49;0;1
-48;-2;14;0;1
-48;-2;18;0;1
-48;-2;19;0;1
-48;-2;22;0;1
-48;-2;28;0;1
-48;-2;29;0;1
-48;-2;38;0;1
-48;-2;39;0;1
-48;-2;40;0;1
-48;-2;41;1;1
-48;-2;43;0;1
-48;-2;46;0;1
-48;-2;47;0;1
-48;-2;48;0;1
-48;-2;50;1;1
-48;-2;51;1;1
-48;-2;52;0;1
-48;-1;16;1;1
-48;-1;17;1;1
-48;-1;18;0;1
-48;-1;20;1;1
-48;-1;23;0;1
-48;-1;24;0;1
-48;-1;27;0;1
-48;-1;31;0;1
-48;-1;34;0;1
-48;-1;35;0;1
-48;-1;40;0;1
-48;-1;42;0;1
-48;-1;43;0;1
-48;-1;47;0;1
-48;-1;50;1;1
-48;0;14;1;1
-48;0;16;0;1
-48;0;18;1;1
-48;0;20;0;1
-48;0;21;1;1
-48;0;22;0;1
-48;0;23;1;1
-48;0;25;0;1
-48;0;28;0;1
-48;0;30;0;1
-48;0;35;1;1
-48;0;36;1;1
-48;0;40;0;1
-48;0;41;0;1
-48;0;42;0;1
-48;0;44;1;1
-48;0;47;1;1
-48;0;48;0;1
-48;1;13;0;1
-48;1;20;1;1
-48;1;23;0;1
-48;1;24;0;1
-48;1;26;1;1
-48;1;27;0;1
-48;1;28;1;1
-48;1;32;0;1
-48;1;33;0;1
-48;1;35;0;1
-48;1;37;0;1
-48;1;40;0;1
-48;1;42;1;1
-48;1;43;0;1
-48;1;47;0;1
-48;2;26;0;1
-48;2;30;0;1
-48;2;31;0;1
-48;2;32;0;1
-48;2;35;0;1
-48;2;40;0;1
-48;2;43;0;1
-48;2;47;0;1
-48;2;50;0;1
-48;2;51;0;1
-48;3;13;0;1
-48;3;14;1;1
-48;3;25;1;1
-48;3;26;1;1
-48;3;28;0;1
-48;3;29;1;1
-48;3;34;0;1
-48;3;39;0;1
-48;3;46;0;1
-48;3;47;0;1
-48;3;50;0;1
-48;3;51;0;1
-48;4;18;1;1
-48;4;20;1;1
-48;4;21;0;1
-48;4;23;0;1
-48;4;25;0;1
-48;4;30;0;1
-48;4;35;0;1
-48;4;42;0;1
-48;4;44;1;1
-48;4;46;1;1
-48;4;47;1;1
-48;4;49;1;1
-48;4;50;0;1
-48;4;52;1;1
-48;5;13;0;1
-48;5;14;0;1
-48;5;15;0;1
-48;5;18;0;1
-48;5;19;1;1
-48;5;22;0;1
-48;5;23;1;1
-48;5;24;0;1
-48;5;27;0;1
-48;5;29;0;1
-48;5;31;1;1
-48;5;39;1;1
-48;5;41;0;1
-48;5;43;0;1
-48;5;45;0;1
-48;5;47;0;1
-48;6;13;1;1
-48;6;16;0;1
-48;6;19;0;1
-48;6;29;0;1
-48;6;33;1;1
-48;6;35;1;1
-48;6;36;0;1
-48;6;40;1;1
-48;6;43;0;1
-48;6;45;0;1
-48;6;46;0;1
-48;6;47;0;1
-48;6;50;1;1
-48;6;51;0;1
-48;6;52;0;1
-48;7;14;0;1
-48;7;16;0;1
-48;7;17;0;1
-48;7;18;1;1
-48;7;19;1;1
-48;7;21;0;1
-48;7;22;1;1
-48;7;27;1;1
-48;7;28;0;1
-48;7;30;0;1
-48;7;31;1;1
-48;7;33;0;1
-48;7;44;0;1
-48;7;46;0;1
-48;7;51;1;1
-48;8;16;0;1
-48;8;18;1;1
-48;8;19;0;1
-48;8;20;0;1
-48;8;30;0;1
-48;8;38;0;1
-48;8;39;1;1
-48;8;42;0;1
-48;8;44;0;1
-48;8;47;1;1
-48;8;49;0;1
-48;8;51;0;1
-48;9;14;0;1
-48;9;19;1;1
-48;9;21;0;1
-48;9;22;1;1
-48;9;26;1;1
-48;9;27;0;1
-48;9;28;1;1
-48;9;29;1;1
-48;9;32;0;1
-48;9;35;1;1
-48;9;39;1;1
-48;9;43;0;1
-48;9;44;0;1
-48;9;48;0;1
-48;9;50;1;1
-48;9;51;0;1
-48;10;14;0;1
-48;10;19;1;1
-48;10;24;0;1
-48;10;27;1;1
-48;10;30;0;1
-48;10;32;0;1
-48;10;38;1;1
-48;10;40;1;1
-48;10;41;1;1
-48;10;43;0;1
-48;10;44;1;1
-48;10;46;1;1
-48;10;48;1;1
-48;10;49;0;1
-48;10;50;1;1
-48;11;15;1;1
-48;11;16;1;1
-48;11;18;0;1
-48;11;19;1;1
-48;11;20;0;1
-48;11;22;0;1
-48;11;23;0;1
-48;11;25;0;1
-48;11;29;0;1
-48;11;30;0;1
-48;11;33;0;1
-48;11;35;1;1
-48;11;36;1;1
-48;11;37;1;1
-48;11;39;1;1
-48;11;41;1;1
-48;11;42;0;1
-48;11;47;0;1
-48;11;49;0;1
-48;12;14;0;1
-48;12;15;1;1
-48;12;20;1;1
-48;12;22;0;1
-48;12;23;0;1
-48;12;24;1;1
-48;12;25;1;1
-48;12;27;0;1
-48;12;31;0;1
-48;12;33;1;1
-48;12;34;0;1
-48;12;36;0;1
-48;12;41;1;1
-48;12;43;1;1
-48;12;45;0;1
-48;12;46;0;1
-48;12;47;0;1
-48;12;48;1;1
-48;13;16;0;1
-48;13;18;0;1
-48;13;19;1;1
-48;13;22;0;1
-48;13;24;1;1
-48;13;25;0;1
-48;13;27;1;1
-48;13;28;1;1
-48;13;33;0;1
-48;13;34;0;1
-48;13;35;0;1
-48;13;36;0;1
-48;13;38;0;1
-48;13;42;0;1
-48;13;44;0;1
-48;14;14;1;1
-48;14;15;0;1
-48;14;17;0;1
-48;14;19;0;1
-48;14;20;1;1
-48;14;21;0;1
-48;14;22;0;1
-48;14;28;1;1
-48;14;34;0;1
-48;14;37;0;1
-48;14;39;1;1
-48;14;40;0;1
-48;14;43;1;1
-48;14;45;0;1
-48;14;47;0;1
-48;14;49;0;1
-48;15;17;0;1
-48;15;18;1;1
-48;15;20;0;1
-48;15;21;0;1
-48;15;31;0;1
-48;15;33;0;1
-48;15;41;0;1
-48;15;42;0;1
-48;15;46;0;1
-48;15;47;1;1
-48;16;15;0;1
-48;16;18;1;1
-48;16;19;0;1
-48;16;21;1;1
-48;16;24;1;1
-48;16;27;1;1
-48;16;28;1;1
-48;16;29;1;1
-48;16;32;0;1
-48;16;33;1;1
-48;16;35;1;1
-48;16;38;1;1
-48;16;39;1;1
-48;16;43;0;1
-48;16;45;1;1
-48;16;48;0;1
-48;17;17;1;1
-48;17;21;0;1
-48;17;22;1;1
-48;17;23;1;1
-48;17;37;0;1
-48;17;38;1;1
-48;17;40;0;1
-48;17;43;1;1
-48;17;44;0;1
-48;17;48;0;1
-48;18;14;0;1
-48;18;15;0;1
-48;18;18;0;1
-48;18;24;0;1
-48;18;25;1;1
-48;18;29;1;1
-48;18;33;0;1
-48;18;35;0;1
-48;18;36;0;1
-48;18;42;0;1
-48;18;46;1;1
-48;18;47;0;1
-48;18;48;0;1
-48;19;14;0;1
-48;19;16;0;1
-48;19;18;1;1
-48;19;20;0;1
-48;19;23;1;1
-48;19;24;0;1
-48;19;26;0;1
-48;19;29;1;1
-48;19;30;0;1
-48;19;31;1;1
-48;19;32;0;1
-48;19;33;1;1
-48;19;34;1;1
-48;19;37;0;1
-48;19;38;1;1
-48;19;40;1;1
-48;19;42;1;1
-48;19;43;1;1
-48;19;44;1;1
-48;19;45;0;1
-48;19;47;0;1
-48;20;14;1;1
-48;20;21;1;1
-48;20;22;1;1
-48;20;27;1;1
-48;20;29;0;1
-48;20;31;1;1
-48;20;32;1;1
-48;20;33;0;1
-48;20;35;0;1
-48;20;36;0;1
-48;20;38;0;1
-48;20;42;1;1
-48;20;44;0;1
-48;20;45;1;1
-48;21;17;1;1
-48;21;18;0;1
-48;21;20;0;1
-48;21;21;0;1
-48;21;27;1;1
-48;21;30;1;1
-48;21;32;0;1
-48;21;34;1;1
-48;21;35;0;1
-48;21;37;0;1
-48;21;45;0;1
-48;21;47;1;1
-48;22;15;0;1
-48;22;19;0;1
-48;22;20;0;1
-48;22;23;0;1
-48;22;24;0;1
-48;22;30;0;1
-48;22;36;0;1
-48;22;37;1;1
-48;22;40;0;1
-48;22;43;1;1
-48;22;45;1;1
-48;23;15;0;1
-48;23;19;1;1
-48;23;30;0;1
-48;23;39;1;1
-48;23;43;0;1
-48;23;47;1;1
-48;24;16;0;1
-48;24;19;1;1
-48;24;20;1;1
-48;24;22;1;1
-48;24;23;1;1
-48;24;28;0;1
-48;24;29;0;1
-48;24;30;1;1
-48;24;33;0;1
-48;24;35;0;1
-48;24;41;0;1
-48;24;44;0;1
-48;25;15;1;1
-48;25;19;1;1
-48;25;20;1;1
-48;25;21;0;1
-48;25;24;0;1
-48;25;31;0;1
-48;25;35;1;1
-48;25;36;0;1
-48;25;40;1;1
-48;25;41;0;1
-48;25;42;1;1
-48;26;17;0;1
-48;26;20;0;1
-48;26;21;0;1
-48;26;22;1;1
-48;26;28;1;1
-48;26;36;0;1
-48;26;37;0;1
-48;27;19;1;1
-48;27;20;0;1
-48;27;21;0;1
-48;27;22;0;1
-48;27;25;1;1
-48;27;28;0;1
-48;27;30;1;1
-48;27;31;0;1
-48;27;32;0;1
-48;27;34;1;1
-48;27;36;0;1
-48;27;41;0;1
-48;27;42;1;1
-48;27;43;0;1
-48;28;16;0;1
-48;28;20;0;1
-48;28;23;0;1
-48;28;30;0;1
-48;28;34;1;1
-48;28;39;0;1
-48;28;42;1;1
-48;28;43;0;1
-48;28;44;0;1
-48;29;17;0;1
-48;29;18;0;1
-48;29;19;1;1
-48;29;23;1;1
-48;29;24;0;1
-48;29;27;0;1
-48;29;32;0;1
-48;29;35;0;1
-48;29;37;1;1
-48;29;38;1;1
-48;29;40;0;1
-48;29;43;0;1
-48;30;16;0;1
-48;30;18;0;1
-48;30;20;0;1
-48;30;23;0;1
-48;30;24;0;1
-48;30;26;0;1
-48;30;27;1;1
-48;30;29;1;1
-48;30;32;0;1
-48;30;35;1;1
-48;30;36;1;1
-48;30;38;0;1
-48;30;42;0;1
-48;31;21;0;1
-48;31;22;0;1
-48;31;23;0;1
-48;31;28;0;1
-48;31;31;0;1
-48;31;37;0;1
-48;31;42;1;1
-48;32;20;0;1
-48;32;24;0;1
-48;32;32;1;1
-48;32;34;1;1
-48;32;36;1;1
-48;32;38;0;1
-48;32;40;1;1
-48;33;22;1;1
-48;33;23;0;1
-48;33;24;1;1
-48;33;25;1;1
-48;33;26;0;1
-48;33;30;1;1
-48;33;33;0;1
-48;33;36;0;1
-48;34;18;0;1
-48;34;19;1;1
-48;34;22;0;1
-48;34;25;0;1
-48;34;26;0;1
-48;34;31;1;1
-48;34;35;0;1
-48;34;38;0;1
-48;35;16;1;1
-48;35;17;0;1
-48;35;20;0;1
-48;35;21;0;1
-48;35;24;1;1
-48;35;25;0;1
-48;35;30;0;1
-48;35;32;1;1
-48;35;33;0;1
-48;35;34;0;1
-48;35;35;0;1
-48;35;36;0;1
-48;35;38;1;1
-48;36;19;1;1
-48;36;20;0;1
-48;36;24;0;1
-48;36;28;1;1
-48;36;29;0;1
-48;36;31;0;1
-48;36;33;1;1
-48;36;34;0;1
-48;36;37;0;1
-48;37;19;0;1
-48;37;23;0;1
-48;37;25;0;1
-48;37;27;1;1
-48;37;29;0;1
-48;37;30;0;1
-48;37;33;0;1
-48;37;34;0;1
-48;38;19;1;1
-48;38;23;1;1
-48;38;26;0;1
-48;38;31;0;1
-48;38;34;0;1
-48;38;35;0;1
-48;38;36;0;1
-48;39;17;1;1
-48;39;18;0;1
-48;39;19;0;1
-48;39;21;0;1
-48;39;24;0;1
-48;39;25;0;1
-48;39;29;1;1
-48;39;30;0;1
-48;39;31;0;1
-48;39;33;0;1
-48;40;21;0;1
-48;40;23;0;1
-48;40;24;0;1
-48;40;28;0;1
-48;40;30;0;1
-48;40;33;0;1
-48;41;17;0;1
-48;41;19;1;1
-48;41;20;1;1
-48;41;21;1;1
-48;41;23;0;1
-48;41;24;0;1
-48;41;31;0;1
-48;41;32;0;1
-48;42;19;1;1
-48;42;20;0;1
-48;42;24;1;1
-48;42;25;1;1
-48;42;28;0;1
-48;42;30;1;1
-48;42;31;0;1
-48;43;21;0;1
-48;43;23;0;1
-48;43;24;0;1
-48;43;26;1;1
-48;43;27;1;1
-48;44;19;0;1
-48;44;21;0;1
-48;44;22;0;1
-48;44;26;0;1
-48;44;27;0;1
-48;44;28;0;1
-48;45;19;1;1
-48;45;20;0;1
-48;45;21;1;1
-48;45;24;1;1
-48;45;26;0;1
-48;46;19;0;1
-48;46;20;1;1
-48;46;22;0;1
-48;46;23;0;1
-48;47;22;0;1
-48;47;23;0;1
-47;-49;20;1;1
-47;-48;19;0;1
-47;-48;23;0;1
-47;-47;19;1;1
-47;-47;20;0;1
-47;-47;24;0;1
-47;-46;21;1;1
-47;-46;23;0;1
-47;-45;19;0;1
-47;-45;22;1;1
-47;-45;24;0;1
-47;-44;19;0;1
-47;-44;20;1;1
-47;-44;21;0;1
-47;-44;22;0;1
-47;-44;26;0;1
-47;-44;27;1;1
-47;-44;29;1;1
-47;-43;20;0;1
-47;-43;23;1;1
-47;-43;24;0;1
-47;-43;26;1;1
-47;-43;27;0;1
-47;-43;30;0;1
-47;-43;31;1;1
-47;-42;19;0;1
-47;-42;20;0;1
-47;-42;21;1;1
-47;-42;22;1;1
-47;-42;25;0;1
-47;-42;29;1;1
-47;-42;31;0;1
-47;-41;21;1;1
-47;-41;25;0;1
-47;-41;26;1;1
-47;-41;33;1;1
-47;-40;22;0;1
-47;-40;23;0;1
-47;-40;24;0;1
-47;-40;29;1;1
-47;-40;32;1;1
-47;-40;35;1;1
-47;-39;18;1;1
-47;-39;19;1;1
-47;-39;20;0;1
-47;-39;21;1;1
-47;-39;22;1;1
-47;-39;29;0;1
-47;-39;30;0;1
-47;-39;31;0;1
-47;-39;32;0;1
-47;-39;33;1;1
-47;-39;35;0;1
-47;-39;36;0;1
-47;-38;18;1;1
-47;-38;20;1;1
-47;-38;23;1;1
-47;-38;25;0;1
-47;-38;29;0;1
-47;-38;30;0;1
-47;-38;32;0;1
-47;-38;33;0;1
-47;-38;35;0;1
-47;-38;36;1;1
-47;-38;37;1;1
-47;-37;20;0;1
-47;-37;23;1;1
-47;-37;27;0;1
-47;-37;29;0;1
-47;-37;30;1;1
-47;-37;31;0;1
-47;-37;32;1;1
-47;-37;33;1;1
-47;-37;37;0;1
-47;-36;24;0;1
-47;-36;29;0;1
-47;-36;31;0;1
-47;-36;32;1;1
-47;-36;33;1;1
-47;-36;38;0;1
-47;-36;39;1;1
-47;-35;16;0;1
-47;-35;17;1;1
-47;-35;20;0;1
-47;-35;26;0;1
-47;-35;27;1;1
-47;-35;29;0;1
-47;-35;30;0;1
-47;-35;36;1;1
-47;-35;40;0;1
-47;-34;20;1;1
-47;-34;23;1;1
-47;-34;24;1;1
-47;-34;27;1;1
-47;-34;29;0;1
-47;-34;32;0;1
-47;-34;33;0;1
-47;-34;37;0;1
-47;-34;38;1;1
-47;-34;39;0;1
-47;-34;41;0;1
-47;-33;19;1;1
-47;-33;20;1;1
-47;-33;22;1;1
-47;-33;24;0;1
-47;-33;26;1;1
-47;-33;28;1;1
-47;-33;29;0;1
-47;-33;35;0;1
-47;-33;38;0;1
-47;-33;41;0;1
-47;-32;16;1;1
-47;-32;18;1;1
-47;-32;20;0;1
-47;-32;22;0;1
-47;-32;24;1;1
-47;-32;26;1;1
-47;-32;29;0;1
-47;-32;32;0;1
-47;-32;34;0;1
-47;-32;41;0;1
-47;-31;16;0;1
-47;-31;17;0;1
-47;-31;23;0;1
-47;-31;25;1;1
-47;-31;27;0;1
-47;-31;30;0;1
-47;-31;31;0;1
-47;-31;33;0;1
-47;-31;34;0;1
-47;-31;38;0;1
-47;-31;42;1;1
-47;-31;43;1;1
-47;-30;15;0;1
-47;-30;17;0;1
-47;-30;23;0;1
-47;-30;24;0;1
-47;-30;27;0;1
-47;-30;30;0;1
-47;-30;31;1;1
-47;-30;33;0;1
-47;-30;35;0;1
-47;-30;36;1;1
-47;-29;17;0;1
-47;-29;20;0;1
-47;-29;28;0;1
-47;-29;29;0;1
-47;-29;32;0;1
-47;-29;34;0;1
-47;-29;35;0;1
-47;-29;36;0;1
-47;-29;37;0;1
-47;-29;43;0;1
-47;-29;44;0;1
-47;-28;17;1;1
-47;-28;20;1;1
-47;-28;23;1;1
-47;-28;24;0;1
-47;-28;29;0;1
-47;-28;32;0;1
-47;-28;33;0;1
-47;-28;35;0;1
-47;-28;36;1;1
-47;-28;37;0;1
-47;-28;41;0;1
-47;-27;16;0;1
-47;-27;20;0;1
-47;-27;21;1;1
-47;-27;23;0;1
-47;-27;24;1;1
-47;-27;25;0;1
-47;-27;27;0;1
-47;-27;29;0;1
-47;-27;33;0;1
-47;-27;36;0;1
-47;-27;37;0;1
-47;-27;39;1;1
-47;-27;41;0;1
-47;-27;42;0;1
-47;-27;43;0;1
-47;-26;15;0;1
-47;-26;16;1;1
-47;-26;17;0;1
-47;-26;18;0;1
-47;-26;22;1;1
-47;-26;25;0;1
-47;-26;26;0;1
-47;-26;28;1;1
-47;-26;29;0;1
-47;-26;30;1;1
-47;-26;31;0;1
-47;-26;38;1;1
-47;-26;39;1;1
-47;-26;43;1;1
-47;-26;44;0;1
-47;-25;19;0;1
-47;-25;21;1;1
-47;-25;24;1;1
-47;-25;28;0;1
-47;-25;30;0;1
-47;-25;33;0;1
-47;-25;35;0;1
-47;-25;36;1;1
-47;-25;37;0;1
-47;-25;39;1;1
-47;-25;42;1;1
-47;-25;43;1;1
-47;-25;45;1;1
-47;-24;17;1;1
-47;-24;18;0;1
-47;-24;19;0;1
-47;-24;20;1;1
-47;-24;21;1;1
-47;-24;23;0;1
-47;-24;24;0;1
-47;-24;25;0;1
-47;-24;26;0;1
-47;-24;28;0;1
-47;-24;29;1;1
-47;-24;30;1;1
-47;-24;33;0;1
-47;-24;35;0;1
-47;-24;40;0;1
-47;-24;45;0;1
-47;-24;46;1;1
-47;-24;47;0;1
-47;-23;15;1;1
-47;-23;22;1;1
-47;-23;25;1;1
-47;-23;27;0;1
-47;-23;30;1;1
-47;-23;31;1;1
-47;-23;37;0;1
-47;-23;38;1;1
-47;-23;40;0;1
-47;-23;41;0;1
-47;-23;43;0;1
-47;-23;47;0;1
-47;-22;14;1;1
-47;-22;15;1;1
-47;-22;19;0;1
-47;-22;21;1;1
-47;-22;22;1;1
-47;-22;27;1;1
-47;-22;30;0;1
-47;-22;32;1;1
-47;-22;35;0;1
-47;-22;40;0;1
-47;-22;41;0;1
-47;-22;46;1;1
-47;-22;47;0;1
-47;-21;16;1;1
-47;-21;18;1;1
-47;-21;23;1;1
-47;-21;32;1;1
-47;-21;46;1;1
-47;-20;15;0;1
-47;-20;17;0;1
-47;-20;20;0;1
-47;-20;25;0;1
-47;-20;27;0;1
-47;-20;28;0;1
-47;-20;33;0;1
-47;-20;34;1;1
-47;-20;37;0;1
-47;-20;41;1;1
-47;-20;42;0;1
-47;-20;46;0;1
-47;-20;48;0;1
-47;-20;49;0;1
-47;-19;15;1;1
-47;-19;18;0;1
-47;-19;22;1;1
-47;-19;23;0;1
-47;-19;24;0;1
-47;-19;26;0;1
-47;-19;28;1;1
-47;-19;29;1;1
-47;-19;32;0;1
-47;-19;33;0;1
-47;-19;35;0;1
-47;-19;37;0;1
-47;-19;39;0;1
-47;-19;41;1;1
-47;-19;44;1;1
-47;-19;46;0;1
-47;-19;47;1;1
-47;-19;49;0;1
-47;-18;14;0;1
-47;-18;16;0;1
-47;-18;17;0;1
-47;-18;22;1;1
-47;-18;27;0;1
-47;-18;28;0;1
-47;-18;30;1;1
-47;-18;31;0;1
-47;-18;34;1;1
-47;-18;36;0;1
-47;-18;41;0;1
-47;-18;44;1;1
-47;-18;45;1;1
-47;-18;46;0;1
-47;-18;49;1;1
-47;-18;50;0;1
-47;-17;16;0;1
-47;-17;19;0;1
-47;-17;20;0;1
-47;-17;24;1;1
-47;-17;25;1;1
-47;-17;26;1;1
-47;-17;27;0;1
-47;-17;33;1;1
-47;-17;36;0;1
-47;-17;38;1;1
-47;-17;39;1;1
-47;-17;45;0;1
-47;-17;46;1;1
-47;-17;49;0;1
-47;-16;19;0;1
-47;-16;26;0;1
-47;-16;33;0;1
-47;-16;37;0;1
-47;-16;44;0;1
-47;-16;49;0;1
-47;-16;50;0;1
-47;-15;16;0;1
-47;-15;18;1;1
-47;-15;24;1;1
-47;-15;26;0;1
-47;-15;27;1;1
-47;-15;34;0;1
-47;-15;38;1;1
-47;-15;39;1;1
-47;-15;42;0;1
-47;-15;43;1;1
-47;-15;46;0;1
-47;-15;47;0;1
-47;-15;48;0;1
-47;-15;51;1;1
-47;-14;16;0;1
-47;-14;19;1;1
-47;-14;20;0;1
-47;-14;21;1;1
-47;-14;22;0;1
-47;-14;23;0;1
-47;-14;28;0;1
-47;-14;29;1;1
-47;-14;30;0;1
-47;-14;32;0;1
-47;-14;33;0;1
-47;-14;35;1;1
-47;-14;36;0;1
-47;-14;37;0;1
-47;-14;38;1;1
-47;-14;39;0;1
-47;-14;40;1;1
-47;-14;41;0;1
-47;-14;42;0;1
-47;-14;43;0;1
-47;-14;48;0;1
-47;-14;49;0;1
-47;-13;14;0;1
-47;-13;18;0;1
-47;-13;29;0;1
-47;-13;31;1;1
-47;-13;32;0;1
-47;-13;34;0;1
-47;-13;38;0;1
-47;-13;41;0;1
-47;-13;42;0;1
-47;-13;51;0;1
-47;-12;19;1;1
-47;-12;22;0;1
-47;-12;24;0;1
-47;-12;34;0;1
-47;-12;36;1;1
-47;-12;37;0;1
-47;-12;41;0;1
-47;-12;43;0;1
-47;-12;48;1;1
-47;-12;50;1;1
-47;-11;13;0;1
-47;-11;14;0;1
-47;-11;15;1;1
-47;-11;17;1;1
-47;-11;18;0;1
-47;-11;20;0;1
-47;-11;23;0;1
-47;-11;27;0;1
-47;-11;32;1;1
-47;-11;34;0;1
-47;-11;35;1;1
-47;-11;37;0;1
-47;-11;38;1;1
-47;-11;40;0;1
-47;-11;41;0;1
-47;-11;51;1;1
-47;-10;16;0;1
-47;-10;25;0;1
-47;-10;30;0;1
-47;-10;34;1;1
-47;-10;36;0;1
-47;-10;37;1;1
-47;-10;40;1;1
-47;-10;43;1;1
-47;-10;44;1;1
-47;-10;45;0;1
-47;-10;49;1;1
-47;-10;50;1;1
-47;-9;13;0;1
-47;-9;15;0;1
-47;-9;16;1;1
-47;-9;19;0;1
-47;-9;20;0;1
-47;-9;21;1;1
-47;-9;22;1;1
-47;-9;23;0;1
-47;-9;25;0;1
-47;-9;26;1;1
-47;-9;27;0;1
-47;-9;29;0;1
-47;-9;30;0;1
-47;-9;33;0;1
-47;-9;34;1;1
-47;-9;36;1;1
-47;-9;37;0;1
-47;-9;38;1;1
-47;-9;45;1;1
-47;-9;47;1;1
-47;-9;49;1;1
-47;-8;20;1;1
-47;-8;21;0;1
-47;-8;22;0;1
-47;-8;23;0;1
-47;-8;24;0;1
-47;-8;28;0;1
-47;-8;29;0;1
-47;-8;30;0;1
-47;-8;33;0;1
-47;-8;34;1;1
-47;-8;36;0;1
-47;-8;37;1;1
-47;-8;42;1;1
-47;-8;43;0;1
-47;-8;45;0;1
-47;-8;48;0;1
-47;-8;50;0;1
-47;-8;52;0;1
-47;-7;17;1;1
-47;-7;18;0;1
-47;-7;20;0;1
-47;-7;23;1;1
-47;-7;25;0;1
-47;-7;26;0;1
-47;-7;28;0;1
-47;-7;32;0;1
-47;-7;33;1;1
-47;-7;39;1;1
-47;-7;41;0;1
-47;-7;42;1;1
-47;-7;43;1;1
-47;-7;45;1;1
-47;-7;46;1;1
-47;-7;47;0;1
-47;-7;48;0;1
-47;-7;50;0;1
-47;-6;13;1;1
-47;-6;19;1;1
-47;-6;23;0;1
-47;-6;24;0;1
-47;-6;27;0;1
-47;-6;29;0;1
-47;-6;39;1;1
-47;-6;40;1;1
-47;-6;49;0;1
-47;-6;51;0;1
-47;-5;16;0;1
-47;-5;19;0;1
-47;-5;21;0;1
-47;-5;22;0;1
-47;-5;23;0;1
-47;-5;31;1;1
-47;-5;33;1;1
-47;-5;36;0;1
-47;-5;37;1;1
-47;-5;41;1;1
-47;-5;43;0;1
-47;-5;47;1;1
-47;-5;48;0;1
-47;-5;50;1;1
-47;-5;51;0;1
-47;-5;53;0;1
-47;-4;16;0;1
-47;-4;18;0;1
-47;-4;20;0;1
-47;-4;21;0;1
-47;-4;22;0;1
-47;-4;25;0;1
-47;-4;26;0;1
-47;-4;29;0;1
-47;-4;31;0;1
-47;-4;32;0;1
-47;-4;35;0;1
-47;-4;38;0;1
-47;-4;39;0;1
-47;-4;40;0;1
-47;-4;43;0;1
-47;-4;45;0;1
-47;-4;46;1;1
-47;-4;49;0;1
-47;-4;50;0;1
-47;-4;52;1;1
-47;-3;13;0;1
-47;-3;15;1;1
-47;-3;16;0;1
-47;-3;20;1;1
-47;-3;27;0;1
-47;-3;30;1;1
-47;-3;35;1;1
-47;-3;39;1;1
-47;-3;41;1;1
-47;-3;44;1;1
-47;-3;45;1;1
-47;-3;47;1;1
-47;-3;48;0;1
-47;-3;51;0;1
-47;-3;52;1;1
-47;-3;53;0;1
-47;-2;16;1;1
-47;-2;17;1;1
-47;-2;19;0;1
-47;-2;20;0;1
-47;-2;21;0;1
-47;-2;23;0;1
-47;-2;24;0;1
-47;-2;27;0;1
-47;-2;30;0;1
-47;-2;31;0;1
-47;-2;32;1;1
-47;-2;34;0;1
-47;-2;35;1;1
-47;-2;36;0;1
-47;-2;37;0;1
-47;-2;41;0;1
-47;-2;42;0;1
-47;-2;44;0;1
-47;-2;45;0;1
-47;-2;46;0;1
-47;-2;47;0;1
-47;-2;49;0;1
-47;-2;52;1;1
-47;-1;15;1;1
-47;-1;16;0;1
-47;-1;17;0;1
-47;-1;18;0;1
-47;-1;19;1;1
-47;-1;20;1;1
-47;-1;22;1;1
-47;-1;23;0;1
-47;-1;24;0;1
-47;-1;28;0;1
-47;-1;30;0;1
-47;-1;32;0;1
-47;-1;33;1;1
-47;-1;34;0;1
-47;-1;36;0;1
-47;-1;43;0;1
-47;-1;44;1;1
-47;-1;49;0;1
-47;-1;50;1;1
-47;0;18;0;1
-47;0;19;0;1
-47;0;20;0;1
-47;0;22;0;1
-47;0;23;1;1
-47;0;25;1;1
-47;0;28;1;1
-47;0;29;0;1
-47;0;35;0;1
-47;0;37;0;1
-47;0;40;0;1
-47;0;42;0;1
-47;0;44;1;1
-47;0;46;0;1
-47;0;47;0;1
-47;1;14;0;1
-47;1;15;0;1
-47;1;22;1;1
-47;1;23;0;1
-47;1;24;0;1
-47;1;25;1;1
-47;1;31;1;1
-47;1;32;0;1
-47;1;33;0;1
-47;1;34;1;1
-47;1;35;1;1
-47;1;36;0;1
-47;1;40;0;1
-47;1;48;1;1
-47;1;49;0;1
-47;1;50;0;1
-47;1;51;0;1
-47;2;16;1;1
-47;2;18;0;1
-47;2;20;1;1
-47;2;21;0;1
-47;2;22;1;1
-47;2;24;1;1
-47;2;25;0;1
-47;2;28;0;1
-47;2;41;0;1
-47;2;42;0;1
-47;2;43;1;1
-47;2;46;0;1
-47;2;49;1;1
-47;2;51;0;1
-47;3;13;0;1
-47;3;16;0;1
-47;3;17;0;1
-47;3;18;0;1
-47;3;21;0;1
-47;3;24;0;1
-47;3;26;1;1
-47;3;27;1;1
-47;3;29;0;1
-47;3;32;1;1
-47;3;36;1;1
-47;3;38;1;1
-47;3;41;1;1
-47;3;42;0;1
-47;3;43;1;1
-47;3;44;0;1
-47;3;50;0;1
-47;3;51;1;1
-47;3;53;1;1
-47;4;13;0;1
-47;4;15;0;1
-47;4;17;0;1
-47;4;18;0;1
-47;4;24;0;1
-47;4;30;0;1
-47;4;31;1;1
-47;4;42;1;1
-47;4;43;1;1
-47;4;46;0;1
-47;4;47;0;1
-47;4;49;0;1
-47;4;51;0;1
-47;4;53;0;1
-47;5;16;1;1
-47;5;19;0;1
-47;5;21;0;1
-47;5;23;0;1
-47;5;27;0;1
-47;5;29;1;1
-47;5;36;1;1
-47;5;40;1;1
-47;5;41;1;1
-47;5;43;1;1
-47;5;44;1;1
-47;5;52;0;1
-47;6;13;1;1
-47;6;14;0;1
-47;6;16;0;1
-47;6;17;0;1
-47;6;21;1;1
-47;6;23;1;1
-47;6;26;0;1
-47;6;27;1;1
-47;6;30;1;1
-47;6;33;0;1
-47;6;36;0;1
-47;6;37;0;1
-47;6;38;0;1
-47;6;39;0;1
-47;6;42;1;1
-47;6;44;1;1
-47;7;13;0;1
-47;7;17;1;1
-47;7;18;1;1
-47;7;23;0;1
-47;7;26;0;1
-47;7;30;0;1
-47;7;31;1;1
-47;7;32;0;1
-47;7;37;1;1
-47;7;40;0;1
-47;7;45;0;1
-47;7;47;0;1
-47;7;49;1;1
-47;7;51;1;1
-47;8;16;0;1
-47;8;19;1;1
-47;8;21;0;1
-47;8;22;0;1
-47;8;24;1;1
-47;8;25;0;1
-47;8;27;1;1
-47;8;29;0;1
-47;8;34;0;1
-47;8;36;0;1
-47;8;39;1;1
-47;8;44;1;1
-47;8;46;0;1
-47;8;47;0;1
-47;8;49;1;1
-47;8;51;1;1
-47;8;52;0;1
-47;9;14;1;1
-47;9;15;0;1
-47;9;16;0;1
-47;9;17;0;1
-47;9;18;0;1
-47;9;20;1;1
-47;9;22;0;1
-47;9;23;1;1
-47;9;26;1;1
-47;9;30;0;1
-47;9;32;0;1
-47;9;33;1;1
-47;9;34;0;1
-47;9;36;0;1
-47;9;37;0;1
-47;9;41;0;1
-47;9;42;1;1
-47;9;43;1;1
-47;9;45;0;1
-47;9;46;0;1
-47;9;49;1;1
-47;9;52;1;1
-47;10;14;0;1
-47;10;17;1;1
-47;10;20;0;1
-47;10;21;0;1
-47;10;22;1;1
-47;10;25;1;1
-47;10;29;0;1
-47;10;31;0;1
-47;10;32;0;1
-47;10;40;1;1
-47;10;46;1;1
-47;10;48;0;1
-47;10;49;0;1
-47;10;51;0;1
-47;11;16;0;1
-47;11;20;0;1
-47;11;27;0;1
-47;11;34;0;1
-47;11;37;1;1
-47;11;40;1;1
-47;11;42;1;1
-47;11;43;1;1
-47;11;44;1;1
-47;11;45;1;1
-47;11;50;0;1
-47;11;52;0;1
-47;12;14;0;1
-47;12;15;1;1
-47;12;20;0;1
-47;12;26;1;1
-47;12;28;1;1
-47;12;29;1;1
-47;12;30;0;1
-47;12;32;0;1
-47;12;35;0;1
-47;12;37;1;1
-47;12;38;1;1
-47;12;40;0;1
-47;12;41;1;1
-47;12;42;0;1
-47;12;43;0;1
-47;12;44;0;1
-47;12;47;1;1
-47;12;49;1;1
-47;12;50;0;1
-47;12;51;0;1
-47;13;14;1;1
-47;13;23;1;1
-47;13;25;0;1
-47;13;26;0;1
-47;13;28;0;1
-47;13;29;1;1
-47;13;31;0;1
-47;13;32;0;1
-47;13;33;1;1
-47;13;40;0;1
-47;13;41;1;1
-47;13;43;0;1
-47;13;44;0;1
-47;13;45;0;1
-47;13;47;0;1
-47;13;48;0;1
-47;13;49;1;1
-47;13;51;0;1
-47;14;16;0;1
-47;14;17;1;1
-47;14;19;0;1
-47;14;24;1;1
-47;14;26;1;1
-47;14;28;1;1
-47;14;30;1;1
-47;14;32;0;1
-47;14;36;0;1
-47;14;38;0;1
-47;14;42;1;1
-47;14;43;0;1
-47;14;45;0;1
-47;14;47;1;1
-47;14;49;0;1
-47;15;17;0;1
-47;15;20;0;1
-47;15;21;0;1
-47;15;22;0;1
-47;15;25;1;1
-47;15;27;0;1
-47;15;29;0;1
-47;15;32;0;1
-47;15;41;1;1
-47;15;44;1;1
-47;15;47;1;1
-47;15;49;0;1
-47;15;50;0;1
-47;15;51;1;1
-47;16;16;1;1
-47;16;20;0;1
-47;16;24;1;1
-47;16;26;1;1
-47;16;28;1;1
-47;16;29;0;1
-47;16;31;0;1
-47;16;33;0;1
-47;16;34;0;1
-47;16;35;0;1
-47;16;41;0;1
-47;16;43;1;1
-47;16;44;0;1
-47;16;45;0;1
-47;17;15;0;1
-47;17;17;0;1
-47;17;18;1;1
-47;17;21;1;1
-47;17;22;0;1
-47;17;23;0;1
-47;17;28;0;1
-47;17;29;0;1
-47;17;30;0;1
-47;17;35;1;1
-47;17;36;1;1
-47;17;37;0;1
-47;17;39;0;1
-47;17;41;1;1
-47;17;42;0;1
-47;17;45;1;1
-47;17;48;0;1
-47;17;49;0;1
-47;17;50;0;1
-47;18;14;1;1
-47;18;15;0;1
-47;18;16;0;1
-47;18;17;1;1
-47;18;20;0;1
-47;18;21;0;1
-47;18;25;1;1
-47;18;27;1;1
-47;18;29;0;1
-47;18;32;0;1
-47;18;35;0;1
-47;18;36;0;1
-47;18;37;0;1
-47;18;38;0;1
-47;18;39;1;1
-47;18;40;0;1
-47;18;44;0;1
-47;18;47;0;1
-47;19;14;0;1
-47;19;15;0;1
-47;19;17;0;1
-47;19;21;1;1
-47;19;25;1;1
-47;19;27;1;1
-47;19;29;0;1
-47;19;32;0;1
-47;19;34;0;1
-47;19;36;0;1
-47;19;39;0;1
-47;19;42;0;1
-47;19;44;0;1
-47;19;45;0;1
-47;19;46;0;1
-47;20;17;1;1
-47;20;18;0;1
-47;20;19;1;1
-47;20;21;0;1
-47;20;28;0;1
-47;20;30;1;1
-47;20;33;1;1
-47;20;35;0;1
-47;20;39;0;1
-47;20;40;0;1
-47;20;42;1;1
-47;20;44;0;1
-47;20;48;0;1
-47;20;49;1;1
-47;21;16;0;1
-47;21;17;1;1
-47;21;18;0;1
-47;21;22;0;1
-47;21;31;0;1
-47;21;32;1;1
-47;21;34;1;1
-47;21;35;0;1
-47;21;39;1;1
-47;21;40;0;1
-47;21;41;0;1
-47;21;42;0;1
-47;22;14;1;1
-47;22;16;0;1
-47;22;17;0;1
-47;22;19;0;1
-47;22;22;1;1
-47;22;24;1;1
-47;22;25;0;1
-47;22;26;1;1
-47;22;28;0;1
-47;22;31;0;1
-47;22;32;0;1
-47;22;33;1;1
-47;22;36;0;1
-47;22;37;1;1
-47;22;38;0;1
-47;22;39;1;1
-47;22;40;1;1
-47;22;42;1;1
-47;23;15;1;1
-47;23;17;0;1
-47;23;19;1;1
-47;23;21;0;1
-47;23;23;1;1
-47;23;24;0;1
-47;23;27;1;1
-47;23;28;0;1
-47;23;30;1;1
-47;23;36;0;1
-47;23;38;1;1
-47;23;39;0;1
-47;23;43;0;1
-47;23;44;0;1
-47;23;45;0;1
-47;23;46;1;1
-47;23;47;1;1
-47;24;18;0;1
-47;24;21;0;1
-47;24;29;0;1
-47;24;32;0;1
-47;24;33;0;1
-47;24;35;0;1
-47;24;37;0;1
-47;24;44;1;1
-47;24;47;1;1
-47;25;15;1;1
-47;25;16;0;1
-47;25;17;0;1
-47;25;19;1;1
-47;25;24;1;1
-47;25;26;0;1
-47;25;27;0;1
-47;25;28;1;1
-47;25;30;1;1
-47;25;33;0;1
-47;25;36;1;1
-47;25;37;0;1
-47;25;38;1;1
-47;25;39;1;1
-47;25;41;0;1
-47;25;46;0;1
-47;26;17;0;1
-47;26;20;1;1
-47;26;23;0;1
-47;26;24;1;1
-47;26;25;1;1
-47;26;29;0;1
-47;26;31;0;1
-47;26;35;1;1
-47;26;38;0;1
-47;26;41;0;1
-47;26;43;0;1
-47;27;15;0;1
-47;27;16;1;1
-47;27;18;1;1
-47;27;19;0;1
-47;27;20;0;1
-47;27;28;1;1
-47;27;35;0;1
-47;27;42;1;1
-47;27;43;0;1
-47;28;21;0;1
-47;28;22;1;1
-47;28;25;0;1
-47;28;26;1;1
-47;28;29;1;1
-47;28;31;0;1
-47;28;34;0;1
-47;28;39;0;1
-47;28;40;1;1
-47;28;44;0;1
-47;28;45;1;1
-47;29;15;0;1
-47;29;16;1;1
-47;29;18;0;1
-47;29;19;0;1
-47;29;25;1;1
-47;29;29;0;1
-47;29;31;0;1
-47;29;35;1;1
-47;29;41;1;1
-47;30;15;0;1
-47;30;16;0;1
-47;30;19;0;1
-47;30;20;0;1
-47;30;21;0;1
-47;30;23;1;1
-47;30;24;0;1
-47;30;25;1;1
-47;30;26;0;1
-47;30;28;1;1
-47;30;32;1;1
-47;30;34;0;1
-47;30;37;1;1
-47;30;39;0;1
-47;30;42;1;1
-47;31;16;0;1
-47;31;18;0;1
-47;31;19;1;1
-47;31;21;0;1
-47;31;22;0;1
-47;31;25;1;1
-47;31;26;0;1
-47;31;27;1;1
-47;31;29;1;1
-47;31;30;0;1
-47;31;31;0;1
-47;31;32;0;1
-47;31;33;0;1
-47;31;42;0;1
-47;32;18;1;1
-47;32;19;0;1
-47;32;20;0;1
-47;32;22;1;1
-47;32;29;0;1
-47;32;31;0;1
-47;32;32;0;1
-47;32;33;0;1
-47;32;36;0;1
-47;32;38;0;1
-47;33;16;0;1
-47;33;19;0;1
-47;33;20;1;1
-47;33;21;1;1
-47;33;22;1;1
-47;33;23;0;1
-47;33;25;1;1
-47;33;26;0;1
-47;33;29;1;1
-47;33;33;0;1
-47;33;34;0;1
-47;33;36;0;1
-47;33;40;0;1
-47;33;41;0;1
-47;34;18;0;1
-47;34;21;0;1
-47;34;22;0;1
-47;34;23;1;1
-47;34;24;0;1
-47;34;25;0;1
-47;34;26;0;1
-47;34;27;1;1
-47;34;28;1;1
-47;34;29;0;1
-47;34;31;1;1
-47;34;37;0;1
-47;34;39;0;1
-47;34;41;1;1
-47;35;16;0;1
-47;35;26;0;1
-47;35;27;0;1
-47;35;30;0;1
-47;35;32;0;1
-47;35;33;0;1
-47;35;34;0;1
-47;35;38;0;1
-47;36;17;0;1
-47;36;19;1;1
-47;36;20;0;1
-47;36;25;0;1
-47;36;27;1;1
-47;36;28;0;1
-47;36;32;0;1
-47;36;34;0;1
-47;36;38;0;1
-47;36;39;1;1
-47;37;18;1;1
-47;37;25;0;1
-47;37;26;0;1
-47;37;27;0;1
-47;37;28;0;1
-47;37;30;1;1
-47;37;32;1;1
-47;37;33;0;1
-47;37;34;0;1
-47;37;35;0;1
-47;37;37;0;1
-47;38;21;0;1
-47;38;22;0;1
-47;38;23;0;1
-47;38;27;1;1
-47;38;31;0;1
-47;38;32;1;1
-47;38;33;0;1
-47;38;35;0;1
-47;39;19;1;1
-47;39;21;0;1
-47;39;24;1;1
-47;39;25;0;1
-47;39;33;1;1
-47;39;35;0;1
-47;39;36;1;1
-47;40;18;0;1
-47;40;19;0;1
-47;40;24;0;1
-47;40;26;0;1
-47;40;30;1;1
-47;40;31;1;1
-47;41;19;1;1
-47;41;21;1;1
-47;41;22;0;1
-47;41;23;0;1
-47;41;24;0;1
-47;41;25;1;1
-47;41;29;1;1
-47;42;17;0;1
-47;42;18;0;1
-47;42;21;0;1
-47;42;23;0;1
-47;42;24;0;1
-47;42;25;0;1
-47;42;28;0;1
-47;43;19;0;1
-47;43;21;0;1
-47;43;22;0;1
-47;43;24;0;1
-47;43;25;0;1
-47;43;27;0;1
-47;44;24;0;1
-47;44;25;1;1
-47;45;18;0;1
-47;45;25;0;1
-47;45;26;0;1
-47;45;27;0;1
-47;45;28;0;1
-47;46;22;1;1
-47;46;25;0;1
-47;47;19;0;1
-47;48;23;1;1
-47;49;19;0;1
-46;-50;20;1;1
-46;-49;20;0;1
-46;-48;18;0;1
-46;-48;19;0;1
-46;-48;21;1;1
-46;-48;22;0;1
-46;-48;25;1;1
-46;-47;20;1;1
-46;-47;25;0;1
-46;-47;26;1;1
-46;-46;18;0;1
-46;-46;25;0;1
-46;-46;26;0;1
-46;-45;18;0;1
-46;-45;22;1;1
-46;-45;24;1;1
-46;-45;26;1;1
-46;-45;30;0;1
-46;-44;21;1;1
-46;-44;28;1;1
-46;-44;29;1;1
-46;-43;19;0;1
-46;-43;22;0;1
-46;-43;24;1;1
-46;-43;25;0;1
-46;-43;27;1;1
-46;-43;29;1;1
-46;-43;31;0;1
-46;-42;21;1;1
-46;-42;25;1;1
-46;-42;28;0;1
-46;-42;29;1;1
-46;-42;31;1;1
-46;-42;33;0;1
-46;-41;18;1;1
-46;-41;20;1;1
-46;-41;21;1;1
-46;-41;22;0;1
-46;-41;24;0;1
-46;-41;28;0;1
-46;-41;29;0;1
-46;-41;31;1;1
-46;-41;34;0;1
-46;-41;35;0;1
-46;-40;17;1;1
-46;-40;18;0;1
-46;-40;20;1;1
-46;-40;22;1;1
-46;-40;24;0;1
-46;-40;32;0;1
-46;-40;33;0;1
-46;-40;34;0;1
-46;-40;36;1;1
-46;-39;17;0;1
-46;-39;21;0;1
-46;-39;25;0;1
-46;-39;26;0;1
-46;-39;27;1;1
-46;-39;32;1;1
-46;-39;33;0;1
-46;-39;36;0;1
-46;-38;16;1;1
-46;-38;17;1;1
-46;-38;18;0;1
-46;-38;20;0;1
-46;-38;23;0;1
-46;-38;24;0;1
-46;-38;25;0;1
-46;-38;27;0;1
-46;-38;28;0;1
-46;-38;34;1;1
-46;-38;35;0;1
-46;-38;38;0;1
-46;-37;17;0;1
-46;-37;19;1;1
-46;-37;26;0;1
-46;-37;28;1;1
-46;-37;29;1;1
-46;-37;37;0;1
-46;-36;16;0;1
-46;-36;19;1;1
-46;-36;21;1;1
-46;-36;22;1;1
-46;-36;25;0;1
-46;-36;26;0;1
-46;-36;27;1;1
-46;-36;29;0;1
-46;-36;30;1;1
-46;-36;34;0;1
-46;-36;35;1;1
-46;-36;38;0;1
-46;-36;40;0;1
-46;-35;17;1;1
-46;-35;19;0;1
-46;-35;20;0;1
-46;-35;22;0;1
-46;-35;30;0;1
-46;-35;31;1;1
-46;-35;32;1;1
-46;-35;33;0;1
-46;-35;34;0;1
-46;-35;35;1;1
-46;-35;40;0;1
-46;-35;41;0;1
-46;-34;17;0;1
-46;-34;19;1;1
-46;-34;20;1;1
-46;-34;24;0;1
-46;-34;28;1;1
-46;-34;31;0;1
-46;-34;34;0;1
-46;-34;37;0;1
-46;-34;38;1;1
-46;-34;39;0;1
-46;-34;40;0;1
-46;-34;42;0;1
-46;-33;18;0;1
-46;-33;19;0;1
-46;-33;23;0;1
-46;-33;24;0;1
-46;-33;30;0;1
-46;-33;34;0;1
-46;-33;35;0;1
-46;-33;36;0;1
-46;-33;37;1;1
-46;-33;40;0;1
-46;-33;41;0;1
-46;-33;42;0;1
-46;-32;17;0;1
-46;-32;19;0;1
-46;-32;22;0;1
-46;-32;23;1;1
-46;-32;27;1;1
-46;-32;30;0;1
-46;-32;34;0;1
-46;-32;36;0;1
-46;-32;38;0;1
-46;-32;42;0;1
-46;-31;16;0;1
-46;-31;17;0;1
-46;-31;19;1;1
-46;-31;21;0;1
-46;-31;26;0;1
-46;-31;29;0;1
-46;-31;32;0;1
-46;-31;33;0;1
-46;-31;36;0;1
-46;-31;43;0;1
-46;-31;44;0;1
-46;-30;15;1;1
-46;-30;16;1;1
-46;-30;17;0;1
-46;-30;18;0;1
-46;-30;19;1;1
-46;-30;21;0;1
-46;-30;23;0;1
-46;-30;24;0;1
-46;-30;26;0;1
-46;-30;30;1;1
-46;-30;32;0;1
-46;-30;35;0;1
-46;-30;38;0;1
-46;-30;40;0;1
-46;-30;42;0;1
-46;-30;43;0;1
-46;-30;44;0;1
-46;-30;45;1;1
-46;-29;15;1;1
-46;-29;16;1;1
-46;-29;19;0;1
-46;-29;20;0;1
-46;-29;23;0;1
-46;-29;24;0;1
-46;-29;25;0;1
-46;-29;26;0;1
-46;-29;30;1;1
-46;-29;31;0;1
-46;-29;32;1;1
-46;-29;37;0;1
-46;-29;40;0;1
-46;-28;17;1;1
-46;-28;18;1;1
-46;-28;21;0;1
-46;-28;25;1;1
-46;-28;30;0;1
-46;-28;35;1;1
-46;-28;36;0;1
-46;-28;39;1;1
-46;-28;40;0;1
-46;-28;41;0;1
-46;-28;42;0;1
-46;-27;17;1;1
-46;-27;18;0;1
-46;-27;19;0;1
-46;-27;21;1;1
-46;-27;25;0;1
-46;-27;26;0;1
-46;-27;27;0;1
-46;-27;29;0;1
-46;-27;30;0;1
-46;-27;32;0;1
-46;-27;38;0;1
-46;-27;39;0;1
-46;-27;42;0;1
-46;-26;17;1;1
-46;-26;22;0;1
-46;-26;24;0;1
-46;-26;25;0;1
-46;-26;29;1;1
-46;-26;33;0;1
-46;-26;38;0;1
-46;-26;43;0;1
-46;-26;45;0;1
-46;-26;47;1;1
-46;-25;16;0;1
-46;-25;21;0;1
-46;-25;22;0;1
-46;-25;24;1;1
-46;-25;28;0;1
-46;-25;29;0;1
-46;-25;31;1;1
-46;-25;34;1;1
-46;-25;35;1;1
-46;-25;37;0;1
-46;-25;38;0;1
-46;-25;40;0;1
-46;-25;42;0;1
-46;-25;43;1;1
-46;-25;45;0;1
-46;-24;16;0;1
-46;-24;17;1;1
-46;-24;19;1;1
-46;-24;20;1;1
-46;-24;21;0;1
-46;-24;22;0;1
-46;-24;26;1;1
-46;-24;35;0;1
-46;-24;39;1;1
-46;-24;43;1;1
-46;-24;45;1;1
-46;-24;46;1;1
-46;-24;47;1;1
-46;-23;16;1;1
-46;-23;18;0;1
-46;-23;20;0;1
-46;-23;22;0;1
-46;-23;26;0;1
-46;-23;28;0;1
-46;-23;29;0;1
-46;-23;32;0;1
-46;-23;37;0;1
-46;-23;42;1;1
-46;-23;44;1;1
-46;-23;47;1;1
-46;-23;48;1;1
-46;-22;14;1;1
-46;-22;16;0;1
-46;-22;20;0;1
-46;-22;21;1;1
-46;-22;22;1;1
-46;-22;23;0;1
-46;-22;26;0;1
-46;-22;29;0;1
-46;-22;31;0;1
-46;-22;35;1;1
-46;-22;38;0;1
-46;-22;39;0;1
-46;-22;41;0;1
-46;-22;45;0;1
-46;-22;46;0;1
-46;-22;49;0;1
-46;-21;15;1;1
-46;-21;16;1;1
-46;-21;17;0;1
-46;-21;20;0;1
-46;-21;21;0;1
-46;-21;22;0;1
-46;-21;29;0;1
-46;-21;34;1;1
-46;-21;44;1;1
-46;-21;45;0;1
-46;-20;20;0;1
-46;-20;21;0;1
-46;-20;22;1;1
-46;-20;23;1;1
-46;-20;25;1;1
-46;-20;26;0;1
-46;-20;27;0;1
-46;-20;28;1;1
-46;-20;29;0;1
-46;-20;31;0;1
-46;-20;32;0;1
-46;-20;35;0;1
-46;-20;37;0;1
-46;-20;39;1;1
-46;-20;40;0;1
-46;-20;46;0;1
-46;-19;16;0;1
-46;-19;17;0;1
-46;-19;20;0;1
-46;-19;21;0;1
-46;-19;23;0;1
-46;-19;27;0;1
-46;-19;28;0;1
-46;-19;29;1;1
-46;-19;30;1;1
-46;-19;31;0;1
-46;-19;35;0;1
-46;-19;39;1;1
-46;-19;40;1;1
-46;-19;41;0;1
-46;-19;45;0;1
-46;-19;48;1;1
-46;-19;50;0;1
-46;-18;15;1;1
-46;-18;17;0;1
-46;-18;18;0;1
-46;-18;19;0;1
-46;-18;20;1;1
-46;-18;22;1;1
-46;-18;28;1;1
-46;-18;29;1;1
-46;-18;39;0;1
-46;-18;40;1;1
-46;-18;41;1;1
-46;-18;42;1;1
-46;-18;43;0;1
-46;-18;51;0;1
-46;-17;15;0;1
-46;-17;16;0;1
-46;-17;17;1;1
-46;-17;19;0;1
-46;-17;21;0;1
-46;-17;23;1;1
-46;-17;27;0;1
-46;-17;29;0;1
-46;-17;30;1;1
-46;-17;33;0;1
-46;-17;39;1;1
-46;-17;41;0;1
-46;-17;42;0;1
-46;-17;45;1;1
-46;-17;47;0;1
-46;-16;17;0;1
-46;-16;23;0;1
-46;-16;24;0;1
-46;-16;25;0;1
-46;-16;27;1;1
-46;-16;30;0;1
-46;-16;31;1;1
-46;-16;33;0;1
-46;-16;35;0;1
-46;-16;36;0;1
-46;-16;38;0;1
-46;-16;40;0;1
-46;-16;46;1;1
-46;-16;48;0;1
-46;-15;15;1;1
-46;-15;17;0;1
-46;-15;18;0;1
-46;-15;21;0;1
-46;-15;24;0;1
-46;-15;26;1;1
-46;-15;28;1;1
-46;-15;29;0;1
-46;-15;30;1;1
-46;-15;31;1;1
-46;-15;39;0;1
-46;-15;40;1;1
-46;-15;42;0;1
-46;-15;45;0;1
-46;-15;48;0;1
-46;-15;49;0;1
-46;-15;50;0;1
-46;-15;51;1;1
-46;-15;52;0;1
-46;-14;14;0;1
-46;-14;20;0;1
-46;-14;22;1;1
-46;-14;24;1;1
-46;-14;25;0;1
-46;-14;28;0;1
-46;-14;33;0;1
-46;-14;34;1;1
-46;-14;35;0;1
-46;-14;36;1;1
-46;-14;39;0;1
-46;-14;40;0;1
-46;-14;41;0;1
-46;-14;44;0;1
-46;-14;45;1;1
-46;-14;46;1;1
-46;-14;48;1;1
-46;-14;49;0;1
-46;-13;15;1;1
-46;-13;17;1;1
-46;-13;18;0;1
-46;-13;19;0;1
-46;-13;20;1;1
-46;-13;24;0;1
-46;-13;26;0;1
-46;-13;27;0;1
-46;-13;29;1;1
-46;-13;30;1;1
-46;-13;43;0;1
-46;-13;44;0;1
-46;-13;45;1;1
-46;-13;46;0;1
-46;-13;47;1;1
-46;-13;49;0;1
-46;-13;50;1;1
-46;-13;52;0;1
-46;-12;15;0;1
-46;-12;17;1;1
-46;-12;18;1;1
-46;-12;19;0;1
-46;-12;25;1;1
-46;-12;26;1;1
-46;-12;29;0;1
-46;-12;31;0;1
-46;-12;34;0;1
-46;-12;37;1;1
-46;-12;39;1;1
-46;-12;44;0;1
-46;-12;45;0;1
-46;-12;46;0;1
-46;-12;48;0;1
-46;-12;51;1;1
-46;-11;15;0;1
-46;-11;17;0;1
-46;-11;20;0;1
-46;-11;22;0;1
-46;-11;23;0;1
-46;-11;36;1;1
-46;-11;38;0;1
-46;-11;39;0;1
-46;-11;40;0;1
-46;-11;43;0;1
-46;-11;44;0;1
-46;-11;45;0;1
-46;-11;46;0;1
-46;-11;52;1;1
-46;-10;13;0;1
-46;-10;18;0;1
-46;-10;21;0;1
-46;-10;22;0;1
-46;-10;23;1;1
-46;-10;24;1;1
-46;-10;27;0;1
-46;-10;32;0;1
-46;-10;33;1;1
-46;-10;35;1;1
-46;-10;37;1;1
-46;-10;42;1;1
-46;-10;44;0;1
-46;-10;49;1;1
-46;-10;51;1;1
-46;-10;52;0;1
-46;-10;53;0;1
-46;-9;14;0;1
-46;-9;17;0;1
-46;-9;18;1;1
-46;-9;20;0;1
-46;-9;22;1;1
-46;-9;26;0;1
-46;-9;29;1;1
-46;-9;37;1;1
-46;-9;39;1;1
-46;-9;42;1;1
-46;-9;45;1;1
-46;-9;47;0;1
-46;-9;49;1;1
-46;-9;52;0;1
-46;-8;14;1;1
-46;-8;16;0;1
-46;-8;19;0;1
-46;-8;20;0;1
-46;-8;21;1;1
-46;-8;26;1;1
-46;-8;30;1;1
-46;-8;35;1;1
-46;-8;38;1;1
-46;-8;44;1;1
-46;-8;47;1;1
-46;-8;52;0;1
-46;-8;53;0;1
-46;-7;21;0;1
-46;-7;25;0;1
-46;-7;29;0;1
-46;-7;30;1;1
-46;-7;32;1;1
-46;-7;34;0;1
-46;-7;36;0;1
-46;-7;37;1;1
-46;-7;41;0;1
-46;-7;48;0;1
-46;-7;49;1;1
-46;-7;50;0;1
-46;-7;51;1;1
-46;-7;52;0;1
-46;-6;14;1;1
-46;-6;16;1;1
-46;-6;17;1;1
-46;-6;18;0;1
-46;-6;20;0;1
-46;-6;21;0;1
-46;-6;23;0;1
-46;-6;26;1;1
-46;-6;28;1;1
-46;-6;29;0;1
-46;-6;32;0;1
-46;-6;34;0;1
-46;-6;39;0;1
-46;-6;42;0;1
-46;-6;47;0;1
-46;-6;48;1;1
-46;-6;52;0;1
-46;-5;13;0;1
-46;-5;18;1;1
-46;-5;26;0;1
-46;-5;33;0;1
-46;-5;37;0;1
-46;-5;40;0;1
-46;-5;45;0;1
-46;-5;47;0;1
-46;-5;49;0;1
-46;-5;50;0;1
-46;-4;16;1;1
-46;-4;17;0;1
-46;-4;18;0;1
-46;-4;20;1;1
-46;-4;21;0;1
-46;-4;22;0;1
-46;-4;23;1;1
-46;-4;26;0;1
-46;-4;28;1;1
-46;-4;30;1;1
-46;-4;35;1;1
-46;-4;36;0;1
-46;-4;37;1;1
-46;-4;39;0;1
-46;-3;13;0;1
-46;-3;15;0;1
-46;-3;18;0;1
-46;-3;20;0;1
-46;-3;21;1;1
-46;-3;25;0;1
-46;-3;26;0;1
-46;-3;27;0;1
-46;-3;30;0;1
-46;-3;31;0;1
-46;-3;32;0;1
-46;-3;33;0;1
-46;-3;35;0;1
-46;-3;37;1;1
-46;-3;40;0;1
-46;-3;41;0;1
-46;-3;46;0;1
-46;-3;48;0;1
-46;-3;51;0;1
-46;-3;53;0;1
-46;-3;54;0;1
-46;-2;14;1;1
-46;-2;20;0;1
-46;-2;24;0;1
-46;-2;35;0;1
-46;-2;38;0;1
-46;-2;40;1;1
-46;-2;41;0;1
-46;-2;42;1;1
-46;-2;43;1;1
-46;-2;44;0;1
-46;-2;48;0;1
-46;-2;51;0;1
-46;-2;53;0;1
-46;-2;54;0;1
-46;-1;13;0;1
-46;-1;15;0;1
-46;-1;17;0;1
-46;-1;18;0;1
-46;-1;20;1;1
-46;-1;22;0;1
-46;-1;27;0;1
-46;-1;30;0;1
-46;-1;31;0;1
-46;-1;32;1;1
-46;-1;37;0;1
-46;-1;39;1;1
-46;-1;40;0;1
-46;-1;45;0;1
-46;-1;46;0;1
-46;-1;47;1;1
-46;-1;49;1;1
-46;-1;51;0;1
-46;-1;52;0;1
-46;0;13;0;1
-46;0;15;0;1
-46;0;16;1;1
-46;0;17;0;1
-46;0;20;1;1
-46;0;21;0;1
-46;0;23;1;1
-46;0;25;0;1
-46;0;26;0;1
-46;0;29;1;1
-46;0;34;0;1
-46;0;36;0;1
-46;0;37;0;1
-46;0;39;0;1
-46;0;45;0;1
-46;0;50;1;1
-46;0;51;0;1
-46;1;13;0;1
-46;1;16;0;1
-46;1;20;1;1
-46;1;23;0;1
-46;1;25;1;1
-46;1;26;1;1
-46;1;30;1;1
-46;1;34;0;1
-46;1;37;1;1
-46;1;40;0;1
-46;1;41;0;1
-46;1;42;0;1
-46;1;43;0;1
-46;1;44;1;1
-46;1;47;0;1
-46;1;48;0;1
-46;1;49;0;1
-46;1;51;0;1
-46;1;52;1;1
-46;1;53;0;1
-46;2;18;0;1
-46;2;19;0;1
-46;2;22;0;1
-46;2;23;0;1
-46;2;25;0;1
-46;2;27;0;1
-46;2;28;0;1
-46;2;29;0;1
-46;2;31;1;1
-46;2;32;0;1
-46;2;34;0;1
-46;2;35;0;1
-46;2;37;0;1
-46;2;39;0;1
-46;2;44;0;1
-46;2;45;0;1
-46;2;47;0;1
-46;2;51;0;1
-46;2;52;0;1
-46;3;13;0;1
-46;3;15;0;1
-46;3;18;0;1
-46;3;20;1;1
-46;3;22;1;1
-46;3;23;0;1
-46;3;27;1;1
-46;3;31;1;1
-46;3;32;1;1
-46;3;39;0;1
-46;3;40;1;1
-46;3;48;0;1
-46;3;51;1;1
-46;3;52;0;1
-46;3;53;0;1
-46;3;54;0;1
-46;4;13;1;1
-46;4;16;0;1
-46;4;19;0;1
-46;4;20;0;1
-46;4;21;1;1
-46;4;22;0;1
-46;4;23;0;1
-46;4;24;1;1
-46;4;27;0;1
-46;4;28;0;1
-46;4;32;0;1
-46;4;33;0;1
-46;4;35;0;1
-46;4;36;0;1
-46;4;49;0;1
-46;4;51;0;1
-46;5;16;0;1
-46;5;17;0;1
-46;5;19;1;1
-46;5;20;0;1
-46;5;22;0;1
-46;5;25;0;1
-46;5;26;0;1
-46;5;27;1;1
-46;5;30;0;1
-46;5;31;0;1
-46;5;34;1;1
-46;5;36;0;1
-46;5;39;1;1
-46;5;40;1;1
-46;5;42;1;1
-46;5;43;0;1
-46;5;45;0;1
-46;5;46;1;1
-46;5;49;0;1
-46;5;50;0;1
-46;5;51;0;1
-46;5;53;1;1
-46;6;13;0;1
-46;6;15;0;1
-46;6;17;0;1
-46;6;21;0;1
-46;6;22;0;1
-46;6;24;0;1
-46;6;25;0;1
-46;6;27;0;1
-46;6;28;0;1
-46;6;30;0;1
-46;6;32;0;1
-46;6;34;0;1
-46;6;35;0;1
-46;6;36;0;1
-46;6;37;0;1
-46;6;38;1;1
-46;6;39;0;1
-46;6;40;1;1
-46;6;41;0;1
-46;6;43;1;1
-46;6;45;0;1
-46;6;46;1;1
-46;6;51;0;1
-46;6;52;1;1
-46;6;53;1;1
-46;7;13;0;1
-46;7;23;1;1
-46;7;24;1;1
-46;7;26;0;1
-46;7;27;0;1
-46;7;28;0;1
-46;7;29;0;1
-46;7;31;1;1
-46;7;33;0;1
-46;7;34;0;1
-46;7;35;0;1
-46;7;36;0;1
-46;7;37;0;1
-46;7;40;1;1
-46;7;43;0;1
-46;7;51;1;1
-46;8;14;1;1
-46;8;18;0;1
-46;8;23;1;1
-46;8;24;0;1
-46;8;28;1;1
-46;8;30;0;1
-46;8;34;1;1
-46;8;36;0;1
-46;8;39;0;1
-46;8;44;0;1
-46;8;45;1;1
-46;8;47;1;1
-46;8;48;0;1
-46;8;49;0;1
-46;8;53;0;1
-46;9;13;1;1
-46;9;17;0;1
-46;9;19;0;1
-46;9;20;1;1
-46;9;22;0;1
-46;9;26;0;1
-46;9;27;1;1
-46;9;29;0;1
-46;9;35;0;1
-46;9;36;1;1
-46;9;37;0;1
-46;9;38;1;1
-46;9;39;0;1
-46;9;41;1;1
-46;9;43;0;1
-46;9;45;0;1
-46;9;47;0;1
-46;10;13;0;1
-46;10;15;0;1
-46;10;16;0;1
-46;10;18;0;1
-46;10;22;1;1
-46;10;23;1;1
-46;10;24;0;1
-46;10;26;0;1
-46;10;27;1;1
-46;10;28;0;1
-46;10;30;1;1
-46;10;40;0;1
-46;10;42;1;1
-46;10;43;0;1
-46;10;45;1;1
-46;10;46;0;1
-46;10;49;0;1
-46;10;50;0;1
-46;10;52;0;1
-46;11;13;1;1
-46;11;14;1;1
-46;11;20;0;1
-46;11;25;0;1
-46;11;28;1;1
-46;11;30;0;1
-46;11;37;0;1
-46;11;40;0;1
-46;11;41;0;1
-46;11;47;0;1
-46;11;49;1;1
-46;11;50;0;1
-46;12;14;0;1
-46;12;16;1;1
-46;12;21;1;1
-46;12;22;0;1
-46;12;25;0;1
-46;12;30;0;1
-46;12;32;1;1
-46;12;33;0;1
-46;12;36;1;1
-46;12;37;0;1
-46;12;38;0;1
-46;12;46;0;1
-46;12;47;0;1
-46;12;48;0;1
-46;13;14;1;1
-46;13;22;1;1
-46;13;24;1;1
-46;13;26;0;1
-46;13;30;0;1
-46;13;32;1;1
-46;13;37;0;1
-46;13;39;0;1
-46;13;40;1;1
-46;13;44;0;1
-46;13;52;1;1
-46;14;16;1;1
-46;14;17;1;1
-46;14;18;0;1
-46;14;21;0;1
-46;14;22;0;1
-46;14;24;0;1
-46;14;34;0;1
-46;14;40;0;1
-46;14;41;1;1
-46;14;44;0;1
-46;14;45;1;1
-46;14;51;1;1
-46;15;13;0;1
-46;15;14;1;1
-46;15;15;0;1
-46;15;18;0;1
-46;15;19;1;1
-46;15;20;1;1
-46;15;22;0;1
-46;15;25;1;1
-46;15;26;1;1
-46;15;29;0;1
-46;15;34;0;1
-46;15;35;1;1
-46;15;39;0;1
-46;15;43;0;1
-46;15;44;0;1
-46;15;45;0;1
-46;15;50;1;1
-46;15;51;0;1
-46;16;16;1;1
-46;16;20;0;1
-46;16;23;1;1
-46;16;26;0;1
-46;16;27;0;1
-46;16;28;0;1
-46;16;29;1;1
-46;16;30;0;1
-46;16;31;1;1
-46;16;32;0;1
-46;16;33;1;1
-46;16;34;0;1
-46;16;36;0;1
-46;16;37;0;1
-46;16;38;1;1
-46;16;40;0;1
-46;16;41;1;1
-46;16;43;0;1
-46;16;45;1;1
-46;16;49;1;1
-46;16;50;0;1
-46;17;14;0;1
-46;17;15;0;1
-46;17;16;0;1
-46;17;31;0;1
-46;17;32;0;1
-46;17;40;1;1
-46;17;41;0;1
-46;17;42;1;1
-46;17;43;1;1
-46;17;47;0;1
-46;18;14;0;1
-46;18;15;0;1
-46;18;16;0;1
-46;18;17;1;1
-46;18;18;0;1
-46;18;20;0;1
-46;18;23;0;1
-46;18;27;0;1
-46;18;28;0;1
-46;18;30;0;1
-46;18;31;1;1
-46;18;33;0;1
-46;18;35;1;1
-46;18;36;1;1
-46;18;42;1;1
-46;18;47;1;1
-46;18;48;1;1
-46;18;50;1;1
-46;18;51;0;1
-46;19;17;1;1
-46;19;20;0;1
-46;19;21;0;1
-46;19;23;0;1
-46;19;25;0;1
-46;19;27;0;1
-46;19;29;0;1
-46;19;39;0;1
-46;19;42;0;1
-46;19;43;0;1
-46;19;47;1;1
-46;20;17;0;1
-46;20;18;0;1
-46;20;24;0;1
-46;20;26;0;1
-46;20;28;1;1
-46;20;31;1;1
-46;20;35;0;1
-46;20;36;1;1
-46;20;42;0;1
-46;20;44;0;1
-46;20;45;1;1
-46;20;46;1;1
-46;20;47;0;1
-46;21;14;0;1
-46;21;19;0;1
-46;21;23;1;1
-46;21;25;0;1
-46;21;33;1;1
-46;21;37;1;1
-46;21;42;1;1
-46;21;43;1;1
-46;21;46;0;1
-46;22;17;1;1
-46;22;18;0;1
-46;22;20;0;1
-46;22;23;1;1
-46;22;24;1;1
-46;22;25;0;1
-46;22;27;0;1
-46;22;30;1;1
-46;22;31;0;1
-46;22;35;1;1
-46;22;37;0;1
-46;22;38;0;1
-46;22;40;0;1
-46;22;45;1;1
-46;22;49;0;1
-46;23;21;1;1
-46;23;22;0;1
-46;23;25;0;1
-46;23;26;0;1
-46;23;28;0;1
-46;23;29;1;1
-46;23;31;1;1
-46;23;33;0;1
-46;23;34;0;1
-46;23;37;0;1
-46;23;38;0;1
-46;23;39;1;1
-46;23;45;0;1
-46;23;46;1;1
-46;23;48;0;1
-46;24;15;0;1
-46;24;16;1;1
-46;24;18;1;1
-46;24;19;0;1
-46;24;21;0;1
-46;24;22;1;1
-46;24;23;1;1
-46;24;25;1;1
-46;24;26;1;1
-46;24;27;0;1
-46;24;32;0;1
-46;24;34;1;1
-46;24;35;0;1
-46;24;36;0;1
-46;24;41;0;1
-46;24;42;0;1
-46;24;43;0;1
-46;24;44;0;1
-46;24;46;1;1
-46;24;48;1;1
-46;25;15;1;1
-46;25;19;1;1
-46;25;22;1;1
-46;25;25;1;1
-46;25;31;1;1
-46;25;32;0;1
-46;25;34;0;1
-46;25;47;0;1
-46;25;48;1;1
-46;26;15;1;1
-46;26;16;0;1
-46;26;18;1;1
-46;26;19;0;1
-46;26;20;1;1
-46;26;22;0;1
-46;26;24;1;1
-46;26;28;0;1
-46;26;29;0;1
-46;26;33;0;1
-46;26;36;1;1
-46;26;37;0;1
-46;26;39;1;1
-46;26;41;0;1
-46;26;46;1;1
-46;26;47;1;1
-46;27;16;0;1
-46;27;19;0;1
-46;27;24;0;1
-46;27;27;0;1
-46;27;28;0;1
-46;27;32;1;1
-46;27;33;0;1
-46;27;35;0;1
-46;27;37;0;1
-46;27;39;1;1
-46;27;44;1;1
-46;27;46;0;1
-46;28;15;1;1
-46;28;16;0;1
-46;28;21;0;1
-46;28;22;1;1
-46;28;23;0;1
-46;28;27;1;1
-46;28;37;1;1
-46;28;38;1;1
-46;28;39;0;1
-46;28;40;1;1
-46;28;43;0;1
-46;28;45;1;1
-46;28;46;1;1
-46;29;15;0;1
-46;29;17;1;1
-46;29;23;0;1
-46;29;25;0;1
-46;29;26;1;1
-46;29;27;0;1
-46;29;28;1;1
-46;29;30;0;1
-46;29;31;0;1
-46;29;32;1;1
-46;29;33;0;1
-46;29;35;0;1
-46;29;38;0;1
-46;29;39;1;1
-46;29;41;0;1
-46;29;42;0;1
-46;29;44;0;1
-46;30;19;0;1
-46;30;23;0;1
-46;30;24;1;1
-46;30;26;0;1
-46;30;28;0;1
-46;30;29;0;1
-46;30;33;1;1
-46;30;36;0;1
-46;30;42;0;1
-46;30;44;0;1
-46;31;17;0;1
-46;31;19;1;1
-46;31;22;0;1
-46;31;24;0;1
-46;31;26;1;1
-46;31;28;0;1
-46;31;30;1;1
-46;31;33;0;1
-46;31;35;0;1
-46;31;37;0;1
-46;31;38;0;1
-46;31;40;1;1
-46;31;41;0;1
-46;31;43;0;1
-46;32;18;0;1
-46;32;21;0;1
-46;32;26;0;1
-46;32;28;0;1
-46;32;29;0;1
-46;32;30;0;1
-46;32;35;0;1
-46;32;36;0;1
-46;32;38;0;1
-46;32;39;1;1
-46;32;40;1;1
-46;32;42;0;1
-46;33;16;0;1
-46;33;18;0;1
-46;33;19;0;1
-46;33;20;1;1
-46;33;21;0;1
-46;33;23;1;1
-46;33;24;0;1
-46;33;25;0;1
-46;33;28;1;1
-46;33;34;1;1
-46;33;35;0;1
-46;33;36;0;1
-46;33;37;0;1
-46;33;38;1;1
-46;33;40;0;1
-46;34;16;0;1
-46;34;19;0;1
-46;34;20;0;1
-46;34;22;1;1
-46;34;23;0;1
-46;34;24;0;1
-46;34;28;0;1
-46;34;29;0;1
-46;34;30;0;1
-46;34;40;0;1
-46;34;41;0;1
-46;35;18;1;1
-46;35;20;1;1
-46;35;22;1;1
-46;35;23;0;1
-46;35;25;0;1
-46;35;26;0;1
-46;35;28;0;1
-46;35;29;1;1
-46;35;33;0;1
-46;35;34;0;1
-46;35;35;1;1
-46;35;37;1;1
-46;35;41;0;1
-46;36;16;0;1
-46;36;23;0;1
-46;36;24;0;1
-46;36;25;1;1
-46;36;26;0;1
-46;36;27;1;1
-46;36;28;1;1
-46;36;34;0;1
-46;36;36;0;1
-46;36;37;1;1
-46;36;40;0;1
-46;37;18;1;1
-46;37;20;0;1
-46;37;22;0;1
-46;37;23;0;1
-46;37;24;0;1
-46;37;26;0;1
-46;37;28;0;1
-46;37;32;0;1
-46;37;34;1;1
-46;37;36;1;1
-46;37;39;0;1
-46;38;18;0;1
-46;38;21;1;1
-46;38;22;0;1
-46;38;25;0;1
-46;38;30;0;1
-46;38;31;0;1
-46;38;33;0;1
-46;38;35;1;1
-46;38;37;0;1
-46;38;38;1;1
-46;39;21;0;1
-46;39;23;0;1
-46;39;25;1;1
-46;39;28;1;1
-46;39;29;0;1
-46;39;30;1;1
-46;39;31;1;1
-46;39;32;1;1
-46;39;33;0;1
-46;39;34;0;1
-46;40;18;1;1
-46;40;21;1;1
-46;40;25;1;1
-46;40;26;0;1
-46;40;29;1;1
-46;40;30;1;1
-46;40;36;0;1
-46;41;19;0;1
-46;41;21;1;1
-46;41;25;1;1
-46;41;27;0;1
-46;41;31;0;1
-46;41;34;0;1
-46;42;17;0;1
-46;42;18;1;1
-46;42;23;0;1
-46;42;24;1;1
-46;42;25;0;1
-46;42;28;1;1
-46;42;34;0;1
-46;43;17;1;1
-46;43;21;0;1
-46;43;27;0;1
-46;43;29;1;1
-46;43;30;0;1
-46;43;31;0;1
-46;43;32;0;1
-46;44;19;0;1
-46;44;22;0;1
-46;44;27;1;1
-46;44;28;1;1
-46;44;30;1;1
-46;44;31;0;1
-46;45;18;0;1
-46;45;21;0;1
-46;45;22;0;1
-46;45;25;0;1
-46;45;26;0;1
-46;45;28;0;1
-46;46;19;1;1
-46;46;21;1;1
-46;46;23;0;1
-46;46;24;0;1
-46;48;19;1;1
-46;48;21;1;1
-46;49;19;1;1
-46;50;19;0;1
-45;-51;19;0;1
-45;-51;20;1;1
-45;-49;21;0;1
-45;-49;22;0;1
-45;-48;18;1;1
-45;-48;19;0;1
-45;-48;20;0;1
-45;-48;22;0;1
-45;-48;25;0;1
-45;-47;19;0;1
-45;-47;20;0;1
-45;-47;24;1;1
-45;-46;20;0;1
-45;-46;27;1;1
-45;-46;30;0;1
-45;-45;18;1;1
-45;-45;23;1;1
-45;-45;25;0;1
-45;-45;26;0;1
-45;-45;29;1;1
-45;-45;31;0;1
-45;-44;17;0;1
-45;-44;21;0;1
-45;-44;27;0;1
-45;-43;17;0;1
-45;-43;19;0;1
-45;-43;20;0;1
-45;-43;22;0;1
-45;-43;23;0;1
-45;-43;25;1;1
-45;-43;26;0;1
-45;-43;27;1;1
-45;-43;34;0;1
-45;-42;17;1;1
-45;-42;28;0;1
-45;-42;29;0;1
-45;-42;30;1;1
-45;-41;17;1;1
-45;-41;29;1;1
-45;-41;33;1;1
-45;-41;34;0;1
-45;-41;35;0;1
-45;-41;36;1;1
-45;-40;17;1;1
-45;-40;21;0;1
-45;-40;24;0;1
-45;-40;27;0;1
-45;-40;28;0;1
-45;-40;32;0;1
-45;-40;34;1;1
-45;-40;36;1;1
-45;-39;16;0;1
-45;-39;18;1;1
-45;-39;19;1;1
-45;-39;26;0;1
-45;-39;27;0;1
-45;-39;30;0;1
-45;-39;33;0;1
-45;-39;34;0;1
-45;-39;36;0;1
-45;-38;17;1;1
-45;-38;21;0;1
-45;-38;25;1;1
-45;-38;26;0;1
-45;-38;27;0;1
-45;-38;29;1;1
-45;-38;30;1;1
-45;-38;34;0;1
-45;-38;38;0;1
-45;-38;39;0;1
-45;-37;26;0;1
-45;-37;28;0;1
-45;-37;34;1;1
-45;-37;37;1;1
-45;-37;38;0;1
-45;-37;39;0;1
-45;-37;40;0;1
-45;-36;16;0;1
-45;-36;18;0;1
-45;-36;19;1;1
-45;-36;20;0;1
-45;-36;21;0;1
-45;-36;23;1;1
-45;-36;26;0;1
-45;-36;29;0;1
-45;-36;31;0;1
-45;-36;32;0;1
-45;-36;34;1;1
-45;-36;36;1;1
-45;-36;39;0;1
-45;-36;40;0;1
-45;-35;17;0;1
-45;-35;21;0;1
-45;-35;22;0;1
-45;-35;26;0;1
-45;-35;30;1;1
-45;-35;31;0;1
-45;-35;34;1;1
-45;-35;36;0;1
-45;-35;37;0;1
-45;-35;38;0;1
-45;-34;16;1;1
-45;-34;18;0;1
-45;-34;20;1;1
-45;-34;21;0;1
-45;-34;24;0;1
-45;-34;26;1;1
-45;-34;30;1;1
-45;-34;33;0;1
-45;-34;34;0;1
-45;-34;37;0;1
-45;-34;39;0;1
-45;-34;42;0;1
-45;-34;43;1;1
-45;-33;16;1;1
-45;-33;17;0;1
-45;-33;19;1;1
-45;-33;20;0;1
-45;-33;24;0;1
-45;-33;25;1;1
-45;-33;26;1;1
-45;-33;28;1;1
-45;-33;33;1;1
-45;-33;38;0;1
-45;-33;39;0;1
-45;-33;42;0;1
-45;-33;43;0;1
-45;-32;16;1;1
-45;-32;26;0;1
-45;-32;27;0;1
-45;-32;31;0;1
-45;-32;32;0;1
-45;-32;34;0;1
-45;-32;35;0;1
-45;-32;36;0;1
-45;-32;41;1;1
-45;-32;42;0;1
-45;-32;43;1;1
-45;-31;16;0;1
-45;-31;17;0;1
-45;-31;18;0;1
-45;-31;21;1;1
-45;-31;25;0;1
-45;-31;28;0;1
-45;-31;29;0;1
-45;-31;33;0;1
-45;-31;35;1;1
-45;-31;36;1;1
-45;-31;39;1;1
-45;-31;41;0;1
-45;-31;43;1;1
-45;-31;45;0;1
-45;-30;16;0;1
-45;-30;21;1;1
-45;-30;23;1;1
-45;-30;25;1;1
-45;-30;27;0;1
-45;-30;28;0;1
-45;-30;29;0;1
-45;-30;31;0;1
-45;-30;34;0;1
-45;-30;40;1;1
-45;-30;43;0;1
-45;-30;45;0;1
-45;-29;17;0;1
-45;-29;20;1;1
-45;-29;23;1;1
-45;-29;30;0;1
-45;-29;32;0;1
-45;-29;35;0;1
-45;-29;36;1;1
-45;-29;39;1;1
-45;-29;41;0;1
-45;-29;42;1;1
-45;-29;43;0;1
-45;-29;44;0;1
-45;-29;46;0;1
-45;-28;15;0;1
-45;-28;17;0;1
-45;-28;18;0;1
-45;-28;20;0;1
-45;-28;24;1;1
-45;-28;34;0;1
-45;-28;37;0;1
-45;-28;40;1;1
-45;-28;42;0;1
-45;-28;43;0;1
-45;-28;44;0;1
-45;-28;46;0;1
-45;-27;17;0;1
-45;-27;20;0;1
-45;-27;21;0;1
-45;-27;22;1;1
-45;-27;23;0;1
-45;-27;25;0;1
-45;-27;27;0;1
-45;-27;29;0;1
-45;-27;31;1;1
-45;-27;34;0;1
-45;-27;36;1;1
-45;-27;39;1;1
-45;-27;41;0;1
-45;-27;42;0;1
-45;-27;45;1;1
-45;-26;15;0;1
-45;-26;16;1;1
-45;-26;17;1;1
-45;-26;19;0;1
-45;-26;21;0;1
-45;-26;25;1;1
-45;-26;27;1;1
-45;-26;28;0;1
-45;-26;29;1;1
-45;-26;30;0;1
-45;-26;31;0;1
-45;-26;33;0;1
-45;-26;35;1;1
-45;-26;37;1;1
-45;-26;43;1;1
-45;-26;44;0;1
-45;-26;45;1;1
-45;-26;46;0;1
-45;-25;14;0;1
-45;-25;18;1;1
-45;-25;21;0;1
-45;-25;22;0;1
-45;-25;23;1;1
-45;-25;24;0;1
-45;-25;26;0;1
-45;-25;28;0;1
-45;-25;37;0;1
-45;-25;38;0;1
-45;-25;40;0;1
-45;-25;44;0;1
-45;-25;45;0;1
-45;-25;47;0;1
-45;-25;48;1;1
-45;-24;21;0;1
-45;-24;22;1;1
-45;-24;24;0;1
-45;-24;26;1;1
-45;-24;29;1;1
-45;-24;30;0;1
-45;-24;34;0;1
-45;-24;37;0;1
-45;-24;38;1;1
-45;-24;41;0;1
-45;-24;42;0;1
-45;-24;46;0;1
-45;-24;47;1;1
-45;-24;48;0;1
-45;-23;14;0;1
-45;-23;15;0;1
-45;-23;17;0;1
-45;-23;19;1;1
-45;-23;22;0;1
-45;-23;28;1;1
-45;-23;29;0;1
-45;-23;31;1;1
-45;-23;33;0;1
-45;-23;36;1;1
-45;-23;38;0;1
-45;-23;41;0;1
-45;-23;43;1;1
-45;-23;46;1;1
-45;-23;48;1;1
-45;-22;15;0;1
-45;-22;18;1;1
-45;-22;19;1;1
-45;-22;21;1;1
-45;-22;22;1;1
-45;-22;23;0;1
-45;-22;28;0;1
-45;-22;29;1;1
-45;-22;30;0;1
-45;-22;34;1;1
-45;-22;35;0;1
-45;-22;36;1;1
-45;-22;40;0;1
-45;-22;48;0;1
-45;-21;14;1;1
-45;-21;18;0;1
-45;-21;23;1;1
-45;-21;24;0;1
-45;-21;28;0;1
-45;-21;32;0;1
-45;-21;33;0;1
-45;-21;39;0;1
-45;-21;40;0;1
-45;-21;42;0;1
-45;-21;47;0;1
-45;-21;49;0;1
-45;-20;19;0;1
-45;-20;22;1;1
-45;-20;23;0;1
-45;-20;24;0;1
-45;-20;26;1;1
-45;-20;29;0;1
-45;-20;30;1;1
-45;-20;34;0;1
-45;-20;37;1;1
-45;-20;38;1;1
-45;-20;43;0;1
-45;-20;44;0;1
-45;-20;48;0;1
-45;-20;51;0;1
-45;-19;15;1;1
-45;-19;17;1;1
-45;-19;18;1;1
-45;-19;21;0;1
-45;-19;28;1;1
-45;-19;29;1;1
-45;-19;32;0;1
-45;-19;33;0;1
-45;-19;36;0;1
-45;-19;37;0;1
-45;-19;41;0;1
-45;-19;45;0;1
-45;-19;48;1;1
-45;-19;49;1;1
-45;-18;14;0;1
-45;-18;17;1;1
-45;-18;18;0;1
-45;-18;20;0;1
-45;-18;22;1;1
-45;-18;25;0;1
-45;-18;26;0;1
-45;-18;33;1;1
-45;-18;34;0;1
-45;-18;36;0;1
-45;-18;37;0;1
-45;-18;40;0;1
-45;-18;45;1;1
-45;-18;47;1;1
-45;-18;48;0;1
-45;-17;19;1;1
-45;-17;21;0;1
-45;-17;22;1;1
-45;-17;23;0;1
-45;-17;24;0;1
-45;-17;25;0;1
-45;-17;26;0;1
-45;-17;28;1;1
-45;-17;29;0;1
-45;-17;34;1;1
-45;-17;38;0;1
-45;-17;39;1;1
-45;-17;40;0;1
-45;-17;41;0;1
-45;-17;44;0;1
-45;-17;45;0;1
-45;-17;46;0;1
-45;-17;52;1;1
-45;-16;13;0;1
-45;-16;14;0;1
-45;-16;15;0;1
-45;-16;16;1;1
-45;-16;19;1;1
-45;-16;21;0;1
-45;-16;24;0;1
-45;-16;26;1;1
-45;-16;27;0;1
-45;-16;29;0;1
-45;-16;30;1;1
-45;-16;32;1;1
-45;-16;33;1;1
-45;-16;35;0;1
-45;-16;40;0;1
-45;-16;42;0;1
-45;-16;43;0;1
-45;-16;45;0;1
-45;-16;47;0;1
-45;-16;50;1;1
-45;-16;52;1;1
-45;-15;14;0;1
-45;-15;16;1;1
-45;-15;17;0;1
-45;-15;19;1;1
-45;-15;20;0;1
-45;-15;25;1;1
-45;-15;29;1;1
-45;-15;33;0;1
-45;-15;34;0;1
-45;-15;36;1;1
-45;-15;42;0;1
-45;-15;43;0;1
-45;-15;46;0;1
-45;-15;49;1;1
-45;-15;51;1;1
-45;-15;52;1;1
-45;-14;16;1;1
-45;-14;17;0;1
-45;-14;20;0;1
-45;-14;25;0;1
-45;-14;28;1;1
-45;-14;31;1;1
-45;-14;33;1;1
-45;-14;37;0;1
-45;-14;45;1;1
-45;-14;46;0;1
-45;-14;47;1;1
-45;-14;48;0;1
-45;-14;49;1;1
-45;-13;13;0;1
-45;-13;17;0;1
-45;-13;22;1;1
-45;-13;26;1;1
-45;-13;28;1;1
-45;-13;31;1;1
-45;-13;32;1;1
-45;-13;33;0;1
-45;-13;34;0;1
-45;-13;37;0;1
-45;-13;38;0;1
-45;-13;40;0;1
-45;-13;44;0;1
-45;-13;45;0;1
-45;-13;50;0;1
-45;-13;51;0;1
-45;-13;52;0;1
-45;-13;53;1;1
-45;-12;13;1;1
-45;-12;14;0;1
-45;-12;15;0;1
-45;-12;17;0;1
-45;-12;19;1;1
-45;-12;23;1;1
-45;-12;25;0;1
-45;-12;26;0;1
-45;-12;28;0;1
-45;-12;33;0;1
-45;-12;34;0;1
-45;-12;37;0;1
-45;-12;39;0;1
-45;-12;43;1;1
-45;-12;46;0;1
-45;-12;47;0;1
-45;-12;52;0;1
-45;-12;53;1;1
-45;-11;14;0;1
-45;-11;16;0;1
-45;-11;17;0;1
-45;-11;21;0;1
-45;-11;23;0;1
-45;-11;27;0;1
-45;-11;28;1;1
-45;-11;29;1;1
-45;-11;35;1;1
-45;-11;39;0;1
-45;-11;41;0;1
-45;-11;44;0;1
-45;-11;47;1;1
-45;-11;51;0;1
-45;-10;14;0;1
-45;-10;16;0;1
-45;-10;22;1;1
-45;-10;25;1;1
-45;-10;28;0;1
-45;-10;34;0;1
-45;-10;38;0;1
-45;-10;39;1;1
-45;-10;50;0;1
-45;-10;52;1;1
-45;-10;54;0;1
-45;-9;14;0;1
-45;-9;16;1;1
-45;-9;18;0;1
-45;-9;20;0;1
-45;-9;21;0;1
-45;-9;22;1;1
-45;-9;23;1;1
-45;-9;24;0;1
-45;-9;28;1;1
-45;-9;31;0;1
-45;-9;33;0;1
-45;-9;37;0;1
-45;-9;39;0;1
-45;-9;40;0;1
-45;-9;45;1;1
-45;-9;48;0;1
-45;-9;49;0;1
-45;-8;15;1;1
-45;-8;16;1;1
-45;-8;17;0;1
-45;-8;19;1;1
-45;-8;23;1;1
-45;-8;24;0;1
-45;-8;28;0;1
-45;-8;30;0;1
-45;-8;33;0;1
-45;-8;34;1;1
-45;-8;35;0;1
-45;-8;36;1;1
-45;-8;41;1;1
-45;-8;44;0;1
-45;-8;45;0;1
-45;-8;46;0;1
-45;-8;47;1;1
-45;-8;48;0;1
-45;-8;49;1;1
-45;-8;50;1;1
-45;-8;52;0;1
-45;-7;13;1;1
-45;-7;14;0;1
-45;-7;15;1;1
-45;-7;16;0;1
-45;-7;17;1;1
-45;-7;20;1;1
-45;-7;21;0;1
-45;-7;22;1;1
-45;-7;23;1;1
-45;-7;25;0;1
-45;-7;26;1;1
-45;-7;27;0;1
-45;-7;29;0;1
-45;-7;31;0;1
-45;-7;32;1;1
-45;-7;37;1;1
-45;-7;42;1;1
-45;-7;43;0;1
-45;-7;44;0;1
-45;-7;49;1;1
-45;-7;52;0;1
-45;-7;53;0;1
-45;-6;13;0;1
-45;-6;15;1;1
-45;-6;17;0;1
-45;-6;18;1;1
-45;-6;19;1;1
-45;-6;25;0;1
-45;-6;28;0;1
-45;-6;31;0;1
-45;-6;32;0;1
-45;-6;34;0;1
-45;-6;36;0;1
-45;-6;39;1;1
-45;-6;41;0;1
-45;-6;42;0;1
-45;-6;44;1;1
-45;-6;45;0;1
-45;-6;46;0;1
-45;-6;48;1;1
-45;-6;49;0;1
-45;-5;14;0;1
-45;-5;16;1;1
-45;-5;17;0;1
-45;-5;19;1;1
-45;-5;20;0;1
-45;-5;29;1;1
-45;-5;31;0;1
-45;-5;33;0;1
-45;-5;41;1;1
-45;-5;42;0;1
-45;-5;45;0;1
-45;-5;46;0;1
-45;-5;48;0;1
-45;-5;49;0;1
-45;-4;17;1;1
-45;-4;19;0;1
-45;-4;23;1;1
-45;-4;28;1;1
-45;-4;29;0;1
-45;-4;30;0;1
-45;-4;31;0;1
-45;-4;33;0;1
-45;-4;34;0;1
-45;-4;36;0;1
-45;-4;37;1;1
-45;-4;38;0;1
-45;-4;39;1;1
-45;-4;40;0;1
-45;-4;41;1;1
-45;-4;42;0;1
-45;-4;44;1;1
-45;-4;45;0;1
-45;-4;49;0;1
-45;-4;51;0;1
-45;-4;52;0;1
-45;-4;53;1;1
-45;-4;54;0;1
-45;-3;13;1;1
-45;-3;15;1;1
-45;-3;17;0;1
-45;-3;18;1;1
-45;-3;19;1;1
-45;-3;24;0;1
-45;-3;32;1;1
-45;-3;33;1;1
-45;-3;34;0;1
-45;-3;35;0;1
-45;-3;36;1;1
-45;-3;37;0;1
-45;-3;38;0;1
-45;-3;40;0;1
-45;-3;42;0;1
-45;-3;43;0;1
-45;-3;46;1;1
-45;-3;47;0;1
-45;-3;52;1;1
-45;-2;13;0;1
-45;-2;14;0;1
-45;-2;17;0;1
-45;-2;18;0;1
-45;-2;22;0;1
-45;-2;23;0;1
-45;-2;30;1;1
-45;-2;31;1;1
-45;-2;33;1;1
-45;-2;34;0;1
-45;-2;39;1;1
-45;-2;41;1;1
-45;-2;43;0;1
-45;-2;44;0;1
-45;-2;54;0;1
-45;-1;22;0;1
-45;-1;23;1;1
-45;-1;25;0;1
-45;-1;28;0;1
-45;-1;31;0;1
-45;-1;33;0;1
-45;-1;34;0;1
-45;-1;35;1;1
-45;-1;37;0;1
-45;-1;40;1;1
-45;-1;42;0;1
-45;-1;43;1;1
-45;-1;45;1;1
-45;-1;46;0;1
-45;-1;48;0;1
-45;-1;51;0;1
-45;-1;52;1;1
-45;-1;54;0;1
-45;0;13;0;1
-45;0;16;1;1
-45;0;17;1;1
-45;0;20;0;1
-45;0;22;0;1
-45;0;25;0;1
-45;0;34;0;1
-45;0;37;1;1
-45;0;39;0;1
-45;0;40;1;1
-45;0;42;1;1
-45;0;45;0;1
-45;0;46;0;1
-45;0;50;1;1
-45;0;51;0;1
-45;0;52;0;1
-45;1;13;1;1
-45;1;15;0;1
-45;1;19;1;1
-45;1;25;1;1
-45;1;26;0;1
-45;1;28;0;1
-45;1;35;0;1
-45;1;36;0;1
-45;1;38;0;1
-45;1;39;0;1
-45;1;40;0;1
-45;1;41;0;1
-45;1;42;0;1
-45;1;47;0;1
-45;1;48;0;1
-45;2;13;0;1
-45;2;25;1;1
-45;2;27;1;1
-45;2;28;0;1
-45;2;29;1;1
-45;2;32;0;1
-45;2;34;0;1
-45;2;36;1;1
-45;2;37;1;1
-45;2;38;0;1
-45;2;39;1;1
-45;2;42;0;1
-45;2;43;0;1
-45;2;50;0;1
-45;2;53;0;1
-45;3;20;0;1
-45;3;21;1;1
-45;3;23;0;1
-45;3;25;0;1
-45;3;28;1;1
-45;3;29;1;1
-45;3;31;0;1
-45;3;32;1;1
-45;3;37;0;1
-45;3;38;0;1
-45;3;39;0;1
-45;3;40;1;1
-45;3;41;0;1
-45;3;43;1;1
-45;3;45;0;1
-45;3;46;1;1
-45;3;47;0;1
-45;3;48;1;1
-45;3;49;0;1
-45;3;52;1;1
-45;3;53;1;1
-45;4;13;0;1
-45;4;17;0;1
-45;4;19;0;1
-45;4;20;1;1
-45;4;22;0;1
-45;4;23;0;1
-45;4;26;0;1
-45;4;30;0;1
-45;4;35;0;1
-45;4;40;1;1
-45;4;44;0;1
-45;4;45;0;1
-45;4;46;0;1
-45;4;51;1;1
-45;4;52;0;1
-45;4;53;0;1
-45;5;14;0;1
-45;5;18;1;1
-45;5;20;0;1
-45;5;23;0;1
-45;5;24;1;1
-45;5;25;0;1
-45;5;28;0;1
-45;5;30;0;1
-45;5;31;0;1
-45;5;33;0;1
-45;5;35;0;1
-45;5;38;0;1
-45;5;40;0;1
-45;5;41;1;1
-45;5;44;0;1
-45;5;48;1;1
-45;5;49;0;1
-45;5;50;1;1
-45;5;52;0;1
-45;6;17;1;1
-45;6;19;1;1
-45;6;21;1;1
-45;6;25;0;1
-45;6;26;1;1
-45;6;29;0;1
-45;6;31;1;1
-45;6;33;0;1
-45;6;35;0;1
-45;6;37;0;1
-45;6;43;0;1
-45;6;49;0;1
-45;6;50;1;1
-45;6;53;0;1
-45;6;54;0;1
-45;7;13;1;1
-45;7;17;0;1
-45;7;18;1;1
-45;7;21;0;1
-45;7;25;0;1
-45;7;26;1;1
-45;7;28;1;1
-45;7;30;1;1
-45;7;32;0;1
-45;7;33;1;1
-45;7;35;1;1
-45;7;36;0;1
-45;7;39;1;1
-45;7;40;1;1
-45;7;41;1;1
-45;7;42;0;1
-45;7;43;0;1
-45;7;44;1;1
-45;7;48;0;1
-45;7;51;1;1
-45;8;13;0;1
-45;8;19;1;1
-45;8;20;0;1
-45;8;21;1;1
-45;8;23;1;1
-45;8;26;1;1
-45;8;27;0;1
-45;8;33;0;1
-45;8;37;1;1
-45;8;40;0;1
-45;8;41;1;1
-45;8;47;0;1
-45;8;48;0;1
-45;8;50;1;1
-45;8;53;0;1
-45;9;21;0;1
-45;9;23;1;1
-45;9;25;0;1
-45;9;27;0;1
-45;9;28;0;1
-45;9;29;0;1
-45;9;34;0;1
-45;9;37;1;1
-45;9;43;0;1
-45;9;44;0;1
-45;9;45;0;1
-45;9;46;0;1
-45;9;48;0;1
-45;9;51;0;1
-45;10;18;1;1
-45;10;19;0;1
-45;10;21;0;1
-45;10;22;0;1
-45;10;23;0;1
-45;10;24;0;1
-45;10;26;0;1
-45;10;27;1;1
-45;10;32;1;1
-45;10;37;1;1
-45;10;40;0;1
-45;10;41;0;1
-45;10;43;1;1
-45;10;45;0;1
-45;10;46;1;1
-45;10;47;1;1
-45;10;54;1;1
-45;11;15;1;1
-45;11;16;1;1
-45;11;17;0;1
-45;11;24;1;1
-45;11;25;0;1
-45;11;33;1;1
-45;11;35;0;1
-45;11;37;1;1
-45;11;42;0;1
-45;11;49;1;1
-45;11;50;0;1
-45;11;51;0;1
-45;11;52;0;1
-45;12;14;0;1
-45;12;18;0;1
-45;12;19;0;1
-45;12;21;1;1
-45;12;23;0;1
-45;12;24;0;1
-45;12;28;1;1
-45;12;29;0;1
-45;12;33;1;1
-45;12;35;0;1
-45;12;37;1;1
-45;12;41;0;1
-45;12;42;1;1
-45;12;43;1;1
-45;13;14;0;1
-45;13;16;1;1
-45;13;20;0;1
-45;13;24;1;1
-45;13;27;0;1
-45;13;29;0;1
-45;13;31;0;1
-45;13;33;0;1
-45;13;36;1;1
-45;13;37;0;1
-45;13;40;0;1
-45;13;43;0;1
-45;13;44;1;1
-45;13;51;0;1
-45;13;52;1;1
-45;14;14;1;1
-45;14;17;0;1
-45;14;22;0;1
-45;14;23;0;1
-45;14;28;0;1
-45;14;31;1;1
-45;14;33;0;1
-45;14;35;1;1
-45;14;36;0;1
-45;14;37;0;1
-45;14;39;1;1
-45;14;43;0;1
-45;14;44;1;1
-45;14;45;0;1
-45;14;49;0;1
-45;14;53;0;1
-45;15;13;1;1
-45;15;14;1;1
-45;15;15;0;1
-45;15;16;0;1
-45;15;21;0;1
-45;15;26;1;1
-45;15;27;1;1
-45;15;28;0;1
-45;15;30;0;1
-45;15;34;0;1
-45;15;36;1;1
-45;15;37;0;1
-45;15;38;1;1
-45;15;41;1;1
-45;15;44;1;1
-45;15;48;0;1
-45;15;49;0;1
-45;15;51;1;1
-45;16;15;1;1
-45;16;17;0;1
-45;16;20;1;1
-45;16;22;0;1
-45;16;29;0;1
-45;16;30;0;1
-45;16;31;1;1
-45;16;34;0;1
-45;16;36;0;1
-45;16;37;1;1
-45;16;38;0;1
-45;16;42;0;1
-45;16;47;0;1
-45;16;50;1;1
-45;16;51;0;1
-45;17;13;1;1
-45;17;14;0;1
-45;17;16;0;1
-45;17;17;0;1
-45;17;18;1;1
-45;17;20;1;1
-45;17;21;1;1
-45;17;26;1;1
-45;17;32;0;1
-45;17;33;1;1
-45;17;34;1;1
-45;17;35;0;1
-45;17;37;0;1
-45;17;41;0;1
-45;17;43;0;1
-45;17;46;1;1
-45;17;48;0;1
-45;17;49;0;1
-45;17;50;0;1
-45;17;52;1;1
-45;18;17;0;1
-45;18;23;0;1
-45;18;26;1;1
-45;18;31;1;1
-45;18;32;0;1
-45;18;34;0;1
-45;18;36;1;1
-45;18;38;1;1
-45;18;39;0;1
-45;19;16;1;1
-45;19;19;1;1
-45;19;26;1;1
-45;19;27;0;1
-45;19;33;0;1
-45;19;34;0;1
-45;19;38;1;1
-45;19;40;0;1
-45;19;42;0;1
-45;19;44;1;1
-45;19;48;0;1
-45;19;51;0;1
-45;20;16;0;1
-45;20;19;0;1
-45;20;20;0;1
-45;20;21;1;1
-45;20;24;1;1
-45;20;26;1;1
-45;20;28;0;1
-45;20;30;1;1
-45;20;31;0;1
-45;20;32;0;1
-45;20;33;0;1
-45;20;34;0;1
-45;20;37;1;1
-45;20;38;0;1
-45;20;40;0;1
-45;20;43;1;1
-45;20;48;0;1
-45;20;51;0;1
-45;21;14;0;1
-45;21;17;0;1
-45;21;21;0;1
-45;21;26;1;1
-45;21;31;0;1
-45;21;35;0;1
-45;21;38;0;1
-45;21;41;1;1
-45;21;42;1;1
-45;21;46;1;1
-45;21;47;0;1
-45;21;48;0;1
-45;22;17;1;1
-45;22;21;0;1
-45;22;22;0;1
-45;22;24;1;1
-45;22;27;1;1
-45;22;29;0;1
-45;22;31;1;1
-45;22;34;1;1
-45;22;35;0;1
-45;22;36;0;1
-45;22;37;1;1
-45;22;39;0;1
-45;22;44;0;1
-45;22;46;0;1
-45;22;47;0;1
-45;22;49;0;1
-45;23;18;1;1
-45;23;28;1;1
-45;23;38;0;1
-45;23;41;0;1
-45;23;44;1;1
-45;23;47;0;1
-45;24;15;0;1
-45;24;16;1;1
-45;24;17;0;1
-45;24;22;1;1
-45;24;23;0;1
-45;24;29;0;1
-45;24;30;1;1
-45;24;32;1;1
-45;24;35;0;1
-45;24;37;1;1
-45;24;38;1;1
-45;24;41;0;1
-45;24;42;1;1
-45;24;43;1;1
-45;24;49;1;1
-45;25;14;0;1
-45;25;19;0;1
-45;25;22;1;1
-45;25;24;1;1
-45;25;25;0;1
-45;25;30;1;1
-45;25;31;1;1
-45;25;33;1;1
-45;25;37;1;1
-45;25;45;1;1
-45;25;48;0;1
-45;26;17;0;1
-45;26;18;1;1
-45;26;19;1;1
-45;26;21;0;1
-45;26;22;1;1
-45;26;28;0;1
-45;26;32;0;1
-45;26;40;0;1
-45;26;41;0;1
-45;26;42;1;1
-45;26;44;1;1
-45;26;45;0;1
-45;26;46;1;1
-45;26;47;0;1
-45;27;16;1;1
-45;27;17;1;1
-45;27;20;0;1
-45;27;22;1;1
-45;27;24;0;1
-45;27;25;0;1
-45;27;26;0;1
-45;27;30;1;1
-45;27;31;0;1
-45;27;34;1;1
-45;27;36;0;1
-45;27;43;0;1
-45;27;44;0;1
-45;28;15;1;1
-45;28;16;0;1
-45;28;19;1;1
-45;28;22;0;1
-45;28;23;0;1
-45;28;24;0;1
-45;28;27;1;1
-45;28;30;0;1
-45;28;39;0;1
-45;28;40;1;1
-45;28;41;1;1
-45;28;43;0;1
-45;28;45;0;1
-45;29;17;0;1
-45;29;20;0;1
-45;29;27;0;1
-45;29;29;0;1
-45;29;30;0;1
-45;29;31;1;1
-45;29;33;0;1
-45;29;36;0;1
-45;29;41;0;1
-45;29;45;1;1
-45;30;16;1;1
-45;30;18;1;1
-45;30;19;1;1
-45;30;24;1;1
-45;30;25;1;1
-45;30;32;1;1
-45;30;39;0;1
-45;30;43;0;1
-45;31;15;0;1
-45;31;18;0;1
-45;31;20;1;1
-45;31;21;0;1
-45;31;23;1;1
-45;31;26;0;1
-45;31;28;0;1
-45;31;30;0;1
-45;31;31;0;1
-45;31;33;0;1
-45;31;34;0;1
-45;31;35;0;1
-45;31;36;0;1
-45;31;40;0;1
-45;31;41;0;1
-45;31;42;1;1
-45;32;16;1;1
-45;32;17;0;1
-45;32;18;1;1
-45;32;21;0;1
-45;32;23;0;1
-45;32;24;0;1
-45;32;27;0;1
-45;32;30;0;1
-45;32;31;0;1
-45;32;34;0;1
-45;32;35;0;1
-45;32;38;0;1
-45;32;41;0;1
-45;32;42;0;1
-45;33;15;1;1
-45;33;16;1;1
-45;33;18;1;1
-45;33;20;1;1
-45;33;24;1;1
-45;33;25;1;1
-45;33;28;1;1
-45;33;29;1;1
-45;33;30;1;1
-45;33;32;0;1
-45;33;38;0;1
-45;33;39;0;1
-45;33;41;1;1
-45;33;42;0;1
-45;34;16;0;1
-45;34;19;0;1
-45;34;20;1;1
-45;34;21;0;1
-45;34;23;1;1
-45;34;24;0;1
-45;34;25;0;1
-45;34;26;0;1
-45;34;27;1;1
-45;34;28;0;1
-45;34;31;0;1
-45;34;35;1;1
-45;34;36;1;1
-45;34;39;0;1
-45;34;40;0;1
-45;34;41;0;1
-45;35;16;0;1
-45;35;19;1;1
-45;35;21;0;1
-45;35;27;0;1
-45;35;28;0;1
-45;35;30;1;1
-45;35;31;0;1
-45;35;32;0;1
-45;35;38;1;1
-45;35;40;1;1
-45;35;41;0;1
-45;35;42;0;1
-45;36;16;1;1
-45;36;18;0;1
-45;36;20;0;1
-45;36;21;0;1
-45;36;22;0;1
-45;36;28;0;1
-45;36;29;1;1
-45;36;30;0;1
-45;36;37;1;1
-45;36;41;1;1
-45;37;16;1;1
-45;37;18;0;1
-45;37;19;0;1
-45;37;21;0;1
-45;37;22;0;1
-45;37;25;1;1
-45;37;29;0;1
-45;37;32;0;1
-45;38;16;1;1
-45;38;20;1;1
-45;38;26;0;1
-45;38;27;0;1
-45;38;31;1;1
-45;38;32;0;1
-45;38;34;0;1
-45;39;18;1;1
-45;39;23;1;1
-45;39;24;0;1
-45;39;25;1;1
-45;39;26;0;1
-45;39;27;0;1
-45;39;29;0;1
-45;39;35;1;1
-45;39;38;0;1
-45;40;19;1;1
-45;40;20;0;1
-45;40;23;1;1
-45;40;25;1;1
-45;40;26;0;1
-45;40;27;0;1
-45;40;28;0;1
-45;40;29;0;1
-45;40;30;1;1
-45;40;31;0;1
-45;40;35;0;1
-45;41;18;1;1
-45;41;20;0;1
-45;41;21;0;1
-45;41;26;1;1
-45;41;28;0;1
-45;41;29;0;1
-45;41;31;0;1
-45;41;32;1;1
-45;42;17;1;1
-45;42;18;1;1
-45;42;22;0;1
-45;42;27;1;1
-45;42;28;1;1
-45;42;29;0;1
-45;42;34;0;1
-45;42;35;0;1
-45;43;25;0;1
-45;43;27;0;1
-45;43;28;1;1
-45;43;31;1;1
-45;44;18;0;1
-45;44;25;1;1
-45;45;19;0;1
-45;45;25;0;1
-45;45;30;0;1
-45;46;19;1;1
-45;46;21;0;1
-45;46;28;1;1
-45;46;29;0;1
-45;47;18;0;1
-45;47;21;0;1
-45;47;23;1;1
-45;47;24;1;1
-45;47;25;0;1
-45;47;26;0;1
-45;47;28;1;1
-45;48;18;0;1
-45;48;21;1;1
-45;48;22;0;1
-45;48;24;0;1
-45;49;18;0;1
-45;49;21;0;1
-45;50;21;0;1
-45;50;22;0;1
-44;-50;21;0;1
-44;-50;23;1;1
-44;-50;24;1;1
-44;-49;19;0;1
-44;-49;23;0;1
-44;-48;22;1;1
-44;-48;24;1;1
-44;-48;27;0;1
-44;-47;18;1;1
-44;-47;19;0;1
-44;-47;23;0;1
-44;-47;29;0;1
-44;-46;18;0;1
-44;-46;19;1;1
-44;-46;20;0;1
-44;-46;26;1;1
-44;-46;27;0;1
-44;-46;28;0;1
-44;-46;29;1;1
-44;-46;31;0;1
-44;-45;17;0;1
-44;-45;18;0;1
-44;-45;20;1;1
-44;-45;23;1;1
-44;-45;25;0;1
-44;-45;26;1;1
-44;-45;28;0;1
-44;-45;29;1;1
-44;-45;30;0;1
-44;-44;17;1;1
-44;-44;20;0;1
-44;-44;21;0;1
-44;-44;22;1;1
-44;-44;23;0;1
-44;-44;25;0;1
-44;-44;32;1;1
-44;-43;17;1;1
-44;-43;22;1;1
-44;-43;24;0;1
-44;-43;26;1;1
-44;-43;27;1;1
-44;-43;29;0;1
-44;-43;32;0;1
-44;-43;33;0;1
-44;-43;34;0;1
-44;-43;35;1;1
-44;-42;21;0;1
-44;-42;24;1;1
-44;-42;25;1;1
-44;-42;29;1;1
-44;-42;33;0;1
-44;-42;35;0;1
-44;-42;36;0;1
-44;-41;18;1;1
-44;-41;19;0;1
-44;-41;23;1;1
-44;-41;24;0;1
-44;-41;26;1;1
-44;-41;34;0;1
-44;-41;36;0;1
-44;-40;22;0;1
-44;-40;26;0;1
-44;-40;27;1;1
-44;-40;31;1;1
-44;-40;32;0;1
-44;-40;34;0;1
-44;-39;17;1;1
-44;-39;23;0;1
-44;-39;27;1;1
-44;-39;28;1;1
-44;-39;29;0;1
-44;-39;30;0;1
-44;-39;34;0;1
-44;-39;35;1;1
-44;-39;36;1;1
-44;-39;39;0;1
-44;-38;17;0;1
-44;-38;20;1;1
-44;-38;21;0;1
-44;-38;22;0;1
-44;-38;24;0;1
-44;-38;25;0;1
-44;-38;29;0;1
-44;-38;30;1;1
-44;-38;31;0;1
-44;-38;34;0;1
-44;-38;40;0;1
-44;-37;20;1;1
-44;-37;22;0;1
-44;-37;26;1;1
-44;-37;29;0;1
-44;-37;32;0;1
-44;-37;33;0;1
-44;-37;36;1;1
-44;-37;41;1;1
-44;-36;16;1;1
-44;-36;17;1;1
-44;-36;21;1;1
-44;-36;25;1;1
-44;-36;26;0;1
-44;-36;27;0;1
-44;-36;28;1;1
-44;-36;29;1;1
-44;-36;30;1;1
-44;-36;31;0;1
-44;-36;32;0;1
-44;-36;34;1;1
-44;-36;37;1;1
-44;-36;38;1;1
-44;-36;41;1;1
-44;-36;42;0;1
-44;-35;16;0;1
-44;-35;18;0;1
-44;-35;21;1;1
-44;-35;24;1;1
-44;-35;25;1;1
-44;-35;26;1;1
-44;-35;27;1;1
-44;-35;28;0;1
-44;-35;30;1;1
-44;-35;32;0;1
-44;-35;33;0;1
-44;-35;34;0;1
-44;-34;19;0;1
-44;-34;20;1;1
-44;-34;26;0;1
-44;-34;27;0;1
-44;-34;30;0;1
-44;-34;33;0;1
-44;-34;34;0;1
-44;-34;36;0;1
-44;-34;39;0;1
-44;-33;17;0;1
-44;-33;20;1;1
-44;-33;22;0;1
-44;-33;24;0;1
-44;-33;25;1;1
-44;-33;26;0;1
-44;-33;29;1;1
-44;-33;30;0;1
-44;-33;31;0;1
-44;-33;34;1;1
-44;-33;38;0;1
-44;-33;39;0;1
-44;-33;41;0;1
-44;-33;44;0;1
-44;-32;18;0;1
-44;-32;20;1;1
-44;-32;25;0;1
-44;-32;29;0;1
-44;-32;35;1;1
-44;-32;36;0;1
-44;-32;38;0;1
-44;-32;40;1;1
-44;-32;43;0;1
-44;-31;15;1;1
-44;-31;19;0;1
-44;-31;20;0;1
-44;-31;22;0;1
-44;-31;25;0;1
-44;-31;34;0;1
-44;-31;37;0;1
-44;-31;44;1;1
-44;-30;16;0;1
-44;-30;17;1;1
-44;-30;21;1;1
-44;-30;27;0;1
-44;-30;32;0;1
-44;-30;33;1;1
-44;-30;34;0;1
-44;-30;37;1;1
-44;-30;39;1;1
-44;-30;42;0;1
-44;-30;44;0;1
-44;-30;45;1;1
-44;-30;46;0;1
-44;-30;47;1;1
-44;-29;16;0;1
-44;-29;19;0;1
-44;-29;22;0;1
-44;-29;23;0;1
-44;-29;24;0;1
-44;-29;25;1;1
-44;-29;29;1;1
-44;-29;41;1;1
-44;-29;45;1;1
-44;-29;47;1;1
-44;-28;15;0;1
-44;-28;19;1;1
-44;-28;20;1;1
-44;-28;23;0;1
-44;-28;26;0;1
-44;-28;32;0;1
-44;-28;33;1;1
-44;-28;39;1;1
-44;-28;40;0;1
-44;-28;43;1;1
-44;-28;44;1;1
-44;-27;14;1;1
-44;-27;23;0;1
-44;-27;24;0;1
-44;-27;25;0;1
-44;-27;27;1;1
-44;-27;29;1;1
-44;-27;31;0;1
-44;-27;38;1;1
-44;-27;39;0;1
-44;-27;40;0;1
-44;-27;41;0;1
-44;-27;43;0;1
-44;-27;46;0;1
-44;-26;14;0;1
-44;-26;19;1;1
-44;-26;23;1;1
-44;-26;25;0;1
-44;-26;32;1;1
-44;-26;34;1;1
-44;-26;35;0;1
-44;-26;36;0;1
-44;-26;38;0;1
-44;-26;41;1;1
-44;-26;47;0;1
-44;-25;15;1;1
-44;-25;16;0;1
-44;-25;17;1;1
-44;-25;18;0;1
-44;-25;19;0;1
-44;-25;20;0;1
-44;-25;21;1;1
-44;-25;22;1;1
-44;-25;23;0;1
-44;-25;30;0;1
-44;-25;33;0;1
-44;-25;34;1;1
-44;-25;35;0;1
-44;-25;36;1;1
-44;-25;40;0;1
-44;-25;44;0;1
-44;-25;45;1;1
-44;-24;15;1;1
-44;-24;17;0;1
-44;-24;24;0;1
-44;-24;26;0;1
-44;-24;27;1;1
-44;-24;28;0;1
-44;-24;31;1;1
-44;-24;33;1;1
-44;-24;36;1;1
-44;-24;37;0;1
-44;-24;38;0;1
-44;-24;39;0;1
-44;-24;41;0;1
-44;-24;46;1;1
-44;-24;48;0;1
-44;-24;49;1;1
-44;-23;15;0;1
-44;-23;16;1;1
-44;-23;17;1;1
-44;-23;18;0;1
-44;-23;20;0;1
-44;-23;21;0;1
-44;-23;22;1;1
-44;-23;23;0;1
-44;-23;27;0;1
-44;-23;33;0;1
-44;-23;42;0;1
-44;-23;49;1;1
-44;-22;18;0;1
-44;-22;20;1;1
-44;-22;21;1;1
-44;-22;23;0;1
-44;-22;24;1;1
-44;-22;25;1;1
-44;-22;26;0;1
-44;-22;28;0;1
-44;-22;36;0;1
-44;-22;41;1;1
-44;-22;47;0;1
-44;-22;48;1;1
-44;-22;51;1;1
-44;-21;14;0;1
-44;-21;15;1;1
-44;-21;18;0;1
-44;-21;20;1;1
-44;-21;22;1;1
-44;-21;24;0;1
-44;-21;27;0;1
-44;-21;28;0;1
-44;-21;31;1;1
-44;-21;33;1;1
-44;-21;39;0;1
-44;-21;42;0;1
-44;-21;44;0;1
-44;-21;50;0;1
-44;-20;13;0;1
-44;-20;14;0;1
-44;-20;15;0;1
-44;-20;20;0;1
-44;-20;24;0;1
-44;-20;26;1;1
-44;-20;29;0;1
-44;-20;33;0;1
-44;-20;36;0;1
-44;-20;37;1;1
-44;-20;38;0;1
-44;-20;39;0;1
-44;-20;40;0;1
-44;-20;43;1;1
-44;-20;45;1;1
-44;-20;51;0;1
-44;-19;16;0;1
-44;-19;17;0;1
-44;-19;18;1;1
-44;-19;21;0;1
-44;-19;27;1;1
-44;-19;28;0;1
-44;-19;30;0;1
-44;-19;33;0;1
-44;-19;35;0;1
-44;-19;36;1;1
-44;-19;39;0;1
-44;-19;45;0;1
-44;-19;46;1;1
-44;-19;48;1;1
-44;-19;51;0;1
-44;-19;52;1;1
-44;-18;13;0;1
-44;-18;14;1;1
-44;-18;15;1;1
-44;-18;16;0;1
-44;-18;17;0;1
-44;-18;18;1;1
-44;-18;20;1;1
-44;-18;23;0;1
-44;-18;25;1;1
-44;-18;26;1;1
-44;-18;33;0;1
-44;-18;35;0;1
-44;-18;40;1;1
-44;-18;41;0;1
-44;-18;42;0;1
-44;-18;43;1;1
-44;-18;44;0;1
-44;-18;45;0;1
-44;-18;50;1;1
-44;-18;51;0;1
-44;-17;15;0;1
-44;-17;18;1;1
-44;-17;20;0;1
-44;-17;22;0;1
-44;-17;23;0;1
-44;-17;24;0;1
-44;-17;25;0;1
-44;-17;26;0;1
-44;-17;29;0;1
-44;-17;32;0;1
-44;-17;33;1;1
-44;-17;34;1;1
-44;-17;35;0;1
-44;-17;40;1;1
-44;-17;41;0;1
-44;-17;45;1;1
-44;-17;47;0;1
-44;-17;52;0;1
-44;-17;53;0;1
-44;-16;15;0;1
-44;-16;16;0;1
-44;-16;17;0;1
-44;-16;21;0;1
-44;-16;22;0;1
-44;-16;25;0;1
-44;-16;29;0;1
-44;-16;32;1;1
-44;-16;36;1;1
-44;-16;37;0;1
-44;-16;40;1;1
-44;-16;41;0;1
-44;-16;43;1;1
-44;-16;45;0;1
-44;-16;46;1;1
-44;-16;50;1;1
-44;-16;51;0;1
-44;-15;19;1;1
-44;-15;20;0;1
-44;-15;21;0;1
-44;-15;22;0;1
-44;-15;24;0;1
-44;-15;25;0;1
-44;-15;30;0;1
-44;-15;31;1;1
-44;-15;32;0;1
-44;-15;34;1;1
-44;-15;35;1;1
-44;-15;36;1;1
-44;-15;37;0;1
-44;-15;38;0;1
-44;-15;39;0;1
-44;-15;40;0;1
-44;-15;44;1;1
-44;-15;45;0;1
-44;-15;46;1;1
-44;-15;48;0;1
-44;-15;49;1;1
-44;-14;13;0;1
-44;-14;14;1;1
-44;-14;18;0;1
-44;-14;19;0;1
-44;-14;22;0;1
-44;-14;25;0;1
-44;-14;32;0;1
-44;-14;33;1;1
-44;-14;34;1;1
-44;-14;40;0;1
-44;-14;42;0;1
-44;-14;43;1;1
-44;-14;48;1;1
-44;-14;53;0;1
-44;-13;13;1;1
-44;-13;14;1;1
-44;-13;15;1;1
-44;-13;16;1;1
-44;-13;17;1;1
-44;-13;18;1;1
-44;-13;19;1;1
-44;-13;20;0;1
-44;-13;24;1;1
-44;-13;26;1;1
-44;-13;28;0;1
-44;-13;29;1;1
-44;-13;30;0;1
-44;-13;32;1;1
-44;-13;33;0;1
-44;-13;35;0;1
-44;-13;36;0;1
-44;-13;37;0;1
-44;-13;41;0;1
-44;-13;42;0;1
-44;-13;44;1;1
-44;-13;48;1;1
-44;-13;49;1;1
-44;-13;53;1;1
-44;-12;13;1;1
-44;-12;14;0;1
-44;-12;17;0;1
-44;-12;18;0;1
-44;-12;21;1;1
-44;-12;24;0;1
-44;-12;28;0;1
-44;-12;29;0;1
-44;-12;30;1;1
-44;-12;31;0;1
-44;-12;33;1;1
-44;-12;34;1;1
-44;-12;40;1;1
-44;-12;45;1;1
-44;-12;47;0;1
-44;-12;48;0;1
-44;-12;50;0;1
-44;-12;51;1;1
-44;-12;54;1;1
-44;-11;13;0;1
-44;-11;15;0;1
-44;-11;17;1;1
-44;-11;19;0;1
-44;-11;24;0;1
-44;-11;25;1;1
-44;-11;28;1;1
-44;-11;29;0;1
-44;-11;32;1;1
-44;-11;34;0;1
-44;-11;36;0;1
-44;-11;38;1;1
-44;-11;39;0;1
-44;-11;47;0;1
-44;-11;48;0;1
-44;-11;54;1;1
-44;-10;13;0;1
-44;-10;14;0;1
-44;-10;16;0;1
-44;-10;18;1;1
-44;-10;20;0;1
-44;-10;23;0;1
-44;-10;28;0;1
-44;-10;31;0;1
-44;-10;32;0;1
-44;-10;33;0;1
-44;-10;35;0;1
-44;-10;36;0;1
-44;-10;37;0;1
-44;-10;38;0;1
-44;-10;40;1;1
-44;-10;50;0;1
-44;-10;53;0;1
-44;-10;54;1;1
-44;-9;14;0;1
-44;-9;21;0;1
-44;-9;24;0;1
-44;-9;27;0;1
-44;-9;29;0;1
-44;-9;30;1;1
-44;-9;31;1;1
-44;-9;35;1;1
-44;-9;38;0;1
-44;-9;39;0;1
-44;-9;40;0;1
-44;-9;43;0;1
-44;-9;50;0;1
-44;-9;51;0;1
-44;-9;54;0;1
-44;-9;55;1;1
-44;-8;12;1;1
-44;-8;15;1;1
-44;-8;20;0;1
-44;-8;25;0;1
-44;-8;26;1;1
-44;-8;32;0;1
-44;-8;33;0;1
-44;-8;34;1;1
-44;-8;36;1;1
-44;-8;39;1;1
-44;-8;47;0;1
-44;-8;48;0;1
-44;-8;49;0;1
-44;-8;52;0;1
-44;-8;55;0;1
-44;-7;16;1;1
-44;-7;18;0;1
-44;-7;19;0;1
-44;-7;20;1;1
-44;-7;21;0;1
-44;-7;25;0;1
-44;-7;27;0;1
-44;-7;29;0;1
-44;-7;30;0;1
-44;-7;40;0;1
-44;-7;41;1;1
-44;-7;42;0;1
-44;-7;46;0;1
-44;-7;49;0;1
-44;-7;51;1;1
-44;-7;54;0;1
-44;-6;12;0;1
-44;-6;13;0;1
-44;-6;14;0;1
-44;-6;15;1;1
-44;-6;19;1;1
-44;-6;20;0;1
-44;-6;23;0;1
-44;-6;26;1;1
-44;-6;27;0;1
-44;-6;29;0;1
-44;-6;41;0;1
-44;-6;44;0;1
-44;-6;47;1;1
-44;-6;48;0;1
-44;-6;49;0;1
-44;-6;54;1;1
-44;-5;14;1;1
-44;-5;18;0;1
-44;-5;19;1;1
-44;-5;20;0;1
-44;-5;22;0;1
-44;-5;24;0;1
-44;-5;26;0;1
-44;-5;28;0;1
-44;-5;35;0;1
-44;-5;41;0;1
-44;-5;42;1;1
-44;-5;45;0;1
-44;-5;47;0;1
-44;-5;48;0;1
-44;-5;49;0;1
-44;-5;50;0;1
-44;-5;53;1;1
-44;-4;12;0;1
-44;-4;18;0;1
-44;-4;24;0;1
-44;-4;25;1;1
-44;-4;28;0;1
-44;-4;29;0;1
-44;-4;30;0;1
-44;-4;32;1;1
-44;-4;33;0;1
-44;-4;34;0;1
-44;-4;35;1;1
-44;-4;36;0;1
-44;-4;41;0;1
-44;-4;42;0;1
-44;-4;43;0;1
-44;-4;44;0;1
-44;-4;45;1;1
-44;-4;47;1;1
-44;-4;53;0;1
-44;-4;54;0;1
-44;-3;12;1;1
-44;-3;13;1;1
-44;-3;16;1;1
-44;-3;17;0;1
-44;-3;26;0;1
-44;-3;28;0;1
-44;-3;33;0;1
-44;-3;39;1;1
-44;-3;46;1;1
-44;-3;47;0;1
-44;-3;52;1;1
-44;-3;53;0;1
-44;-2;12;1;1
-44;-2;13;0;1
-44;-2;16;0;1
-44;-2;18;0;1
-44;-2;19;0;1
-44;-2;21;1;1
-44;-2;25;0;1
-44;-2;33;0;1
-44;-2;37;0;1
-44;-2;38;1;1
-44;-2;40;0;1
-44;-2;43;0;1
-44;-2;52;1;1
-44;-2;54;0;1
-44;-1;12;0;1
-44;-1;15;0;1
-44;-1;19;0;1
-44;-1;20;0;1
-44;-1;21;0;1
-44;-1;23;0;1
-44;-1;26;0;1
-44;-1;31;0;1
-44;-1;33;1;1
-44;-1;36;0;1
-44;-1;44;0;1
-44;-1;47;0;1
-44;-1;54;0;1
-44;0;16;1;1
-44;0;17;1;1
-44;0;18;1;1
-44;0;24;0;1
-44;0;27;1;1
-44;0;28;1;1
-44;0;29;0;1
-44;0;32;0;1
-44;0;33;1;1
-44;0;34;1;1
-44;0;37;1;1
-44;0;38;1;1
-44;0;39;0;1
-44;0;40;0;1
-44;0;42;0;1
-44;0;43;1;1
-44;0;44;1;1
-44;0;47;0;1
-44;0;49;0;1
-44;0;50;0;1
-44;0;55;1;1
-44;1;13;0;1
-44;1;14;1;1
-44;1;17;1;1
-44;1;21;0;1
-44;1;22;0;1
-44;1;23;0;1
-44;1;24;0;1
-44;1;25;1;1
-44;1;26;1;1
-44;1;27;1;1
-44;1;28;1;1
-44;1;30;0;1
-44;1;32;1;1
-44;1;34;1;1
-44;1;36;0;1
-44;1;37;1;1
-44;1;38;0;1
-44;1;43;0;1
-44;1;49;0;1
-44;1;51;1;1
-44;1;54;1;1
-44;1;55;0;1
-44;2;13;0;1
-44;2;14;0;1
-44;2;15;1;1
-44;2;16;0;1
-44;2;19;0;1
-44;2;20;1;1
-44;2;23;1;1
-44;2;24;1;1
-44;2;28;0;1
-44;2;33;1;1
-44;2;34;0;1
-44;2;36;1;1
-44;2;37;1;1
-44;2;42;0;1
-44;2;43;0;1
-44;2;44;0;1
-44;2;46;0;1
-44;2;50;0;1
-44;2;51;1;1
-44;2;54;1;1
-44;3;12;1;1
-44;3;15;0;1
-44;3;16;0;1
-44;3;17;0;1
-44;3;18;0;1
-44;3;19;0;1
-44;3;24;0;1
-44;3;25;0;1
-44;3;26;0;1
-44;3;33;1;1
-44;3;39;0;1
-44;3;40;0;1
-44;3;41;1;1
-44;3;42;0;1
-44;3;45;0;1
-44;3;46;0;1
-44;3;50;0;1
-44;3;53;0;1
-44;3;55;0;1
-44;4;14;1;1
-44;4;17;0;1
-44;4;20;1;1
-44;4;21;0;1
-44;4;24;1;1
-44;4;31;1;1
-44;4;34;0;1
-44;4;35;0;1
-44;4;36;1;1
-44;4;37;1;1
-44;4;38;0;1
-44;4;40;0;1
-44;4;41;1;1
-44;4;42;1;1
-44;4;45;0;1
-44;4;46;0;1
-44;4;48;0;1
-44;4;49;0;1
-44;4;52;0;1
-44;5;19;0;1
-44;5;22;1;1
-44;5;23;1;1
-44;5;25;0;1
-44;5;26;0;1
-44;5;28;0;1
-44;5;29;1;1
-44;5;32;1;1
-44;5;34;1;1
-44;5;37;0;1
-44;5;41;0;1
-44;5;44;0;1
-44;5;45;1;1
-44;5;46;1;1
-44;5;47;1;1
-44;5;50;0;1
-44;5;54;1;1
-44;5;55;1;1
-44;6;14;0;1
-44;6;15;1;1
-44;6;17;1;1
-44;6;18;1;1
-44;6;21;0;1
-44;6;22;1;1
-44;6;23;0;1
-44;6;26;0;1
-44;6;31;1;1
-44;6;33;0;1
-44;6;36;0;1
-44;6;38;1;1
-44;6;44;0;1
-44;6;45;1;1
-44;6;46;0;1
-44;6;48;0;1
-44;6;49;0;1
-44;6;50;0;1
-44;6;53;0;1
-44;6;55;1;1
-44;7;12;1;1
-44;7;13;0;1
-44;7;14;1;1
-44;7;15;1;1
-44;7;18;0;1
-44;7;19;0;1
-44;7;24;1;1
-44;7;29;1;1
-44;7;32;0;1
-44;7;33;1;1
-44;7;41;1;1
-44;7;45;1;1
-44;7;49;1;1
-44;8;12;0;1
-44;8;14;1;1
-44;8;16;1;1
-44;8;17;0;1
-44;8;18;0;1
-44;8;21;0;1
-44;8;22;0;1
-44;8;24;0;1
-44;8;25;1;1
-44;8;27;0;1
-44;8;30;1;1
-44;8;31;0;1
-44;8;39;0;1
-44;8;43;1;1
-44;8;50;0;1
-44;8;51;0;1
-44;8;52;0;1
-44;8;54;1;1
-44;8;55;0;1
-44;9;15;1;1
-44;9;21;1;1
-44;9;22;1;1
-44;9;23;0;1
-44;9;25;0;1
-44;9;27;0;1
-44;9;28;0;1
-44;9;29;1;1
-44;9;31;0;1
-44;9;32;0;1
-44;9;35;0;1
-44;9;36;1;1
-44;9;40;0;1
-44;9;48;1;1
-44;9;50;0;1
-44;9;52;0;1
-44;9;55;1;1
-44;10;13;0;1
-44;10;18;1;1
-44;10;21;0;1
-44;10;27;0;1
-44;10;30;0;1
-44;10;31;1;1
-44;10;32;1;1
-44;10;35;0;1
-44;10;36;0;1
-44;10;39;0;1
-44;10;41;0;1
-44;10;42;0;1
-44;10;44;1;1
-44;10;45;0;1
-44;10;49;0;1
-44;10;51;1;1
-44;10;52;0;1
-44;11;14;0;1
-44;11;21;1;1
-44;11;23;0;1
-44;11;25;0;1
-44;11;29;0;1
-44;11;34;0;1
-44;11;37;0;1
-44;11;43;0;1
-44;11;44;0;1
-44;11;46;0;1
-44;11;47;0;1
-44;11;49;1;1
-44;11;52;1;1
-44;11;53;0;1
-44;12;13;0;1
-44;12;14;0;1
-44;12;21;0;1
-44;12;22;0;1
-44;12;23;1;1
-44;12;25;1;1
-44;12;26;1;1
-44;12;28;1;1
-44;12;33;1;1
-44;12;35;1;1
-44;12;37;0;1
-44;12;44;1;1
-44;12;45;1;1
-44;12;46;0;1
-44;12;47;1;1
-44;12;48;1;1
-44;12;51;0;1
-44;13;13;1;1
-44;13;15;1;1
-44;13;20;0;1
-44;13;21;1;1
-44;13;24;0;1
-44;13;28;0;1
-44;13;29;1;1
-44;13;36;1;1
-44;13;38;0;1
-44;13;41;0;1
-44;13;48;0;1
-44;13;49;1;1
-44;13;50;1;1
-44;13;53;0;1
-44;13;54;0;1
-44;14;14;0;1
-44;14;16;1;1
-44;14;18;0;1
-44;14;19;0;1
-44;14;20;1;1
-44;14;25;1;1
-44;14;26;0;1
-44;14;27;0;1
-44;14;28;0;1
-44;14;30;0;1
-44;14;31;0;1
-44;14;36;0;1
-44;14;37;0;1
-44;14;41;0;1
-44;14;42;0;1
-44;14;46;0;1
-44;14;49;0;1
-44;14;51;1;1
-44;14;53;0;1
-44;15;18;1;1
-44;15;21;1;1
-44;15;22;0;1
-44;15;24;1;1
-44;15;28;0;1
-44;15;29;1;1
-44;15;31;0;1
-44;15;33;0;1
-44;15;34;0;1
-44;15;35;0;1
-44;15;38;0;1
-44;15;39;0;1
-44;15;40;0;1
-44;15;46;0;1
-44;15;48;0;1
-44;15;49;0;1
-44;15;50;0;1
-44;15;52;0;1
-44;15;53;1;1
-44;16;15;0;1
-44;16;17;0;1
-44;16;19;1;1
-44;16;21;0;1
-44;16;22;1;1
-44;16;28;0;1
-44;16;30;0;1
-44;16;33;0;1
-44;16;34;0;1
-44;16;39;0;1
-44;16;40;0;1
-44;16;41;0;1
-44;16;45;0;1
-44;16;48;0;1
-44;16;50;0;1
-44;16;51;0;1
-44;16;53;0;1
-44;17;17;0;1
-44;17;20;0;1
-44;17;23;1;1
-44;17;26;0;1
-44;17;28;0;1
-44;17;29;0;1
-44;17;34;0;1
-44;17;35;0;1
-44;17;36;0;1
-44;17;39;0;1
-44;17;44;0;1
-44;17;47;1;1
-44;17;49;0;1
-44;18;13;1;1
-44;18;15;1;1
-44;18;18;0;1
-44;18;20;0;1
-44;18;26;1;1
-44;18;31;1;1
-44;18;36;0;1
-44;18;37;0;1
-44;18;43;1;1
-44;18;44;0;1
-44;18;46;0;1
-44;18;50;0;1
-44;18;51;0;1
-44;18;52;0;1
-44;19;15;1;1
-44;19;16;0;1
-44;19;19;1;1
-44;19;21;1;1
-44;19;22;1;1
-44;19;24;0;1
-44;19;28;0;1
-44;19;29;0;1
-44;19;31;0;1
-44;19;33;0;1
-44;19;35;1;1
-44;19;41;1;1
-44;19;47;0;1
-44;19;50;1;1
-44;20;13;1;1
-44;20;14;0;1
-44;20;15;0;1
-44;20;18;0;1
-44;20;19;0;1
-44;20;21;1;1
-44;20;26;0;1
-44;20;27;0;1
-44;20;33;1;1
-44;20;39;1;1
-44;20;46;1;1
-44;20;51;0;1
-44;20;52;0;1
-44;21;14;0;1
-44;21;15;0;1
-44;21;16;0;1
-44;21;20;0;1
-44;21;26;0;1
-44;21;27;0;1
-44;21;31;1;1
-44;21;36;0;1
-44;21;40;0;1
-44;21;41;1;1
-44;21;42;0;1
-44;21;43;0;1
-44;21;45;1;1
-44;21;48;1;1
-44;21;49;0;1
-44;21;50;0;1
-44;21;51;0;1
-44;22;19;0;1
-44;22;20;0;1
-44;22;21;1;1
-44;22;23;0;1
-44;22;25;0;1
-44;22;26;0;1
-44;22;27;0;1
-44;22;28;0;1
-44;22;31;0;1
-44;22;33;0;1
-44;22;37;0;1
-44;22;39;1;1
-44;22;40;1;1
-44;22;42;1;1
-44;22;43;0;1
-44;22;44;0;1
-44;22;46;0;1
-44;22;47;1;1
-44;22;51;0;1
-44;23;14;0;1
-44;23;18;0;1
-44;23;20;0;1
-44;23;23;1;1
-44;23;25;1;1
-44;23;26;1;1
-44;23;28;0;1
-44;23;31;0;1
-44;23;32;0;1
-44;23;35;1;1
-44;23;36;1;1
-44;23;37;0;1
-44;23;38;0;1
-44;23;45;1;1
-44;23;47;0;1
-44;23;48;0;1
-44;24;16;0;1
-44;24;20;0;1
-44;24;21;0;1
-44;24;23;0;1
-44;24;26;1;1
-44;24;27;0;1
-44;24;30;1;1
-44;24;32;1;1
-44;24;37;0;1
-44;24;42;1;1
-44;24;44;0;1
-44;24;50;0;1
-44;25;14;0;1
-44;25;20;0;1
-44;25;21;0;1
-44;25;23;0;1
-44;25;25;1;1
-44;25;26;1;1
-44;25;27;0;1
-44;25;28;0;1
-44;25;31;0;1
-44;25;33;0;1
-44;25;35;1;1
-44;25;36;1;1
-44;25;38;0;1
-44;25;39;0;1
-44;25;43;1;1
-44;25;44;0;1
-44;25;47;1;1
-44;25;48;0;1
-44;26;15;1;1
-44;26;23;1;1
-44;26;24;1;1
-44;26;26;1;1
-44;26;30;0;1
-44;26;33;1;1
-44;26;35;1;1
-44;26;36;0;1
-44;26;37;0;1
-44;26;40;0;1
-44;26;43;1;1
-44;26;45;0;1
-44;26;46;0;1
-44;26;48;0;1
-44;27;17;1;1
-44;27;18;1;1
-44;27;19;0;1
-44;27;21;1;1
-44;27;26;0;1
-44;27;27;0;1
-44;27;28;1;1
-44;27;31;0;1
-44;27;32;1;1
-44;27;33;1;1
-44;27;36;0;1
-44;27;39;1;1
-44;27;40;1;1
-44;27;42;0;1
-44;27;43;0;1
-44;27;44;0;1
-44;27;45;0;1
-44;27;47;0;1
-44;27;48;1;1
-44;28;14;0;1
-44;28;16;0;1
-44;28;19;0;1
-44;28;20;0;1
-44;28;22;1;1
-44;28;23;0;1
-44;28;24;0;1
-44;28;33;0;1
-44;28;35;1;1
-44;28;38;1;1
-44;28;44;1;1
-44;29;16;0;1
-44;29;17;0;1
-44;29;19;0;1
-44;29;21;0;1
-44;29;22;0;1
-44;29;24;0;1
-44;29;25;0;1
-44;29;26;1;1
-44;29;27;0;1
-44;29;29;0;1
-44;29;30;1;1
-44;29;33;1;1
-44;29;34;0;1
-44;29;37;0;1
-44;29;39;0;1
-44;29;40;1;1
-44;29;42;0;1
-44;29;45;1;1
-44;30;16;0;1
-44;30;17;1;1
-44;30;19;0;1
-44;30;23;0;1
-44;30;26;1;1
-44;30;28;0;1
-44;30;30;0;1
-44;30;35;0;1
-44;30;37;0;1
-44;30;39;0;1
-44;30;40;1;1
-44;30;41;1;1
-44;30;43;1;1
-44;30;44;1;1
-44;31;15;0;1
-44;31;17;0;1
-44;31;19;0;1
-44;31;20;1;1
-44;31;24;0;1
-44;31;25;1;1
-44;31;26;0;1
-44;31;30;0;1
-44;31;32;1;1
-44;31;33;0;1
-44;31;35;0;1
-44;31;36;0;1
-44;31;40;0;1
-44;31;44;0;1
-44;31;45;0;1
-44;32;19;0;1
-44;32;21;0;1
-44;32;28;0;1
-44;32;31;1;1
-44;32;32;0;1
-44;32;35;1;1
-44;32;37;0;1
-44;32;45;0;1
-44;33;16;1;1
-44;33;17;0;1
-44;33;18;0;1
-44;33;20;0;1
-44;33;23;0;1
-44;33;24;0;1
-44;33;27;0;1
-44;33;28;0;1
-44;33;33;1;1
-44;33;35;1;1
-44;33;36;0;1
-44;33;37;0;1
-44;33;39;0;1
-44;33;40;0;1
-44;33;41;1;1
-44;33;42;1;1
-44;33;43;1;1
-44;34;18;0;1
-44;34;20;0;1
-44;34;21;0;1
-44;34;28;0;1
-44;34;29;0;1
-44;34;30;0;1
-44;34;31;1;1
-44;34;33;0;1
-44;34;34;1;1
-44;34;35;0;1
-44;34;36;1;1
-44;34;38;0;1
-44;34;39;1;1
-44;34;42;0;1
-44;35;17;1;1
-44;35;19;1;1
-44;35;23;0;1
-44;35;24;0;1
-44;35;25;1;1
-44;35;29;1;1
-44;35;33;0;1
-44;35;35;1;1
-44;35;38;0;1
-44;35;39;1;1
-44;36;17;0;1
-44;36;21;1;1
-44;36;22;1;1
-44;36;24;1;1
-44;36;26;1;1
-44;36;28;1;1
-44;36;31;0;1
-44;36;33;0;1
-44;36;35;0;1
-44;36;37;1;1
-44;36;38;0;1
-44;36;40;0;1
-44;36;41;0;1
-44;36;42;0;1
-44;37;16;0;1
-44;37;18;0;1
-44;37;25;1;1
-44;37;28;0;1
-44;37;31;1;1
-44;37;32;0;1
-44;37;35;1;1
-44;37;36;0;1
-44;37;37;1;1
-44;37;40;1;1
-44;37;41;0;1
-44;38;17;0;1
-44;38;19;1;1
-44;38;22;0;1
-44;38;23;1;1
-44;38;26;0;1
-44;38;28;1;1
-44;38;29;1;1
-44;38;30;0;1
-44;38;33;1;1
-44;38;34;0;1
-44;38;38;0;1
-44;39;16;0;1
-44;39;17;0;1
-44;39;18;0;1
-44;39;21;0;1
-44;39;23;1;1
-44;39;24;0;1
-44;39;26;0;1
-44;39;27;0;1
-44;39;33;0;1
-44;39;37;1;1
-44;39;38;0;1
-44;39;39;1;1
-44;40;17;1;1
-44;40;18;0;1
-44;40;21;0;1
-44;40;24;0;1
-44;40;25;0;1
-44;40;27;1;1
-44;40;28;0;1
-44;40;30;0;1
-44;40;31;0;1
-44;40;37;0;1
-44;40;38;1;1
-44;41;19;0;1
-44;41;22;1;1
-44;41;23;0;1
-44;41;37;1;1
-44;42;17;1;1
-44;42;20;0;1
-44;42;21;0;1
-44;42;22;0;1
-44;42;25;0;1
-44;42;26;0;1
-44;42;28;0;1
-44;42;29;1;1
-44;42;30;0;1
-44;42;31;1;1
-44;42;33;1;1
-44;42;34;1;1
-44;43;18;1;1
-44;43;19;1;1
-44;43;21;0;1
-44;43;23;0;1
-44;43;25;1;1
-44;43;30;1;1
-44;43;31;0;1
-44;43;33;1;1
-44;44;19;1;1
-44;44;26;1;1
-44;44;27;1;1
-44;44;28;1;1
-44;45;17;0;1
-44;45;21;1;1
-44;45;23;0;1
-44;45;25;0;1
-44;45;27;0;1
-44;46;19;0;1
-44;46;20;0;1
-44;46;22;0;1
-44;46;23;0;1
-44;46;27;0;1
-44;47;18;0;1
-44;47;20;0;1
-44;47;23;1;1
-44;47;24;0;1
-44;47;29;0;1
-44;48;19;0;1
-44;48;25;1;1
-44;49;18;0;1
-44;49;20;1;1
-44;49;26;1;1
-44;50;21;0;1
-44;50;22;1;1
-44;51;19;0;1
-44;52;19;0;1
-43;-53;19;0;1
-43;-52;21;0;1
-43;-51;18;0;1
-43;-51;22;1;1
-43;-51;23;1;1
-43;-51;24;0;1
-43;-50;18;0;1
-43;-50;20;1;1
-43;-50;21;0;1
-43;-50;22;1;1
-43;-50;25;0;1
-43;-49;19;0;1
-43;-49;20;0;1
-43;-49;21;0;1
-43;-49;23;0;1
-43;-49;26;0;1
-43;-49;27;1;1
-43;-48;22;1;1
-43;-48;23;0;1
-43;-48;25;0;1
-43;-48;27;0;1
-43;-48;28;0;1
-43;-47;18;0;1
-43;-47;22;1;1
-43;-46;18;0;1
-43;-46;22;0;1
-43;-46;25;0;1
-43;-46;31;0;1
-43;-46;32;1;1
-43;-45;18;1;1
-43;-45;19;0;1
-43;-45;23;0;1
-43;-45;25;1;1
-43;-45;26;0;1
-43;-45;27;0;1
-43;-45;30;0;1
-43;-45;32;1;1
-43;-45;33;0;1
-43;-44;19;0;1
-43;-44;20;1;1
-43;-44;25;1;1
-43;-44;26;0;1
-43;-44;27;1;1
-43;-44;29;1;1
-43;-44;31;1;1
-43;-44;33;0;1
-43;-44;35;0;1
-43;-43;18;1;1
-43;-43;19;1;1
-43;-43;21;0;1
-43;-43;23;0;1
-43;-43;27;0;1
-43;-43;32;1;1
-43;-43;33;0;1
-43;-42;23;0;1
-43;-42;24;1;1
-43;-42;26;0;1
-43;-42;30;0;1
-43;-42;33;1;1
-43;-42;34;1;1
-43;-42;35;1;1
-43;-42;37;1;1
-43;-41;17;0;1
-43;-41;19;0;1
-43;-41;20;0;1
-43;-41;22;0;1
-43;-41;23;0;1
-43;-41;24;0;1
-43;-41;25;0;1
-43;-41;26;1;1
-43;-41;27;0;1
-43;-41;28;0;1
-43;-41;30;0;1
-43;-41;31;1;1
-43;-41;33;1;1
-43;-41;35;0;1
-43;-40;18;0;1
-43;-40;23;1;1
-43;-40;24;1;1
-43;-40;26;0;1
-43;-40;29;0;1
-43;-40;33;1;1
-43;-40;38;0;1
-43;-39;17;1;1
-43;-39;18;0;1
-43;-39;19;0;1
-43;-39;22;1;1
-43;-39;24;1;1
-43;-39;25;0;1
-43;-39;28;1;1
-43;-39;29;1;1
-43;-39;31;0;1
-43;-39;34;0;1
-43;-39;38;1;1
-43;-39;40;0;1
-43;-38;16;1;1
-43;-38;17;1;1
-43;-38;18;0;1
-43;-38;19;1;1
-43;-38;20;0;1
-43;-38;26;1;1
-43;-38;27;1;1
-43;-38;29;0;1
-43;-38;30;1;1
-43;-38;34;0;1
-43;-38;35;0;1
-43;-38;36;1;1
-43;-38;37;0;1
-43;-37;17;0;1
-43;-37;28;0;1
-43;-37;32;0;1
-43;-37;33;1;1
-43;-37;40;1;1
-43;-37;41;0;1
-43;-36;22;0;1
-43;-36;26;0;1
-43;-36;27;0;1
-43;-36;28;0;1
-43;-36;32;1;1
-43;-36;37;0;1
-43;-36;38;0;1
-43;-36;40;0;1
-43;-35;21;0;1
-43;-35;24;0;1
-43;-35;25;0;1
-43;-35;27;0;1
-43;-35;32;0;1
-43;-35;34;0;1
-43;-35;35;1;1
-43;-35;37;0;1
-43;-35;41;0;1
-43;-35;43;0;1
-43;-34;18;1;1
-43;-34;19;0;1
-43;-34;22;0;1
-43;-34;26;0;1
-43;-34;27;1;1
-43;-34;33;1;1
-43;-34;35;0;1
-43;-34;36;1;1
-43;-34;37;1;1
-43;-34;39;0;1
-43;-34;42;0;1
-43;-34;44;1;1
-43;-34;45;0;1
-43;-33;17;0;1
-43;-33;23;0;1
-43;-33;24;0;1
-43;-33;26;0;1
-43;-33;29;1;1
-43;-33;30;1;1
-43;-33;31;0;1
-43;-33;33;0;1
-43;-33;37;0;1
-43;-33;40;0;1
-43;-32;17;1;1
-43;-32;18;1;1
-43;-32;20;0;1
-43;-32;21;0;1
-43;-32;24;0;1
-43;-32;25;1;1
-43;-32;26;0;1
-43;-32;28;0;1
-43;-32;34;1;1
-43;-32;40;1;1
-43;-32;41;0;1
-43;-31;19;0;1
-43;-31;24;1;1
-43;-31;26;0;1
-43;-31;28;0;1
-43;-31;30;0;1
-43;-31;32;1;1
-43;-31;36;1;1
-43;-31;39;0;1
-43;-31;40;1;1
-43;-31;41;1;1
-43;-31;42;0;1
-43;-31;43;0;1
-43;-31;46;0;1
-43;-30;21;0;1
-43;-30;23;0;1
-43;-30;35;0;1
-43;-30;36;1;1
-43;-30;39;1;1
-43;-30;42;0;1
-43;-30;43;0;1
-43;-30;44;1;1
-43;-30;45;1;1
-43;-30;47;1;1
-43;-29;15;0;1
-43;-29;16;0;1
-43;-29;17;0;1
-43;-29;21;1;1
-43;-29;28;0;1
-43;-29;30;1;1
-43;-29;31;1;1
-43;-29;32;0;1
-43;-29;35;0;1
-43;-29;37;1;1
-43;-29;40;0;1
-43;-29;42;0;1
-43;-29;44;0;1
-43;-29;45;0;1
-43;-29;47;1;1
-43;-28;16;0;1
-43;-28;23;0;1
-43;-28;27;0;1
-43;-28;30;0;1
-43;-28;32;0;1
-43;-28;37;1;1
-43;-28;44;0;1
-43;-28;46;0;1
-43;-28;47;1;1
-43;-28;48;0;1
-43;-28;49;1;1
-43;-27;14;1;1
-43;-27;16;0;1
-43;-27;17;1;1
-43;-27;19;0;1
-43;-27;24;0;1
-43;-27;25;1;1
-43;-27;26;0;1
-43;-27;29;1;1
-43;-27;38;0;1
-43;-27;39;1;1
-43;-27;43;0;1
-43;-26;17;1;1
-43;-26;18;0;1
-43;-26;19;0;1
-43;-26;20;1;1
-43;-26;21;0;1
-43;-26;24;0;1
-43;-26;25;0;1
-43;-26;30;0;1
-43;-26;36;1;1
-43;-26;37;1;1
-43;-26;43;1;1
-43;-26;44;0;1
-43;-26;47;1;1
-43;-25;14;0;1
-43;-25;15;0;1
-43;-25;16;0;1
-43;-25;18;1;1
-43;-25;20;0;1
-43;-25;21;0;1
-43;-25;22;0;1
-43;-25;24;0;1
-43;-25;28;1;1
-43;-25;30;0;1
-43;-25;33;1;1
-43;-25;34;0;1
-43;-25;38;0;1
-43;-25;41;0;1
-43;-25;44;1;1
-43;-25;45;0;1
-43;-25;46;0;1
-43;-25;48;1;1
-43;-24;19;0;1
-43;-24;23;0;1
-43;-24;26;0;1
-43;-24;30;0;1
-43;-24;31;0;1
-43;-24;32;1;1
-43;-24;36;1;1
-43;-24;38;0;1
-43;-24;42;1;1
-43;-24;43;1;1
-43;-24;44;1;1
-43;-24;45;1;1
-43;-24;46;0;1
-43;-24;49;1;1
-43;-23;17;0;1
-43;-23;18;0;1
-43;-23;19;1;1
-43;-23;22;0;1
-43;-23;24;1;1
-43;-23;25;0;1
-43;-23;36;1;1
-43;-23;37;1;1
-43;-23;41;0;1
-43;-23;44;0;1
-43;-23;47;1;1
-43;-23;48;0;1
-43;-23;50;0;1
-43;-22;16;0;1
-43;-22;21;0;1
-43;-22;22;1;1
-43;-22;25;1;1
-43;-22;28;0;1
-43;-22;39;0;1
-43;-22;40;1;1
-43;-22;43;0;1
-43;-22;48;0;1
-43;-22;51;0;1
-43;-21;14;1;1
-43;-21;15;1;1
-43;-21;17;0;1
-43;-21;20;1;1
-43;-21;24;1;1
-43;-21;27;0;1
-43;-21;28;0;1
-43;-21;31;0;1
-43;-21;32;0;1
-43;-21;35;0;1
-43;-21;36;0;1
-43;-21;37;0;1
-43;-21;38;1;1
-43;-21;39;0;1
-43;-21;40;0;1
-43;-21;41;0;1
-43;-21;48;1;1
-43;-21;49;1;1
-43;-21;50;1;1
-43;-21;52;0;1
-43;-20;17;0;1
-43;-20;18;1;1
-43;-20;19;1;1
-43;-20;20;0;1
-43;-20;24;0;1
-43;-20;26;1;1
-43;-20;29;0;1
-43;-20;30;0;1
-43;-20;33;1;1
-43;-20;34;0;1
-43;-20;36;1;1
-43;-20;37;1;1
-43;-20;40;1;1
-43;-20;42;0;1
-43;-20;43;1;1
-43;-20;46;0;1
-43;-20;47;0;1
-43;-20;48;0;1
-43;-20;52;1;1
-43;-19;13;1;1
-43;-19;14;1;1
-43;-19;16;0;1
-43;-19;18;1;1
-43;-19;21;0;1
-43;-19;23;1;1
-43;-19;26;0;1
-43;-19;29;0;1
-43;-19;32;0;1
-43;-19;33;1;1
-43;-19;34;0;1
-43;-19;35;0;1
-43;-19;38;1;1
-43;-19;42;0;1
-43;-19;43;1;1
-43;-19;46;0;1
-43;-19;47;1;1
-43;-19;48;1;1
-43;-19;51;0;1
-43;-18;14;0;1
-43;-18;17;1;1
-43;-18;19;1;1
-43;-18;23;1;1
-43;-18;31;0;1
-43;-18;33;1;1
-43;-18;35;0;1
-43;-18;37;0;1
-43;-18;38;1;1
-43;-18;39;0;1
-43;-18;40;0;1
-43;-18;41;0;1
-43;-18;44;0;1
-43;-18;49;1;1
-43;-17;14;0;1
-43;-17;17;1;1
-43;-17;18;1;1
-43;-17;19;0;1
-43;-17;22;1;1
-43;-17;25;0;1
-43;-17;26;0;1
-43;-17;28;0;1
-43;-17;30;0;1
-43;-17;32;0;1
-43;-17;37;0;1
-43;-17;41;0;1
-43;-17;43;0;1
-43;-17;44;0;1
-43;-17;45;0;1
-43;-17;46;0;1
-43;-17;49;1;1
-43;-17;50;1;1
-43;-17;53;0;1
-43;-16;13;1;1
-43;-16;16;1;1
-43;-16;18;0;1
-43;-16;19;0;1
-43;-16;21;0;1
-43;-16;23;0;1
-43;-16;28;0;1
-43;-16;29;0;1
-43;-16;30;1;1
-43;-16;31;0;1
-43;-16;32;1;1
-43;-16;33;1;1
-43;-16;34;0;1
-43;-16;35;0;1
-43;-16;36;0;1
-43;-16;38;1;1
-43;-16;39;0;1
-43;-16;40;1;1
-43;-16;42;1;1
-43;-16;51;1;1
-43;-15;15;0;1
-43;-15;16;0;1
-43;-15;24;0;1
-43;-15;26;0;1
-43;-15;29;0;1
-43;-15;35;0;1
-43;-15;38;0;1
-43;-15;41;0;1
-43;-15;42;0;1
-43;-15;48;0;1
-43;-15;49;1;1
-43;-15;53;0;1
-43;-14;16;0;1
-43;-14;19;1;1
-43;-14;23;0;1
-43;-14;26;1;1
-43;-14;27;0;1
-43;-14;28;0;1
-43;-14;30;0;1
-43;-14;32;0;1
-43;-14;35;1;1
-43;-14;37;0;1
-43;-14;43;0;1
-43;-14;46;0;1
-43;-14;47;0;1
-43;-14;48;1;1
-43;-14;49;0;1
-43;-14;51;1;1
-43;-13;13;1;1
-43;-13;16;1;1
-43;-13;19;1;1
-43;-13;22;0;1
-43;-13;26;0;1
-43;-13;29;0;1
-43;-13;30;1;1
-43;-13;31;0;1
-43;-13;32;1;1
-43;-13;33;0;1
-43;-13;45;0;1
-43;-13;49;1;1
-43;-13;55;0;1
-43;-12;12;1;1
-43;-12;15;0;1
-43;-12;17;1;1
-43;-12;21;0;1
-43;-12;22;0;1
-43;-12;25;1;1
-43;-12;26;0;1
-43;-12;27;0;1
-43;-12;30;0;1
-43;-12;31;0;1
-43;-12;34;0;1
-43;-12;38;0;1
-43;-12;39;0;1
-43;-12;41;0;1
-43;-12;45;0;1
-43;-12;47;0;1
-43;-12;51;1;1
-43;-12;52;1;1
-43;-12;54;0;1
-43;-11;15;1;1
-43;-11;16;0;1
-43;-11;18;0;1
-43;-11;27;0;1
-43;-11;29;1;1
-43;-11;31;1;1
-43;-11;39;0;1
-43;-11;40;0;1
-43;-11;44;1;1
-43;-11;50;1;1
-43;-11;54;0;1
-43;-10;17;0;1
-43;-10;19;0;1
-43;-10;20;0;1
-43;-10;21;0;1
-43;-10;22;0;1
-43;-10;23;1;1
-43;-10;24;1;1
-43;-10;28;1;1
-43;-10;29;1;1
-43;-10;31;0;1
-43;-10;32;0;1
-43;-10;38;1;1
-43;-10;40;1;1
-43;-10;42;0;1
-43;-10;43;1;1
-43;-10;44;1;1
-43;-10;45;1;1
-43;-10;47;1;1
-43;-10;49;0;1
-43;-10;50;1;1
-43;-10;51;0;1
-43;-10;53;0;1
-43;-9;12;0;1
-43;-9;14;1;1
-43;-9;17;0;1
-43;-9;18;0;1
-43;-9;20;1;1
-43;-9;24;0;1
-43;-9;26;0;1
-43;-9;27;0;1
-43;-9;31;0;1
-43;-9;33;0;1
-43;-9;35;0;1
-43;-9;37;0;1
-43;-9;44;0;1
-43;-9;46;0;1
-43;-9;49;1;1
-43;-9;52;0;1
-43;-9;54;0;1
-43;-8;12;0;1
-43;-8;15;0;1
-43;-8;18;1;1
-43;-8;21;0;1
-43;-8;22;1;1
-43;-8;24;0;1
-43;-8;29;1;1
-43;-8;30;0;1
-43;-8;31;0;1
-43;-8;38;0;1
-43;-8;41;1;1
-43;-8;43;0;1
-43;-8;44;0;1
-43;-8;50;1;1
-43;-8;52;1;1
-43;-8;54;1;1
-43;-7;13;0;1
-43;-7;16;0;1
-43;-7;17;1;1
-43;-7;18;0;1
-43;-7;21;1;1
-43;-7;22;0;1
-43;-7;23;1;1
-43;-7;26;0;1
-43;-7;27;1;1
-43;-7;29;1;1
-43;-7;33;0;1
-43;-7;34;0;1
-43;-7;38;1;1
-43;-7;42;0;1
-43;-7;46;0;1
-43;-7;50;0;1
-43;-7;51;0;1
-43;-7;52;0;1
-43;-7;53;1;1
-43;-7;55;1;1
-43;-6;12;1;1
-43;-6;17;1;1
-43;-6;18;1;1
-43;-6;20;0;1
-43;-6;25;1;1
-43;-6;27;1;1
-43;-6;29;0;1
-43;-6;30;0;1
-43;-6;33;1;1
-43;-6;34;0;1
-43;-6;35;0;1
-43;-6;40;1;1
-43;-6;44;1;1
-43;-6;45;0;1
-43;-6;46;1;1
-43;-6;51;0;1
-43;-6;52;0;1
-43;-6;54;0;1
-43;-6;55;0;1
-43;-6;56;1;1
-43;-5;14;1;1
-43;-5;16;0;1
-43;-5;17;0;1
-43;-5;19;0;1
-43;-5;22;0;1
-43;-5;23;0;1
-43;-5;25;1;1
-43;-5;29;1;1
-43;-5;31;0;1
-43;-5;32;1;1
-43;-5;34;1;1
-43;-5;36;1;1
-43;-5;38;0;1
-43;-5;39;0;1
-43;-5;40;1;1
-43;-5;41;0;1
-43;-5;43;0;1
-43;-5;45;0;1
-43;-5;46;0;1
-43;-5;47;0;1
-43;-5;48;0;1
-43;-5;50;0;1
-43;-5;55;0;1
-43;-5;56;1;1
-43;-4;13;0;1
-43;-4;14;1;1
-43;-4;15;1;1
-43;-4;16;1;1
-43;-4;20;0;1
-43;-4;28;0;1
-43;-4;31;0;1
-43;-4;33;0;1
-43;-4;35;1;1
-43;-4;36;0;1
-43;-4;38;1;1
-43;-4;44;0;1
-43;-4;45;0;1
-43;-4;48;0;1
-43;-4;53;0;1
-43;-3;12;0;1
-43;-3;13;0;1
-43;-3;14;0;1
-43;-3;15;0;1
-43;-3;18;0;1
-43;-3;19;0;1
-43;-3;20;1;1
-43;-3;22;1;1
-43;-3;25;0;1
-43;-3;28;0;1
-43;-3;32;1;1
-43;-3;35;0;1
-43;-3;39;0;1
-43;-3;40;0;1
-43;-3;43;0;1
-43;-3;46;0;1
-43;-3;51;1;1
-43;-3;53;0;1
-43;-3;56;1;1
-43;-2;15;0;1
-43;-2;19;1;1
-43;-2;20;1;1
-43;-2;23;0;1
-43;-2;24;0;1
-43;-2;25;1;1
-43;-2;26;1;1
-43;-2;30;0;1
-43;-2;31;0;1
-43;-2;32;0;1
-43;-2;36;0;1
-43;-2;37;1;1
-43;-2;38;0;1
-43;-2;40;0;1
-43;-2;44;1;1
-43;-2;45;0;1
-43;-2;49;1;1
-43;-2;50;1;1
-43;-2;52;1;1
-43;-2;54;1;1
-43;-1;12;0;1
-43;-1;13;0;1
-43;-1;15;1;1
-43;-1;16;0;1
-43;-1;18;1;1
-43;-1;19;0;1
-43;-1;25;1;1
-43;-1;26;0;1
-43;-1;29;0;1
-43;-1;31;1;1
-43;-1;33;1;1
-43;-1;35;0;1
-43;-1;36;0;1
-43;-1;39;1;1
-43;-1;41;1;1
-43;-1;42;0;1
-43;-1;43;0;1
-43;-1;45;0;1
-43;-1;46;0;1
-43;-1;49;1;1
-43;-1;52;0;1
-43;0;13;0;1
-43;0;17;1;1
-43;0;20;0;1
-43;0;21;1;1
-43;0;22;0;1
-43;0;23;0;1
-43;0;24;0;1
-43;0;27;0;1
-43;0;31;1;1
-43;0;32;0;1
-43;0;33;1;1
-43;0;36;1;1
-43;0;38;1;1
-43;0;39;1;1
-43;0;46;0;1
-43;0;49;1;1
-43;0;53;1;1
-43;0;56;1;1
-43;1;15;0;1
-43;1;19;1;1
-43;1;21;0;1
-43;1;22;0;1
-43;1;23;1;1
-43;1;25;0;1
-43;1;26;0;1
-43;1;27;1;1
-43;1;31;0;1
-43;1;34;0;1
-43;1;37;0;1
-43;1;44;0;1
-43;1;46;0;1
-43;1;48;0;1
-43;1;49;0;1
-43;1;53;1;1
-43;1;54;1;1
-43;2;14;0;1
-43;2;15;0;1
-43;2;18;0;1
-43;2;21;0;1
-43;2;23;0;1
-43;2;25;1;1
-43;2;31;0;1
-43;2;32;1;1
-43;2;35;0;1
-43;2;37;1;1
-43;2;38;0;1
-43;2;39;0;1
-43;2;47;0;1
-43;2;49;0;1
-43;2;54;0;1
-43;3;13;0;1
-43;3;18;1;1
-43;3;19;0;1
-43;3;21;0;1
-43;3;22;0;1
-43;3;27;1;1
-43;3;30;0;1
-43;3;32;1;1
-43;3;35;0;1
-43;3;39;0;1
-43;3;43;0;1
-43;3;44;1;1
-43;3;45;1;1
-43;3;46;0;1
-43;3;52;0;1
-43;3;53;0;1
-43;3;54;0;1
-43;3;55;0;1
-43;4;12;0;1
-43;4;13;0;1
-43;4;14;0;1
-43;4;15;0;1
-43;4;17;0;1
-43;4;20;0;1
-43;4;21;1;1
-43;4;22;0;1
-43;4;25;1;1
-43;4;32;0;1
-43;4;33;1;1
-43;4;36;0;1
-43;4;40;0;1
-43;4;42;1;1
-43;4;43;1;1
-43;4;47;0;1
-43;4;54;0;1
-43;5;13;0;1
-43;5;15;1;1
-43;5;19;0;1
-43;5;23;1;1
-43;5;26;0;1
-43;5;28;0;1
-43;5;29;1;1
-43;5;30;0;1
-43;5;34;0;1
-43;5;36;1;1
-43;5;39;1;1
-43;5;41;0;1
-43;5;42;1;1
-43;5;47;0;1
-43;5;49;0;1
-43;5;50;1;1
-43;5;54;1;1
-43;5;55;0;1
-43;5;56;1;1
-43;6;12;0;1
-43;6;14;0;1
-43;6;18;0;1
-43;6;20;0;1
-43;6;22;1;1
-43;6;24;0;1
-43;6;28;1;1
-43;6;29;0;1
-43;6;30;0;1
-43;6;37;0;1
-43;6;42;1;1
-43;6;43;0;1
-43;6;44;1;1
-43;6;45;0;1
-43;6;47;0;1
-43;6;48;0;1
-43;6;50;1;1
-43;6;53;0;1
-43;6;54;0;1
-43;6;55;1;1
-43;7;21;1;1
-43;7;27;0;1
-43;7;29;1;1
-43;7;31;0;1
-43;7;34;0;1
-43;7;36;0;1
-43;7;39;0;1
-43;7;41;0;1
-43;7;44;0;1
-43;7;45;1;1
-43;7;46;0;1
-43;7;47;0;1
-43;7;48;1;1
-43;7;49;1;1
-43;7;50;0;1
-43;7;51;0;1
-43;7;54;0;1
-43;7;55;0;1
-43;7;56;0;1
-43;8;13;1;1
-43;8;14;1;1
-43;8;15;1;1
-43;8;18;0;1
-43;8;20;0;1
-43;8;21;0;1
-43;8;22;0;1
-43;8;27;0;1
-43;8;28;0;1
-43;8;30;0;1
-43;8;34;0;1
-43;8;37;1;1
-43;8;39;0;1
-43;8;42;1;1
-43;8;45;1;1
-43;8;51;0;1
-43;8;52;0;1
-43;9;12;1;1
-43;9;15;0;1
-43;9;16;0;1
-43;9;26;1;1
-43;9;28;0;1
-43;9;31;0;1
-43;9;33;1;1
-43;9;34;0;1
-43;9;35;1;1
-43;9;37;1;1
-43;9;40;1;1
-43;9;43;0;1
-43;9;46;0;1
-43;9;48;1;1
-43;9;55;0;1
-43;10;15;0;1
-43;10;24;0;1
-43;10;25;1;1
-43;10;27;1;1
-43;10;29;1;1
-43;10;30;1;1
-43;10;36;1;1
-43;10;38;0;1
-43;10;39;0;1
-43;10;40;1;1
-43;10;42;0;1
-43;10;43;1;1
-43;10;44;0;1
-43;10;49;1;1
-43;10;51;0;1
-43;10;52;0;1
-43;10;54;0;1
-43;10;55;0;1
-43;11;12;0;1
-43;11;13;0;1
-43;11;16;0;1
-43;11;17;0;1
-43;11;23;1;1
-43;11;24;0;1
-43;11;28;0;1
-43;11;29;0;1
-43;11;30;0;1
-43;11;35;0;1
-43;11;37;0;1
-43;11;38;0;1
-43;11;39;1;1
-43;11;43;0;1
-43;11;44;0;1
-43;11;45;0;1
-43;11;47;0;1
-43;11;53;0;1
-43;11;55;0;1
-43;12;14;0;1
-43;12;15;0;1
-43;12;16;0;1
-43;12;20;0;1
-43;12;24;1;1
-43;12;25;1;1
-43;12;26;0;1
-43;12;34;0;1
-43;12;39;0;1
-43;12;41;1;1
-43;12;42;0;1
-43;12;43;1;1
-43;12;46;1;1
-43;12;52;0;1
-43;12;53;0;1
-43;12;54;0;1
-43;13;14;0;1
-43;13;16;0;1
-43;13;18;0;1
-43;13;20;1;1
-43;13;25;0;1
-43;13;27;0;1
-43;13;31;0;1
-43;13;33;1;1
-43;13;34;0;1
-43;13;39;1;1
-43;13;41;0;1
-43;13;43;1;1
-43;13;45;0;1
-43;13;48;0;1
-43;13;50;0;1
-43;13;52;0;1
-43;13;54;0;1
-43;13;55;0;1
-43;14;13;0;1
-43;14;20;0;1
-43;14;23;0;1
-43;14;25;0;1
-43;14;26;1;1
-43;14;28;0;1
-43;14;33;1;1
-43;14;36;0;1
-43;14;38;0;1
-43;14;43;0;1
-43;14;45;0;1
-43;14;47;0;1
-43;14;53;0;1
-43;15;24;1;1
-43;15;30;0;1
-43;15;32;0;1
-43;15;33;0;1
-43;15;34;0;1
-43;15;35;0;1
-43;15;38;0;1
-43;15;39;1;1
-43;15;44;0;1
-43;15;45;0;1
-43;15;48;1;1
-43;15;49;0;1
-43;15;50;0;1
-43;15;52;0;1
-43;15;54;0;1
-43;16;15;0;1
-43;16;16;0;1
-43;16;17;0;1
-43;16;18;0;1
-43;16;19;0;1
-43;16;20;0;1
-43;16;21;0;1
-43;16;22;1;1
-43;16;24;0;1
-43;16;25;1;1
-43;16;26;0;1
-43;16;29;1;1
-43;16;30;0;1
-43;16;31;1;1
-43;16;36;0;1
-43;16;38;1;1
-43;16;40;0;1
-43;16;41;1;1
-43;16;45;0;1
-43;16;48;0;1
-43;16;49;1;1
-43;16;52;0;1
-43;16;53;1;1
-43;17;15;0;1
-43;17;18;1;1
-43;17;19;0;1
-43;17;21;0;1
-43;17;22;1;1
-43;17;25;0;1
-43;17;26;0;1
-43;17;31;1;1
-43;17;32;0;1
-43;17;36;0;1
-43;17;37;0;1
-43;17;42;1;1
-43;17;43;1;1
-43;17;45;0;1
-43;17;46;0;1
-43;17;47;0;1
-43;17;48;1;1
-43;17;51;1;1
-43;17;53;0;1
-43;18;14;1;1
-43;18;15;0;1
-43;18;21;1;1
-43;18;27;1;1
-43;18;28;0;1
-43;18;29;0;1
-43;18;37;1;1
-43;18;39;0;1
-43;18;40;0;1
-43;18;42;0;1
-43;18;43;1;1
-43;18;49;0;1
-43;18;50;0;1
-43;18;52;0;1
-43;18;53;0;1
-43;19;14;1;1
-43;19;15;0;1
-43;19;20;1;1
-43;19;26;0;1
-43;19;28;0;1
-43;19;29;1;1
-43;19;37;1;1
-43;19;40;0;1
-43;19;49;1;1
-43;19;51;1;1
-43;20;15;0;1
-43;20;17;0;1
-43;20;18;1;1
-43;20;20;0;1
-43;20;23;1;1
-43;20;25;0;1
-43;20;27;0;1
-43;20;32;0;1
-43;20;35;1;1
-43;20;36;0;1
-43;20;40;0;1
-43;20;43;0;1
-43;20;48;1;1
-43;20;51;1;1
-43;20;52;0;1
-43;21;16;1;1
-43;21;17;1;1
-43;21;18;1;1
-43;21;20;0;1
-43;21;27;0;1
-43;21;29;0;1
-43;21;32;1;1
-43;21;33;0;1
-43;21;34;1;1
-43;21;35;0;1
-43;21;38;0;1
-43;21;43;0;1
-43;21;44;1;1
-43;21;47;1;1
-43;21;49;1;1
-43;21;50;0;1
-43;22;13;0;1
-43;22;26;1;1
-43;22;29;1;1
-43;22;30;0;1
-43;22;32;0;1
-43;22;33;1;1
-43;22;35;0;1
-43;22;38;0;1
-43;22;40;0;1
-43;22;42;0;1
-43;22;43;1;1
-43;22;48;0;1
-43;23;14;0;1
-43;23;16;0;1
-43;23;20;1;1
-43;23;21;0;1
-43;23;23;1;1
-43;23;24;0;1
-43;23;25;0;1
-43;23;26;0;1
-43;23;27;0;1
-43;23;31;1;1
-43;23;33;1;1
-43;23;35;1;1
-43;23;36;0;1
-43;23;39;0;1
-43;23;41;1;1
-43;23;45;1;1
-43;23;49;1;1
-43;23;51;0;1
-43;24;21;1;1
-43;24;25;0;1
-43;24;30;1;1
-43;24;33;0;1
-43;24;35;1;1
-43;24;39;1;1
-43;24;40;0;1
-43;24;45;0;1
-43;24;46;0;1
-43;24;50;0;1
-43;24;51;1;1
-43;25;14;1;1
-43;25;19;0;1
-43;25;20;1;1
-43;25;22;0;1
-43;25;23;1;1
-43;25;29;1;1
-43;25;31;0;1
-43;25;32;1;1
-43;25;34;0;1
-43;25;35;0;1
-43;25;36;0;1
-43;25;38;0;1
-43;25;39;0;1
-43;25;47;0;1
-43;25;49;1;1
-43;26;14;1;1
-43;26;20;1;1
-43;26;21;0;1
-43;26;22;1;1
-43;26;24;1;1
-43;26;27;1;1
-43;26;29;1;1
-43;26;30;1;1
-43;26;33;0;1
-43;26;37;0;1
-43;26;38;0;1
-43;26;40;1;1
-43;26;44;0;1
-43;26;45;0;1
-43;26;47;0;1
-43;26;49;0;1
-43;26;50;1;1
-43;27;14;0;1
-43;27;19;1;1
-43;27;20;0;1
-43;27;21;0;1
-43;27;22;0;1
-43;27;24;1;1
-43;27;25;0;1
-43;27;26;1;1
-43;27;27;0;1
-43;27;28;0;1
-43;27;29;0;1
-43;27;30;0;1
-43;27;32;1;1
-43;27;34;0;1
-43;27;35;1;1
-43;27;36;0;1
-43;27;38;1;1
-43;27;39;0;1
-43;27;40;0;1
-43;27;41;1;1
-43;27;42;0;1
-43;27;45;0;1
-43;27;46;1;1
-43;27;47;1;1
-43;27;48;0;1
-43;28;14;0;1
-43;28;17;0;1
-43;28;20;1;1
-43;28;22;1;1
-43;28;23;0;1
-43;28;24;1;1
-43;28;25;0;1
-43;28;28;0;1
-43;28;29;0;1
-43;28;31;0;1
-43;28;33;1;1
-43;28;34;0;1
-43;28;38;1;1
-43;28;39;0;1
-43;28;40;1;1
-43;28;45;0;1
-43;29;15;0;1
-43;29;19;0;1
-43;29;21;0;1
-43;29;23;0;1
-43;29;24;0;1
-43;29;28;0;1
-43;29;30;0;1
-43;29;31;0;1
-43;29;34;1;1
-43;29;36;0;1
-43;29;38;0;1
-43;29;40;0;1
-43;29;41;0;1
-43;30;15;0;1
-43;30;16;0;1
-43;30;22;0;1
-43;30;23;0;1
-43;30;24;0;1
-43;30;33;0;1
-43;30;34;0;1
-43;30;35;0;1
-43;30;43;1;1
-43;30;44;0;1
-43;30;45;0;1
-43;30;46;0;1
-43;30;47;0;1
-43;31;18;0;1
-43;31;20;0;1
-43;31;25;1;1
-43;31;29;0;1
-43;31;30;0;1
-43;31;40;1;1
-43;31;42;1;1
-43;31;44;0;1
-43;32;19;0;1
-43;32;20;0;1
-43;32;21;0;1
-43;32;23;0;1
-43;32;24;0;1
-43;32;27;0;1
-43;32;29;1;1
-43;32;30;0;1
-43;32;32;0;1
-43;32;33;0;1
-43;32;41;1;1
-43;33;16;0;1
-43;33;17;0;1
-43;33;20;0;1
-43;33;21;0;1
-43;33;22;0;1
-43;33;23;0;1
-43;33;27;1;1
-43;33;28;0;1
-43;33;29;0;1
-43;33;32;1;1
-43;33;34;1;1
-43;33;35;0;1
-43;33;39;1;1
-43;33;41;0;1
-43;33;43;0;1
-43;34;15;0;1
-43;34;19;0;1
-43;34;27;1;1
-43;34;31;1;1
-43;34;38;0;1
-43;34;41;0;1
-43;35;24;0;1
-43;35;25;0;1
-43;35;26;1;1
-43;35;28;0;1
-43;35;29;1;1
-43;35;30;0;1
-43;35;31;1;1
-43;35;32;0;1
-43;35;34;1;1
-43;35;39;0;1
-43;35;40;0;1
-43;35;44;0;1
-43;36;16;0;1
-43;36;18;0;1
-43;36;19;1;1
-43;36;20;1;1
-43;36;22;0;1
-43;36;23;0;1
-43;36;30;0;1
-43;36;31;0;1
-43;36;33;0;1
-43;36;34;1;1
-43;36;35;0;1
-43;36;36;1;1
-43;36;38;1;1
-43;36;41;1;1
-43;36;42;0;1
-43;37;16;0;1
-43;37;17;0;1
-43;37;21;0;1
-43;37;23;1;1
-43;37;25;0;1
-43;37;26;0;1
-43;37;29;1;1
-43;37;34;1;1
-43;37;38;0;1
-43;37;42;0;1
-43;38;18;0;1
-43;38;21;0;1
-43;38;23;1;1
-43;38;27;0;1
-43;38;29;0;1
-43;38;30;0;1
-43;38;33;1;1
-43;38;36;0;1
-43;38;41;0;1
-43;39;16;0;1
-43;39;17;0;1
-43;39;18;0;1
-43;39;19;1;1
-43;39;21;1;1
-43;39;23;0;1
-43;39;25;1;1
-43;39;28;0;1
-43;39;30;0;1
-43;39;35;0;1
-43;39;38;0;1
-43;39;39;0;1
-43;40;17;0;1
-43;40;18;0;1
-43;40;19;0;1
-43;40;27;0;1
-43;40;31;1;1
-43;40;32;0;1
-43;40;34;1;1
-43;40;39;0;1
-43;41;16;0;1
-43;41;20;0;1
-43;41;22;1;1
-43;41;23;0;1
-43;41;24;0;1
-43;41;29;1;1
-43;41;31;0;1
-43;41;36;1;1
-43;41;37;0;1
-43;42;19;1;1
-43;42;20;0;1
-43;42;25;0;1
-43;42;26;1;1
-43;42;27;1;1
-43;42;33;0;1
-43;42;34;0;1
-43;42;35;0;1
-43;42;36;0;1
-43;43;19;1;1
-43;43;20;1;1
-43;43;22;0;1
-43;43;26;1;1
-43;43;29;0;1
-43;43;30;1;1
-43;43;32;0;1
-43;43;34;0;1
-43;44;18;0;1
-43;44;21;1;1
-43;44;22;0;1
-43;44;23;1;1
-43;44;25;0;1
-43;44;29;1;1
-43;44;32;1;1
-43;44;33;1;1
-43;44;34;1;1
-43;44;35;0;1
-43;45;22;0;1
-43;45;29;1;1
-43;45;31;0;1
-43;45;32;0;1
-43;45;33;1;1
-43;45;34;1;1
-43;46;17;0;1
-43;46;18;1;1
-43;46;25;0;1
-43;46;28;0;1
-43;46;30;1;1
-43;46;31;1;1
-43;47;18;0;1
-43;47;19;1;1
-43;47;22;1;1
-43;47;26;1;1
-43;47;28;0;1
-43;47;29;1;1
-43;47;30;0;1
-43;47;31;0;1
-43;48;18;0;1
-43;48;22;1;1
-43;48;25;0;1
-43;48;28;0;1
-43;48;29;0;1
-43;49;19;0;1
-43;49;26;0;1
-43;49;27;0;1
-43;50;18;0;1
-43;50;19;0;1
-43;50;20;0;1
-43;50;21;0;1
-43;50;22;1;1
-43;50;23;1;1
-43;50;24;0;1
-43;50;25;0;1
-43;51;20;0;1
-43;51;23;0;1
-43;52;19;1;1
-43;52;21;1;1
-43;52;22;1;1
-43;53;19;1;1
-42;-53;19;0;1
-42;-53;21;0;1
-42;-52;20;0;1
-42;-52;24;0;1
-42;-51;22;0;1
-42;-51;25;0;1
-42;-51;26;0;1
-42;-50;21;0;1
-42;-50;23;1;1
-42;-49;18;1;1
-42;-49;20;0;1
-42;-49;21;1;1
-42;-49;22;1;1
-42;-49;23;1;1
-42;-49;25;1;1
-42;-49;26;0;1
-42;-49;28;0;1
-42;-48;18;1;1
-42;-48;22;1;1
-42;-48;25;1;1
-42;-48;26;0;1
-42;-48;31;1;1
-42;-47;17;0;1
-42;-47;19;0;1
-42;-47;20;0;1
-42;-47;21;0;1
-42;-47;24;1;1
-42;-47;32;1;1
-42;-46;24;1;1
-42;-46;25;1;1
-42;-46;27;0;1
-42;-46;29;1;1
-42;-46;31;0;1
-42;-46;33;0;1
-42;-46;34;1;1
-42;-45;17;1;1
-42;-45;22;0;1
-42;-45;23;0;1
-42;-45;24;0;1
-42;-45;27;1;1
-42;-45;29;0;1
-42;-45;30;1;1
-42;-45;34;0;1
-42;-44;18;0;1
-42;-44;21;0;1
-42;-44;22;0;1
-42;-44;23;0;1
-42;-44;27;0;1
-42;-44;32;0;1
-42;-44;33;0;1
-42;-44;34;0;1
-42;-44;35;0;1
-42;-44;36;0;1
-42;-43;20;0;1
-42;-43;21;0;1
-42;-43;23;1;1
-42;-43;24;0;1
-42;-43;26;0;1
-42;-43;27;0;1
-42;-43;29;1;1
-42;-43;34;0;1
-42;-42;16;0;1
-42;-42;18;1;1
-42;-42;19;0;1
-42;-42;21;0;1
-42;-42;22;0;1
-42;-42;28;1;1
-42;-42;31;1;1
-42;-42;32;0;1
-42;-42;34;0;1
-42;-42;37;0;1
-42;-42;38;1;1
-42;-41;21;0;1
-42;-41;22;0;1
-42;-41;23;0;1
-42;-41;24;0;1
-42;-41;25;0;1
-42;-41;26;0;1
-42;-41;27;0;1
-42;-41;29;1;1
-42;-41;33;0;1
-42;-41;36;0;1
-42;-41;38;1;1
-42;-40;17;1;1
-42;-40;18;0;1
-42;-40;20;0;1
-42;-40;21;0;1
-42;-40;22;0;1
-42;-40;27;1;1
-42;-40;30;0;1
-42;-40;31;0;1
-42;-40;32;1;1
-42;-40;33;0;1
-42;-40;34;0;1
-42;-40;40;0;1
-42;-40;41;1;1
-42;-39;23;1;1
-42;-39;25;0;1
-42;-39;33;1;1
-42;-39;34;0;1
-42;-39;35;0;1
-42;-39;36;0;1
-42;-39;39;1;1
-42;-39;40;0;1
-42;-38;16;0;1
-42;-38;20;0;1
-42;-38;23;1;1
-42;-38;27;1;1
-42;-38;28;1;1
-42;-38;31;0;1
-42;-38;34;0;1
-42;-38;35;0;1
-42;-38;39;1;1
-42;-38;42;0;1
-42;-37;16;0;1
-42;-37;17;1;1
-42;-37;21;1;1
-42;-37;23;0;1
-42;-37;30;1;1
-42;-37;35;0;1
-42;-37;37;0;1
-42;-37;38;1;1
-42;-37;41;0;1
-42;-37;42;0;1
-42;-36;16;1;1
-42;-36;21;0;1
-42;-36;22;0;1
-42;-36;23;0;1
-42;-36;24;0;1
-42;-36;28;1;1
-42;-36;29;0;1
-42;-36;30;0;1
-42;-36;31;1;1
-42;-36;33;1;1
-42;-36;34;1;1
-42;-36;35;1;1
-42;-36;37;0;1
-42;-36;39;1;1
-42;-36;40;1;1
-42;-36;41;0;1
-42;-36;42;0;1
-42;-36;43;1;1
-42;-36;44;0;1
-42;-35;16;0;1
-42;-35;18;0;1
-42;-35;20;0;1
-42;-35;22;1;1
-42;-35;23;1;1
-42;-35;24;1;1
-42;-35;26;0;1
-42;-35;32;0;1
-42;-35;33;0;1
-42;-35;34;0;1
-42;-35;35;0;1
-42;-35;36;0;1
-42;-35;37;1;1
-42;-35;39;1;1
-42;-35;41;1;1
-42;-35;42;0;1
-42;-35;45;0;1
-42;-34;15;0;1
-42;-34;16;0;1
-42;-34;17;0;1
-42;-34;19;1;1
-42;-34;21;0;1
-42;-34;23;0;1
-42;-34;25;0;1
-42;-34;27;1;1
-42;-34;32;0;1
-42;-34;35;0;1
-42;-34;39;0;1
-42;-34;45;0;1
-42;-34;46;0;1
-42;-33;15;0;1
-42;-33;20;0;1
-42;-33;22;0;1
-42;-33;26;0;1
-42;-33;28;0;1
-42;-33;29;1;1
-42;-33;30;0;1
-42;-33;35;1;1
-42;-33;36;0;1
-42;-33;37;1;1
-42;-33;39;0;1
-42;-33;42;0;1
-42;-33;44;0;1
-42;-33;46;0;1
-42;-32;19;1;1
-42;-32;26;1;1
-42;-32;31;1;1
-42;-32;33;0;1
-42;-32;37;1;1
-42;-32;38;0;1
-42;-32;39;0;1
-42;-32;40;0;1
-42;-32;41;1;1
-42;-32;43;0;1
-42;-32;45;1;1
-42;-32;46;0;1
-42;-31;16;0;1
-42;-31;17;0;1
-42;-31;19;1;1
-42;-31;20;1;1
-42;-31;23;0;1
-42;-31;25;1;1
-42;-31;27;0;1
-42;-31;29;0;1
-42;-31;35;1;1
-42;-31;38;1;1
-42;-31;39;1;1
-42;-31;45;0;1
-42;-31;46;1;1
-42;-30;16;1;1
-42;-30;20;0;1
-42;-30;21;0;1
-42;-30;22;0;1
-42;-30;24;1;1
-42;-30;25;0;1
-42;-30;29;0;1
-42;-30;31;0;1
-42;-30;32;0;1
-42;-30;36;0;1
-42;-30;37;0;1
-42;-30;38;1;1
-42;-30;39;0;1
-42;-30;42;1;1
-42;-30;43;0;1
-42;-30;45;0;1
-42;-30;47;0;1
-42;-29;15;1;1
-42;-29;16;0;1
-42;-29;20;1;1
-42;-29;21;0;1
-42;-29;23;1;1
-42;-29;24;1;1
-42;-29;25;1;1
-42;-29;27;0;1
-42;-29;28;0;1
-42;-29;30;0;1
-42;-29;31;0;1
-42;-29;35;1;1
-42;-29;40;1;1
-42;-29;42;1;1
-42;-29;46;1;1
-42;-29;49;0;1
-42;-28;14;1;1
-42;-28;16;0;1
-42;-28;18;1;1
-42;-28;19;1;1
-42;-28;24;0;1
-42;-28;30;0;1
-42;-28;32;0;1
-42;-28;35;1;1
-42;-28;36;1;1
-42;-28;37;0;1
-42;-28;41;1;1
-42;-28;42;0;1
-42;-28;43;0;1
-42;-28;44;0;1
-42;-28;45;1;1
-42;-27;15;0;1
-42;-27;16;1;1
-42;-27;17;0;1
-42;-27;21;0;1
-42;-27;22;1;1
-42;-27;24;0;1
-42;-27;29;0;1
-42;-27;30;1;1
-42;-27;32;1;1
-42;-27;35;1;1
-42;-27;38;1;1
-42;-27;40;0;1
-42;-27;41;0;1
-42;-27;44;0;1
-42;-27;47;0;1
-42;-27;48;1;1
-42;-27;49;0;1
-42;-26;16;1;1
-42;-26;18;0;1
-42;-26;20;0;1
-42;-26;21;0;1
-42;-26;22;0;1
-42;-26;25;0;1
-42;-26;26;1;1
-42;-26;30;0;1
-42;-26;34;0;1
-42;-26;36;1;1
-42;-26;39;0;1
-42;-26;41;1;1
-42;-26;42;0;1
-42;-26;46;1;1
-42;-26;51;0;1
-42;-25;15;1;1
-42;-25;18;1;1
-42;-25;26;1;1
-42;-25;29;0;1
-42;-25;30;0;1
-42;-25;31;0;1
-42;-25;34;1;1
-42;-25;36;0;1
-42;-25;37;1;1
-42;-25;38;1;1
-42;-25;39;0;1
-42;-25;42;0;1
-42;-25;43;0;1
-42;-25;44;1;1
-42;-25;46;0;1
-42;-25;48;0;1
-42;-25;49;0;1
-42;-25;51;1;1
-42;-24;14;0;1
-42;-24;18;1;1
-42;-24;22;1;1
-42;-24;27;0;1
-42;-24;34;0;1
-42;-24;38;0;1
-42;-24;40;1;1
-42;-24;42;0;1
-42;-24;44;0;1
-42;-24;45;1;1
-42;-24;47;1;1
-42;-24;50;0;1
-42;-24;52;1;1
-42;-23;13;1;1
-42;-23;16;1;1
-42;-23;20;0;1
-42;-23;22;0;1
-42;-23;23;0;1
-42;-23;24;0;1
-42;-23;29;0;1
-42;-23;31;1;1
-42;-23;35;1;1
-42;-23;36;0;1
-42;-23;37;1;1
-42;-23;38;1;1
-42;-23;39;1;1
-42;-23;40;1;1
-42;-23;43;1;1
-42;-23;46;0;1
-42;-22;14;0;1
-42;-22;19;0;1
-42;-22;23;1;1
-42;-22;24;0;1
-42;-22;25;0;1
-42;-22;26;1;1
-42;-22;32;0;1
-42;-22;34;0;1
-42;-22;36;0;1
-42;-22;43;0;1
-42;-22;44;0;1
-42;-22;51;0;1
-42;-21;14;0;1
-42;-21;17;0;1
-42;-21;18;0;1
-42;-21;19;0;1
-42;-21;26;0;1
-42;-21;29;0;1
-42;-21;30;0;1
-42;-21;32;0;1
-42;-21;36;0;1
-42;-21;37;0;1
-42;-21;38;1;1
-42;-21;42;1;1
-42;-21;43;1;1
-42;-21;45;1;1
-42;-21;46;1;1
-42;-21;48;0;1
-42;-20;13;0;1
-42;-20;14;1;1
-42;-20;21;1;1
-42;-20;23;0;1
-42;-20;24;0;1
-42;-20;31;0;1
-42;-20;32;0;1
-42;-20;33;1;1
-42;-20;36;1;1
-42;-20;38;0;1
-42;-20;40;1;1
-42;-20;41;0;1
-42;-20;42;1;1
-42;-20;43;1;1
-42;-20;45;0;1
-42;-20;46;0;1
-42;-20;49;0;1
-42;-20;50;1;1
-42;-20;51;0;1
-42;-19;15;0;1
-42;-19;17;0;1
-42;-19;18;1;1
-42;-19;21;1;1
-42;-19;23;0;1
-42;-19;24;1;1
-42;-19;25;0;1
-42;-19;27;1;1
-42;-19;42;0;1
-42;-19;43;0;1
-42;-19;44;1;1
-42;-18;13;0;1
-42;-18;14;0;1
-42;-18;17;0;1
-42;-18;18;0;1
-42;-18;23;1;1
-42;-18;25;0;1
-42;-18;26;0;1
-42;-18;28;0;1
-42;-18;36;0;1
-42;-18;37;1;1
-42;-18;38;0;1
-42;-18;41;1;1
-42;-18;42;0;1
-42;-18;43;1;1
-42;-18;44;0;1
-42;-18;45;0;1
-42;-18;46;0;1
-42;-18;53;0;1
-42;-17;15;0;1
-42;-17;17;0;1
-42;-17;20;0;1
-42;-17;21;1;1
-42;-17;24;0;1
-42;-17;25;0;1
-42;-17;29;0;1
-42;-17;32;0;1
-42;-17;34;0;1
-42;-17;35;0;1
-42;-17;36;0;1
-42;-17;41;0;1
-42;-17;43;1;1
-42;-17;44;0;1
-42;-17;45;0;1
-42;-17;47;1;1
-42;-17;48;1;1
-42;-17;49;0;1
-42;-17;51;1;1
-42;-17;52;1;1
-42;-17;54;0;1
-42;-16;13;0;1
-42;-16;16;0;1
-42;-16;20;1;1
-42;-16;24;0;1
-42;-16;25;0;1
-42;-16;26;0;1
-42;-16;28;0;1
-42;-16;31;0;1
-42;-16;32;0;1
-42;-16;34;0;1
-42;-16;36;1;1
-42;-16;38;1;1
-42;-16;40;0;1
-42;-16;41;0;1
-42;-16;44;0;1
-42;-16;45;1;1
-42;-16;46;1;1
-42;-16;48;1;1
-42;-16;49;1;1
-42;-16;51;1;1
-42;-16;52;0;1
-42;-16;54;1;1
-42;-15;12;0;1
-42;-15;16;1;1
-42;-15;22;1;1
-42;-15;23;0;1
-42;-15;26;1;1
-42;-15;28;0;1
-42;-15;29;0;1
-42;-15;32;1;1
-42;-15;33;0;1
-42;-15;35;0;1
-42;-15;36;0;1
-42;-15;37;1;1
-42;-15;41;0;1
-42;-15;43;1;1
-42;-15;44;0;1
-42;-15;46;0;1
-42;-15;48;0;1
-42;-15;50;1;1
-42;-15;51;0;1
-42;-15;52;0;1
-42;-15;54;1;1
-42;-14;14;0;1
-42;-14;16;1;1
-42;-14;19;1;1
-42;-14;20;0;1
-42;-14;21;0;1
-42;-14;22;1;1
-42;-14;25;0;1
-42;-14;28;0;1
-42;-14;29;0;1
-42;-14;30;0;1
-42;-14;31;1;1
-42;-14;36;0;1
-42;-14;44;1;1
-42;-14;45;1;1
-42;-14;48;0;1
-42;-14;51;0;1
-42;-14;52;1;1
-42;-14;55;0;1
-42;-13;15;0;1
-42;-13;16;0;1
-42;-13;17;0;1
-42;-13;19;0;1
-42;-13;20;0;1
-42;-13;21;1;1
-42;-13;26;0;1
-42;-13;28;0;1
-42;-13;29;0;1
-42;-13;30;1;1
-42;-13;33;0;1
-42;-13;35;1;1
-42;-13;38;0;1
-42;-13;42;0;1
-42;-13;46;0;1
-42;-13;49;1;1
-42;-13;50;0;1
-42;-13;51;0;1
-42;-13;52;1;1
-42;-13;53;0;1
-42;-13;55;0;1
-42;-12;20;0;1
-42;-12;22;1;1
-42;-12;23;0;1
-42;-12;24;1;1
-42;-12;27;1;1
-42;-12;31;0;1
-42;-12;33;1;1
-42;-12;37;0;1
-42;-12;38;0;1
-42;-12;43;1;1
-42;-12;45;1;1
-42;-12;52;0;1
-42;-12;53;0;1
-42;-12;55;0;1
-42;-11;15;1;1
-42;-11;16;0;1
-42;-11;19;1;1
-42;-11;22;1;1
-42;-11;23;1;1
-42;-11;29;1;1
-42;-11;31;0;1
-42;-11;33;1;1
-42;-11;36;0;1
-42;-11;37;1;1
-42;-11;39;1;1
-42;-11;44;0;1
-42;-11;45;1;1
-42;-11;46;1;1
-42;-11;49;1;1
-42;-11;53;0;1
-42;-11;55;0;1
-42;-10;13;0;1
-42;-10;14;1;1
-42;-10;23;0;1
-42;-10;27;0;1
-42;-10;28;0;1
-42;-10;32;1;1
-42;-10;33;1;1
-42;-10;36;1;1
-42;-10;38;0;1
-42;-10;39;1;1
-42;-10;40;0;1
-42;-10;45;0;1
-42;-10;46;0;1
-42;-10;55;1;1
-42;-9;12;1;1
-42;-9;14;1;1
-42;-9;19;0;1
-42;-9;22;0;1
-42;-9;30;1;1
-42;-9;33;1;1
-42;-9;36;1;1
-42;-9;42;0;1
-42;-9;43;0;1
-42;-9;49;0;1
-42;-9;51;0;1
-42;-9;53;0;1
-42;-8;15;0;1
-42;-8;16;1;1
-42;-8;22;0;1
-42;-8;27;0;1
-42;-8;28;1;1
-42;-8;29;0;1
-42;-8;30;0;1
-42;-8;31;1;1
-42;-8;32;0;1
-42;-8;34;0;1
-42;-8;37;0;1
-42;-8;39;0;1
-42;-8;43;0;1
-42;-8;47;1;1
-42;-8;49;1;1
-42;-8;52;0;1
-42;-8;55;0;1
-42;-8;56;1;1
-42;-7;12;0;1
-42;-7;13;0;1
-42;-7;16;0;1
-42;-7;18;0;1
-42;-7;19;0;1
-42;-7;24;0;1
-42;-7;26;0;1
-42;-7;27;1;1
-42;-7;28;0;1
-42;-7;29;0;1
-42;-7;35;0;1
-42;-7;39;0;1
-42;-7;43;0;1
-42;-7;46;0;1
-42;-7;49;1;1
-42;-7;50;1;1
-42;-7;51;0;1
-42;-7;54;0;1
-42;-6;13;0;1
-42;-6;19;0;1
-42;-6;24;0;1
-42;-6;26;1;1
-42;-6;29;0;1
-42;-6;31;0;1
-42;-6;32;0;1
-42;-6;35;1;1
-42;-6;40;0;1
-42;-6;41;0;1
-42;-6;42;0;1
-42;-6;44;0;1
-42;-6;46;0;1
-42;-6;47;1;1
-42;-6;53;1;1
-42;-6;54;0;1
-42;-6;55;1;1
-42;-5;12;0;1
-42;-5;13;0;1
-42;-5;21;1;1
-42;-5;22;0;1
-42;-5;23;1;1
-42;-5;24;1;1
-42;-5;27;1;1
-42;-5;29;1;1
-42;-5;31;1;1
-42;-5;32;0;1
-42;-5;33;0;1
-42;-5;37;1;1
-42;-5;40;0;1
-42;-5;41;0;1
-42;-5;45;1;1
-42;-5;47;0;1
-42;-5;48;0;1
-42;-5;50;0;1
-42;-5;52;1;1
-42;-5;54;0;1
-42;-5;57;0;1
-42;-4;13;0;1
-42;-4;16;0;1
-42;-4;18;0;1
-42;-4;20;0;1
-42;-4;21;0;1
-42;-4;23;0;1
-42;-4;24;0;1
-42;-4;25;0;1
-42;-4;26;0;1
-42;-4;29;0;1
-42;-4;33;0;1
-42;-4;35;1;1
-42;-4;36;0;1
-42;-4;39;0;1
-42;-4;40;1;1
-42;-4;42;1;1
-42;-4;44;1;1
-42;-4;48;1;1
-42;-4;51;1;1
-42;-3;12;1;1
-42;-3;15;0;1
-42;-3;16;1;1
-42;-3;20;0;1
-42;-3;21;0;1
-42;-3;22;0;1
-42;-3;24;0;1
-42;-3;25;0;1
-42;-3;29;0;1
-42;-3;36;1;1
-42;-3;37;1;1
-42;-3;42;0;1
-42;-3;44;1;1
-42;-3;45;1;1
-42;-3;46;0;1
-42;-3;49;1;1
-42;-3;55;0;1
-42;-3;56;1;1
-42;-2;15;0;1
-42;-2;16;0;1
-42;-2;19;0;1
-42;-2;21;0;1
-42;-2;22;0;1
-42;-2;26;0;1
-42;-2;29;1;1
-42;-2;30;1;1
-42;-2;34;1;1
-42;-2;38;0;1
-42;-2;43;0;1
-42;-2;47;1;1
-42;-2;48;0;1
-42;-2;50;1;1
-42;-2;54;1;1
-42;-2;55;0;1
-42;-2;57;1;1
-42;-1;12;0;1
-42;-1;15;0;1
-42;-1;16;0;1
-42;-1;18;0;1
-42;-1;19;1;1
-42;-1;27;0;1
-42;-1;28;0;1
-42;-1;29;1;1
-42;-1;32;1;1
-42;-1;33;1;1
-42;-1;34;1;1
-42;-1;35;0;1
-42;-1;36;1;1
-42;-1;37;0;1
-42;-1;40;0;1
-42;-1;44;0;1
-42;-1;45;0;1
-42;-1;49;0;1
-42;-1;50;0;1
-42;-1;52;0;1
-42;0;12;1;1
-42;0;13;0;1
-42;0;14;0;1
-42;0;15;0;1
-42;0;18;1;1
-42;0;19;1;1
-42;0;20;0;1
-42;0;22;0;1
-42;0;23;0;1
-42;0;24;0;1
-42;0;25;0;1
-42;0;28;0;1
-42;0;29;0;1
-42;0;33;1;1
-42;0;34;0;1
-42;0;36;1;1
-42;0;40;1;1
-42;0;41;0;1
-42;0;44;1;1
-42;0;47;0;1
-42;0;48;0;1
-42;0;52;1;1
-42;0;53;1;1
-42;0;54;0;1
-42;1;12;1;1
-42;1;14;1;1
-42;1;16;1;1
-42;1;18;0;1
-42;1;30;1;1
-42;1;31;0;1
-42;1;32;1;1
-42;1;34;1;1
-42;1;37;0;1
-42;1;41;0;1
-42;1;43;1;1
-42;1;46;0;1
-42;1;47;0;1
-42;1;48;1;1
-42;1;51;1;1
-42;1;52;0;1
-42;1;55;0;1
-42;1;56;0;1
-42;2;14;1;1
-42;2;17;1;1
-42;2;21;0;1
-42;2;22;0;1
-42;2;25;1;1
-42;2;26;1;1
-42;2;27;0;1
-42;2;30;1;1
-42;2;31;0;1
-42;2;32;0;1
-42;2;42;1;1
-42;2;43;1;1
-42;2;44;1;1
-42;2;48;0;1
-42;2;52;0;1
-42;2;57;0;1
-42;3;12;1;1
-42;3;13;1;1
-42;3;14;1;1
-42;3;15;0;1
-42;3;16;0;1
-42;3;18;0;1
-42;3;24;0;1
-42;3;25;0;1
-42;3;30;1;1
-42;3;34;0;1
-42;3;36;1;1
-42;3;41;0;1
-42;3;47;0;1
-42;3;49;0;1
-42;3;50;1;1
-42;3;53;0;1
-42;3;57;0;1
-42;4;13;1;1
-42;4;14;0;1
-42;4;16;1;1
-42;4;22;0;1
-42;4;23;0;1
-42;4;24;0;1
-42;4;28;0;1
-42;4;33;0;1
-42;4;37;1;1
-42;4;41;0;1
-42;4;45;0;1
-42;4;48;1;1
-42;4;49;1;1
-42;4;51;1;1
-42;4;53;0;1
-42;5;14;1;1
-42;5;16;0;1
-42;5;17;0;1
-42;5;18;0;1
-42;5;19;0;1
-42;5;20;0;1
-42;5;22;1;1
-42;5;23;0;1
-42;5;24;0;1
-42;5;25;0;1
-42;5;30;0;1
-42;5;31;0;1
-42;5;33;0;1
-42;5;34;0;1
-42;5;38;0;1
-42;5;39;0;1
-42;5;41;0;1
-42;5;42;0;1
-42;5;43;1;1
-42;5;46;1;1
-42;5;51;1;1
-42;5;55;1;1
-42;5;57;0;1
-42;6;12;0;1
-42;6;17;0;1
-42;6;18;0;1
-42;6;25;0;1
-42;6;27;1;1
-42;6;28;0;1
-42;6;30;1;1
-42;6;36;0;1
-42;6;43;1;1
-42;6;50;1;1
-42;6;52;0;1
-42;6;53;0;1
-42;6;56;1;1
-42;7;12;0;1
-42;7;13;1;1
-42;7;14;1;1
-42;7;15;0;1
-42;7;17;0;1
-42;7;18;1;1
-42;7;20;0;1
-42;7;22;0;1
-42;7;26;1;1
-42;7;31;1;1
-42;7;35;0;1
-42;7;38;0;1
-42;7;39;0;1
-42;7;40;0;1
-42;7;41;0;1
-42;7;42;0;1
-42;7;43;1;1
-42;7;44;0;1
-42;7;49;0;1
-42;7;50;1;1
-42;7;52;0;1
-42;7;53;1;1
-42;7;54;1;1
-42;7;55;0;1
-42;8;14;1;1
-42;8;17;0;1
-42;8;18;0;1
-42;8;19;0;1
-42;8;21;1;1
-42;8;23;1;1
-42;8;25;0;1
-42;8;26;0;1
-42;8;31;1;1
-42;8;32;0;1
-42;8;36;1;1
-42;8;38;1;1
-42;8;42;1;1
-42;8;44;0;1
-42;8;46;0;1
-42;8;47;0;1
-42;8;54;0;1
-42;8;56;0;1
-42;9;14;1;1
-42;9;17;0;1
-42;9;18;0;1
-42;9;19;1;1
-42;9;20;0;1
-42;9;21;1;1
-42;9;22;0;1
-42;9;25;0;1
-42;9;26;1;1
-42;9;32;0;1
-42;9;37;0;1
-42;9;38;1;1
-42;9;39;1;1
-42;9;44;0;1
-42;9;45;0;1
-42;9;46;0;1
-42;9;48;1;1
-42;9;49;1;1
-42;9;52;1;1
-42;10;13;0;1
-42;10;17;0;1
-42;10;19;0;1
-42;10;22;1;1
-42;10;23;0;1
-42;10;25;0;1
-42;10;27;0;1
-42;10;28;0;1
-42;10;30;1;1
-42;10;31;1;1
-42;10;32;0;1
-42;10;33;0;1
-42;10;39;0;1
-42;10;40;0;1
-42;10;42;1;1
-42;10;45;1;1
-42;10;47;0;1
-42;10;49;0;1
-42;10;51;0;1
-42;10;53;0;1
-42;11;12;1;1
-42;11;14;0;1
-42;11;19;0;1
-42;11;30;0;1
-42;11;32;0;1
-42;11;36;1;1
-42;11;40;0;1
-42;11;43;0;1
-42;11;45;0;1
-42;11;46;1;1
-42;11;47;0;1
-42;11;51;0;1
-42;11;55;0;1
-42;12;12;0;1
-42;12;14;1;1
-42;12;15;0;1
-42;12;16;0;1
-42;12;17;0;1
-42;12;18;0;1
-42;12;19;1;1
-42;12;21;1;1
-42;12;26;0;1
-42;12;30;1;1
-42;12;31;0;1
-42;12;32;0;1
-42;12;37;1;1
-42;12;43;1;1
-42;12;46;0;1
-42;12;52;0;1
-42;13;13;0;1
-42;13;17;0;1
-42;13;19;0;1
-42;13;23;0;1
-42;13;24;1;1
-42;13;27;0;1
-42;13;29;0;1
-42;13;30;0;1
-42;13;39;1;1
-42;13;42;1;1
-42;13;44;0;1
-42;13;46;1;1
-42;13;50;0;1
-42;13;51;1;1
-42;13;55;0;1
-42;14;12;0;1
-42;14;16;1;1
-42;14;17;0;1
-42;14;18;0;1
-42;14;21;0;1
-42;14;23;0;1
-42;14;24;0;1
-42;14;29;0;1
-42;14;34;0;1
-42;14;35;0;1
-42;14;36;0;1
-42;14;39;0;1
-42;14;49;1;1
-42;14;50;1;1
-42;14;52;0;1
-42;14;54;0;1
-42;15;14;1;1
-42;15;19;0;1
-42;15;20;0;1
-42;15;24;0;1
-42;15;26;1;1
-42;15;27;0;1
-42;15;28;0;1
-42;15;29;1;1
-42;15;31;1;1
-42;15;33;0;1
-42;15;44;1;1
-42;15;48;1;1
-42;15;50;0;1
-42;15;51;0;1
-42;15;53;0;1
-42;16;14;1;1
-42;16;15;1;1
-42;16;17;0;1
-42;16;18;1;1
-42;16;23;0;1
-42;16;27;0;1
-42;16;36;1;1
-42;16;40;0;1
-42;16;41;0;1
-42;16;43;0;1
-42;16;44;0;1
-42;16;45;0;1
-42;16;46;0;1
-42;16;50;1;1
-42;16;51;0;1
-42;16;52;0;1
-42;16;53;0;1
-42;16;55;0;1
-42;17;13;0;1
-42;17;14;0;1
-42;17;16;0;1
-42;17;17;1;1
-42;17;22;1;1
-42;17;23;0;1
-42;17;27;1;1
-42;17;29;1;1
-42;17;30;0;1
-42;17;31;0;1
-42;17;38;0;1
-42;17;39;0;1
-42;17;40;0;1
-42;17;41;0;1
-42;17;44;0;1
-42;17;45;1;1
-42;17;47;0;1
-42;17;48;1;1
-42;17;50;0;1
-42;17;54;1;1
-42;18;13;1;1
-42;18;14;0;1
-42;18;16;1;1
-42;18;18;0;1
-42;18;20;0;1
-42;18;23;1;1
-42;18;25;0;1
-42;18;28;1;1
-42;18;29;1;1
-42;18;32;0;1
-42;18;34;0;1
-42;18;38;1;1
-42;18;39;0;1
-42;18;45;0;1
-42;18;49;0;1
-42;18;50;1;1
-42;18;51;1;1
-42;18;54;0;1
-42;19;13;0;1
-42;19;15;1;1
-42;19;21;0;1
-42;19;24;0;1
-42;19;28;0;1
-42;19;30;1;1
-42;19;31;1;1
-42;19;33;0;1
-42;19;34;0;1
-42;19;36;0;1
-42;19;38;0;1
-42;19;40;0;1
-42;19;42;1;1
-42;19;44;0;1
-42;19;47;0;1
-42;19;52;1;1
-42;19;53;0;1
-42;19;54;0;1
-42;20;13;0;1
-42;20;14;0;1
-42;20;17;1;1
-42;20;22;1;1
-42;20;27;0;1
-42;20;28;1;1
-42;20;32;0;1
-42;20;33;1;1
-42;20;37;0;1
-42;20;39;0;1
-42;20;40;0;1
-42;20;41;0;1
-42;20;42;0;1
-42;20;43;0;1
-42;20;44;1;1
-42;20;47;1;1
-42;20;50;1;1
-42;20;52;0;1
-42;20;53;0;1
-42;21;13;0;1
-42;21;14;1;1
-42;21;15;1;1
-42;21;16;1;1
-42;21;22;0;1
-42;21;26;1;1
-42;21;29;0;1
-42;21;34;1;1
-42;21;36;0;1
-42;21;38;1;1
-42;21;41;0;1
-42;21;42;1;1
-42;21;44;0;1
-42;21;45;1;1
-42;21;46;1;1
-42;21;52;1;1
-42;22;13;0;1
-42;22;17;0;1
-42;22;19;0;1
-42;22;24;1;1
-42;22;25;0;1
-42;22;26;0;1
-42;22;29;0;1
-42;22;30;0;1
-42;22;31;1;1
-42;22;35;0;1
-42;22;36;0;1
-42;22;37;0;1
-42;22;39;0;1
-42;22;40;0;1
-42;22;42;0;1
-42;22;52;1;1
-42;23;14;1;1
-42;23;17;1;1
-42;23;21;0;1
-42;23;27;0;1
-42;23;39;0;1
-42;23;40;0;1
-42;23;42;0;1
-42;23;44;1;1
-42;23;45;0;1
-42;23;46;0;1
-42;23;48;0;1
-42;23;49;1;1
-42;23;52;0;1
-42;24;13;0;1
-42;24;15;0;1
-42;24;17;1;1
-42;24;18;1;1
-42;24;24;1;1
-42;24;25;0;1
-42;24;28;1;1
-42;24;30;1;1
-42;24;31;1;1
-42;24;35;1;1
-42;24;36;1;1
-42;24;41;1;1
-42;24;43;1;1
-42;24;46;0;1
-42;24;48;0;1
-42;24;52;0;1
-42;25;19;0;1
-42;25;23;0;1
-42;25;24;0;1
-42;25;27;0;1
-42;25;28;1;1
-42;25;34;0;1
-42;25;35;0;1
-42;25;39;1;1
-42;25;40;0;1
-42;25;41;1;1
-42;25;48;1;1
-42;25;49;1;1
-42;25;50;1;1
-42;26;14;1;1
-42;26;15;0;1
-42;26;16;0;1
-42;26;17;1;1
-42;26;18;1;1
-42;26;21;0;1
-42;26;22;1;1
-42;26;26;1;1
-42;26;27;0;1
-42;26;35;0;1
-42;26;36;0;1
-42;26;37;1;1
-42;26;39;0;1
-42;26;46;0;1
-42;26;47;0;1
-42;26;48;0;1
-42;26;49;1;1
-42;27;14;0;1
-42;27;15;1;1
-42;27;16;0;1
-42;27;20;0;1
-42;27;21;0;1
-42;27;23;0;1
-42;27;24;1;1
-42;27;26;0;1
-42;27;28;0;1
-42;27;34;0;1
-42;27;38;0;1
-42;27;39;1;1
-42;27;47;0;1
-42;28;15;0;1
-42;28;16;1;1
-42;28;19;1;1
-42;28;20;1;1
-42;28;21;0;1
-42;28;22;1;1
-42;28;25;0;1
-42;28;29;1;1
-42;28;31;1;1
-42;28;34;0;1
-42;28;35;0;1
-42;28;39;0;1
-42;28;44;0;1
-42;28;45;0;1
-42;29;17;1;1
-42;29;21;0;1
-42;29;22;1;1
-42;29;23;0;1
-42;29;24;1;1
-42;29;25;1;1
-42;29;26;0;1
-42;29;30;0;1
-42;29;33;1;1
-42;29;35;0;1
-42;29;37;1;1
-42;29;38;0;1
-42;29;39;0;1
-42;29;46;0;1
-42;29;49;1;1
-42;30;17;1;1
-42;30;19;0;1
-42;30;22;0;1
-42;30;25;1;1
-42;30;26;0;1
-42;30;28;0;1
-42;30;29;1;1
-42;30;30;0;1
-42;30;32;1;1
-42;30;37;0;1
-42;30;41;1;1
-42;30;42;0;1
-42;30;43;0;1
-42;30;46;0;1
-42;30;47;0;1
-42;30;48;0;1
-42;31;14;0;1
-42;31;19;0;1
-42;31;21;0;1
-42;31;24;0;1
-42;31;26;0;1
-42;31;27;1;1
-42;31;31;1;1
-42;31;32;1;1
-42;31;33;0;1
-42;31;37;0;1
-42;31;39;1;1
-42;31;41;0;1
-42;31;42;0;1
-42;31;44;0;1
-42;31;45;0;1
-42;31;47;1;1
-42;32;16;1;1
-42;32;18;0;1
-42;32;19;0;1
-42;32;21;1;1
-42;32;22;0;1
-42;32;30;0;1
-42;32;32;0;1
-42;32;34;1;1
-42;32;35;1;1
-42;32;38;1;1
-42;32;40;0;1
-42;32;42;0;1
-42;32;43;0;1
-42;32;44;1;1
-42;32;45;0;1
-42;33;15;1;1
-42;33;16;1;1
-42;33;17;0;1
-42;33;19;0;1
-42;33;22;1;1
-42;33;24;1;1
-42;33;25;0;1
-42;33;26;1;1
-42;33;28;0;1
-42;33;31;0;1
-42;33;33;1;1
-42;33;39;0;1
-42;33;40;0;1
-42;33;42;0;1
-42;33;43;1;1
-42;33;44;0;1
-42;33;45;0;1
-42;33;46;0;1
-42;34;15;0;1
-42;34;19;0;1
-42;34;20;1;1
-42;34;21;0;1
-42;34;22;1;1
-42;34;24;0;1
-42;34;28;1;1
-42;34;30;0;1
-42;34;31;1;1
-42;34;33;1;1
-42;34;36;0;1
-42;34;37;1;1
-42;34;38;1;1
-42;34;39;0;1
-42;34;43;0;1
-42;34;44;0;1
-42;35;16;1;1
-42;35;20;0;1
-42;35;24;1;1
-42;35;25;1;1
-42;35;26;1;1
-42;35;27;1;1
-42;35;28;0;1
-42;35;31;0;1
-42;35;34;0;1
-42;35;39;0;1
-42;35;41;1;1
-42;35;44;0;1
-42;35;45;1;1
-42;36;16;0;1
-42;36;22;0;1
-42;36;24;0;1
-42;36;27;0;1
-42;36;28;0;1
-42;36;29;0;1
-42;36;33;1;1
-42;36;34;0;1
-42;36;38;0;1
-42;36;41;0;1
-42;36;42;0;1
-42;36;44;0;1
-42;37;15;0;1
-42;37;24;0;1
-42;37;28;1;1
-42;37;29;0;1
-42;37;31;0;1
-42;37;39;1;1
-42;37;40;1;1
-42;38;18;0;1
-42;38;20;0;1
-42;38;22;0;1
-42;38;23;0;1
-42;38;25;1;1
-42;38;29;0;1
-42;38;30;0;1
-42;38;33;0;1
-42;38;34;1;1
-42;38;36;1;1
-42;38;37;0;1
-42;38;38;1;1
-42;38;40;0;1
-42;38;42;1;1
-42;39;20;0;1
-42;39;21;0;1
-42;39;32;0;1
-42;39;33;1;1
-42;39;35;0;1
-42;39;38;0;1
-42;39;39;0;1
-42;39;40;0;1
-42;39;41;1;1
-42;40;16;0;1
-42;40;22;0;1
-42;40;23;0;1
-42;40;25;0;1
-42;40;27;1;1
-42;40;28;0;1
-42;40;32;1;1
-42;40;35;0;1
-42;40;37;0;1
-42;40;39;0;1
-42;41;16;0;1
-42;41;19;1;1
-42;41;21;0;1
-42;41;27;0;1
-42;41;28;1;1
-42;41;34;1;1
-42;41;35;0;1
-42;41;36;0;1
-42;42;16;0;1
-42;42;21;0;1
-42;42;29;0;1
-42;42;32;1;1
-42;42;33;1;1
-42;42;36;1;1
-42;42;37;0;1
-42;42;38;0;1
-42;43;21;0;1
-42;43;22;0;1
-42;43;25;1;1
-42;43;28;0;1
-42;43;31;0;1
-42;43;34;0;1
-42;43;35;1;1
-42;44;21;0;1
-42;44;23;1;1
-42;44;28;0;1
-42;44;29;0;1
-42;44;33;1;1
-42;44;35;0;1
-42;45;17;0;1
-42;45;18;0;1
-42;45;22;1;1
-42;45;23;0;1
-42;45;26;0;1
-42;45;28;1;1
-42;45;29;1;1
-42;45;32;0;1
-42;46;17;0;1
-42;46;18;0;1
-42;46;24;0;1
-42;46;25;0;1
-42;46;26;0;1
-42;46;30;0;1
-42;46;31;1;1
-42;46;32;0;1
-42;47;18;0;1
-42;47;19;1;1
-42;47;22;1;1
-42;47;28;0;1
-42;47;29;1;1
-42;48;20;1;1
-42;48;21;0;1
-42;48;23;0;1
-42;48;25;0;1
-42;48;29;0;1
-42;48;31;0;1
-42;49;24;0;1
-42;49;25;0;1
-42;49;28;0;1
-42;49;29;1;1
-42;50;18;1;1
-42;50;23;1;1
-42;50;25;0;1
-42;51;22;0;1
-42;51;23;0;1
-42;51;25;1;1
-42;51;26;0;1
-42;52;19;1;1
-42;52;21;0;1
-42;52;23;1;1
-42;53;21;0;1
-42;54;19;0;1
-41;-54;19;0;1
-41;-53;18;1;1
-41;-53;19;0;1
-41;-53;20;1;1
-41;-53;22;0;1
-41;-53;23;0;1
-41;-52;18;0;1
-41;-52;22;0;1
-41;-51;20;1;1
-41;-51;22;0;1
-41;-51;23;0;1
-41;-51;24;1;1
-41;-51;26;0;1
-41;-50;22;0;1
-41;-50;27;0;1
-41;-50;29;0;1
-41;-49;20;0;1
-41;-49;23;0;1
-41;-49;24;0;1
-41;-49;26;0;1
-41;-49;28;0;1
-41;-49;29;1;1
-41;-48;18;1;1
-41;-48;20;0;1
-41;-48;23;1;1
-41;-48;26;1;1
-41;-48;32;0;1
-41;-47;25;1;1
-41;-47;26;0;1
-41;-47;30;0;1
-41;-47;31;0;1
-41;-47;33;0;1
-41;-46;21;0;1
-41;-46;24;0;1
-41;-46;27;0;1
-41;-46;28;1;1
-41;-46;30;0;1
-41;-46;31;0;1
-41;-45;19;0;1
-41;-45;21;0;1
-41;-45;22;0;1
-41;-45;23;0;1
-41;-44;22;1;1
-41;-44;23;1;1
-41;-44;28;0;1
-41;-44;34;0;1
-41;-44;35;0;1
-41;-44;37;0;1
-41;-43;31;1;1
-41;-43;35;1;1
-41;-43;36;0;1
-41;-43;37;0;1
-41;-43;38;1;1
-41;-42;17;0;1
-41;-42;19;0;1
-41;-42;23;1;1
-41;-42;24;0;1
-41;-42;25;0;1
-41;-42;29;0;1
-41;-42;33;1;1
-41;-42;36;0;1
-41;-42;37;0;1
-41;-42;39;0;1
-41;-41;16;1;1
-41;-41;18;1;1
-41;-41;22;1;1
-41;-41;23;1;1
-41;-41;27;1;1
-41;-41;33;0;1
-41;-41;35;1;1
-41;-41;38;0;1
-41;-40;19;1;1
-41;-40;25;1;1
-41;-40;26;1;1
-41;-40;27;1;1
-41;-40;28;0;1
-41;-40;29;0;1
-41;-40;30;0;1
-41;-40;31;1;1
-41;-40;32;0;1
-41;-40;34;0;1
-41;-40;40;1;1
-41;-39;17;1;1
-41;-39;19;0;1
-41;-39;20;0;1
-41;-39;25;0;1
-41;-39;27;0;1
-41;-39;28;1;1
-41;-39;30;0;1
-41;-39;31;0;1
-41;-39;32;0;1
-41;-39;35;0;1
-41;-39;41;1;1
-41;-38;15;0;1
-41;-38;18;0;1
-41;-38;19;0;1
-41;-38;21;1;1
-41;-38;22;0;1
-41;-38;25;1;1
-41;-38;26;0;1
-41;-38;27;0;1
-41;-38;28;0;1
-41;-38;31;0;1
-41;-38;34;0;1
-41;-38;37;0;1
-41;-38;42;1;1
-41;-37;16;1;1
-41;-37;17;0;1
-41;-37;19;1;1
-41;-37;21;0;1
-41;-37;22;0;1
-41;-37;27;0;1
-41;-37;29;0;1
-41;-37;30;1;1
-41;-37;34;0;1
-41;-37;35;1;1
-41;-37;37;0;1
-41;-37;39;0;1
-41;-37;40;0;1
-41;-37;41;1;1
-41;-36;17;0;1
-41;-36;18;1;1
-41;-36;19;0;1
-41;-36;20;0;1
-41;-36;23;1;1
-41;-36;25;1;1
-41;-36;27;1;1
-41;-36;30;0;1
-41;-36;32;0;1
-41;-36;34;0;1
-41;-36;35;1;1
-41;-36;38;0;1
-41;-36;41;0;1
-41;-36;44;1;1
-41;-35;16;1;1
-41;-35;17;0;1
-41;-35;18;1;1
-41;-35;19;0;1
-41;-35;20;0;1
-41;-35;21;0;1
-41;-35;25;0;1
-41;-35;27;0;1
-41;-35;30;0;1
-41;-35;31;0;1
-41;-35;32;0;1
-41;-35;36;0;1
-41;-35;37;0;1
-41;-34;24;0;1
-41;-34;26;0;1
-41;-34;29;1;1
-41;-34;31;0;1
-41;-34;32;1;1
-41;-34;33;0;1
-41;-34;36;1;1
-41;-34;37;0;1
-41;-34;39;1;1
-41;-34;43;0;1
-41;-34;47;0;1
-41;-33;16;0;1
-41;-33;17;1;1
-41;-33;18;0;1
-41;-33;20;1;1
-41;-33;22;1;1
-41;-33;23;0;1
-41;-33;28;1;1
-41;-33;40;0;1
-41;-33;43;1;1
-41;-33;44;1;1
-41;-33;45;0;1
-41;-32;14;0;1
-41;-32;18;0;1
-41;-32;20;1;1
-41;-32;21;0;1
-41;-32;22;1;1
-41;-32;30;0;1
-41;-32;31;0;1
-41;-32;32;0;1
-41;-32;34;1;1
-41;-32;35;0;1
-41;-32;38;0;1
-41;-32;41;0;1
-41;-32;42;0;1
-41;-32;43;1;1
-41;-32;44;0;1
-41;-31;15;0;1
-41;-31;17;0;1
-41;-31;18;0;1
-41;-31;19;0;1
-41;-31;21;0;1
-41;-31;26;0;1
-41;-31;31;0;1
-41;-31;35;1;1
-41;-31;36;1;1
-41;-31;37;1;1
-41;-31;40;0;1
-41;-31;41;1;1
-41;-31;42;0;1
-41;-31;49;0;1
-41;-30;14;1;1
-41;-30;15;1;1
-41;-30;18;0;1
-41;-30;31;1;1
-41;-30;34;0;1
-41;-30;36;1;1
-41;-30;38;0;1
-41;-30;43;0;1
-41;-30;45;0;1
-41;-30;46;0;1
-41;-30;48;0;1
-41;-30;49;0;1
-41;-29;15;1;1
-41;-29;17;0;1
-41;-29;18;1;1
-41;-29;20;0;1
-41;-29;21;1;1
-41;-29;22;0;1
-41;-29;25;0;1
-41;-29;26;0;1
-41;-29;27;0;1
-41;-29;30;1;1
-41;-29;31;1;1
-41;-29;33;1;1
-41;-29;34;0;1
-41;-29;40;1;1
-41;-29;41;1;1
-41;-29;48;0;1
-41;-28;18;1;1
-41;-28;19;1;1
-41;-28;20;1;1
-41;-28;21;1;1
-41;-28;25;0;1
-41;-28;26;0;1
-41;-28;27;1;1
-41;-28;28;0;1
-41;-28;29;0;1
-41;-28;30;1;1
-41;-28;32;0;1
-41;-28;34;0;1
-41;-28;35;1;1
-41;-28;37;1;1
-41;-28;39;0;1
-41;-28;42;0;1
-41;-28;44;0;1
-41;-28;46;1;1
-41;-27;14;0;1
-41;-27;17;0;1
-41;-27;18;0;1
-41;-27;21;0;1
-41;-27;25;1;1
-41;-27;26;0;1
-41;-27;34;0;1
-41;-27;38;1;1
-41;-27;39;0;1
-41;-27;45;0;1
-41;-27;46;0;1
-41;-27;47;0;1
-41;-27;51;0;1
-41;-26;19;0;1
-41;-26;20;0;1
-41;-26;23;0;1
-41;-26;24;1;1
-41;-26;26;1;1
-41;-26;29;1;1
-41;-26;30;1;1
-41;-26;31;0;1
-41;-26;35;0;1
-41;-26;36;1;1
-41;-26;38;0;1
-41;-26;41;0;1
-41;-26;42;0;1
-41;-26;43;1;1
-41;-26;45;1;1
-41;-26;47;1;1
-41;-26;51;0;1
-41;-25;15;1;1
-41;-25;16;0;1
-41;-25;20;0;1
-41;-25;24;0;1
-41;-25;26;0;1
-41;-25;31;1;1
-41;-25;32;0;1
-41;-25;33;0;1
-41;-25;37;1;1
-41;-25;41;0;1
-41;-25;42;0;1
-41;-25;43;1;1
-41;-25;50;0;1
-41;-24;13;1;1
-41;-24;17;0;1
-41;-24;20;0;1
-41;-24;23;0;1
-41;-24;26;0;1
-41;-24;28;1;1
-41;-24;30;1;1
-41;-24;31;0;1
-41;-24;36;0;1
-41;-24;40;0;1
-41;-24;42;0;1
-41;-24;43;1;1
-41;-24;45;1;1
-41;-24;46;1;1
-41;-24;51;0;1
-41;-23;18;0;1
-41;-23;22;0;1
-41;-23;24;0;1
-41;-23;26;1;1
-41;-23;29;1;1
-41;-23;31;0;1
-41;-23;32;0;1
-41;-23;36;1;1
-41;-23;37;0;1
-41;-23;40;0;1
-41;-23;42;1;1
-41;-23;44;1;1
-41;-23;45;1;1
-41;-23;47;0;1
-41;-23;48;1;1
-41;-23;51;0;1
-41;-23;52;0;1
-41;-22;13;1;1
-41;-22;20;0;1
-41;-22;21;1;1
-41;-22;23;0;1
-41;-22;25;1;1
-41;-22;29;0;1
-41;-22;31;1;1
-41;-22;39;1;1
-41;-22;44;1;1
-41;-22;49;0;1
-41;-22;50;0;1
-41;-22;51;0;1
-41;-22;52;1;1
-41;-21;14;1;1
-41;-21;16;0;1
-41;-21;18;1;1
-41;-21;23;0;1
-41;-21;24;1;1
-41;-21;28;1;1
-41;-21;34;0;1
-41;-21;35;1;1
-41;-21;38;1;1
-41;-21;39;0;1
-41;-21;43;1;1
-41;-21;46;1;1
-41;-21;51;0;1
-41;-21;52;1;1
-41;-20;14;0;1
-41;-20;15;0;1
-41;-20;20;0;1
-41;-20;24;1;1
-41;-20;28;1;1
-41;-20;29;1;1
-41;-20;31;1;1
-41;-20;36;1;1
-41;-20;37;1;1
-41;-20;42;0;1
-41;-20;43;1;1
-41;-20;44;0;1
-41;-20;46;1;1
-41;-20;47;0;1
-41;-20;50;0;1
-41;-20;51;0;1
-41;-19;13;1;1
-41;-19;15;1;1
-41;-19;18;0;1
-41;-19;21;1;1
-41;-19;24;1;1
-41;-19;25;0;1
-41;-19;26;0;1
-41;-19;27;1;1
-41;-19;29;0;1
-41;-19;33;1;1
-41;-19;36;0;1
-41;-19;38;1;1
-41;-19;41;0;1
-41;-19;44;1;1
-41;-19;46;1;1
-41;-19;54;1;1
-41;-18;12;0;1
-41;-18;13;0;1
-41;-18;14;0;1
-41;-18;15;0;1
-41;-18;16;0;1
-41;-18;18;1;1
-41;-18;20;0;1
-41;-18;23;0;1
-41;-18;27;1;1
-41;-18;30;1;1
-41;-18;31;0;1
-41;-18;38;1;1
-41;-18;41;0;1
-41;-18;44;0;1
-41;-18;45;0;1
-41;-18;47;0;1
-41;-18;49;0;1
-41;-18;50;0;1
-41;-18;51;0;1
-41;-18;53;0;1
-41;-18;54;0;1
-41;-17;15;0;1
-41;-17;21;0;1
-41;-17;23;0;1
-41;-17;25;1;1
-41;-17;26;0;1
-41;-17;33;0;1
-41;-17;35;0;1
-41;-17;39;1;1
-41;-17;40;0;1
-41;-17;41;1;1
-41;-17;46;0;1
-41;-17;49;0;1
-41;-17;50;1;1
-41;-17;52;0;1
-41;-17;54;1;1
-41;-16;12;0;1
-41;-16;15;1;1
-41;-16;17;0;1
-41;-16;19;1;1
-41;-16;20;1;1
-41;-16;22;0;1
-41;-16;23;0;1
-41;-16;24;1;1
-41;-16;26;1;1
-41;-16;29;1;1
-41;-16;33;0;1
-41;-16;34;0;1
-41;-16;43;1;1
-41;-16;46;1;1
-41;-16;49;0;1
-41;-16;52;1;1
-41;-15;12;1;1
-41;-15;13;1;1
-41;-15;14;0;1
-41;-15;16;0;1
-41;-15;17;0;1
-41;-15;18;0;1
-41;-15;19;0;1
-41;-15;23;0;1
-41;-15;24;1;1
-41;-15;29;1;1
-41;-15;33;0;1
-41;-15;37;0;1
-41;-15;38;0;1
-41;-15;40;0;1
-41;-15;41;0;1
-41;-15;42;0;1
-41;-15;50;0;1
-41;-15;52;0;1
-41;-15;56;1;1
-41;-14;15;1;1
-41;-14;19;1;1
-41;-14;20;0;1
-41;-14;21;0;1
-41;-14;22;0;1
-41;-14;25;1;1
-41;-14;28;1;1
-41;-14;29;0;1
-41;-14;32;0;1
-41;-14;35;1;1
-41;-14;42;1;1
-41;-14;48;1;1
-41;-14;50;0;1
-41;-14;52;0;1
-41;-13;13;1;1
-41;-13;14;1;1
-41;-13;15;0;1
-41;-13;16;0;1
-41;-13;17;0;1
-41;-13;20;0;1
-41;-13;23;0;1
-41;-13;26;0;1
-41;-13;30;0;1
-41;-13;31;0;1
-41;-13;32;0;1
-41;-13;34;1;1
-41;-13;36;0;1
-41;-13;39;0;1
-41;-13;42;0;1
-41;-13;49;1;1
-41;-13;52;0;1
-41;-13;53;0;1
-41;-13;55;0;1
-41;-13;56;0;1
-41;-12;17;1;1
-41;-12;21;0;1
-41;-12;24;0;1
-41;-12;28;1;1
-41;-12;29;1;1
-41;-12;35;0;1
-41;-12;36;0;1
-41;-12;40;0;1
-41;-12;41;0;1
-41;-12;42;0;1
-41;-12;43;0;1
-41;-12;44;0;1
-41;-12;46;0;1
-41;-12;47;0;1
-41;-12;48;0;1
-41;-12;49;0;1
-41;-12;50;0;1
-41;-12;53;1;1
-41;-12;55;0;1
-41;-11;16;1;1
-41;-11;20;1;1
-41;-11;21;1;1
-41;-11;23;0;1
-41;-11;29;0;1
-41;-11;33;1;1
-41;-11;34;1;1
-41;-11;37;1;1
-41;-11;41;0;1
-41;-11;42;0;1
-41;-11;47;1;1
-41;-11;48;0;1
-41;-11;50;0;1
-41;-11;53;0;1
-41;-11;56;0;1
-41;-10;12;1;1
-41;-10;14;0;1
-41;-10;17;0;1
-41;-10;20;1;1
-41;-10;21;0;1
-41;-10;24;1;1
-41;-10;26;0;1
-41;-10;27;1;1
-41;-10;28;1;1
-41;-10;31;0;1
-41;-10;35;0;1
-41;-10;38;1;1
-41;-10;40;0;1
-41;-10;44;1;1
-41;-10;45;0;1
-41;-10;51;0;1
-41;-10;53;0;1
-41;-10;54;0;1
-41;-10;57;0;1
-41;-9;12;0;1
-41;-9;13;0;1
-41;-9;17;1;1
-41;-9;19;1;1
-41;-9;25;1;1
-41;-9;32;1;1
-41;-9;33;1;1
-41;-9;35;0;1
-41;-9;36;1;1
-41;-9;37;0;1
-41;-9;40;1;1
-41;-9;41;1;1
-41;-9;43;0;1
-41;-9;46;1;1
-41;-9;47;0;1
-41;-9;48;1;1
-41;-9;50;1;1
-41;-8;12;1;1
-41;-8;13;0;1
-41;-8;17;0;1
-41;-8;19;1;1
-41;-8;20;0;1
-41;-8;22;0;1
-41;-8;24;1;1
-41;-8;26;0;1
-41;-8;31;0;1
-41;-8;36;0;1
-41;-8;37;1;1
-41;-8;39;0;1
-41;-8;40;0;1
-41;-8;46;0;1
-41;-8;47;1;1
-41;-8;49;0;1
-41;-8;51;0;1
-41;-8;54;1;1
-41;-8;56;0;1
-41;-7;14;1;1
-41;-7;16;0;1
-41;-7;18;1;1
-41;-7;19;0;1
-41;-7;21;1;1
-41;-7;30;0;1
-41;-7;31;0;1
-41;-7;34;1;1
-41;-7;36;1;1
-41;-7;39;0;1
-41;-7;41;0;1
-41;-7;45;1;1
-41;-7;47;0;1
-41;-7;48;0;1
-41;-7;51;0;1
-41;-7;52;1;1
-41;-7;55;0;1
-41;-6;12;1;1
-41;-6;13;0;1
-41;-6;15;0;1
-41;-6;16;0;1
-41;-6;18;1;1
-41;-6;20;0;1
-41;-6;21;0;1
-41;-6;23;0;1
-41;-6;24;0;1
-41;-6;26;0;1
-41;-6;27;0;1
-41;-6;29;1;1
-41;-6;30;0;1
-41;-6;31;0;1
-41;-6;32;0;1
-41;-6;34;1;1
-41;-6;38;0;1
-41;-6;39;0;1
-41;-6;45;0;1
-41;-6;50;0;1
-41;-6;52;0;1
-41;-6;53;0;1
-41;-6;54;1;1
-41;-6;55;0;1
-41;-6;56;0;1
-41;-6;57;0;1
-41;-5;13;1;1
-41;-5;17;0;1
-41;-5;18;1;1
-41;-5;23;0;1
-41;-5;25;0;1
-41;-5;26;0;1
-41;-5;29;0;1
-41;-5;31;1;1
-41;-5;34;1;1
-41;-5;36;0;1
-41;-5;38;0;1
-41;-5;42;1;1
-41;-5;45;1;1
-41;-5;53;0;1
-41;-5;55;0;1
-41;-5;56;1;1
-41;-5;57;0;1
-41;-4;12;0;1
-41;-4;13;1;1
-41;-4;14;0;1
-41;-4;16;0;1
-41;-4;20;1;1
-41;-4;21;0;1
-41;-4;23;0;1
-41;-4;24;0;1
-41;-4;28;0;1
-41;-4;29;0;1
-41;-4;32;0;1
-41;-4;33;0;1
-41;-4;36;1;1
-41;-4;37;0;1
-41;-4;38;0;1
-41;-4;42;0;1
-41;-4;43;0;1
-41;-4;44;1;1
-41;-4;45;0;1
-41;-4;46;0;1
-41;-4;48;0;1
-41;-4;50;1;1
-41;-4;53;0;1
-41;-4;56;0;1
-41;-3;12;1;1
-41;-3;13;1;1
-41;-3;20;0;1
-41;-3;21;1;1
-41;-3;22;0;1
-41;-3;26;0;1
-41;-3;28;1;1
-41;-3;29;0;1
-41;-3;30;0;1
-41;-3;34;0;1
-41;-3;35;0;1
-41;-3;42;0;1
-41;-3;43;0;1
-41;-3;45;0;1
-41;-3;47;0;1
-41;-3;48;1;1
-41;-3;51;0;1
-41;-3;54;0;1
-41;-3;55;1;1
-41;-3;56;1;1
-41;-2;13;0;1
-41;-2;17;1;1
-41;-2;18;0;1
-41;-2;22;0;1
-41;-2;27;0;1
-41;-2;29;0;1
-41;-2;30;0;1
-41;-2;32;1;1
-41;-2;33;1;1
-41;-2;40;0;1
-41;-2;42;0;1
-41;-2;44;0;1
-41;-2;45;0;1
-41;-2;51;0;1
-41;-2;54;1;1
-41;-1;12;1;1
-41;-1;13;1;1
-41;-1;14;1;1
-41;-1;16;0;1
-41;-1;18;0;1
-41;-1;19;0;1
-41;-1;22;0;1
-41;-1;25;1;1
-41;-1;29;0;1
-41;-1;31;0;1
-41;-1;35;1;1
-41;-1;40;0;1
-41;-1;41;0;1
-41;-1;43;0;1
-41;-1;51;1;1
-41;-1;52;1;1
-41;0;15;0;1
-41;0;16;0;1
-41;0;19;1;1
-41;0;20;0;1
-41;0;21;1;1
-41;0;22;0;1
-41;0;23;0;1
-41;0;24;0;1
-41;0;26;1;1
-41;0;28;0;1
-41;0;30;0;1
-41;0;31;0;1
-41;0;32;0;1
-41;0;33;0;1
-41;0;34;0;1
-41;0;35;0;1
-41;0;36;0;1
-41;0;38;0;1
-41;0;44;0;1
-41;0;45;0;1
-41;0;48;0;1
-41;0;51;0;1
-41;0;52;1;1
-41;0;57;1;1
-41;1;13;1;1
-41;1;14;0;1
-41;1;16;0;1
-41;1;25;1;1
-41;1;28;0;1
-41;1;29;1;1
-41;1;32;0;1
-41;1;35;1;1
-41;1;37;0;1
-41;1;38;0;1
-41;1;39;0;1
-41;1;40;0;1
-41;1;41;1;1
-41;1;42;1;1
-41;1;44;0;1
-41;1;45;0;1
-41;1;47;1;1
-41;1;48;0;1
-41;1;49;0;1
-41;1;50;0;1
-41;1;54;1;1
-41;2;11;1;1
-41;2;13;1;1
-41;2;15;0;1
-41;2;16;1;1
-41;2;17;1;1
-41;2;18;1;1
-41;2;20;1;1
-41;2;22;0;1
-41;2;27;0;1
-41;2;32;0;1
-41;2;35;0;1
-41;2;36;0;1
-41;2;41;0;1
-41;2;52;0;1
-41;2;54;0;1
-41;2;57;0;1
-41;3;12;0;1
-41;3;14;1;1
-41;3;15;1;1
-41;3;16;0;1
-41;3;17;1;1
-41;3;22;0;1
-41;3;26;0;1
-41;3;28;0;1
-41;3;30;0;1
-41;3;33;1;1
-41;3;37;0;1
-41;3;38;1;1
-41;3;40;0;1
-41;3;42;1;1
-41;3;43;0;1
-41;3;44;0;1
-41;3;46;0;1
-41;3;52;0;1
-41;3;57;0;1
-41;4;16;0;1
-41;4;17;0;1
-41;4;18;1;1
-41;4;19;1;1
-41;4;25;0;1
-41;4;26;0;1
-41;4;28;0;1
-41;4;31;0;1
-41;4;35;0;1
-41;4;38;1;1
-41;4;39;0;1
-41;4;42;0;1
-41;4;43;1;1
-41;4;49;0;1
-41;4;50;1;1
-41;4;51;0;1
-41;4;56;0;1
-41;5;13;0;1
-41;5;17;1;1
-41;5;18;0;1
-41;5;24;0;1
-41;5;27;0;1
-41;5;29;0;1
-41;5;32;1;1
-41;5;33;0;1
-41;5;34;1;1
-41;5;35;0;1
-41;5;37;1;1
-41;5;38;1;1
-41;5;40;1;1
-41;5;41;1;1
-41;5;42;1;1
-41;5;47;0;1
-41;5;48;0;1
-41;5;50;0;1
-41;5;54;0;1
-41;6;16;1;1
-41;6;17;1;1
-41;6;20;0;1
-41;6;21;0;1
-41;6;22;1;1
-41;6;24;0;1
-41;6;25;0;1
-41;6;26;0;1
-41;6;29;1;1
-41;6;30;0;1
-41;6;36;0;1
-41;6;40;1;1
-41;6;41;0;1
-41;6;42;0;1
-41;6;46;1;1
-41;6;48;0;1
-41;6;53;0;1
-41;6;54;1;1
-41;6;55;1;1
-41;6;57;0;1
-41;7;12;0;1
-41;7;13;0;1
-41;7;14;0;1
-41;7;15;0;1
-41;7;16;0;1
-41;7;17;1;1
-41;7;19;0;1
-41;7;20;1;1
-41;7;21;1;1
-41;7;22;0;1
-41;7;23;0;1
-41;7;26;0;1
-41;7;28;0;1
-41;7;31;0;1
-41;7;43;0;1
-41;7;44;0;1
-41;7;45;1;1
-41;7;47;0;1
-41;7;50;1;1
-41;7;52;1;1
-41;7;54;0;1
-41;7;57;1;1
-41;8;12;0;1
-41;8;13;0;1
-41;8;16;1;1
-41;8;19;1;1
-41;8;22;0;1
-41;8;27;0;1
-41;8;29;1;1
-41;8;30;0;1
-41;8;31;1;1
-41;8;32;0;1
-41;8;33;1;1
-41;8;34;0;1
-41;8;36;1;1
-41;8;38;0;1
-41;8;40;0;1
-41;8;41;0;1
-41;8;45;0;1
-41;8;46;1;1
-41;8;47;0;1
-41;8;49;1;1
-41;8;50;0;1
-41;8;51;1;1
-41;8;54;1;1
-41;8;56;1;1
-41;9;13;0;1
-41;9;14;1;1
-41;9;20;0;1
-41;9;21;1;1
-41;9;22;0;1
-41;9;23;0;1
-41;9;25;1;1
-41;9;28;0;1
-41;9;32;1;1
-41;9;33;0;1
-41;9;38;1;1
-41;9;42;1;1
-41;9;44;0;1
-41;9;46;1;1
-41;9;48;0;1
-41;9;52;0;1
-41;9;54;0;1
-41;9;56;0;1
-41;10;16;1;1
-41;10;20;0;1
-41;10;23;0;1
-41;10;26;0;1
-41;10;28;1;1
-41;10;30;1;1
-41;10;33;0;1
-41;10;35;1;1
-41;10;40;0;1
-41;10;42;1;1
-41;10;44;1;1
-41;10;45;0;1
-41;10;46;1;1
-41;10;47;0;1
-41;10;48;0;1
-41;10;49;1;1
-41;10;53;0;1
-41;10;54;1;1
-41;10;56;0;1
-41;10;57;1;1
-41;11;12;0;1
-41;11;14;1;1
-41;11;15;0;1
-41;11;16;0;1
-41;11;17;0;1
-41;11;18;0;1
-41;11;21;0;1
-41;11;24;0;1
-41;11;25;0;1
-41;11;26;0;1
-41;11;27;1;1
-41;11;29;0;1
-41;11;30;1;1
-41;11;32;1;1
-41;11;34;1;1
-41;11;35;0;1
-41;11;37;0;1
-41;11;39;0;1
-41;11;40;1;1
-41;11;44;0;1
-41;11;46;0;1
-41;11;49;0;1
-41;11;51;0;1
-41;11;55;0;1
-41;12;13;1;1
-41;12;14;0;1
-41;12;15;0;1
-41;12;16;0;1
-41;12;18;1;1
-41;12;19;0;1
-41;12;23;1;1
-41;12;24;0;1
-41;12;26;0;1
-41;12;27;0;1
-41;12;33;1;1
-41;12;36;0;1
-41;12;37;0;1
-41;12;41;0;1
-41;12;44;1;1
-41;12;47;0;1
-41;12;48;0;1
-41;12;50;1;1
-41;12;51;0;1
-41;13;13;0;1
-41;13;14;0;1
-41;13;15;0;1
-41;13;16;0;1
-41;13;18;1;1
-41;13;20;1;1
-41;13;30;1;1
-41;13;34;1;1
-41;13;36;0;1
-41;13;39;0;1
-41;13;42;0;1
-41;13;44;1;1
-41;13;50;0;1
-41;13;51;1;1
-41;13;52;0;1
-41;13;54;1;1
-41;14;12;0;1
-41;14;16;0;1
-41;14;19;1;1
-41;14;21;0;1
-41;14;30;0;1
-41;14;32;0;1
-41;14;34;0;1
-41;14;41;0;1
-41;14;42;1;1
-41;14;45;1;1
-41;14;46;0;1
-41;14;49;1;1
-41;14;52;1;1
-41;14;53;0;1
-41;14;55;1;1
-41;15;18;1;1
-41;15;19;0;1
-41;15;20;0;1
-41;15;21;0;1
-41;15;22;1;1
-41;15;24;0;1
-41;15;31;1;1
-41;15;36;1;1
-41;15;40;0;1
-41;15;46;0;1
-41;15;50;0;1
-41;15;53;1;1
-41;15;55;0;1
-41;16;15;0;1
-41;16;16;0;1
-41;16;18;1;1
-41;16;19;0;1
-41;16;24;0;1
-41;16;25;1;1
-41;16;27;0;1
-41;16;31;1;1
-41;16;32;0;1
-41;16;36;0;1
-41;16;37;0;1
-41;16;39;1;1
-41;16;40;0;1
-41;16;41;1;1
-41;16;44;0;1
-41;16;48;1;1
-41;16;49;0;1
-41;16;50;1;1
-41;16;51;1;1
-41;16;54;0;1
-41;17;13;0;1
-41;17;14;1;1
-41;17;16;0;1
-41;17;18;1;1
-41;17;21;0;1
-41;17;22;0;1
-41;17;28;0;1
-41;17;29;1;1
-41;17;30;0;1
-41;17;31;0;1
-41;17;32;1;1
-41;17;34;1;1
-41;17;36;0;1
-41;17;37;1;1
-41;17;44;1;1
-41;17;47;0;1
-41;17;50;0;1
-41;17;52;0;1
-41;17;53;0;1
-41;18;13;0;1
-41;18;14;0;1
-41;18;15;1;1
-41;18;17;1;1
-41;18;18;0;1
-41;18;23;1;1
-41;18;26;1;1
-41;18;29;0;1
-41;18;30;1;1
-41;18;34;0;1
-41;18;36;0;1
-41;18;38;0;1
-41;18;42;0;1
-41;18;43;1;1
-41;18;45;0;1
-41;18;46;0;1
-41;18;50;0;1
-41;18;51;0;1
-41;18;52;0;1
-41;18;53;0;1
-41;18;54;0;1
-41;18;55;0;1
-41;19;13;1;1
-41;19;14;1;1
-41;19;15;1;1
-41;19;17;0;1
-41;19;22;1;1
-41;19;23;0;1
-41;19;24;0;1
-41;19;25;1;1
-41;19;27;0;1
-41;19;28;0;1
-41;19;32;0;1
-41;19;34;0;1
-41;19;39;1;1
-41;19;40;1;1
-41;19;42;0;1
-41;19;43;0;1
-41;19;44;0;1
-41;19;46;0;1
-41;19;47;1;1
-41;19;48;0;1
-41;19;50;0;1
-41;20;13;0;1
-41;20;14;0;1
-41;20;15;1;1
-41;20;17;0;1
-41;20;19;0;1
-41;20;25;0;1
-41;20;26;1;1
-41;20;27;0;1
-41;20;28;0;1
-41;20;30;0;1
-41;20;32;0;1
-41;20;35;0;1
-41;20;36;0;1
-41;20;37;1;1
-41;20;38;0;1
-41;20;40;0;1
-41;20;41;0;1
-41;20;42;0;1
-41;20;44;0;1
-41;20;48;0;1
-41;20;50;1;1
-41;20;51;0;1
-41;20;53;0;1
-41;21;14;0;1
-41;21;17;0;1
-41;21;18;1;1
-41;21;22;0;1
-41;21;25;0;1
-41;21;27;1;1
-41;21;29;0;1
-41;21;30;0;1
-41;21;31;1;1
-41;21;34;0;1
-41;21;39;1;1
-41;21;45;1;1
-41;21;50;1;1
-41;21;53;0;1
-41;21;54;0;1
-41;22;14;0;1
-41;22;15;1;1
-41;22;16;0;1
-41;22;18;0;1
-41;22;19;0;1
-41;22;20;1;1
-41;22;21;1;1
-41;22;23;1;1
-41;22;25;0;1
-41;22;27;1;1
-41;22;28;1;1
-41;22;31;0;1
-41;22;32;1;1
-41;22;37;0;1
-41;22;40;0;1
-41;22;41;1;1
-41;22;42;0;1
-41;22;43;0;1
-41;22;44;0;1
-41;22;45;1;1
-41;22;46;0;1
-41;22;48;1;1
-41;22;53;0;1
-41;23;13;0;1
-41;23;18;0;1
-41;23;20;0;1
-41;23;22;0;1
-41;23;26;0;1
-41;23;29;1;1
-41;23;31;0;1
-41;23;38;1;1
-41;23;42;0;1
-41;23;44;1;1
-41;23;48;0;1
-41;23;49;0;1
-41;23;50;0;1
-41;23;51;1;1
-41;24;13;1;1
-41;24;17;0;1
-41;24;18;0;1
-41;24;19;0;1
-41;24;33;0;1
-41;24;35;0;1
-41;24;36;0;1
-41;24;40;0;1
-41;24;43;1;1
-41;24;45;0;1
-41;24;48;0;1
-41;24;49;0;1
-41;25;15;1;1
-41;25;16;0;1
-41;25;17;0;1
-41;25;24;1;1
-41;25;25;0;1
-41;25;26;1;1
-41;25;28;0;1
-41;25;29;1;1
-41;25;31;0;1
-41;25;37;0;1
-41;25;42;0;1
-41;25;43;0;1
-41;25;46;0;1
-41;25;48;1;1
-41;25;49;0;1
-41;26;15;0;1
-41;26;18;0;1
-41;26;20;0;1
-41;26;22;1;1
-41;26;23;1;1
-41;26;27;1;1
-41;26;31;0;1
-41;26;32;0;1
-41;26;40;0;1
-41;26;46;0;1
-41;26;47;0;1
-41;26;51;0;1
-41;27;15;0;1
-41;27;17;1;1
-41;27;21;0;1
-41;27;25;1;1
-41;27;28;1;1
-41;27;30;1;1
-41;27;41;1;1
-41;27;42;0;1
-41;27;48;0;1
-41;27;50;1;1
-41;28;19;1;1
-41;28;26;0;1
-41;28;29;0;1
-41;28;31;1;1
-41;28;34;1;1
-41;28;38;1;1
-41;28;39;1;1
-41;28;41;0;1
-41;28;42;0;1
-41;28;44;1;1
-41;28;47;0;1
-41;29;14;1;1
-41;29;15;1;1
-41;29;16;1;1
-41;29;19;0;1
-41;29;20;0;1
-41;29;21;1;1
-41;29;26;1;1
-41;29;27;1;1
-41;29;33;0;1
-41;29;34;0;1
-41;29;39;0;1
-41;29;40;1;1
-41;29;41;0;1
-41;29;43;1;1
-41;29;48;0;1
-41;29;49;1;1
-41;30;14;0;1
-41;30;21;0;1
-41;30;25;0;1
-41;30;26;1;1
-41;30;27;1;1
-41;30;29;0;1
-41;30;31;1;1
-41;30;32;0;1
-41;30;35;0;1
-41;30;40;0;1
-41;30;43;1;1
-41;30;46;1;1
-41;30;48;1;1
-41;31;15;1;1
-41;31;19;0;1
-41;31;23;0;1
-41;31;24;0;1
-41;31;26;0;1
-41;31;28;0;1
-41;31;29;0;1
-41;31;31;1;1
-41;31;32;0;1
-41;31;37;0;1
-41;31;40;0;1
-41;31;41;1;1
-41;31;42;1;1
-41;32;14;0;1
-41;32;16;1;1
-41;32;18;1;1
-41;32;20;0;1
-41;32;21;1;1
-41;32;25;0;1
-41;32;27;0;1
-41;32;28;0;1
-41;32;31;0;1
-41;32;33;1;1
-41;32;36;0;1
-41;32;39;1;1
-41;32;40;0;1
-41;32;42;0;1
-41;32;43;1;1
-41;32;48;0;1
-41;33;15;0;1
-41;33;18;0;1
-41;33;19;1;1
-41;33;21;0;1
-41;33;23;0;1
-41;33;30;0;1
-41;33;32;1;1
-41;33;36;0;1
-41;33;37;0;1
-41;33;38;1;1
-41;34;20;0;1
-41;34;22;1;1
-41;34;25;1;1
-41;34;27;0;1
-41;34;29;1;1
-41;34;31;0;1
-41;34;33;0;1
-41;34;34;0;1
-41;34;36;1;1
-41;34;37;1;1
-41;34;38;0;1
-41;34;40;0;1
-41;34;43;0;1
-41;34;44;0;1
-41;34;46;0;1
-41;34;47;0;1
-41;35;16;0;1
-41;35;17;1;1
-41;35;19;0;1
-41;35;20;0;1
-41;35;25;0;1
-41;35;29;1;1
-41;35;32;0;1
-41;35;33;0;1
-41;35;34;1;1
-41;35;37;0;1
-41;35;40;0;1
-41;36;15;0;1
-41;36;16;0;1
-41;36;18;0;1
-41;36;20;0;1
-41;36;21;0;1
-41;36;24;1;1
-41;36;28;0;1
-41;36;29;1;1
-41;36;32;1;1
-41;36;36;1;1
-41;36;38;1;1
-41;36;41;0;1
-41;37;16;0;1
-41;37;20;0;1
-41;37;23;0;1
-41;37;25;0;1
-41;37;26;1;1
-41;37;27;0;1
-41;37;30;0;1
-41;37;31;1;1
-41;37;35;0;1
-41;37;39;1;1
-41;38;15;0;1
-41;38;19;1;1
-41;38;23;0;1
-41;38;25;0;1
-41;38;30;1;1
-41;38;31;1;1
-41;38;34;0;1
-41;38;35;0;1
-41;38;37;0;1
-41;38;38;0;1
-41;38;39;1;1
-41;38;40;0;1
-41;38;41;1;1
-41;38;42;0;1
-41;39;20;0;1
-41;39;22;0;1
-41;39;24;1;1
-41;39;25;1;1
-41;39;26;0;1
-41;39;29;0;1
-41;39;31;1;1
-41;39;34;0;1
-41;39;37;0;1
-41;39;40;1;1
-41;39;41;0;1
-41;39;42;1;1
-41;40;17;0;1
-41;40;19;0;1
-41;40;24;1;1
-41;40;25;0;1
-41;40;26;1;1
-41;40;34;0;1
-41;40;35;1;1
-41;40;37;1;1
-41;40;39;1;1
-41;40;40;1;1
-41;40;41;0;1
-41;40;42;0;1
-41;41;18;0;1
-41;41;25;1;1
-41;41;27;1;1
-41;41;35;0;1
-41;41;36;1;1
-41;41;37;0;1
-41;42;16;1;1
-41;42;18;0;1
-41;42;20;1;1
-41;42;25;1;1
-41;42;27;0;1
-41;42;33;0;1
-41;42;36;1;1
-41;42;38;0;1
-41;42;40;0;1
-41;43;19;0;1
-41;43;20;0;1
-41;43;21;0;1
-41;43;23;0;1
-41;43;27;1;1
-41;43;28;1;1
-41;43;29;1;1
-41;43;31;0;1
-41;43;36;0;1
-41;43;38;0;1
-41;44;17;1;1
-41;44;21;0;1
-41;44;24;1;1
-41;44;29;0;1
-41;44;30;1;1
-41;44;33;0;1
-41;44;35;1;1
-41;44;36;0;1
-41;45;24;0;1
-41;45;25;1;1
-41;45;29;0;1
-41;45;30;1;1
-41;45;31;0;1
-41;45;33;0;1
-41;45;34;0;1
-41;45;35;0;1
-41;46;17;0;1
-41;46;18;0;1
-41;46;19;1;1
-41;46;24;1;1
-41;46;27;0;1
-41;46;28;1;1
-41;46;31;0;1
-41;46;33;1;1
-41;46;34;0;1
-41;46;35;1;1
-41;47;20;0;1
-41;47;21;1;1
-41;47;24;0;1
-41;47;26;0;1
-41;47;27;0;1
-41;47;29;0;1
-41;47;32;0;1
-41;48;20;0;1
-41;48;21;1;1
-41;48;23;0;1
-41;48;25;1;1
-41;48;26;0;1
-41;48;27;1;1
-41;48;31;0;1
-41;48;32;0;1
-41;49;19;1;1
-41;49;22;1;1
-41;49;24;0;1
-41;49;26;0;1
-41;49;28;0;1
-41;49;30;0;1
-41;50;21;0;1
-41;50;23;0;1
-41;50;27;0;1
-41;50;28;0;1
-41;50;29;0;1
-41;51;18;0;1
-41;51;26;1;1
-41;52;21;0;1
-41;52;24;1;1
-41;54;19;0;1
-40;-55;19;1;1
-40;-54;22;0;1
-40;-53;19;0;1
-40;-53;21;0;1
-40;-53;22;0;1
-40;-53;25;0;1
-40;-52;20;0;1
-40;-51;20;0;1
-40;-51;22;1;1
-40;-51;24;0;1
-40;-51;25;0;1
-40;-51;28;0;1
-40;-50;22;0;1
-40;-50;24;0;1
-40;-50;28;0;1
-40;-49;19;0;1
-40;-49;20;0;1
-40;-49;21;0;1
-40;-49;22;0;1
-40;-49;23;0;1
-40;-49;25;0;1
-40;-49;26;1;1
-40;-49;27;1;1
-40;-48;17;0;1
-40;-48;20;1;1
-40;-48;21;0;1
-40;-48;23;1;1
-40;-48;25;0;1
-40;-48;26;0;1
-40;-48;30;0;1
-40;-48;32;0;1
-40;-47;17;1;1
-40;-47;20;0;1
-40;-47;24;0;1
-40;-47;25;1;1
-40;-47;27;1;1
-40;-47;30;1;1
-40;-47;31;1;1
-40;-46;22;0;1
-40;-46;32;1;1
-40;-46;35;0;1
-40;-45;17;1;1
-40;-45;18;0;1
-40;-45;19;1;1
-40;-45;21;0;1
-40;-45;27;1;1
-40;-45;28;0;1
-40;-45;30;0;1
-40;-45;32;0;1
-40;-45;33;1;1
-40;-44;19;0;1
-40;-44;20;0;1
-40;-44;21;0;1
-40;-44;24;1;1
-40;-44;27;0;1
-40;-44;28;1;1
-40;-44;29;0;1
-40;-44;33;1;1
-40;-44;38;0;1
-40;-43;18;0;1
-40;-43;24;0;1
-40;-43;25;0;1
-40;-43;29;1;1
-40;-43;30;0;1
-40;-42;18;0;1
-40;-42;22;0;1
-40;-42;23;1;1
-40;-42;25;0;1
-40;-42;26;0;1
-40;-42;27;1;1
-40;-42;29;0;1
-40;-42;30;1;1
-40;-42;32;0;1
-40;-42;34;1;1
-40;-42;35;1;1
-40;-42;39;1;1
-40;-42;41;1;1
-40;-41;18;1;1
-40;-41;22;1;1
-40;-41;24;1;1
-40;-41;27;0;1
-40;-41;28;0;1
-40;-41;29;1;1
-40;-41;30;0;1
-40;-41;32;0;1
-40;-41;33;1;1
-40;-41;35;0;1
-40;-41;40;0;1
-40;-40;19;0;1
-40;-40;23;0;1
-40;-40;24;0;1
-40;-40;25;0;1
-40;-40;30;0;1
-40;-40;33;0;1
-40;-40;35;0;1
-40;-40;36;0;1
-40;-40;41;0;1
-40;-39;17;0;1
-40;-39;18;0;1
-40;-39;19;0;1
-40;-39;20;1;1
-40;-39;22;0;1
-40;-39;23;0;1
-40;-39;25;1;1
-40;-39;27;0;1
-40;-39;29;0;1
-40;-39;31;0;1
-40;-39;32;1;1
-40;-39;34;0;1
-40;-39;37;1;1
-40;-39;38;1;1
-40;-39;40;1;1
-40;-38;18;0;1
-40;-38;26;1;1
-40;-38;27;1;1
-40;-38;30;1;1
-40;-38;33;1;1
-40;-38;40;1;1
-40;-38;41;1;1
-40;-38;43;1;1
-40;-37;15;0;1
-40;-37;17;0;1
-40;-37;18;0;1
-40;-37;20;1;1
-40;-37;23;1;1
-40;-37;30;0;1
-40;-37;32;0;1
-40;-37;33;0;1
-40;-37;37;0;1
-40;-37;43;1;1
-40;-37;45;0;1
-40;-36;17;1;1
-40;-36;19;0;1
-40;-36;21;0;1
-40;-36;23;1;1
-40;-36;25;1;1
-40;-36;31;0;1
-40;-36;32;0;1
-40;-36;33;0;1
-40;-36;35;0;1
-40;-36;36;0;1
-40;-36;41;0;1
-40;-36;44;1;1
-40;-36;46;1;1
-40;-35;20;0;1
-40;-35;23;1;1
-40;-35;24;1;1
-40;-35;29;0;1
-40;-35;30;0;1
-40;-35;31;1;1
-40;-35;32;1;1
-40;-35;35;0;1
-40;-35;43;1;1
-40;-35;44;0;1
-40;-35;47;0;1
-40;-34;17;0;1
-40;-34;21;0;1
-40;-34;22;0;1
-40;-34;25;1;1
-40;-34;28;0;1
-40;-34;30;0;1
-40;-34;31;0;1
-40;-34;33;1;1
-40;-34;38;0;1
-40;-34;40;0;1
-40;-34;43;1;1
-40;-34;47;0;1
-40;-33;14;0;1
-40;-33;15;1;1
-40;-33;17;1;1
-40;-33;18;0;1
-40;-33;19;0;1
-40;-33;22;0;1
-40;-33;27;1;1
-40;-33;28;0;1
-40;-33;29;0;1
-40;-33;35;1;1
-40;-33;37;1;1
-40;-33;41;0;1
-40;-33;42;1;1
-40;-33;43;0;1
-40;-33;45;1;1
-40;-33;46;0;1
-40;-32;15;1;1
-40;-32;16;0;1
-40;-32;17;0;1
-40;-32;32;0;1
-40;-32;36;0;1
-40;-32;39;1;1
-40;-32;41;1;1
-40;-32;43;1;1
-40;-32;45;0;1
-40;-32;47;0;1
-40;-32;48;0;1
-40;-32;49;1;1
-40;-31;16;0;1
-40;-31;20;0;1
-40;-31;23;0;1
-40;-31;24;1;1
-40;-31;25;1;1
-40;-31;29;0;1
-40;-31;31;0;1
-40;-31;32;0;1
-40;-31;33;0;1
-40;-31;34;0;1
-40;-31;37;0;1
-40;-31;39;0;1
-40;-31;41;1;1
-40;-31;42;0;1
-40;-31;45;0;1
-40;-31;46;1;1
-40;-30;14;0;1
-40;-30;18;0;1
-40;-30;19;1;1
-40;-30;20;0;1
-40;-30;22;0;1
-40;-30;23;0;1
-40;-30;24;1;1
-40;-30;25;1;1
-40;-30;28;0;1
-40;-30;29;0;1
-40;-30;30;0;1
-40;-30;31;0;1
-40;-30;32;0;1
-40;-30;38;0;1
-40;-30;41;0;1
-40;-30;48;1;1
-40;-30;50;0;1
-40;-29;14;1;1
-40;-29;15;1;1
-40;-29;17;0;1
-40;-29;18;1;1
-40;-29;19;0;1
-40;-29;20;1;1
-40;-29;21;1;1
-40;-29;22;0;1
-40;-29;25;1;1
-40;-29;26;1;1
-40;-29;29;1;1
-40;-29;32;0;1
-40;-29;35;0;1
-40;-29;39;0;1
-40;-29;40;0;1
-40;-29;42;0;1
-40;-29;43;1;1
-40;-29;45;0;1
-40;-29;46;1;1
-40;-29;48;0;1
-40;-29;49;0;1
-40;-29;51;1;1
-40;-28;14;1;1
-40;-28;17;1;1
-40;-28;20;0;1
-40;-28;24;0;1
-40;-28;26;1;1
-40;-28;27;1;1
-40;-28;29;1;1
-40;-28;30;0;1
-40;-28;32;1;1
-40;-28;33;1;1
-40;-28;36;0;1
-40;-28;37;1;1
-40;-28;39;1;1
-40;-28;40;0;1
-40;-28;41;0;1
-40;-28;42;1;1
-40;-28;47;1;1
-40;-28;48;0;1
-40;-28;49;0;1
-40;-27;14;0;1
-40;-27;16;0;1
-40;-27;18;1;1
-40;-27;27;0;1
-40;-27;30;0;1
-40;-27;31;0;1
-40;-27;33;0;1
-40;-27;40;1;1
-40;-27;41;0;1
-40;-27;42;1;1
-40;-27;45;1;1
-40;-27;47;0;1
-40;-27;49;0;1
-40;-27;50;0;1
-40;-27;52;1;1
-40;-26;16;0;1
-40;-26;27;0;1
-40;-26;29;1;1
-40;-26;31;1;1
-40;-26;34;1;1
-40;-26;37;0;1
-40;-26;38;1;1
-40;-26;40;1;1
-40;-26;42;0;1
-40;-26;44;0;1
-40;-26;47;0;1
-40;-26;48;1;1
-40;-25;13;1;1
-40;-25;22;0;1
-40;-25;23;0;1
-40;-25;26;1;1
-40;-25;27;1;1
-40;-25;31;0;1
-40;-25;32;0;1
-40;-25;35;0;1
-40;-25;36;0;1
-40;-25;43;1;1
-40;-25;46;0;1
-40;-25;50;0;1
-40;-25;51;0;1
-40;-25;53;1;1
-40;-24;13;0;1
-40;-24;18;0;1
-40;-24;20;1;1
-40;-24;23;0;1
-40;-24;25;0;1
-40;-24;27;1;1
-40;-24;29;0;1
-40;-24;31;1;1
-40;-24;32;1;1
-40;-24;33;0;1
-40;-24;36;0;1
-40;-24;38;0;1
-40;-24;39;0;1
-40;-24;43;0;1
-40;-24;44;0;1
-40;-24;45;0;1
-40;-24;51;0;1
-40;-23;13;0;1
-40;-23;14;0;1
-40;-23;15;1;1
-40;-23;16;0;1
-40;-23;19;0;1
-40;-23;20;1;1
-40;-23;21;0;1
-40;-23;30;0;1
-40;-23;33;1;1
-40;-23;34;0;1
-40;-23;37;0;1
-40;-23;40;0;1
-40;-23;41;0;1
-40;-23;42;0;1
-40;-23;44;0;1
-40;-23;50;1;1
-40;-23;54;1;1
-40;-22;13;0;1
-40;-22;16;0;1
-40;-22;19;1;1
-40;-22;24;0;1
-40;-22;33;0;1
-40;-22;34;0;1
-40;-22;35;1;1
-40;-22;38;0;1
-40;-22;40;0;1
-40;-22;43;0;1
-40;-22;44;0;1
-40;-22;48;1;1
-40;-21;13;0;1
-40;-21;15;0;1
-40;-21;18;0;1
-40;-21;19;0;1
-40;-21;21;0;1
-40;-21;24;0;1
-40;-21;28;0;1
-40;-21;31;1;1
-40;-21;32;0;1
-40;-21;36;1;1
-40;-21;38;1;1
-40;-21;40;0;1
-40;-21;43;1;1
-40;-21;45;0;1
-40;-21;50;0;1
-40;-21;52;0;1
-40;-20;14;1;1
-40;-20;15;1;1
-40;-20;17;0;1
-40;-20;18;1;1
-40;-20;21;0;1
-40;-20;23;0;1
-40;-20;25;0;1
-40;-20;30;1;1
-40;-20;32;0;1
-40;-20;33;1;1
-40;-20;34;1;1
-40;-20;35;1;1
-40;-20;36;0;1
-40;-20;37;0;1
-40;-20;38;0;1
-40;-20;39;0;1
-40;-20;40;0;1
-40;-20;45;0;1
-40;-20;46;0;1
-40;-20;51;0;1
-40;-20;53;1;1
-40;-19;15;0;1
-40;-19;16;0;1
-40;-19;18;0;1
-40;-19;20;0;1
-40;-19;21;1;1
-40;-19;22;0;1
-40;-19;27;0;1
-40;-19;32;1;1
-40;-19;33;0;1
-40;-19;35;1;1
-40;-19;36;0;1
-40;-19;37;1;1
-40;-19;40;0;1
-40;-19;42;0;1
-40;-19;45;1;1
-40;-19;47;0;1
-40;-19;49;0;1
-40;-19;54;0;1
-40;-19;55;1;1
-40;-18;17;1;1
-40;-18;19;1;1
-40;-18;22;1;1
-40;-18;24;1;1
-40;-18;25;1;1
-40;-18;26;0;1
-40;-18;28;0;1
-40;-18;31;0;1
-40;-18;40;0;1
-40;-18;42;1;1
-40;-18;44;0;1
-40;-18;46;1;1
-40;-18;49;1;1
-40;-18;51;0;1
-40;-18;52;0;1
-40;-18;54;0;1
-40;-17;13;1;1
-40;-17;15;0;1
-40;-17;16;1;1
-40;-17;17;1;1
-40;-17;18;0;1
-40;-17;21;1;1
-40;-17;22;1;1
-40;-17;23;0;1
-40;-17;24;0;1
-40;-17;25;0;1
-40;-17;29;1;1
-40;-17;35;1;1
-40;-17;36;1;1
-40;-17;41;1;1
-40;-17;43;0;1
-40;-17;46;0;1
-40;-17;48;0;1
-40;-17;50;1;1
-40;-17;52;1;1
-40;-17;56;0;1
-40;-16;12;0;1
-40;-16;13;1;1
-40;-16;14;1;1
-40;-16;15;1;1
-40;-16;16;1;1
-40;-16;18;0;1
-40;-16;19;0;1
-40;-16;22;0;1
-40;-16;23;0;1
-40;-16;24;0;1
-40;-16;28;1;1
-40;-16;30;1;1
-40;-16;31;0;1
-40;-16;37;0;1
-40;-16;40;0;1
-40;-16;42;1;1
-40;-16;45;1;1
-40;-16;48;1;1
-40;-16;49;0;1
-40;-16;53;0;1
-40;-16;54;0;1
-40;-16;55;0;1
-40;-15;12;1;1
-40;-15;13;1;1
-40;-15;16;1;1
-40;-15;18;1;1
-40;-15;19;0;1
-40;-15;23;1;1
-40;-15;24;1;1
-40;-15;25;1;1
-40;-15;27;1;1
-40;-15;30;0;1
-40;-15;40;0;1
-40;-15;44;0;1
-40;-15;45;0;1
-40;-15;47;0;1
-40;-15;48;0;1
-40;-15;49;1;1
-40;-15;54;1;1
-40;-15;56;0;1
-40;-14;15;1;1
-40;-14;17;0;1
-40;-14;18;0;1
-40;-14;19;0;1
-40;-14;20;1;1
-40;-14;21;0;1
-40;-14;24;0;1
-40;-14;26;1;1
-40;-14;29;0;1
-40;-14;30;1;1
-40;-14;31;0;1
-40;-14;32;1;1
-40;-14;33;0;1
-40;-14;34;0;1
-40;-14;35;1;1
-40;-14;36;0;1
-40;-14;38;0;1
-40;-14;47;1;1
-40;-14;48;0;1
-40;-14;50;1;1
-40;-14;51;1;1
-40;-14;53;0;1
-40;-14;55;1;1
-40;-14;56;1;1
-40;-13;14;0;1
-40;-13;15;1;1
-40;-13;18;1;1
-40;-13;20;0;1
-40;-13;23;0;1
-40;-13;24;0;1
-40;-13;26;0;1
-40;-13;27;1;1
-40;-13;31;0;1
-40;-13;39;0;1
-40;-13;48;1;1
-40;-13;50;0;1
-40;-13;53;0;1
-40;-13;54;0;1
-40;-12;12;0;1
-40;-12;13;0;1
-40;-12;16;0;1
-40;-12;17;0;1
-40;-12;19;0;1
-40;-12;20;0;1
-40;-12;25;0;1
-40;-12;27;1;1
-40;-12;28;0;1
-40;-12;29;0;1
-40;-12;30;0;1
-40;-12;31;0;1
-40;-12;35;1;1
-40;-12;41;1;1
-40;-12;43;1;1
-40;-12;45;0;1
-40;-12;46;0;1
-40;-12;47;0;1
-40;-12;48;0;1
-40;-12;49;1;1
-40;-12;50;0;1
-40;-12;52;1;1
-40;-12;56;0;1
-40;-12;57;0;1
-40;-11;12;1;1
-40;-11;13;0;1
-40;-11;14;0;1
-40;-11;18;0;1
-40;-11;20;1;1
-40;-11;23;0;1
-40;-11;30;1;1
-40;-11;34;0;1
-40;-11;40;0;1
-40;-11;41;1;1
-40;-11;43;0;1
-40;-11;45;0;1
-40;-11;51;0;1
-40;-11;55;1;1
-40;-10;13;0;1
-40;-10;20;0;1
-40;-10;21;1;1
-40;-10;24;1;1
-40;-10;26;0;1
-40;-10;30;0;1
-40;-10;31;1;1
-40;-10;32;1;1
-40;-10;34;0;1
-40;-10;37;0;1
-40;-10;39;0;1
-40;-10;45;0;1
-40;-10;49;0;1
-40;-10;52;1;1
-40;-10;54;0;1
-40;-9;14;0;1
-40;-9;15;0;1
-40;-9;16;1;1
-40;-9;19;0;1
-40;-9;22;0;1
-40;-9;24;0;1
-40;-9;25;1;1
-40;-9;26;0;1
-40;-9;28;1;1
-40;-9;30;0;1
-40;-9;33;0;1
-40;-9;35;0;1
-40;-9;36;0;1
-40;-9;38;1;1
-40;-9;39;1;1
-40;-9;40;0;1
-40;-9;41;1;1
-40;-9;44;1;1
-40;-9;46;0;1
-40;-9;49;1;1
-40;-9;50;0;1
-40;-9;52;0;1
-40;-9;56;0;1
-40;-9;57;0;1
-40;-9;58;1;1
-40;-8;17;0;1
-40;-8;19;0;1
-40;-8;21;1;1
-40;-8;22;0;1
-40;-8;23;1;1
-40;-8;24;0;1
-40;-8;25;0;1
-40;-8;26;0;1
-40;-8;29;0;1
-40;-8;32;1;1
-40;-8;33;0;1
-40;-8;34;0;1
-40;-8;37;0;1
-40;-8;39;0;1
-40;-8;40;1;1
-40;-8;44;0;1
-40;-8;47;1;1
-40;-8;48;0;1
-40;-8;52;0;1
-40;-8;55;1;1
-40;-8;56;0;1
-40;-7;11;0;1
-40;-7;14;0;1
-40;-7;18;1;1
-40;-7;23;0;1
-40;-7;25;1;1
-40;-7;27;1;1
-40;-7;28;1;1
-40;-7;29;1;1
-40;-7;30;0;1
-40;-7;31;0;1
-40;-7;32;0;1
-40;-7;36;0;1
-40;-7;38;1;1
-40;-7;39;1;1
-40;-7;40;1;1
-40;-7;43;0;1
-40;-7;44;1;1
-40;-7;45;1;1
-40;-7;46;0;1
-40;-7;51;0;1
-40;-7;57;0;1
-40;-6;12;0;1
-40;-6;14;0;1
-40;-6;15;1;1
-40;-6;17;0;1
-40;-6;18;0;1
-40;-6;20;0;1
-40;-6;21;0;1
-40;-6;23;1;1
-40;-6;29;0;1
-40;-6;35;1;1
-40;-6;37;1;1
-40;-6;38;1;1
-40;-6;42;0;1
-40;-6;44;0;1
-40;-6;45;0;1
-40;-6;49;0;1
-40;-6;52;0;1
-40;-6;54;1;1
-40;-6;58;0;1
-40;-5;11;0;1
-40;-5;14;0;1
-40;-5;16;1;1
-40;-5;20;0;1
-40;-5;23;1;1
-40;-5;26;1;1
-40;-5;37;1;1
-40;-5;38;0;1
-40;-5;40;0;1
-40;-5;41;0;1
-40;-5;44;1;1
-40;-5;51;0;1
-40;-5;53;1;1
-40;-5;54;0;1
-40;-5;55;1;1
-40;-5;56;0;1
-40;-4;12;0;1
-40;-4;13;0;1
-40;-4;14;1;1
-40;-4;15;1;1
-40;-4;18;0;1
-40;-4;21;0;1
-40;-4;22;0;1
-40;-4;24;0;1
-40;-4;26;0;1
-40;-4;27;1;1
-40;-4;29;1;1
-40;-4;30;0;1
-40;-4;33;0;1
-40;-4;34;0;1
-40;-4;36;0;1
-40;-4;38;0;1
-40;-4;41;0;1
-40;-4;43;0;1
-40;-4;47;0;1
-40;-4;50;1;1
-40;-4;51;1;1
-40;-4;53;0;1
-40;-4;54;0;1
-40;-4;56;0;1
-40;-4;57;1;1
-40;-3;15;0;1
-40;-3;17;0;1
-40;-3;19;0;1
-40;-3;21;1;1
-40;-3;26;0;1
-40;-3;29;0;1
-40;-3;30;0;1
-40;-3;34;1;1
-40;-3;35;0;1
-40;-3;37;0;1
-40;-3;39;0;1
-40;-3;40;0;1
-40;-3;48;1;1
-40;-3;50;0;1
-40;-3;54;0;1
-40;-3;58;0;1
-40;-2;14;0;1
-40;-2;16;0;1
-40;-2;19;0;1
-40;-2;21;1;1
-40;-2;22;0;1
-40;-2;24;0;1
-40;-2;25;0;1
-40;-2;26;0;1
-40;-2;28;1;1
-40;-2;38;1;1
-40;-2;42;0;1
-40;-2;43;0;1
-40;-2;46;0;1
-40;-2;48;1;1
-40;-2;51;1;1
-40;-2;55;0;1
-40;-2;56;1;1
-40;-2;58;1;1
-40;-1;11;1;1
-40;-1;12;0;1
-40;-1;15;0;1
-40;-1;16;1;1
-40;-1;17;0;1
-40;-1;18;0;1
-40;-1;19;0;1
-40;-1;21;1;1
-40;-1;24;0;1
-40;-1;27;0;1
-40;-1;28;0;1
-40;-1;30;0;1
-40;-1;33;0;1
-40;-1;35;0;1
-40;-1;38;0;1
-40;-1;39;1;1
-40;-1;40;0;1
-40;-1;44;0;1
-40;-1;47;0;1
-40;-1;50;0;1
-40;-1;55;1;1
-40;-1;56;1;1
-40;-1;58;0;1
-40;0;11;1;1
-40;0;12;1;1
-40;0;13;0;1
-40;0;17;1;1
-40;0;20;0;1
-40;0;21;0;1
-40;0;26;1;1
-40;0;29;1;1
-40;0;32;1;1
-40;0;35;1;1
-40;0;38;1;1
-40;0;39;0;1
-40;0;41;1;1
-40;0;43;0;1
-40;0;48;0;1
-40;0;56;0;1
-40;0;57;0;1
-40;1;11;1;1
-40;1;12;0;1
-40;1;13;0;1
-40;1;15;0;1
-40;1;27;0;1
-40;1;32;0;1
-40;1;33;1;1
-40;1;37;0;1
-40;1;42;0;1
-40;1;47;0;1
-40;1;48;0;1
-40;1;50;0;1
-40;1;51;0;1
-40;1;52;1;1
-40;1;55;0;1
-40;1;58;0;1
-40;2;12;0;1
-40;2;14;0;1
-40;2;15;0;1
-40;2;17;1;1
-40;2;18;0;1
-40;2;21;0;1
-40;2;26;1;1
-40;2;28;0;1
-40;2;30;0;1
-40;2;31;1;1
-40;2;34;0;1
-40;2;35;0;1
-40;2;44;1;1
-40;2;46;1;1
-40;2;49;0;1
-40;2;55;1;1
-40;2;56;0;1
-40;3;17;0;1
-40;3;18;1;1
-40;3;19;1;1
-40;3;20;1;1
-40;3;22;0;1
-40;3;24;0;1
-40;3;26;0;1
-40;3;27;0;1
-40;3;31;1;1
-40;3;33;1;1
-40;3;36;0;1
-40;3;37;0;1
-40;3;40;1;1
-40;3;47;0;1
-40;3;48;0;1
-40;3;49;1;1
-40;3;55;0;1
-40;4;13;0;1
-40;4;15;0;1
-40;4;18;0;1
-40;4;21;1;1
-40;4;22;1;1
-40;4;25;0;1
-40;4;26;0;1
-40;4;28;1;1
-40;4;29;0;1
-40;4;30;0;1
-40;4;35;1;1
-40;4;38;0;1
-40;4;41;0;1
-40;4;48;1;1
-40;4;49;0;1
-40;4;57;1;1
-40;5;12;1;1
-40;5;15;0;1
-40;5;16;0;1
-40;5;19;0;1
-40;5;22;1;1
-40;5;23;0;1
-40;5;25;0;1
-40;5;26;0;1
-40;5;27;0;1
-40;5;29;1;1
-40;5;32;0;1
-40;5;35;0;1
-40;5;37;1;1
-40;5;38;1;1
-40;5;45;0;1
-40;5;49;0;1
-40;5;52;0;1
-40;6;11;1;1
-40;6;12;1;1
-40;6;13;1;1
-40;6;15;0;1
-40;6;18;1;1
-40;6;19;1;1
-40;6;21;0;1
-40;6;22;1;1
-40;6;23;0;1
-40;6;25;0;1
-40;6;29;1;1
-40;6;31;1;1
-40;6;32;1;1
-40;6;34;1;1
-40;6;35;0;1
-40;6;37;0;1
-40;6;38;1;1
-40;6;41;1;1
-40;6;42;0;1
-40;6;43;0;1
-40;6;45;1;1
-40;6;48;0;1
-40;6;52;0;1
-40;6;53;0;1
-40;6;56;1;1
-40;7;18;0;1
-40;7;23;0;1
-40;7;25;1;1
-40;7;30;1;1
-40;7;33;1;1
-40;7;34;0;1
-40;7;36;1;1
-40;7;42;1;1
-40;7;43;1;1
-40;7;45;1;1
-40;7;49;0;1
-40;7;51;1;1
-40;7;52;0;1
-40;7;54;1;1
-40;7;58;0;1
-40;8;12;1;1
-40;8;15;0;1
-40;8;20;0;1
-40;8;21;0;1
-40;8;23;1;1
-40;8;25;0;1
-40;8;26;1;1
-40;8;27;0;1
-40;8;28;1;1
-40;8;35;1;1
-40;8;36;0;1
-40;8;38;1;1
-40;8;40;0;1
-40;8;41;1;1
-40;8;50;0;1
-40;8;51;0;1
-40;8;53;1;1
-40;8;54;0;1
-40;8;55;0;1
-40;8;58;1;1
-40;9;13;0;1
-40;9;14;1;1
-40;9;17;1;1
-40;9;20;0;1
-40;9;22;0;1
-40;9;23;1;1
-40;9;30;0;1
-40;9;31;0;1
-40;9;35;0;1
-40;9;39;0;1
-40;9;42;0;1
-40;9;44;0;1
-40;9;46;1;1
-40;9;47;0;1
-40;9;50;0;1
-40;9;51;1;1
-40;10;13;0;1
-40;10;20;0;1
-40;10;22;0;1
-40;10;24;0;1
-40;10;25;0;1
-40;10;28;1;1
-40;10;29;0;1
-40;10;31;0;1
-40;10;34;0;1
-40;10;35;0;1
-40;10;36;0;1
-40;10;38;0;1
-40;10;39;1;1
-40;10;44;1;1
-40;10;47;1;1
-40;10;49;0;1
-40;10;52;1;1
-40;10;56;0;1
-40;11;15;1;1
-40;11;18;0;1
-40;11;21;1;1
-40;11;24;1;1
-40;11;26;0;1
-40;11;28;1;1
-40;11;29;0;1
-40;11;30;0;1
-40;11;32;0;1
-40;11;35;0;1
-40;11;36;1;1
-40;11;38;0;1
-40;11;39;1;1
-40;11;42;0;1
-40;11;43;0;1
-40;11;44;0;1
-40;11;46;0;1
-40;11;54;0;1
-40;12;16;0;1
-40;12;17;0;1
-40;12;21;1;1
-40;12;24;0;1
-40;12;26;0;1
-40;12;28;0;1
-40;12;31;1;1
-40;12;32;0;1
-40;12;35;1;1
-40;12;41;0;1
-40;12;42;0;1
-40;12;47;0;1
-40;12;50;0;1
-40;12;52;1;1
-40;12;54;0;1
-40;12;56;0;1
-40;13;17;0;1
-40;13;18;0;1
-40;13;19;0;1
-40;13;22;1;1
-40;13;23;1;1
-40;13;28;1;1
-40;13;29;1;1
-40;13;30;0;1
-40;13;32;0;1
-40;13;33;1;1
-40;13;34;0;1
-40;13;40;0;1
-40;13;45;0;1
-40;13;46;1;1
-40;13;52;1;1
-40;13;56;1;1
-40;14;13;0;1
-40;14;14;0;1
-40;14;15;1;1
-40;14;17;0;1
-40;14;19;1;1
-40;14;22;0;1
-40;14;26;1;1
-40;14;28;0;1
-40;14;37;0;1
-40;14;38;1;1
-40;14;41;1;1
-40;14;43;1;1
-40;14;47;1;1
-40;14;49;0;1
-40;14;50;0;1
-40;14;51;0;1
-40;14;53;0;1
-40;14;54;0;1
-40;15;15;0;1
-40;15;18;1;1
-40;15;23;0;1
-40;15;25;0;1
-40;15;27;0;1
-40;15;29;0;1
-40;15;30;1;1
-40;15;34;1;1
-40;15;35;0;1
-40;15;39;0;1
-40;15;40;0;1
-40;15;41;1;1
-40;15;48;0;1
-40;15;49;0;1
-40;15;50;0;1
-40;15;54;0;1
-40;16;12;1;1
-40;16;13;0;1
-40;16;14;1;1
-40;16;15;1;1
-40;16;17;0;1
-40;16;20;0;1
-40;16;21;0;1
-40;16;23;1;1
-40;16;25;0;1
-40;16;26;0;1
-40;16;28;0;1
-40;16;31;0;1
-40;16;33;1;1
-40;16;36;0;1
-40;16;38;0;1
-40;16;40;1;1
-40;16;42;0;1
-40;16;44;0;1
-40;16;46;0;1
-40;16;50;1;1
-40;16;51;1;1
-40;16;52;0;1
-40;16;53;1;1
-40;17;14;1;1
-40;17;20;0;1
-40;17;21;0;1
-40;17;22;0;1
-40;17;24;0;1
-40;17;26;0;1
-40;17;28;0;1
-40;17;32;0;1
-40;17;34;0;1
-40;17;36;1;1
-40;17;39;0;1
-40;17;40;0;1
-40;17;46;0;1
-40;17;49;0;1
-40;17;52;1;1
-40;17;56;0;1
-40;18;13;0;1
-40;18;14;1;1
-40;18;16;1;1
-40;18;17;1;1
-40;18;21;0;1
-40;18;23;0;1
-40;18;24;1;1
-40;18;25;1;1
-40;18;27;1;1
-40;18;31;0;1
-40;18;34;1;1
-40;18;35;0;1
-40;18;36;0;1
-40;18;38;0;1
-40;18;39;0;1
-40;18;41;1;1
-40;18;45;0;1
-40;18;50;1;1
-40;18;54;0;1
-40;19;14;0;1
-40;19;16;0;1
-40;19;18;0;1
-40;19;19;0;1
-40;19;21;0;1
-40;19;22;1;1
-40;19;23;0;1
-40;19;27;0;1
-40;19;32;1;1
-40;19;33;0;1
-40;19;35;0;1
-40;19;36;0;1
-40;19;37;1;1
-40;19;38;1;1
-40;19;49;1;1
-40;19;50;0;1
-40;19;52;0;1
-40;19;53;1;1
-40;20;12;0;1
-40;20;13;0;1
-40;20;15;0;1
-40;20;16;0;1
-40;20;17;0;1
-40;20;21;0;1
-40;20;23;0;1
-40;20;26;1;1
-40;20;28;1;1
-40;20;30;1;1
-40;20;32;1;1
-40;20;33;0;1
-40;20;35;1;1
-40;20;41;0;1
-40;20;45;0;1
-40;20;48;1;1
-40;20;49;0;1
-40;20;50;1;1
-40;20;51;1;1
-40;20;52;0;1
-40;20;53;0;1
-40;20;54;0;1
-40;21;14;0;1
-40;21;16;1;1
-40;21;18;1;1
-40;21;19;1;1
-40;21;23;1;1
-40;21;27;0;1
-40;21;30;0;1
-40;21;32;1;1
-40;21;35;1;1
-40;21;36;1;1
-40;21;37;0;1
-40;21;38;0;1
-40;21;45;0;1
-40;21;49;0;1
-40;21;53;0;1
-40;21;54;0;1
-40;22;13;1;1
-40;22;16;0;1
-40;22;19;0;1
-40;22;21;0;1
-40;22;23;0;1
-40;22;24;1;1
-40;22;26;0;1
-40;22;27;0;1
-40;22;29;1;1
-40;22;30;0;1
-40;22;31;0;1
-40;22;32;0;1
-40;22;33;0;1
-40;22;34;0;1
-40;22;36;0;1
-40;22;37;1;1
-40;22;38;1;1
-40;22;41;0;1
-40;22;42;1;1
-40;22;44;1;1
-40;22;45;0;1
-40;22;46;0;1
-40;22;49;0;1
-40;23;13;0;1
-40;23;15;0;1
-40;23;17;0;1
-40;23;19;1;1
-40;23;22;0;1
-40;23;24;0;1
-40;23;32;1;1
-40;23;34;1;1
-40;23;36;0;1
-40;23;38;1;1
-40;23;40;1;1
-40;23;42;0;1
-40;23;43;0;1
-40;23;45;1;1
-40;23;48;0;1
-40;23;49;0;1
-40;23;52;1;1
-40;24;16;1;1
-40;24;19;0;1
-40;24;21;1;1
-40;24;22;0;1
-40;24;23;1;1
-40;24;24;1;1
-40;24;26;0;1
-40;24;27;1;1
-40;24;32;1;1
-40;24;34;0;1
-40;24;41;0;1
-40;24;43;1;1
-40;24;44;0;1
-40;24;45;1;1
-40;24;48;0;1
-40;24;49;0;1
-40;24;51;1;1
-40;24;52;0;1
-40;25;14;0;1
-40;25;15;1;1
-40;25;17;0;1
-40;25;18;0;1
-40;25;19;0;1
-40;25;20;0;1
-40;25;21;1;1
-40;25;25;1;1
-40;25;28;0;1
-40;25;29;1;1
-40;25;30;0;1
-40;25;31;0;1
-40;25;34;0;1
-40;25;36;0;1
-40;25;38;1;1
-40;25;39;0;1
-40;25;43;0;1
-40;25;44;0;1
-40;25;46;0;1
-40;25;48;0;1
-40;26;17;0;1
-40;26;21;1;1
-40;26;22;0;1
-40;26;26;1;1
-40;26;27;0;1
-40;26;31;0;1
-40;26;33;0;1
-40;26;34;0;1
-40;26;35;0;1
-40;26;39;0;1
-40;26;40;1;1
-40;26;41;0;1
-40;26;42;0;1
-40;26;43;0;1
-40;26;44;0;1
-40;26;45;0;1
-40;26;46;0;1
-40;26;47;0;1
-40;26;48;0;1
-40;26;50;0;1
-40;26;51;0;1
-40;27;15;1;1
-40;27;17;1;1
-40;27;19;1;1
-40;27;21;1;1
-40;27;24;0;1
-40;27;28;1;1
-40;27;31;0;1
-40;27;35;0;1
-40;27;36;1;1
-40;27;37;0;1
-40;27;38;0;1
-40;27;43;0;1
-40;27;44;0;1
-40;27;45;1;1
-40;27;46;0;1
-40;27;48;1;1
-40;27;50;0;1
-40;27;52;0;1
-40;28;14;0;1
-40;28;19;0;1
-40;28;20;1;1
-40;28;21;0;1
-40;28;22;1;1
-40;28;24;0;1
-40;28;29;0;1
-40;28;33;0;1
-40;28;34;1;1
-40;28;39;0;1
-40;28;41;1;1
-40;28;47;0;1
-40;28;48;0;1
-40;28;49;0;1
-40;28;50;0;1
-40;29;14;1;1
-40;29;17;1;1
-40;29;18;0;1
-40;29;25;0;1
-40;29;26;0;1
-40;29;31;0;1
-40;29;32;1;1
-40;29;34;0;1
-40;29;39;0;1
-40;29;40;0;1
-40;29;44;0;1
-40;30;14;0;1
-40;30;15;1;1
-40;30;17;0;1
-40;30;18;1;1
-40;30;25;0;1
-40;30;26;0;1
-40;30;32;0;1
-40;30;37;1;1
-40;30;38;0;1
-40;30;43;1;1
-40;30;45;0;1
-40;30;46;0;1
-40;30;47;0;1
-40;30;50;1;1
-40;31;14;0;1
-40;31;15;1;1
-40;31;16;1;1
-40;31;18;0;1
-40;31;20;0;1
-40;31;21;0;1
-40;31;23;0;1
-40;31;27;0;1
-40;31;28;1;1
-40;31;29;1;1
-40;31;30;0;1
-40;31;33;0;1
-40;31;37;1;1
-40;31;39;1;1
-40;31;41;0;1
-40;31;42;1;1
-40;31;45;1;1
-40;31;46;0;1
-40;32;16;1;1
-40;32;19;0;1
-40;32;23;1;1
-40;32;25;0;1
-40;32;29;0;1
-40;32;31;1;1
-40;32;35;0;1
-40;32;37;0;1
-40;32;38;1;1
-40;32;40;0;1
-40;32;41;0;1
-40;32;43;1;1
-40;32;44;0;1
-40;32;49;1;1
-40;33;14;0;1
-40;33;15;1;1
-40;33;16;0;1
-40;33;17;0;1
-40;33;22;0;1
-40;33;23;1;1
-40;33;26;1;1
-40;33;34;1;1
-40;33;38;0;1
-40;33;40;0;1
-40;33;48;0;1
-40;34;18;0;1
-40;34;19;0;1
-40;34;20;0;1
-40;34;21;0;1
-40;34;23;1;1
-40;34;25;1;1
-40;34;26;0;1
-40;34;28;1;1
-40;34;29;1;1
-40;34;31;1;1
-40;34;32;0;1
-40;34;33;1;1
-40;34;34;0;1
-40;34;39;0;1
-40;34;40;1;1
-40;34;42;0;1
-40;34;46;0;1
-40;34;47;1;1
-40;35;17;0;1
-40;35;18;0;1
-40;35;23;1;1
-40;35;35;1;1
-40;35;36;1;1
-40;35;37;0;1
-40;35;38;1;1
-40;35;42;0;1
-40;35;47;0;1
-40;36;18;0;1
-40;36;19;0;1
-40;36;20;0;1
-40;36;21;0;1
-40;36;23;0;1
-40;36;24;0;1
-40;36;26;0;1
-40;36;27;0;1
-40;36;28;1;1
-40;36;29;1;1
-40;36;33;0;1
-40;36;34;0;1
-40;36;36;1;1
-40;36;39;0;1
-40;36;41;0;1
-40;36;42;0;1
-40;36;44;0;1
-40;36;46;0;1
-40;37;16;1;1
-40;37;22;0;1
-40;37;23;0;1
-40;37;24;0;1
-40;37;27;0;1
-40;37;32;0;1
-40;37;34;0;1
-40;37;36;0;1
-40;37;38;1;1
-40;37;40;1;1
-40;37;45;0;1
-40;38;16;1;1
-40;38;19;0;1
-40;38;20;0;1
-40;38;21;0;1
-40;38;31;0;1
-40;38;42;1;1
-40;38;44;0;1
-40;39;15;0;1
-40;39;19;0;1
-40;39;21;0;1
-40;39;24;1;1
-40;39;26;0;1
-40;39;29;0;1
-40;39;32;0;1
-40;39;33;0;1
-40;39;34;1;1
-40;39;35;1;1
-40;39;37;0;1
-40;39;41;1;1
-40;39;43;1;1
-40;40;17;1;1
-40;40;18;1;1
-40;40;20;1;1
-40;40;23;1;1
-40;40;24;1;1
-40;40;26;0;1
-40;40;27;0;1
-40;40;31;0;1
-40;40;34;0;1
-40;40;35;1;1
-40;40;36;1;1
-40;40;38;0;1
-40;41;17;0;1
-40;41;18;1;1
-40;41;20;0;1
-40;41;21;1;1
-40;41;22;0;1
-40;41;23;1;1
-40;41;24;1;1
-40;41;27;0;1
-40;41;30;0;1
-40;41;33;0;1
-40;41;34;0;1
-40;41;35;0;1
-40;41;36;0;1
-40;41;37;0;1
-40;41;40;0;1
-40;41;41;0;1
-40;41;42;0;1
-40;42;16;1;1
-40;42;19;0;1
-40;42;22;0;1
-40;42;23;1;1
-40;42;24;1;1
-40;42;25;1;1
-40;42;32;1;1
-40;42;34;0;1
-40;43;16;1;1
-40;43;17;1;1
-40;43;21;0;1
-40;43;24;0;1
-40;43;28;1;1
-40;43;31;1;1
-40;43;36;0;1
-40;43;38;1;1
-40;44;16;0;1
-40;44;22;1;1
-40;44;23;1;1
-40;44;24;0;1
-40;44;27;0;1
-40;44;28;0;1
-40;44;31;1;1
-40;44;32;0;1
-40;44;33;0;1
-40;44;38;0;1
-40;45;20;0;1
-40;45;28;0;1
-40;45;33;0;1
-40;45;35;0;1
-40;45;36;1;1
-40;46;18;0;1
-40;46;22;0;1
-40;46;31;1;1
-40;46;32;0;1
-40;47;18;1;1
-40;47;21;0;1
-40;47;22;0;1
-40;47;23;1;1
-40;47;25;0;1
-40;47;28;1;1
-40;47;29;1;1
-40;47;31;0;1
-40;47;33;0;1
-40;47;34;0;1
-40;48;17;1;1
-40;48;19;0;1
-40;48;21;0;1
-40;48;22;0;1
-40;48;25;1;1
-40;48;26;1;1
-40;48;30;1;1
-40;49;18;0;1
-40;49;19;1;1
-40;49;21;1;1
-40;49;23;1;1
-40;49;24;0;1
-40;49;26;1;1
-40;49;27;1;1
-40;49;28;0;1
-40;49;30;0;1
-40;49;31;0;1
-40;50;21;1;1
-40;50;25;1;1
-40;50;30;1;1
-40;51;18;1;1
-40;51;22;1;1
-40;51;26;0;1
-40;51;28;0;1
-40;52;18;0;1
-40;52;19;0;1
-40;52;20;0;1
-40;52;22;0;1
-40;52;27;1;1
-40;53;18;0;1
-40;53;21;1;1
-40;53;25;0;1
-40;54;22;0;1
-40;54;23;0;1
-40;55;20;0;1
-39;-55;19;0;1
-39;-54;18;1;1
-39;-54;20;0;1
-39;-54;22;0;1
-39;-54;24;0;1
-39;-53;20;1;1
-39;-53;26;1;1
-39;-52;20;1;1
-39;-52;26;0;1
-39;-51;18;1;1
-39;-51;20;1;1
-39;-51;25;1;1
-39;-51;27;0;1
-39;-51;28;0;1
-39;-51;30;0;1
-39;-50;20;0;1
-39;-50;24;0;1
-39;-50;27;0;1
-39;-50;30;1;1
-39;-50;31;0;1
-39;-49;19;0;1
-39;-49;22;0;1
-39;-49;23;1;1
-39;-49;25;0;1
-39;-49;27;0;1
-39;-49;28;0;1
-39;-48;18;0;1
-39;-48;23;1;1
-39;-48;24;1;1
-39;-48;29;1;1
-39;-48;32;0;1
-39;-48;33;1;1
-39;-47;22;0;1
-39;-47;23;0;1
-39;-47;25;0;1
-39;-47;26;0;1
-39;-47;29;1;1
-39;-47;31;0;1
-39;-47;35;0;1
-39;-46;19;0;1
-39;-46;22;1;1
-39;-46;23;0;1
-39;-46;24;0;1
-39;-46;27;1;1
-39;-46;28;0;1
-39;-46;30;0;1
-39;-45;17;0;1
-39;-45;19;1;1
-39;-45;21;0;1
-39;-45;32;0;1
-39;-45;33;0;1
-39;-45;36;0;1
-39;-44;18;1;1
-39;-44;23;1;1
-39;-44;28;0;1
-39;-44;31;0;1
-39;-44;33;0;1
-39;-44;37;0;1
-39;-43;18;0;1
-39;-43;19;1;1
-39;-43;22;0;1
-39;-43;24;1;1
-39;-43;27;1;1
-39;-43;29;0;1
-39;-43;31;0;1
-39;-43;32;0;1
-39;-43;33;0;1
-39;-43;39;1;1
-39;-43;40;1;1
-39;-42;16;0;1
-39;-42;17;1;1
-39;-42;18;0;1
-39;-42;20;1;1
-39;-42;21;0;1
-39;-42;24;1;1
-39;-42;26;0;1
-39;-42;27;1;1
-39;-42;32;1;1
-39;-42;34;1;1
-39;-42;36;0;1
-39;-42;39;1;1
-39;-41;19;0;1
-39;-41;20;0;1
-39;-41;21;0;1
-39;-41;25;0;1
-39;-41;28;0;1
-39;-41;29;1;1
-39;-41;34;1;1
-39;-41;35;0;1
-39;-41;37;1;1
-39;-41;38;0;1
-39;-41;41;1;1
-39;-40;15;1;1
-39;-40;20;0;1
-39;-40;22;0;1
-39;-40;23;0;1
-39;-40;24;1;1
-39;-40;25;0;1
-39;-40;27;0;1
-39;-40;28;1;1
-39;-40;33;0;1
-39;-40;34;0;1
-39;-40;36;1;1
-39;-40;37;0;1
-39;-40;38;0;1
-39;-40;40;1;1
-39;-40;42;0;1
-39;-39;15;0;1
-39;-39;16;0;1
-39;-39;22;0;1
-39;-39;29;1;1
-39;-39;32;0;1
-39;-39;34;0;1
-39;-39;36;0;1
-39;-39;37;0;1
-39;-39;39;0;1
-39;-39;40;1;1
-39;-39;43;1;1
-39;-39;44;0;1
-39;-38;15;1;1
-39;-38;16;0;1
-39;-38;17;0;1
-39;-38;20;1;1
-39;-38;21;0;1
-39;-38;23;1;1
-39;-38;27;0;1
-39;-38;28;1;1
-39;-38;29;0;1
-39;-38;31;0;1
-39;-38;32;0;1
-39;-38;35;0;1
-39;-38;36;0;1
-39;-38;37;0;1
-39;-38;39;0;1
-39;-38;44;0;1
-39;-37;19;0;1
-39;-37;22;1;1
-39;-37;27;1;1
-39;-37;28;1;1
-39;-37;30;1;1
-39;-37;36;1;1
-39;-37;37;0;1
-39;-37;39;0;1
-39;-37;42;1;1
-39;-36;19;1;1
-39;-36;21;0;1
-39;-36;22;1;1
-39;-36;25;1;1
-39;-36;27;0;1
-39;-36;28;0;1
-39;-36;29;1;1
-39;-36;30;0;1
-39;-36;31;0;1
-39;-36;33;1;1
-39;-36;34;0;1
-39;-36;35;0;1
-39;-36;40;1;1
-39;-36;41;1;1
-39;-36;42;0;1
-39;-36;43;0;1
-39;-36;47;0;1
-39;-35;15;0;1
-39;-35;18;0;1
-39;-35;19;1;1
-39;-35;20;0;1
-39;-35;21;1;1
-39;-35;24;0;1
-39;-35;25;0;1
-39;-35;26;0;1
-39;-35;30;0;1
-39;-35;32;1;1
-39;-35;36;0;1
-39;-35;37;0;1
-39;-35;38;0;1
-39;-35;40;0;1
-39;-35;41;1;1
-39;-35;42;1;1
-39;-35;43;0;1
-39;-35;44;0;1
-39;-35;47;1;1
-39;-34;22;0;1
-39;-34;24;1;1
-39;-34;27;0;1
-39;-34;31;1;1
-39;-34;32;0;1
-39;-34;37;0;1
-39;-34;38;0;1
-39;-34;40;1;1
-39;-34;45;0;1
-39;-33;23;0;1
-39;-33;26;1;1
-39;-33;27;1;1
-39;-33;28;0;1
-39;-33;31;0;1
-39;-33;34;1;1
-39;-33;39;0;1
-39;-33;40;0;1
-39;-33;43;0;1
-39;-33;47;0;1
-39;-33;49;1;1
-39;-32;14;1;1
-39;-32;16;1;1
-39;-32;17;0;1
-39;-32;18;0;1
-39;-32;21;0;1
-39;-32;22;0;1
-39;-32;23;0;1
-39;-32;24;1;1
-39;-32;25;0;1
-39;-32;27;0;1
-39;-32;28;0;1
-39;-32;29;0;1
-39;-32;31;1;1
-39;-32;33;0;1
-39;-32;34;1;1
-39;-32;35;1;1
-39;-32;38;0;1
-39;-32;39;0;1
-39;-32;49;0;1
-39;-31;14;1;1
-39;-31;17;0;1
-39;-31;18;0;1
-39;-31;20;0;1
-39;-31;22;0;1
-39;-31;25;0;1
-39;-31;29;0;1
-39;-31;30;0;1
-39;-31;31;0;1
-39;-31;32;0;1
-39;-31;33;0;1
-39;-31;35;1;1
-39;-31;38;1;1
-39;-31;39;0;1
-39;-31;41;0;1
-39;-31;43;0;1
-39;-31;44;0;1
-39;-31;46;1;1
-39;-31;47;1;1
-39;-30;14;0;1
-39;-30;18;0;1
-39;-30;19;1;1
-39;-30;20;1;1
-39;-30;22;0;1
-39;-30;24;0;1
-39;-30;30;1;1
-39;-30;36;0;1
-39;-30;38;0;1
-39;-29;14;0;1
-39;-29;15;1;1
-39;-29;17;0;1
-39;-29;21;0;1
-39;-29;22;0;1
-39;-29;24;0;1
-39;-29;25;1;1
-39;-29;26;0;1
-39;-29;27;1;1
-39;-29;29;0;1
-39;-29;31;1;1
-39;-29;32;1;1
-39;-29;33;0;1
-39;-29;34;0;1
-39;-29;37;1;1
-39;-29;39;0;1
-39;-29;40;0;1
-39;-29;41;0;1
-39;-29;48;0;1
-39;-29;49;0;1
-39;-28;15;0;1
-39;-28;18;0;1
-39;-28;22;0;1
-39;-28;23;1;1
-39;-28;24;0;1
-39;-28;27;0;1
-39;-28;30;1;1
-39;-28;31;0;1
-39;-28;33;0;1
-39;-28;35;0;1
-39;-28;36;0;1
-39;-28;38;0;1
-39;-28;40;1;1
-39;-28;43;0;1
-39;-28;44;0;1
-39;-28;45;0;1
-39;-28;47;1;1
-39;-27;13;0;1
-39;-27;14;0;1
-39;-27;16;0;1
-39;-27;17;0;1
-39;-27;20;0;1
-39;-27;23;0;1
-39;-27;29;1;1
-39;-27;30;1;1
-39;-27;32;1;1
-39;-27;36;0;1
-39;-27;37;1;1
-39;-27;38;0;1
-39;-27;43;0;1
-39;-27;44;1;1
-39;-27;47;0;1
-39;-27;51;1;1
-39;-26;16;0;1
-39;-26;21;1;1
-39;-26;25;1;1
-39;-26;28;0;1
-39;-26;29;0;1
-39;-26;33;0;1
-39;-26;39;0;1
-39;-26;42;0;1
-39;-26;43;0;1
-39;-26;49;1;1
-39;-26;51;0;1
-39;-26;53;1;1
-39;-25;13;0;1
-39;-25;15;1;1
-39;-25;19;0;1
-39;-25;21;1;1
-39;-25;22;0;1
-39;-25;24;0;1
-39;-25;27;0;1
-39;-25;29;0;1
-39;-25;33;0;1
-39;-25;37;0;1
-39;-25;39;0;1
-39;-25;45;1;1
-39;-25;47;0;1
-39;-25;51;1;1
-39;-24;13;0;1
-39;-24;19;0;1
-39;-24;21;0;1
-39;-24;28;1;1
-39;-24;33;1;1
-39;-24;34;1;1
-39;-24;36;0;1
-39;-24;37;0;1
-39;-24;39;0;1
-39;-24;41;0;1
-39;-24;42;1;1
-39;-24;43;0;1
-39;-24;45;0;1
-39;-24;47;0;1
-39;-24;49;0;1
-39;-24;53;1;1
-39;-24;54;0;1
-39;-23;14;0;1
-39;-23;17;1;1
-39;-23;18;0;1
-39;-23;19;0;1
-39;-23;29;1;1
-39;-23;31;1;1
-39;-23;32;0;1
-39;-23;34;1;1
-39;-23;40;1;1
-39;-23;42;1;1
-39;-23;43;0;1
-39;-23;44;0;1
-39;-23;45;1;1
-39;-23;46;0;1
-39;-23;50;0;1
-39;-23;51;1;1
-39;-23;54;0;1
-39;-22;12;0;1
-39;-22;13;1;1
-39;-22;14;0;1
-39;-22;17;1;1
-39;-22;20;1;1
-39;-22;21;1;1
-39;-22;23;1;1
-39;-22;24;0;1
-39;-22;25;0;1
-39;-22;26;0;1
-39;-22;27;0;1
-39;-22;28;0;1
-39;-22;29;0;1
-39;-22;30;0;1
-39;-22;32;0;1
-39;-22;34;1;1
-39;-22;36;0;1
-39;-22;42;0;1
-39;-22;48;0;1
-39;-22;50;0;1
-39;-22;51;0;1
-39;-21;13;1;1
-39;-21;14;0;1
-39;-21;17;0;1
-39;-21;19;0;1
-39;-21;23;0;1
-39;-21;24;0;1
-39;-21;26;1;1
-39;-21;27;1;1
-39;-21;29;0;1
-39;-21;32;1;1
-39;-21;38;0;1
-39;-21;42;0;1
-39;-21;43;1;1
-39;-21;46;1;1
-39;-21;47;0;1
-39;-21;48;0;1
-39;-21;52;0;1
-39;-21;53;1;1
-39;-21;54;1;1
-39;-20;16;0;1
-39;-20;18;0;1
-39;-20;27;0;1
-39;-20;28;0;1
-39;-20;31;0;1
-39;-20;34;0;1
-39;-20;35;1;1
-39;-20;38;0;1
-39;-20;39;0;1
-39;-20;41;0;1
-39;-20;42;0;1
-39;-20;43;1;1
-39;-20;46;0;1
-39;-20;51;0;1
-39;-19;13;1;1
-39;-19;14;1;1
-39;-19;21;0;1
-39;-19;24;1;1
-39;-19;25;0;1
-39;-19;26;1;1
-39;-19;27;0;1
-39;-19;29;0;1
-39;-19;30;0;1
-39;-19;31;0;1
-39;-19;36;0;1
-39;-19;37;0;1
-39;-19;39;1;1
-39;-19;41;1;1
-39;-19;42;0;1
-39;-19;43;1;1
-39;-19;44;0;1
-39;-19;52;1;1
-39;-18;12;1;1
-39;-18;13;1;1
-39;-18;14;1;1
-39;-18;15;0;1
-39;-18;20;1;1
-39;-18;21;0;1
-39;-18;23;0;1
-39;-18;26;0;1
-39;-18;29;1;1
-39;-18;30;1;1
-39;-18;31;1;1
-39;-18;35;1;1
-39;-18;38;0;1
-39;-18;41;1;1
-39;-18;42;0;1
-39;-18;47;1;1
-39;-18;49;0;1
-39;-18;50;0;1
-39;-18;53;0;1
-39;-17;12;0;1
-39;-17;13;0;1
-39;-17;15;0;1
-39;-17;16;0;1
-39;-17;17;0;1
-39;-17;18;0;1
-39;-17;19;0;1
-39;-17;20;0;1
-39;-17;30;1;1
-39;-17;33;0;1
-39;-17;42;0;1
-39;-17;44;1;1
-39;-17;46;0;1
-39;-17;54;1;1
-39;-17;55;1;1
-39;-16;17;0;1
-39;-16;23;0;1
-39;-16;26;0;1
-39;-16;27;1;1
-39;-16;29;0;1
-39;-16;30;0;1
-39;-16;31;0;1
-39;-16;32;1;1
-39;-16;36;0;1
-39;-16;38;0;1
-39;-16;43;0;1
-39;-16;44;0;1
-39;-16;46;1;1
-39;-16;47;1;1
-39;-16;49;1;1
-39;-16;50;0;1
-39;-16;52;1;1
-39;-16;53;1;1
-39;-16;55;1;1
-39;-16;56;0;1
-39;-16;57;0;1
-39;-15;13;0;1
-39;-15;14;0;1
-39;-15;15;0;1
-39;-15;18;0;1
-39;-15;19;1;1
-39;-15;20;1;1
-39;-15;23;0;1
-39;-15;26;1;1
-39;-15;29;1;1
-39;-15;30;0;1
-39;-15;31;1;1
-39;-15;33;0;1
-39;-15;39;0;1
-39;-15;42;0;1
-39;-15;43;0;1
-39;-15;48;0;1
-39;-15;49;0;1
-39;-15;50;0;1
-39;-15;54;1;1
-39;-14;14;0;1
-39;-14;17;0;1
-39;-14;23;0;1
-39;-14;32;0;1
-39;-14;33;1;1
-39;-14;34;0;1
-39;-14;37;1;1
-39;-14;41;0;1
-39;-14;42;0;1
-39;-14;44;0;1
-39;-14;47;1;1
-39;-14;49;0;1
-39;-14;51;1;1
-39;-14;52;0;1
-39;-14;53;0;1
-39;-14;54;1;1
-39;-14;55;0;1
-39;-13;12;0;1
-39;-13;18;0;1
-39;-13;20;0;1
-39;-13;25;0;1
-39;-13;26;0;1
-39;-13;27;1;1
-39;-13;28;0;1
-39;-13;30;1;1
-39;-13;31;1;1
-39;-13;35;1;1
-39;-13;40;0;1
-39;-13;41;0;1
-39;-13;42;1;1
-39;-13;44;1;1
-39;-13;50;1;1
-39;-13;52;0;1
-39;-13;56;1;1
-39;-13;57;0;1
-39;-12;12;1;1
-39;-12;15;0;1
-39;-12;21;1;1
-39;-12;27;1;1
-39;-12;28;1;1
-39;-12;29;0;1
-39;-12;31;1;1
-39;-12;34;0;1
-39;-12;37;0;1
-39;-12;38;1;1
-39;-12;42;0;1
-39;-12;44;0;1
-39;-12;47;0;1
-39;-12;48;0;1
-39;-12;49;0;1
-39;-12;54;1;1
-39;-11;11;1;1
-39;-11;12;1;1
-39;-11;13;0;1
-39;-11;16;1;1
-39;-11;23;1;1
-39;-11;29;0;1
-39;-11;33;1;1
-39;-11;34;0;1
-39;-11;36;0;1
-39;-11;37;0;1
-39;-11;38;1;1
-39;-11;40;1;1
-39;-11;42;0;1
-39;-11;43;0;1
-39;-11;44;1;1
-39;-11;47;0;1
-39;-11;48;0;1
-39;-11;50;0;1
-39;-11;51;1;1
-39;-11;52;1;1
-39;-11;53;0;1
-39;-11;54;1;1
-39;-11;55;1;1
-39;-11;57;0;1
-39;-11;58;1;1
-39;-10;11;1;1
-39;-10;13;0;1
-39;-10;16;1;1
-39;-10;17;1;1
-39;-10;21;0;1
-39;-10;22;1;1
-39;-10;23;0;1
-39;-10;24;0;1
-39;-10;26;0;1
-39;-10;28;0;1
-39;-10;29;1;1
-39;-10;31;1;1
-39;-10;35;1;1
-39;-10;37;0;1
-39;-10;38;0;1
-39;-10;39;1;1
-39;-10;40;0;1
-39;-10;41;0;1
-39;-10;42;1;1
-39;-10;45;0;1
-39;-10;52;0;1
-39;-10;56;0;1
-39;-10;58;0;1
-39;-9;12;1;1
-39;-9;18;0;1
-39;-9;19;1;1
-39;-9;20;1;1
-39;-9;21;0;1
-39;-9;24;0;1
-39;-9;25;0;1
-39;-9;28;0;1
-39;-9;35;0;1
-39;-9;37;1;1
-39;-9;39;0;1
-39;-9;40;0;1
-39;-9;42;0;1
-39;-9;43;0;1
-39;-9;44;0;1
-39;-9;47;0;1
-39;-9;49;1;1
-39;-9;53;1;1
-39;-9;56;0;1
-39;-9;58;1;1
-39;-8;11;0;1
-39;-8;13;0;1
-39;-8;15;0;1
-39;-8;19;0;1
-39;-8;29;0;1
-39;-8;31;0;1
-39;-8;32;1;1
-39;-8;33;0;1
-39;-8;35;0;1
-39;-8;39;0;1
-39;-8;40;0;1
-39;-8;42;1;1
-39;-8;48;0;1
-39;-8;50;1;1
-39;-8;52;1;1
-39;-8;54;1;1
-39;-8;56;1;1
-39;-8;58;1;1
-39;-7;12;1;1
-39;-7;14;1;1
-39;-7;21;0;1
-39;-7;23;0;1
-39;-7;28;1;1
-39;-7;33;0;1
-39;-7;36;0;1
-39;-7;38;0;1
-39;-7;39;0;1
-39;-7;40;0;1
-39;-7;41;1;1
-39;-7;43;1;1
-39;-7;50;0;1
-39;-7;54;1;1
-39;-7;57;0;1
-39;-7;58;0;1
-39;-6;15;0;1
-39;-6;17;0;1
-39;-6;18;0;1
-39;-6;19;1;1
-39;-6;20;0;1
-39;-6;21;1;1
-39;-6;22;1;1
-39;-6;23;0;1
-39;-6;25;0;1
-39;-6;26;1;1
-39;-6;30;1;1
-39;-6;31;1;1
-39;-6;33;0;1
-39;-6;40;0;1
-39;-6;41;1;1
-39;-6;43;1;1
-39;-6;50;0;1
-39;-6;58;0;1
-39;-5;12;0;1
-39;-5;16;0;1
-39;-5;18;0;1
-39;-5;20;1;1
-39;-5;22;1;1
-39;-5;26;0;1
-39;-5;27;0;1
-39;-5;29;0;1
-39;-5;34;0;1
-39;-5;39;0;1
-39;-5;44;1;1
-39;-5;49;0;1
-39;-5;51;1;1
-39;-5;53;1;1
-39;-5;57;1;1
-39;-5;58;0;1
-39;-4;16;0;1
-39;-4;17;1;1
-39;-4;18;1;1
-39;-4;21;1;1
-39;-4;25;0;1
-39;-4;29;0;1
-39;-4;30;1;1
-39;-4;35;1;1
-39;-4;36;1;1
-39;-4;38;0;1
-39;-4;41;1;1
-39;-4;45;1;1
-39;-4;46;0;1
-39;-4;47;1;1
-39;-4;49;0;1
-39;-4;50;1;1
-39;-4;54;0;1
-39;-4;59;1;1
-39;-3;12;0;1
-39;-3;15;0;1
-39;-3;16;1;1
-39;-3;18;1;1
-39;-3;20;0;1
-39;-3;21;0;1
-39;-3;25;1;1
-39;-3;27;0;1
-39;-3;29;0;1
-39;-3;31;1;1
-39;-3;33;0;1
-39;-3;36;1;1
-39;-3;42;1;1
-39;-3;43;1;1
-39;-3;44;1;1
-39;-3;48;0;1
-39;-3;51;1;1
-39;-3;52;0;1
-39;-3;53;1;1
-39;-3;54;0;1
-39;-3;55;0;1
-39;-3;56;1;1
-39;-3;59;0;1
-39;-2;16;1;1
-39;-2;20;1;1
-39;-2;26;0;1
-39;-2;30;0;1
-39;-2;33;1;1
-39;-2;37;0;1
-39;-2;38;0;1
-39;-2;40;0;1
-39;-2;45;1;1
-39;-2;48;1;1
-39;-2;49;1;1
-39;-2;50;1;1
-39;-2;51;1;1
-39;-2;55;0;1
-39;-2;58;1;1
-39;-1;11;1;1
-39;-1;12;1;1
-39;-1;15;0;1
-39;-1;17;1;1
-39;-1;18;1;1
-39;-1;19;0;1
-39;-1;20;0;1
-39;-1;21;0;1
-39;-1;22;1;1
-39;-1;26;0;1
-39;-1;30;1;1
-39;-1;31;1;1
-39;-1;33;1;1
-39;-1;34;0;1
-39;-1;35;0;1
-39;-1;37;0;1
-39;-1;38;1;1
-39;-1;40;1;1
-39;-1;42;1;1
-39;-1;44;0;1
-39;-1;49;1;1
-39;-1;52;0;1
-39;-1;55;0;1
-39;-1;58;0;1
-39;-1;59;0;1
-39;0;11;0;1
-39;0;13;1;1
-39;0;23;1;1
-39;0;26;0;1
-39;0;30;0;1
-39;0;31;0;1
-39;0;33;1;1
-39;0;35;1;1
-39;0;37;0;1
-39;0;38;1;1
-39;0;39;0;1
-39;0;40;1;1
-39;0;42;1;1
-39;0;46;1;1
-39;0;49;0;1
-39;0;52;1;1
-39;0;53;1;1
-39;0;54;0;1
-39;0;57;1;1
-39;1;11;0;1
-39;1;13;0;1
-39;1;15;1;1
-39;1;16;0;1
-39;1;17;0;1
-39;1;22;0;1
-39;1;23;1;1
-39;1;25;1;1
-39;1;28;0;1
-39;1;29;1;1
-39;1;30;0;1
-39;1;31;1;1
-39;1;37;0;1
-39;1;38;0;1
-39;1;41;1;1
-39;1;42;0;1
-39;1;45;0;1
-39;1;48;0;1
-39;1;50;0;1
-39;1;52;0;1
-39;1;53;0;1
-39;1;54;0;1
-39;1;56;1;1
-39;2;11;1;1
-39;2;14;0;1
-39;2;19;0;1
-39;2;21;0;1
-39;2;22;1;1
-39;2;24;1;1
-39;2;25;1;1
-39;2;27;1;1
-39;2;29;0;1
-39;2;30;0;1
-39;2;31;0;1
-39;2;34;0;1
-39;2;35;0;1
-39;2;36;0;1
-39;2;38;0;1
-39;2;39;1;1
-39;2;41;1;1
-39;2;48;1;1
-39;2;49;0;1
-39;2;57;0;1
-39;2;59;0;1
-39;3;16;1;1
-39;3;17;0;1
-39;3;19;1;1
-39;3;21;0;1
-39;3;25;0;1
-39;3;27;1;1
-39;3;30;1;1
-39;3;32;0;1
-39;3;33;1;1
-39;3;41;0;1
-39;3;44;0;1
-39;3;45;0;1
-39;3;47;1;1
-39;3;49;0;1
-39;3;52;0;1
-39;3;54;0;1
-39;3;55;1;1
-39;3;57;0;1
-39;3;58;0;1
-39;3;59;0;1
-39;4;11;0;1
-39;4;16;0;1
-39;4;19;1;1
-39;4;20;1;1
-39;4;26;0;1
-39;4;27;0;1
-39;4;33;0;1
-39;4;36;1;1
-39;4;40;0;1
-39;4;44;0;1
-39;4;45;0;1
-39;4;47;1;1
-39;4;49;1;1
-39;4;51;0;1
-39;4;56;0;1
-39;4;57;0;1
-39;4;59;0;1
-39;5;14;1;1
-39;5;18;0;1
-39;5;20;1;1
-39;5;21;0;1
-39;5;22;0;1
-39;5;26;1;1
-39;5;27;0;1
-39;5;29;1;1
-39;5;30;0;1
-39;5;31;0;1
-39;5;33;1;1
-39;5;34;0;1
-39;5;39;0;1
-39;5;41;0;1
-39;5;45;0;1
-39;5;47;0;1
-39;5;48;0;1
-39;5;49;0;1
-39;5;50;0;1
-39;5;54;1;1
-39;5;56;1;1
-39;5;57;0;1
-39;6;12;0;1
-39;6;13;0;1
-39;6;14;0;1
-39;6;18;0;1
-39;6;20;0;1
-39;6;23;0;1
-39;6;24;1;1
-39;6;25;0;1
-39;6;27;0;1
-39;6;30;0;1
-39;6;31;0;1
-39;6;32;1;1
-39;6;35;0;1
-39;6;39;1;1
-39;6;40;0;1
-39;6;50;0;1
-39;6;52;0;1
-39;6;55;0;1
-39;6;57;1;1
-39;7;18;0;1
-39;7;23;0;1
-39;7;27;0;1
-39;7;28;1;1
-39;7;29;1;1
-39;7;32;0;1
-39;7;35;0;1
-39;7;37;1;1
-39;7;39;0;1
-39;7;40;0;1
-39;7;44;0;1
-39;7;49;1;1
-39;7;52;0;1
-39;7;57;1;1
-39;7;58;1;1
-39;8;12;0;1
-39;8;13;1;1
-39;8;14;0;1
-39;8;15;0;1
-39;8;16;1;1
-39;8;17;0;1
-39;8;19;0;1
-39;8;21;1;1
-39;8;26;0;1
-39;8;29;0;1
-39;8;34;1;1
-39;8;39;0;1
-39;8;40;0;1
-39;8;45;1;1
-39;8;47;0;1
-39;8;51;0;1
-39;8;52;0;1
-39;8;53;0;1
-39;8;54;0;1
-39;8;56;0;1
-39;8;58;0;1
-39;9;12;1;1
-39;9;14;0;1
-39;9;16;1;1
-39;9;21;1;1
-39;9;28;0;1
-39;9;35;1;1
-39;9;36;0;1
-39;9;38;0;1
-39;9;39;1;1
-39;9;41;0;1
-39;9;44;0;1
-39;9;46;0;1
-39;9;48;0;1
-39;9;49;1;1
-39;9;50;1;1
-39;9;51;0;1
-39;9;53;0;1
-39;9;55;0;1
-39;10;13;1;1
-39;10;15;0;1
-39;10;16;1;1
-39;10;22;0;1
-39;10;23;0;1
-39;10;24;0;1
-39;10;26;0;1
-39;10;28;0;1
-39;10;33;0;1
-39;10;35;0;1
-39;10;37;0;1
-39;10;39;1;1
-39;10;40;0;1
-39;10;41;0;1
-39;10;44;0;1
-39;10;45;0;1
-39;10;49;0;1
-39;10;54;1;1
-39;10;55;1;1
-39;10;56;1;1
-39;10;57;0;1
-39;11;11;0;1
-39;11;12;0;1
-39;11;14;0;1
-39;11;16;0;1
-39;11;17;0;1
-39;11;18;0;1
-39;11;20;0;1
-39;11;22;1;1
-39;11;24;0;1
-39;11;31;1;1
-39;11;34;1;1
-39;11;35;0;1
-39;11;39;0;1
-39;11;44;0;1
-39;11;47;0;1
-39;11;50;0;1
-39;11;53;0;1
-39;11;57;1;1
-39;11;58;0;1
-39;12;12;0;1
-39;12;15;0;1
-39;12;17;0;1
-39;12;18;1;1
-39;12;19;1;1
-39;12;21;0;1
-39;12;23;0;1
-39;12;26;1;1
-39;12;27;0;1
-39;12;32;1;1
-39;12;34;0;1
-39;12;37;0;1
-39;12;38;1;1
-39;12;39;1;1
-39;12;42;0;1
-39;12;44;1;1
-39;12;47;0;1
-39;12;53;0;1
-39;12;54;0;1
-39;12;56;0;1
-39;12;57;0;1
-39;12;58;1;1
-39;13;13;0;1
-39;13;14;0;1
-39;13;19;0;1
-39;13;21;1;1
-39;13;25;0;1
-39;13;28;0;1
-39;13;29;0;1
-39;13;31;0;1
-39;13;33;0;1
-39;13;34;1;1
-39;13;35;0;1
-39;13;38;0;1
-39;13;39;1;1
-39;13;42;0;1
-39;13;44;0;1
-39;13;45;0;1
-39;13;46;1;1
-39;13;51;0;1
-39;13;55;1;1
-39;14;12;1;1
-39;14;16;1;1
-39;14;17;0;1
-39;14;22;1;1
-39;14;24;1;1
-39;14;27;1;1
-39;14;28;0;1
-39;14;29;1;1
-39;14;30;0;1
-39;14;32;0;1
-39;14;35;1;1
-39;14;36;0;1
-39;14;40;0;1
-39;14;41;1;1
-39;14;44;1;1
-39;14;46;1;1
-39;14;50;1;1
-39;14;51;0;1
-39;14;52;0;1
-39;14;57;1;1
-39;15;12;0;1
-39;15;14;0;1
-39;15;17;0;1
-39;15;20;0;1
-39;15;23;1;1
-39;15;24;0;1
-39;15;30;1;1
-39;15;31;1;1
-39;15;32;0;1
-39;15;35;1;1
-39;15;36;0;1
-39;15;39;1;1
-39;15;40;1;1
-39;15;41;0;1
-39;15;46;0;1
-39;15;49;0;1
-39;15;50;0;1
-39;15;53;0;1
-39;15;56;1;1
-39;15;57;0;1
-39;16;13;1;1
-39;16;18;0;1
-39;16;20;0;1
-39;16;24;1;1
-39;16;26;0;1
-39;16;27;0;1
-39;16;28;1;1
-39;16;29;1;1
-39;16;30;0;1
-39;16;32;0;1
-39;16;33;1;1
-39;16;35;0;1
-39;16;41;0;1
-39;16;42;0;1
-39;16;43;0;1
-39;16;46;1;1
-39;16;47;0;1
-39;16;48;1;1
-39;16;50;0;1
-39;16;51;0;1
-39;16;52;1;1
-39;16;53;1;1
-39;16;57;0;1
-39;17;14;0;1
-39;17;16;0;1
-39;17;17;0;1
-39;17;18;0;1
-39;17;21;0;1
-39;17;24;1;1
-39;17;25;0;1
-39;17;31;0;1
-39;17;36;0;1
-39;17;43;0;1
-39;17;45;0;1
-39;17;46;0;1
-39;17;47;0;1
-39;17;48;0;1
-39;17;49;0;1
-39;17;50;0;1
-39;17;54;0;1
-39;17;56;1;1
-39;18;18;0;1
-39;18;20;0;1
-39;18;21;0;1
-39;18;23;0;1
-39;18;32;0;1
-39;18;33;1;1
-39;18;38;0;1
-39;18;39;0;1
-39;18;46;0;1
-39;18;49;0;1
-39;18;51;0;1
-39;18;52;0;1
-39;18;53;0;1
-39;18;54;0;1
-39;19;15;1;1
-39;19;17;0;1
-39;19;20;0;1
-39;19;22;0;1
-39;19;24;1;1
-39;19;25;0;1
-39;19;26;0;1
-39;19;29;1;1
-39;19;30;0;1
-39;19;31;1;1
-39;19;33;0;1
-39;19;35;0;1
-39;19;36;0;1
-39;19;38;0;1
-39;19;41;0;1
-39;19;42;0;1
-39;19;50;1;1
-39;19;51;0;1
-39;19;52;0;1
-39;19;54;1;1
-39;19;55;0;1
-39;20;13;1;1
-39;20;14;1;1
-39;20;20;1;1
-39;20;21;0;1
-39;20;24;1;1
-39;20;25;0;1
-39;20;28;0;1
-39;20;29;0;1
-39;20;30;0;1
-39;20;32;1;1
-39;20;35;0;1
-39;20;36;1;1
-39;20;37;0;1
-39;20;38;0;1
-39;20;39;1;1
-39;20;52;1;1
-39;20;53;0;1
-39;20;54;0;1
-39;20;55;0;1
-39;21;15;1;1
-39;21;16;1;1
-39;21;17;0;1
-39;21;21;0;1
-39;21;23;0;1
-39;21;24;1;1
-39;21;27;0;1
-39;21;28;1;1
-39;21;29;1;1
-39;21;30;0;1
-39;21;31;0;1
-39;21;34;0;1
-39;21;37;1;1
-39;21;40;0;1
-39;21;42;0;1
-39;21;43;1;1
-39;21;45;0;1
-39;21;48;0;1
-39;21;49;0;1
-39;22;17;0;1
-39;22;18;0;1
-39;22;19;0;1
-39;22;20;0;1
-39;22;21;0;1
-39;22;22;0;1
-39;22;24;0;1
-39;22;26;1;1
-39;22;29;0;1
-39;22;32;1;1
-39;22;34;0;1
-39;22;36;0;1
-39;22;42;0;1
-39;22;43;0;1
-39;22;44;1;1
-39;22;50;1;1
-39;22;55;0;1
-39;23;13;0;1
-39;23;15;0;1
-39;23;19;1;1
-39;23;21;1;1
-39;23;27;1;1
-39;23;30;0;1
-39;23;33;1;1
-39;23;36;1;1
-39;23;40;0;1
-39;23;43;1;1
-39;23;45;1;1
-39;23;49;0;1
-39;23;50;1;1
-39;23;51;1;1
-39;23;54;1;1
-39;24;15;0;1
-39;24;17;0;1
-39;24;18;1;1
-39;24;19;1;1
-39;24;21;1;1
-39;24;24;1;1
-39;24;26;0;1
-39;24;27;0;1
-39;24;28;1;1
-39;24;30;0;1
-39;24;33;0;1
-39;24;37;0;1
-39;24;38;0;1
-39;24;39;0;1
-39;24;40;0;1
-39;24;41;0;1
-39;24;44;0;1
-39;24;47;1;1
-39;24;49;0;1
-39;24;51;0;1
-39;24;53;0;1
-39;25;13;0;1
-39;25;14;1;1
-39;25;17;1;1
-39;25;18;0;1
-39;25;21;1;1
-39;25;22;0;1
-39;25;24;0;1
-39;25;25;0;1
-39;25;26;1;1
-39;25;29;0;1
-39;25;32;0;1
-39;25;33;0;1
-39;25;35;0;1
-39;25;39;0;1
-39;25;41;0;1
-39;25;44;1;1
-39;25;46;0;1
-39;25;47;1;1
-39;25;49;1;1
-39;25;52;1;1
-39;26;13;1;1
-39;26;14;1;1
-39;26;15;0;1
-39;26;18;0;1
-39;26;21;1;1
-39;26;27;0;1
-39;26;29;1;1
-39;26;30;0;1
-39;26;33;0;1
-39;26;35;1;1
-39;26;36;0;1
-39;26;39;0;1
-39;26;41;0;1
-39;26;43;0;1
-39;26;44;0;1
-39;26;47;0;1
-39;26;48;1;1
-39;26;50;1;1
-39;27;14;0;1
-39;27;16;0;1
-39;27;17;0;1
-39;27;19;0;1
-39;27;21;1;1
-39;27;23;0;1
-39;27;25;0;1
-39;27;27;0;1
-39;27;28;1;1
-39;27;29;1;1
-39;27;31;0;1
-39;27;32;0;1
-39;27;36;0;1
-39;27;39;0;1
-39;27;41;0;1
-39;27;42;1;1
-39;27;43;0;1
-39;27;44;0;1
-39;27;46;1;1
-39;27;48;1;1
-39;27;51;0;1
-39;28;15;0;1
-39;28;16;0;1
-39;28;17;1;1
-39;28;21;0;1
-39;28;22;0;1
-39;28;24;0;1
-39;28;27;1;1
-39;28;28;0;1
-39;28;29;1;1
-39;28;34;0;1
-39;28;38;1;1
-39;28;40;1;1
-39;28;44;0;1
-39;28;48;1;1
-39;28;50;0;1
-39;28;51;0;1
-39;28;52;0;1
-39;29;15;0;1
-39;29;18;0;1
-39;29;21;0;1
-39;29;24;1;1
-39;29;25;0;1
-39;29;26;0;1
-39;29;27;1;1
-39;29;32;0;1
-39;29;33;1;1
-39;29;36;0;1
-39;29;37;0;1
-39;29;40;0;1
-39;29;42;1;1
-39;29;43;1;1
-39;29;45;0;1
-39;29;48;0;1
-39;29;51;0;1
-39;30;14;0;1
-39;30;18;1;1
-39;30;27;0;1
-39;30;28;0;1
-39;30;29;0;1
-39;30;33;0;1
-39;30;34;1;1
-39;30;36;0;1
-39;30;42;1;1
-39;30;43;1;1
-39;30;44;0;1
-39;30;45;0;1
-39;30;47;0;1
-39;31;15;0;1
-39;31;16;0;1
-39;31;19;1;1
-39;31;22;0;1
-39;31;24;0;1
-39;31;26;0;1
-39;31;27;0;1
-39;31;31;0;1
-39;31;34;1;1
-39;31;37;0;1
-39;31;38;0;1
-39;31;41;1;1
-39;31;42;1;1
-39;31;46;0;1
-39;32;14;1;1
-39;32;16;1;1
-39;32;18;1;1
-39;32;20;1;1
-39;32;22;0;1
-39;32;23;1;1
-39;32;24;0;1
-39;32;26;1;1
-39;32;32;0;1
-39;32;35;0;1
-39;32;37;1;1
-39;32;38;1;1
-39;32;42;1;1
-39;32;45;0;1
-39;32;46;0;1
-39;32;50;1;1
-39;33;15;0;1
-39;33;16;1;1
-39;33;20;0;1
-39;33;21;1;1
-39;33;22;1;1
-39;33;26;0;1
-39;33;32;0;1
-39;33;34;1;1
-39;33;35;0;1
-39;33;38;0;1
-39;33;44;1;1
-39;33;45;0;1
-39;33;47;1;1
-39;33;48;0;1
-39;34;17;0;1
-39;34;18;0;1
-39;34;24;0;1
-39;34;25;1;1
-39;34;40;0;1
-39;34;41;0;1
-39;34;42;0;1
-39;34;45;1;1
-39;34;46;0;1
-39;35;16;0;1
-39;35;17;0;1
-39;35;22;1;1
-39;35;23;1;1
-39;35;24;0;1
-39;35;26;0;1
-39;35;28;0;1
-39;35;30;0;1
-39;35;33;0;1
-39;35;36;0;1
-39;35;37;1;1
-39;35;41;0;1
-39;35;42;1;1
-39;35;44;0;1
-39;35;45;1;1
-39;36;15;0;1
-39;36;17;1;1
-39;36;20;0;1
-39;36;21;1;1
-39;36;28;0;1
-39;36;30;0;1
-39;36;32;1;1
-39;36;33;0;1
-39;36;36;0;1
-39;36;41;0;1
-39;36;42;0;1
-39;36;44;0;1
-39;36;46;0;1
-39;36;47;0;1
-39;37;15;0;1
-39;37;16;0;1
-39;37;17;1;1
-39;37;19;1;1
-39;37;27;1;1
-39;37;30;0;1
-39;37;31;0;1
-39;37;38;1;1
-39;37;42;0;1
-39;37;44;0;1
-39;37;45;1;1
-39;37;46;1;1
-39;38;17;0;1
-39;38;18;0;1
-39;38;20;0;1
-39;38;23;0;1
-39;38;24;1;1
-39;38;31;1;1
-39;38;32;0;1
-39;38;33;0;1
-39;38;35;0;1
-39;38;36;0;1
-39;38;37;0;1
-39;38;38;0;1
-39;38;39;0;1
-39;38;40;0;1
-39;38;45;1;1
-39;39;15;1;1
-39;39;16;0;1
-39;39;19;0;1
-39;39;23;0;1
-39;39;24;0;1
-39;39;32;1;1
-39;39;36;0;1
-39;39;41;0;1
-39;39;44;1;1
-39;40;16;0;1
-39;40;19;0;1
-39;40;20;1;1
-39;40;21;0;1
-39;40;28;1;1
-39;40;30;1;1
-39;40;31;1;1
-39;40;36;0;1
-39;40;38;1;1
-39;40;40;0;1
-39;40;41;0;1
-39;40;43;0;1
-39;41;17;0;1
-39;41;18;0;1
-39;41;22;1;1
-39;41;23;1;1
-39;41;26;0;1
-39;41;27;1;1
-39;41;28;0;1
-39;41;30;1;1
-39;41;33;1;1
-39;41;35;0;1
-39;41;36;1;1
-39;42;17;1;1
-39;42;18;0;1
-39;42;19;1;1
-39;42;22;1;1
-39;42;28;1;1
-39;42;29;0;1
-39;42;31;0;1
-39;42;33;0;1
-39;42;39;0;1
-39;43;18;0;1
-39;43;20;1;1
-39;43;23;1;1
-39;43;24;0;1
-39;43;25;0;1
-39;43;28;0;1
-39;43;29;0;1
-39;43;32;0;1
-39;44;17;0;1
-39;44;18;1;1
-39;44;19;1;1
-39;44;23;0;1
-39;44;24;1;1
-39;44;26;0;1
-39;44;27;0;1
-39;44;29;0;1
-39;44;30;1;1
-39;44;31;0;1
-39;44;32;1;1
-39;44;33;0;1
-39;44;38;1;1
-39;45;20;0;1
-39;45;22;1;1
-39;45;23;0;1
-39;45;27;1;1
-39;45;32;0;1
-39;45;35;0;1
-39;45;38;0;1
-39;46;26;1;1
-39;46;27;0;1
-39;46;33;0;1
-39;47;25;0;1
-39;47;26;0;1
-39;47;28;0;1
-39;47;30;1;1
-39;47;32;0;1
-39;47;33;1;1
-39;47;35;0;1
-39;48;21;1;1
-39;48;23;1;1
-39;48;25;1;1
-39;48;27;0;1
-39;48;28;0;1
-39;48;32;0;1
-39;48;34;0;1
-39;49;18;0;1
-39;49;19;1;1
-39;49;23;0;1
-39;49;25;1;1
-39;49;28;0;1
-39;49;31;1;1
-39;49;33;0;1
-39;50;17;1;1
-39;50;21;1;1
-39;50;24;0;1
-39;50;27;1;1
-39;50;28;1;1
-39;51;18;0;1
-39;51;20;0;1
-39;51;27;0;1
-39;51;29;0;1
-39;51;30;0;1
-39;52;18;0;1
-39;52;19;0;1
-39;52;21;1;1
-39;52;23;1;1
-39;52;24;1;1
-39;52;25;1;1
-39;52;26;0;1
-39;52;27;1;1
-39;52;28;0;1
-39;53;18;1;1
-39;53;19;0;1
-39;53;22;0;1
-39;53;23;1;1
-39;54;21;0;1
-39;54;24;1;1
-39;55;20;1;1
-39;55;21;1;1
-39;55;22;0;1
-39;56;19;0;1
-38;-55;19;0;1
-38;-55;23;0;1
-38;-54;21;0;1
-38;-54;22;0;1
-38;-54;24;0;1
-38;-54;25;1;1
-38;-53;22;1;1
-38;-53;23;0;1
-38;-53;24;0;1
-38;-52;19;0;1
-38;-52;22;0;1
-38;-52;25;1;1
-38;-52;26;0;1
-38;-52;29;0;1
-38;-51;20;1;1
-38;-51;25;0;1
-38;-51;26;0;1
-38;-51;29;0;1
-38;-50;17;0;1
-38;-50;21;0;1
-38;-50;22;0;1
-38;-50;25;0;1
-38;-50;27;0;1
-38;-50;28;1;1
-38;-50;30;0;1
-38;-50;33;1;1
-38;-49;19;1;1
-38;-49;20;1;1
-38;-49;23;0;1
-38;-49;25;0;1
-38;-49;27;0;1
-38;-49;29;0;1
-38;-49;31;0;1
-38;-49;32;1;1
-38;-48;19;0;1
-38;-48;21;0;1
-38;-48;23;1;1
-38;-48;24;0;1
-38;-48;27;1;1
-38;-48;29;1;1
-38;-48;30;1;1
-38;-48;31;0;1
-38;-47;17;0;1
-38;-47;20;0;1
-38;-47;23;0;1
-38;-47;25;0;1
-38;-47;26;1;1
-38;-47;31;0;1
-38;-47;33;1;1
-38;-47;35;0;1
-38;-47;36;0;1
-38;-46;17;0;1
-38;-46;19;1;1
-38;-46;22;0;1
-38;-46;28;0;1
-38;-46;30;0;1
-38;-46;32;1;1
-38;-46;33;0;1
-38;-46;37;0;1
-38;-46;38;1;1
-38;-45;20;0;1
-38;-45;21;1;1
-38;-45;25;0;1
-38;-45;26;0;1
-38;-45;32;1;1
-38;-45;33;1;1
-38;-45;35;0;1
-38;-45;37;0;1
-38;-45;39;1;1
-38;-44;17;0;1
-38;-44;19;1;1
-38;-44;22;0;1
-38;-44;27;1;1
-38;-44;35;0;1
-38;-43;18;1;1
-38;-43;23;0;1
-38;-43;24;0;1
-38;-43;27;1;1
-38;-43;29;1;1
-38;-43;30;0;1
-38;-43;31;1;1
-38;-43;35;0;1
-38;-42;17;0;1
-38;-42;18;1;1
-38;-42;21;0;1
-38;-42;24;0;1
-38;-42;29;0;1
-38;-42;30;0;1
-38;-42;31;0;1
-38;-42;32;0;1
-38;-42;33;1;1
-38;-42;34;1;1
-38;-42;35;1;1
-38;-42;36;0;1
-38;-42;37;0;1
-38;-42;39;1;1
-38;-42;41;0;1
-38;-41;17;0;1
-38;-41;19;0;1
-38;-41;22;0;1
-38;-41;23;0;1
-38;-41;25;0;1
-38;-41;30;1;1
-38;-41;32;0;1
-38;-41;36;0;1
-38;-41;39;0;1
-38;-41;43;0;1
-38;-40;16;0;1
-38;-40;19;0;1
-38;-40;20;0;1
-38;-40;21;0;1
-38;-40;22;1;1
-38;-40;24;0;1
-38;-40;26;1;1
-38;-40;27;0;1
-38;-40;30;1;1
-38;-40;31;1;1
-38;-40;37;1;1
-38;-40;41;0;1
-38;-39;16;0;1
-38;-39;17;1;1
-38;-39;20;1;1
-38;-39;21;0;1
-38;-39;22;1;1
-38;-39;24;0;1
-38;-39;25;1;1
-38;-39;33;1;1
-38;-39;35;0;1
-38;-39;38;1;1
-38;-39;42;0;1
-38;-39;43;0;1
-38;-39;45;0;1
-38;-38;16;0;1
-38;-38;20;1;1
-38;-38;24;0;1
-38;-38;25;1;1
-38;-38;26;1;1
-38;-38;28;0;1
-38;-38;30;1;1
-38;-38;31;0;1
-38;-38;33;0;1
-38;-38;39;0;1
-38;-38;42;0;1
-38;-38;43;0;1
-38;-37;16;0;1
-38;-37;20;0;1
-38;-37;25;0;1
-38;-37;26;0;1
-38;-37;28;1;1
-38;-37;29;0;1
-38;-37;30;0;1
-38;-37;34;1;1
-38;-37;35;0;1
-38;-37;37;1;1
-38;-37;38;0;1
-38;-37;39;0;1
-38;-37;40;0;1
-38;-37;46;0;1
-38;-37;47;1;1
-38;-36;15;1;1
-38;-36;18;0;1
-38;-36;19;1;1
-38;-36;20;0;1
-38;-36;23;0;1
-38;-36;26;1;1
-38;-36;30;1;1
-38;-36;31;1;1
-38;-36;33;1;1
-38;-36;35;0;1
-38;-36;37;0;1
-38;-36;38;0;1
-38;-36;41;0;1
-38;-36;42;0;1
-38;-36;44;0;1
-38;-36;47;0;1
-38;-35;15;0;1
-38;-35;17;1;1
-38;-35;20;1;1
-38;-35;23;1;1
-38;-35;25;1;1
-38;-35;27;0;1
-38;-35;28;0;1
-38;-35;30;1;1
-38;-35;35;1;1
-38;-35;37;0;1
-38;-35;38;1;1
-38;-35;44;1;1
-38;-34;16;1;1
-38;-34;17;1;1
-38;-34;19;0;1
-38;-34;21;1;1
-38;-34;25;0;1
-38;-34;27;0;1
-38;-34;29;1;1
-38;-34;31;1;1
-38;-34;33;0;1
-38;-34;34;1;1
-38;-34;39;1;1
-38;-34;42;0;1
-38;-34;44;0;1
-38;-34;45;1;1
-38;-34;49;0;1
-38;-33;14;0;1
-38;-33;18;1;1
-38;-33;20;0;1
-38;-33;21;1;1
-38;-33;28;0;1
-38;-33;29;0;1
-38;-33;33;1;1
-38;-33;34;1;1
-38;-33;37;0;1
-38;-33;39;0;1
-38;-33;40;0;1
-38;-33;41;1;1
-38;-33;44;0;1
-38;-33;45;1;1
-38;-33;47;0;1
-38;-32;14;0;1
-38;-32;16;1;1
-38;-32;18;0;1
-38;-32;20;0;1
-38;-32;23;1;1
-38;-32;25;1;1
-38;-32;27;0;1
-38;-32;33;0;1
-38;-32;34;0;1
-38;-32;35;0;1
-38;-32;40;0;1
-38;-32;43;0;1
-38;-32;46;0;1
-38;-31;14;0;1
-38;-31;16;1;1
-38;-31;19;1;1
-38;-31;22;0;1
-38;-31;24;0;1
-38;-31;32;1;1
-38;-31;34;0;1
-38;-31;37;0;1
-38;-31;38;1;1
-38;-31;39;1;1
-38;-31;40;0;1
-38;-31;43;0;1
-38;-31;49;0;1
-38;-30;18;1;1
-38;-30;19;0;1
-38;-30;20;0;1
-38;-30;24;0;1
-38;-30;29;1;1
-38;-30;37;1;1
-38;-30;38;1;1
-38;-30;40;1;1
-38;-30;42;0;1
-38;-30;45;0;1
-38;-30;46;0;1
-38;-30;47;1;1
-38;-29;21;1;1
-38;-29;27;1;1
-38;-29;34;1;1
-38;-29;36;1;1
-38;-29;37;0;1
-38;-29;38;0;1
-38;-29;44;1;1
-38;-29;46;0;1
-38;-29;48;1;1
-38;-29;49;1;1
-38;-29;51;0;1
-38;-28;14;0;1
-38;-28;15;0;1
-38;-28;16;0;1
-38;-28;17;0;1
-38;-28;20;0;1
-38;-28;22;0;1
-38;-28;26;0;1
-38;-28;29;1;1
-38;-28;30;0;1
-38;-28;31;0;1
-38;-28;33;0;1
-38;-28;34;0;1
-38;-28;35;1;1
-38;-28;38;0;1
-38;-28;39;1;1
-38;-28;40;1;1
-38;-28;45;1;1
-38;-28;48;0;1
-38;-28;49;1;1
-38;-28;53;1;1
-38;-27;13;0;1
-38;-27;14;1;1
-38;-27;15;0;1
-38;-27;18;0;1
-38;-27;19;0;1
-38;-27;21;0;1
-38;-27;23;1;1
-38;-27;24;1;1
-38;-27;28;0;1
-38;-27;30;0;1
-38;-27;37;0;1
-38;-27;42;0;1
-38;-27;46;1;1
-38;-27;48;0;1
-38;-27;49;0;1
-38;-27;50;0;1
-38;-27;53;0;1
-38;-26;16;0;1
-38;-26;17;0;1
-38;-26;18;0;1
-38;-26;19;0;1
-38;-26;22;0;1
-38;-26;23;0;1
-38;-26;29;0;1
-38;-26;30;0;1
-38;-26;31;0;1
-38;-26;32;0;1
-38;-26;34;0;1
-38;-26;35;0;1
-38;-26;36;0;1
-38;-26;43;1;1
-38;-26;44;1;1
-38;-26;45;0;1
-38;-26;46;0;1
-38;-25;13;1;1
-38;-25;14;1;1
-38;-25;17;0;1
-38;-25;20;1;1
-38;-25;21;0;1
-38;-25;22;1;1
-38;-25;25;0;1
-38;-25;28;1;1
-38;-25;29;1;1
-38;-25;30;0;1
-38;-25;31;0;1
-38;-25;33;1;1
-38;-25;40;0;1
-38;-25;41;1;1
-38;-25;45;0;1
-38;-25;46;0;1
-38;-25;47;0;1
-38;-25;50;0;1
-38;-25;51;0;1
-38;-24;13;0;1
-38;-24;15;0;1
-38;-24;16;0;1
-38;-24;17;0;1
-38;-24;18;1;1
-38;-24;19;0;1
-38;-24;22;0;1
-38;-24;23;1;1
-38;-24;24;1;1
-38;-24;30;1;1
-38;-24;31;0;1
-38;-24;32;0;1
-38;-24;33;1;1
-38;-24;41;1;1
-38;-24;42;0;1
-38;-24;43;0;1
-38;-24;45;0;1
-38;-24;46;1;1
-38;-24;49;1;1
-38;-24;50;0;1
-38;-24;52;0;1
-38;-24;53;0;1
-38;-24;54;0;1
-38;-23;12;0;1
-38;-23;15;0;1
-38;-23;17;0;1
-38;-23;18;1;1
-38;-23;22;1;1
-38;-23;26;1;1
-38;-23;28;1;1
-38;-23;30;0;1
-38;-23;32;0;1
-38;-23;33;0;1
-38;-23;34;0;1
-38;-23;37;0;1
-38;-23;39;0;1
-38;-23;40;0;1
-38;-23;41;0;1
-38;-23;42;0;1
-38;-23;45;0;1
-38;-23;47;1;1
-38;-23;49;0;1
-38;-23;50;1;1
-38;-23;53;0;1
-38;-23;55;0;1
-38;-22;12;0;1
-38;-22;15;0;1
-38;-22;22;0;1
-38;-22;23;1;1
-38;-22;24;0;1
-38;-22;25;1;1
-38;-22;27;0;1
-38;-22;30;0;1
-38;-22;34;1;1
-38;-22;37;0;1
-38;-22;42;1;1
-38;-22;47;0;1
-38;-22;49;0;1
-38;-22;50;0;1
-38;-22;53;0;1
-38;-22;55;0;1
-38;-21;12;0;1
-38;-21;16;1;1
-38;-21;18;0;1
-38;-21;21;0;1
-38;-21;26;0;1
-38;-21;29;1;1
-38;-21;32;1;1
-38;-21;34;1;1
-38;-21;35;1;1
-38;-21;40;0;1
-38;-21;41;1;1
-38;-21;42;0;1
-38;-21;49;1;1
-38;-21;50;1;1
-38;-21;51;0;1
-38;-21;52;1;1
-38;-21;53;0;1
-38;-21;54;0;1
-38;-20;14;1;1
-38;-20;20;1;1
-38;-20;24;1;1
-38;-20;26;0;1
-38;-20;28;0;1
-38;-20;30;0;1
-38;-20;33;1;1
-38;-20;36;1;1
-38;-20;37;0;1
-38;-20;38;0;1
-38;-20;39;1;1
-38;-20;42;0;1
-38;-20;47;0;1
-38;-20;54;0;1
-38;-20;56;0;1
-38;-19;15;1;1
-38;-19;18;0;1
-38;-19;20;0;1
-38;-19;22;1;1
-38;-19;23;0;1
-38;-19;25;1;1
-38;-19;31;1;1
-38;-19;33;0;1
-38;-19;34;1;1
-38;-19;36;1;1
-38;-19;40;0;1
-38;-19;41;0;1
-38;-19;44;1;1
-38;-19;45;0;1
-38;-19;46;0;1
-38;-19;53;1;1
-38;-19;55;0;1
-38;-19;56;0;1
-38;-18;13;0;1
-38;-18;15;0;1
-38;-18;16;0;1
-38;-18;18;0;1
-38;-18;24;0;1
-38;-18;25;1;1
-38;-18;27;1;1
-38;-18;28;0;1
-38;-18;29;0;1
-38;-18;31;1;1
-38;-18;34;0;1
-38;-18;36;1;1
-38;-18;38;0;1
-38;-18;40;0;1
-38;-18;42;0;1
-38;-18;47;0;1
-38;-18;48;0;1
-38;-18;50;1;1
-38;-18;51;0;1
-38;-18;52;0;1
-38;-17;17;1;1
-38;-17;18;0;1
-38;-17;21;1;1
-38;-17;22;1;1
-38;-17;24;1;1
-38;-17;28;1;1
-38;-17;29;0;1
-38;-17;31;0;1
-38;-17;32;0;1
-38;-17;33;0;1
-38;-17;35;1;1
-38;-17;38;0;1
-38;-17;43;1;1
-38;-17;44;1;1
-38;-17;45;0;1
-38;-17;49;0;1
-38;-17;55;1;1
-38;-16;13;0;1
-38;-16;14;1;1
-38;-16;15;0;1
-38;-16;16;0;1
-38;-16;17;0;1
-38;-16;19;1;1
-38;-16;25;1;1
-38;-16;26;0;1
-38;-16;27;1;1
-38;-16;30;1;1
-38;-16;31;0;1
-38;-16;35;1;1
-38;-16;37;1;1
-38;-16;38;0;1
-38;-16;40;1;1
-38;-16;45;0;1
-38;-16;46;0;1
-38;-16;50;1;1
-38;-16;51;1;1
-38;-16;55;0;1
-38;-16;56;0;1
-38;-15;13;0;1
-38;-15;15;0;1
-38;-15;17;1;1
-38;-15;24;0;1
-38;-15;25;1;1
-38;-15;30;0;1
-38;-15;31;0;1
-38;-15;33;1;1
-38;-15;36;0;1
-38;-15;42;0;1
-38;-15;45;1;1
-38;-15;47;1;1
-38;-15;50;0;1
-38;-15;52;0;1
-38;-15;57;1;1
-38;-14;11;0;1
-38;-14;17;1;1
-38;-14;20;0;1
-38;-14;23;1;1
-38;-14;26;0;1
-38;-14;27;0;1
-38;-14;29;0;1
-38;-14;35;0;1
-38;-14;39;0;1
-38;-14;40;0;1
-38;-14;42;0;1
-38;-14;44;1;1
-38;-14;45;0;1
-38;-14;50;1;1
-38;-14;51;1;1
-38;-13;11;0;1
-38;-13;12;1;1
-38;-13;14;0;1
-38;-13;15;0;1
-38;-13;18;1;1
-38;-13;21;0;1
-38;-13;24;0;1
-38;-13;33;1;1
-38;-13;34;1;1
-38;-13;35;0;1
-38;-13;38;1;1
-38;-13;43;0;1
-38;-13;49;0;1
-38;-13;51;0;1
-38;-13;54;0;1
-38;-13;56;1;1
-38;-13;58;0;1
-38;-12;15;0;1
-38;-12;18;1;1
-38;-12;20;0;1
-38;-12;21;1;1
-38;-12;24;1;1
-38;-12;26;0;1
-38;-12;31;0;1
-38;-12;32;1;1
-38;-12;34;1;1
-38;-12;35;0;1
-38;-12;38;0;1
-38;-12;39;1;1
-38;-12;40;0;1
-38;-12;42;1;1
-38;-12;45;0;1
-38;-12;48;1;1
-38;-12;54;0;1
-38;-12;55;0;1
-38;-12;57;1;1
-38;-11;14;0;1
-38;-11;19;1;1
-38;-11;20;1;1
-38;-11;21;1;1
-38;-11;22;1;1
-38;-11;24;0;1
-38;-11;25;1;1
-38;-11;26;1;1
-38;-11;28;0;1
-38;-11;29;0;1
-38;-11;31;0;1
-38;-11;32;0;1
-38;-11;36;1;1
-38;-11;37;0;1
-38;-11;40;0;1
-38;-11;41;0;1
-38;-11;42;0;1
-38;-11;44;0;1
-38;-11;47;1;1
-38;-11;53;0;1
-38;-11;55;1;1
-38;-11;57;1;1
-38;-11;58;0;1
-38;-10;11;1;1
-38;-10;12;0;1
-38;-10;15;0;1
-38;-10;16;1;1
-38;-10;18;0;1
-38;-10;20;1;1
-38;-10;22;1;1
-38;-10;34;0;1
-38;-10;37;0;1
-38;-10;41;1;1
-38;-10;49;1;1
-38;-10;51;1;1
-38;-10;52;1;1
-38;-10;55;0;1
-38;-10;57;0;1
-38;-10;58;0;1
-38;-9;21;0;1
-38;-9;23;0;1
-38;-9;28;0;1
-38;-9;33;0;1
-38;-9;34;0;1
-38;-9;39;0;1
-38;-9;40;1;1
-38;-9;42;0;1
-38;-9;44;1;1
-38;-9;46;0;1
-38;-9;47;0;1
-38;-9;48;0;1
-38;-9;54;1;1
-38;-9;55;0;1
-38;-9;57;0;1
-38;-8;12;0;1
-38;-8;13;0;1
-38;-8;16;1;1
-38;-8;17;1;1
-38;-8;18;0;1
-38;-8;19;0;1
-38;-8;21;0;1
-38;-8;22;1;1
-38;-8;28;0;1
-38;-8;29;1;1
-38;-8;32;0;1
-38;-8;33;1;1
-38;-8;34;1;1
-38;-8;40;0;1
-38;-8;41;0;1
-38;-8;43;1;1
-38;-8;49;0;1
-38;-8;51;0;1
-38;-8;54;1;1
-38;-8;55;0;1
-38;-8;58;1;1
-38;-8;59;0;1
-38;-7;14;1;1
-38;-7;18;0;1
-38;-7;19;0;1
-38;-7;23;0;1
-38;-7;25;0;1
-38;-7;26;0;1
-38;-7;27;0;1
-38;-7;29;1;1
-38;-7;31;0;1
-38;-7;32;0;1
-38;-7;33;0;1
-38;-7;34;1;1
-38;-7;36;0;1
-38;-7;38;0;1
-38;-7;40;0;1
-38;-7;41;1;1
-38;-7;42;0;1
-38;-7;43;1;1
-38;-7;45;1;1
-38;-7;50;1;1
-38;-7;51;0;1
-38;-7;54;0;1
-38;-7;57;1;1
-38;-7;59;0;1
-38;-6;12;1;1
-38;-6;13;1;1
-38;-6;17;0;1
-38;-6;18;0;1
-38;-6;19;0;1
-38;-6;20;0;1
-38;-6;26;1;1
-38;-6;33;0;1
-38;-6;34;1;1
-38;-6;35;0;1
-38;-6;39;0;1
-38;-6;40;1;1
-38;-6;45;0;1
-38;-6;47;1;1
-38;-6;48;0;1
-38;-6;49;0;1
-38;-6;52;1;1
-38;-6;53;1;1
-38;-6;54;1;1
-38;-6;56;0;1
-38;-6;58;0;1
-38;-5;11;1;1
-38;-5;12;0;1
-38;-5;13;1;1
-38;-5;14;0;1
-38;-5;15;0;1
-38;-5;19;1;1
-38;-5;20;0;1
-38;-5;22;1;1
-38;-5;23;0;1
-38;-5;29;0;1
-38;-5;32;1;1
-38;-5;34;1;1
-38;-5;36;0;1
-38;-5;38;0;1
-38;-5;41;1;1
-38;-5;52;0;1
-38;-5;53;0;1
-38;-5;57;0;1
-38;-4;12;0;1
-38;-4;20;0;1
-38;-4;24;0;1
-38;-4;25;0;1
-38;-4;26;0;1
-38;-4;27;0;1
-38;-4;30;0;1
-38;-4;33;0;1
-38;-4;34;0;1
-38;-4;38;1;1
-38;-4;39;0;1
-38;-4;40;0;1
-38;-4;41;0;1
-38;-4;46;0;1
-38;-4;48;0;1
-38;-4;52;1;1
-38;-4;54;1;1
-38;-4;55;1;1
-38;-4;56;0;1
-38;-4;57;1;1
-38;-4;58;1;1
-38;-3;12;0;1
-38;-3;13;0;1
-38;-3;14;1;1
-38;-3;15;0;1
-38;-3;21;0;1
-38;-3;25;1;1
-38;-3;29;0;1
-38;-3;32;1;1
-38;-3;36;0;1
-38;-3;38;0;1
-38;-3;39;0;1
-38;-3;40;1;1
-38;-3;42;0;1
-38;-3;50;1;1
-38;-3;52;1;1
-38;-3;53;1;1
-38;-3;56;1;1
-38;-3;57;0;1
-38;-3;59;0;1
-38;-2;11;0;1
-38;-2;13;1;1
-38;-2;14;0;1
-38;-2;15;0;1
-38;-2;16;0;1
-38;-2;25;0;1
-38;-2;26;1;1
-38;-2;27;1;1
-38;-2;28;0;1
-38;-2;29;0;1
-38;-2;31;1;1
-38;-2;32;1;1
-38;-2;34;1;1
-38;-2;35;0;1
-38;-2;37;0;1
-38;-2;41;0;1
-38;-2;43;0;1
-38;-2;44;0;1
-38;-2;46;0;1
-38;-2;49;1;1
-38;-2;50;0;1
-38;-2;51;0;1
-38;-2;55;1;1
-38;-1;13;0;1
-38;-1;14;0;1
-38;-1;15;1;1
-38;-1;16;0;1
-38;-1;19;0;1
-38;-1;23;1;1
-38;-1;28;1;1
-38;-1;29;1;1
-38;-1;30;1;1
-38;-1;31;0;1
-38;-1;33;0;1
-38;-1;36;0;1
-38;-1;42;1;1
-38;-1;48;1;1
-38;-1;52;0;1
-38;0;17;0;1
-38;0;18;1;1
-38;0;21;0;1
-38;0;22;1;1
-38;0;25;1;1
-38;0;26;1;1
-38;0;27;0;1
-38;0;28;1;1
-38;0;31;0;1
-38;0;33;1;1
-38;0;35;1;1
-38;0;37;1;1
-38;0;38;1;1
-38;0;40;1;1
-38;0;42;0;1
-38;0;48;0;1
-38;0;49;0;1
-38;0;53;1;1
-38;0;54;0;1
-38;0;57;1;1
-38;0;59;1;1
-38;1;16;0;1
-38;1;17;0;1
-38;1;22;1;1
-38;1;23;0;1
-38;1;24;0;1
-38;1;26;0;1
-38;1;30;0;1
-38;1;35;0;1
-38;1;36;0;1
-38;1;38;0;1
-38;1;42;1;1
-38;1;43;0;1
-38;1;44;0;1
-38;1;46;0;1
-38;1;47;0;1
-38;1;48;0;1
-38;1;51;0;1
-38;1;55;0;1
-38;2;14;0;1
-38;2;20;0;1
-38;2;21;0;1
-38;2;23;0;1
-38;2;24;0;1
-38;2;29;0;1
-38;2;37;1;1
-38;2;44;1;1
-38;2;46;0;1
-38;2;47;0;1
-38;2;49;0;1
-38;2;52;0;1
-38;2;54;0;1
-38;2;56;1;1
-38;2;57;0;1
-38;3;11;0;1
-38;3;12;0;1
-38;3;13;1;1
-38;3;14;1;1
-38;3;16;1;1
-38;3;21;0;1
-38;3;23;0;1
-38;3;25;0;1
-38;3;32;0;1
-38;3;37;0;1
-38;3;39;0;1
-38;3;41;0;1
-38;3;42;0;1
-38;3;44;1;1
-38;3;48;0;1
-38;3;49;1;1
-38;4;11;0;1
-38;4;15;0;1
-38;4;16;1;1
-38;4;18;0;1
-38;4;20;0;1
-38;4;21;0;1
-38;4;22;0;1
-38;4;24;0;1
-38;4;27;1;1
-38;4;29;0;1
-38;4;31;1;1
-38;4;33;0;1
-38;4;41;1;1
-38;4;44;0;1
-38;4;46;0;1
-38;4;47;0;1
-38;4;48;0;1
-38;4;49;1;1
-38;4;51;0;1
-38;4;57;0;1
-38;4;58;0;1
-38;5;11;0;1
-38;5;13;0;1
-38;5;17;0;1
-38;5;18;1;1
-38;5;19;1;1
-38;5;23;0;1
-38;5;24;1;1
-38;5;30;0;1
-38;5;32;0;1
-38;5;35;0;1
-38;5;37;0;1
-38;5;41;1;1
-38;5;42;0;1
-38;5;43;0;1
-38;5;45;0;1
-38;5;48;1;1
-38;5;50;0;1
-38;5;53;0;1
-38;6;11;0;1
-38;6;13;0;1
-38;6;15;1;1
-38;6;17;1;1
-38;6;18;0;1
-38;6;22;0;1
-38;6;25;1;1
-38;6;27;1;1
-38;6;28;0;1
-38;6;32;1;1
-38;6;33;1;1
-38;6;35;0;1
-38;6;37;0;1
-38;6;38;0;1
-38;6;40;1;1
-38;6;44;0;1
-38;6;45;0;1
-38;6;46;1;1
-38;6;50;0;1
-38;6;54;0;1
-38;6;58;0;1
-38;6;59;0;1
-38;7;14;0;1
-38;7;22;0;1
-38;7;25;1;1
-38;7;26;0;1
-38;7;29;1;1
-38;7;31;1;1
-38;7;32;1;1
-38;7;33;0;1
-38;7;34;0;1
-38;7;36;0;1
-38;7;37;0;1
-38;7;38;0;1
-38;7;42;0;1
-38;7;45;0;1
-38;7;47;0;1
-38;7;50;0;1
-38;7;52;1;1
-38;7;56;0;1
-38;7;57;0;1
-38;7;58;1;1
-38;8;11;1;1
-38;8;13;1;1
-38;8;14;1;1
-38;8;15;1;1
-38;8;19;0;1
-38;8;22;1;1
-38;8;24;0;1
-38;8;25;0;1
-38;8;27;0;1
-38;8;28;1;1
-38;8;32;0;1
-38;8;34;0;1
-38;8;35;1;1
-38;8;38;0;1
-38;8;40;1;1
-38;8;41;1;1
-38;8;45;1;1
-38;8;47;0;1
-38;8;49;0;1
-38;8;50;0;1
-38;8;53;0;1
-38;8;54;0;1
-38;8;56;0;1
-38;8;58;0;1
-38;9;14;0;1
-38;9;20;0;1
-38;9;26;0;1
-38;9;27;0;1
-38;9;30;1;1
-38;9;31;1;1
-38;9;32;1;1
-38;9;36;0;1
-38;9;38;1;1
-38;9;39;0;1
-38;9;40;1;1
-38;9;41;0;1
-38;9;44;0;1
-38;9;48;1;1
-38;9;52;1;1
-38;9;57;0;1
-38;9;58;1;1
-38;9;59;1;1
-38;10;11;1;1
-38;10;14;0;1
-38;10;16;0;1
-38;10;20;1;1
-38;10;23;1;1
-38;10;25;1;1
-38;10;26;0;1
-38;10;28;1;1
-38;10;30;1;1
-38;10;32;0;1
-38;10;35;1;1
-38;10;36;0;1
-38;10;37;0;1
-38;10;38;0;1
-38;10;39;1;1
-38;10;45;0;1
-38;10;47;1;1
-38;10;49;0;1
-38;10;54;0;1
-38;10;55;0;1
-38;11;11;1;1
-38;11;13;1;1
-38;11;14;1;1
-38;11;15;1;1
-38;11;17;1;1
-38;11;18;1;1
-38;11;19;0;1
-38;11;24;0;1
-38;11;26;0;1
-38;11;27;0;1
-38;11;28;0;1
-38;11;30;0;1
-38;11;31;1;1
-38;11;32;1;1
-38;11;33;0;1
-38;11;36;0;1
-38;11;40;0;1
-38;11;41;0;1
-38;11;46;1;1
-38;11;48;0;1
-38;11;50;0;1
-38;11;52;0;1
-38;12;12;1;1
-38;12;15;1;1
-38;12;16;0;1
-38;12;17;0;1
-38;12;18;1;1
-38;12;19;0;1
-38;12;21;0;1
-38;12;23;0;1
-38;12;25;1;1
-38;12;29;0;1
-38;12;31;0;1
-38;12;33;0;1
-38;12;34;0;1
-38;12;37;1;1
-38;12;39;0;1
-38;12;41;1;1
-38;12;42;0;1
-38;12;43;0;1
-38;12;45;0;1
-38;12;46;0;1
-38;12;50;0;1
-38;12;52;0;1
-38;12;55;0;1
-38;13;12;1;1
-38;13;13;1;1
-38;13;14;1;1
-38;13;22;0;1
-38;13;24;0;1
-38;13;26;0;1
-38;13;28;0;1
-38;13;32;0;1
-38;13;33;0;1
-38;13;39;1;1
-38;13;40;0;1
-38;13;42;0;1
-38;13;43;1;1
-38;13;44;0;1
-38;13;46;1;1
-38;13;47;0;1
-38;13;52;1;1
-38;13;55;0;1
-38;13;56;1;1
-38;13;58;0;1
-38;14;13;0;1
-38;14;23;1;1
-38;14;24;0;1
-38;14;25;0;1
-38;14;28;0;1
-38;14;29;0;1
-38;14;30;0;1
-38;14;31;0;1
-38;14;36;1;1
-38;14;37;0;1
-38;14;39;1;1
-38;14;42;0;1
-38;14;43;0;1
-38;14;46;0;1
-38;14;48;1;1
-38;14;51;0;1
-38;14;53;0;1
-38;14;54;0;1
-38;14;56;1;1
-38;15;13;0;1
-38;15;15;0;1
-38;15;19;1;1
-38;15;20;1;1
-38;15;23;1;1
-38;15;25;1;1
-38;15;27;1;1
-38;15;28;1;1
-38;15;29;1;1
-38;15;32;0;1
-38;15;33;0;1
-38;15;37;0;1
-38;15;38;0;1
-38;15;40;1;1
-38;15;41;0;1
-38;15;43;0;1
-38;15;44;0;1
-38;15;48;0;1
-38;15;52;1;1
-38;15;54;0;1
-38;15;55;0;1
-38;16;16;1;1
-38;16;21;1;1
-38;16;23;1;1
-38;16;24;1;1
-38;16;27;1;1
-38;16;29;1;1
-38;16;31;0;1
-38;16;34;0;1
-38;16;35;1;1
-38;16;36;0;1
-38;16;39;0;1
-38;16;43;0;1
-38;16;44;0;1
-38;16;49;1;1
-38;16;51;0;1
-38;16;52;0;1
-38;17;13;1;1
-38;17;14;1;1
-38;17;17;0;1
-38;17;18;1;1
-38;17;19;1;1
-38;17;21;0;1
-38;17;24;0;1
-38;17;25;0;1
-38;17;28;1;1
-38;17;30;0;1
-38;17;32;0;1
-38;17;41;0;1
-38;17;42;1;1
-38;17;46;0;1
-38;17;47;0;1
-38;17;49;1;1
-38;17;51;0;1
-38;17;53;0;1
-38;18;13;0;1
-38;18;14;1;1
-38;18;16;0;1
-38;18;17;1;1
-38;18;20;1;1
-38;18;26;0;1
-38;18;27;1;1
-38;18;28;0;1
-38;18;29;0;1
-38;18;35;0;1
-38;18;37;0;1
-38;18;39;0;1
-38;18;43;0;1
-38;18;44;1;1
-38;18;47;0;1
-38;18;48;0;1
-38;18;54;0;1
-38;18;57;0;1
-38;19;13;1;1
-38;19;14;1;1
-38;19;16;1;1
-38;19;19;0;1
-38;19;20;0;1
-38;19;22;1;1
-38;19;23;0;1
-38;19;31;0;1
-38;19;33;1;1
-38;19;34;0;1
-38;19;36;0;1
-38;19;40;0;1
-38;19;42;0;1
-38;19;43;0;1
-38;19;45;1;1
-38;19;52;0;1
-38;19;53;1;1
-38;19;55;0;1
-38;20;12;1;1
-38;20;13;0;1
-38;20;15;0;1
-38;20;19;1;1
-38;20;21;1;1
-38;20;22;1;1
-38;20;23;0;1
-38;20;24;1;1
-38;20;28;1;1
-38;20;29;0;1
-38;20;30;0;1
-38;20;31;0;1
-38;20;33;0;1
-38;20;34;1;1
-38;20;42;1;1
-38;20;44;1;1
-38;20;46;0;1
-38;20;47;1;1
-38;20;48;1;1
-38;20;51;0;1
-38;20;54;0;1
-38;21;12;0;1
-38;21;13;1;1
-38;21;15;0;1
-38;21;17;0;1
-38;21;20;0;1
-38;21;21;0;1
-38;21;24;1;1
-38;21;27;1;1
-38;21;28;1;1
-38;21;29;0;1
-38;21;32;0;1
-38;21;35;1;1
-38;21;39;0;1
-38;21;41;0;1
-38;21;42;1;1
-38;21;45;0;1
-38;21;46;1;1
-38;21;47;1;1
-38;21;50;1;1
-38;21;53;0;1
-38;22;14;0;1
-38;22;20;0;1
-38;22;21;0;1
-38;22;25;1;1
-38;22;28;1;1
-38;22;33;0;1
-38;22;34;1;1
-38;22;35;1;1
-38;22;37;0;1
-38;22;40;1;1
-38;22;46;1;1
-38;22;49;0;1
-38;22;53;0;1
-38;22;54;0;1
-38;22;55;1;1
-38;23;13;0;1
-38;23;17;0;1
-38;23;21;1;1
-38;23;25;0;1
-38;23;28;0;1
-38;23;30;0;1
-38;23;31;0;1
-38;23;32;0;1
-38;23;36;1;1
-38;23;38;0;1
-38;23;41;1;1
-38;23;42;0;1
-38;23;44;1;1
-38;23;46;0;1
-38;23;48;1;1
-38;23;49;1;1
-38;23;50;0;1
-38;23;51;1;1
-38;24;20;0;1
-38;24;21;1;1
-38;24;24;0;1
-38;24;27;0;1
-38;24;33;0;1
-38;24;36;0;1
-38;24;37;0;1
-38;24;38;0;1
-38;24;42;0;1
-38;24;43;1;1
-38;24;50;0;1
-38;24;51;0;1
-38;24;53;0;1
-38;24;55;0;1
-38;25;13;0;1
-38;25;15;1;1
-38;25;19;0;1
-38;25;20;0;1
-38;25;21;0;1
-38;25;22;1;1
-38;25;26;1;1
-38;25;27;0;1
-38;25;31;0;1
-38;25;33;0;1
-38;25;36;1;1
-38;25;39;0;1
-38;25;41;0;1
-38;25;43;1;1
-38;25;49;0;1
-38;25;50;1;1
-38;25;52;0;1
-38;26;14;0;1
-38;26;17;1;1
-38;26;23;0;1
-38;26;26;1;1
-38;26;32;0;1
-38;26;35;0;1
-38;26;36;0;1
-38;26;39;1;1
-38;26;43;0;1
-38;26;46;0;1
-38;26;53;0;1
-38;27;13;0;1
-38;27;18;0;1
-38;27;20;0;1
-38;27;21;0;1
-38;27;22;0;1
-38;27;31;1;1
-38;27;32;0;1
-38;27;33;0;1
-38;27;35;0;1
-38;27;36;0;1
-38;27;38;1;1
-38;27;42;0;1
-38;27;46;0;1
-38;27;47;0;1
-38;27;48;1;1
-38;28;13;0;1
-38;28;14;1;1
-38;28;15;0;1
-38;28;17;0;1
-38;28;18;1;1
-38;28;21;1;1
-38;28;22;1;1
-38;28;23;1;1
-38;28;27;0;1
-38;28;31;0;1
-38;28;33;1;1
-38;28;34;0;1
-38;28;36;1;1
-38;28;37;1;1
-38;28;38;0;1
-38;28;40;0;1
-38;28;41;0;1
-38;28;44;0;1
-38;28;46;1;1
-38;29;14;0;1
-38;29;16;0;1
-38;29;20;1;1
-38;29;22;1;1
-38;29;29;1;1
-38;29;30;0;1
-38;29;31;0;1
-38;29;34;1;1
-38;29;39;1;1
-38;29;40;1;1
-38;29;44;0;1
-38;29;49;0;1
-38;29;50;0;1
-38;30;13;0;1
-38;30;14;1;1
-38;30;18;0;1
-38;30;22;1;1
-38;30;24;0;1
-38;30;28;0;1
-38;30;31;1;1
-38;30;34;1;1
-38;30;36;0;1
-38;30;38;0;1
-38;30;39;1;1
-38;30;41;1;1
-38;30;43;0;1
-38;30;44;0;1
-38;30;45;0;1
-38;30;46;1;1
-38;30;47;0;1
-38;30;48;1;1
-38;30;49;0;1
-38;31;15;0;1
-38;31;16;0;1
-38;31;18;0;1
-38;31;19;0;1
-38;31;20;1;1
-38;31;22;0;1
-38;31;24;0;1
-38;31;32;0;1
-38;31;33;1;1
-38;31;34;0;1
-38;31;38;0;1
-38;31;41;0;1
-38;31;43;0;1
-38;31;45;0;1
-38;31;50;0;1
-38;32;17;0;1
-38;32;21;0;1
-38;32;22;0;1
-38;32;28;1;1
-38;32;30;0;1
-38;32;31;0;1
-38;32;32;0;1
-38;32;35;0;1
-38;32;37;1;1
-38;32;39;1;1
-38;32;41;0;1
-38;32;44;1;1
-38;32;45;0;1
-38;32;49;0;1
-38;33;17;0;1
-38;33;18;1;1
-38;33;20;0;1
-38;33;21;1;1
-38;33;26;1;1
-38;33;27;0;1
-38;33;29;1;1
-38;33;33;0;1
-38;33;35;1;1
-38;33;40;0;1
-38;33;41;1;1
-38;33;44;0;1
-38;33;45;0;1
-38;33;46;0;1
-38;34;16;0;1
-38;34;17;1;1
-38;34;20;1;1
-38;34;24;0;1
-38;34;25;1;1
-38;34;29;0;1
-38;34;30;0;1
-38;34;32;0;1
-38;34;34;0;1
-38;34;36;0;1
-38;34;38;0;1
-38;34;39;1;1
-38;34;41;1;1
-38;34;45;0;1
-38;34;49;1;1
-38;35;20;0;1
-38;35;26;1;1
-38;35;31;0;1
-38;35;35;0;1
-38;35;41;0;1
-38;35;47;0;1
-38;36;15;0;1
-38;36;19;1;1
-38;36;20;1;1
-38;36;24;0;1
-38;36;25;0;1
-38;36;28;0;1
-38;36;31;0;1
-38;36;35;1;1
-38;36;36;0;1
-38;36;39;0;1
-38;36;41;1;1
-38;36;43;0;1
-38;36;45;0;1
-38;36;46;0;1
-38;36;48;0;1
-38;37;16;0;1
-38;37;17;0;1
-38;37;18;1;1
-38;37;23;1;1
-38;37;24;0;1
-38;37;25;1;1
-38;37;27;0;1
-38;37;33;1;1
-38;37;35;1;1
-38;37;37;1;1
-38;37;38;0;1
-38;37;39;0;1
-38;38;15;0;1
-38;38;17;1;1
-38;38;18;1;1
-38;38;20;0;1
-38;38;23;0;1
-38;38;25;0;1
-38;38;26;1;1
-38;38;31;0;1
-38;38;32;0;1
-38;38;34;0;1
-38;38;35;0;1
-38;38;38;0;1
-38;38;41;0;1
-38;39;15;1;1
-38;39;18;0;1
-38;39;19;0;1
-38;39;26;0;1
-38;39;33;0;1
-38;39;34;0;1
-38;39;36;0;1
-38;39;38;0;1
-38;39;41;0;1
-38;39;44;1;1
-38;40;15;1;1
-38;40;18;0;1
-38;40;21;1;1
-38;40;23;0;1
-38;40;27;0;1
-38;40;29;0;1
-38;40;30;0;1
-38;40;33;0;1
-38;40;34;1;1
-38;40;36;1;1
-38;40;37;1;1
-38;40;39;0;1
-38;40;40;0;1
-38;40;41;0;1
-38;40;42;0;1
-38;40;43;0;1
-38;41;15;1;1
-38;41;16;0;1
-38;41;17;0;1
-38;41;20;1;1
-38;41;21;1;1
-38;41;24;1;1
-38;41;28;0;1
-38;41;33;0;1
-38;41;37;1;1
-38;41;40;0;1
-38;41;41;0;1
-38;42;18;0;1
-38;42;20;1;1
-38;42;21;1;1
-38;42;23;0;1
-38;42;25;1;1
-38;42;26;0;1
-38;42;31;0;1
-38;42;33;0;1
-38;42;36;0;1
-38;42;37;0;1
-38;42;38;0;1
-38;42;39;0;1
-38;42;42;0;1
-38;43;16;0;1
-38;43;20;0;1
-38;43;21;0;1
-38;43;22;1;1
-38;43;23;0;1
-38;43;24;0;1
-38;43;25;0;1
-38;43;26;1;1
-38;43;29;0;1
-38;43;30;1;1
-38;43;35;0;1
-38;43;36;1;1
-38;43;39;1;1
-38;43;41;0;1
-38;44;17;0;1
-38;44;22;0;1
-38;44;24;0;1
-38;44;29;0;1
-38;44;33;0;1
-38;44;34;0;1
-38;44;36;0;1
-38;44;38;1;1
-38;45;16;0;1
-38;45;17;0;1
-38;45;18;0;1
-38;45;20;1;1
-38;45;22;1;1
-38;45;23;0;1
-38;45;24;1;1
-38;45;26;0;1
-38;45;27;1;1
-38;45;29;1;1
-38;45;32;1;1
-38;45;33;0;1
-38;45;34;0;1
-38;45;35;0;1
-38;45;36;1;1
-38;45;37;1;1
-38;45;39;1;1
-38;46;17;0;1
-38;46;18;0;1
-38;46;19;1;1
-38;46;20;0;1
-38;46;24;0;1
-38;46;25;0;1
-38;46;37;0;1
-38;46;38;1;1
-38;47;17;0;1
-38;47;18;0;1
-38;47;20;0;1
-38;47;21;0;1
-38;47;23;1;1
-38;47;25;0;1
-38;47;29;0;1
-38;47;36;1;1
-38;48;20;0;1
-38;48;21;1;1
-38;48;22;0;1
-38;48;24;1;1
-38;48;29;1;1
-38;48;30;1;1
-38;49;17;0;1
-38;49;21;0;1
-38;49;22;1;1
-38;49;24;1;1
-38;49;25;1;1
-38;49;26;0;1
-38;49;28;1;1
-38;49;30;1;1
-38;49;32;0;1
-38;50;22;1;1
-38;50;25;1;1
-38;50;27;0;1
-38;50;30;0;1
-38;51;23;1;1
-38;51;24;1;1
-38;51;25;1;1
-38;51;28;1;1
-38;51;29;0;1
-38;51;30;1;1
-38;52;18;0;1
-38;52;23;0;1
-38;52;24;1;1
-38;52;29;0;1
-38;53;18;1;1
-38;53;19;0;1
-38;53;21;1;1
-38;53;22;1;1
-38;53;25;0;1
-38;54;25;1;1
-38;54;26;0;1
-38;55;18;0;1
-38;55;21;0;1
-38;56;19;0;1
-37;-57;20;0;1
-37;-56;20;0;1
-37;-55;18;0;1
-37;-55;22;0;1
-37;-55;25;0;1
-37;-54;19;1;1
-37;-54;24;1;1
-37;-54;25;0;1
-37;-54;26;0;1
-37;-54;27;1;1
-37;-53;20;1;1
-37;-53;22;1;1
-37;-53;23;1;1
-37;-53;25;1;1
-37;-52;19;1;1
-37;-52;23;0;1
-37;-52;28;1;1
-37;-52;30;1;1
-37;-52;31;0;1
-37;-51;20;1;1
-37;-51;21;0;1
-37;-51;23;0;1
-37;-51;25;0;1
-37;-51;30;0;1
-37;-51;31;0;1
-37;-50;18;1;1
-37;-50;22;1;1
-37;-50;23;0;1
-37;-50;24;0;1
-37;-50;27;0;1
-37;-50;29;1;1
-37;-50;31;1;1
-37;-50;32;0;1
-37;-49;23;0;1
-37;-49;26;1;1
-37;-49;28;0;1
-37;-49;32;1;1
-37;-49;35;0;1
-37;-48;17;1;1
-37;-48;20;0;1
-37;-48;22;1;1
-37;-48;26;0;1
-37;-48;27;0;1
-37;-48;34;0;1
-37;-48;35;1;1
-37;-48;36;0;1
-37;-47;17;0;1
-37;-47;22;0;1
-37;-47;24;0;1
-37;-47;25;0;1
-37;-47;27;0;1
-37;-47;29;0;1
-37;-47;38;1;1
-37;-46;16;0;1
-37;-46;19;0;1
-37;-46;26;1;1
-37;-46;27;1;1
-37;-46;32;1;1
-37;-46;37;0;1
-37;-46;38;0;1
-37;-45;17;0;1
-37;-45;18;0;1
-37;-45;22;1;1
-37;-45;23;1;1
-37;-45;24;0;1
-37;-45;25;0;1
-37;-45;28;0;1
-37;-45;29;0;1
-37;-45;31;0;1
-37;-45;35;0;1
-37;-45;36;0;1
-37;-44;16;1;1
-37;-44;17;1;1
-37;-44;18;0;1
-37;-44;27;0;1
-37;-44;28;0;1
-37;-44;29;0;1
-37;-44;34;0;1
-37;-44;37;0;1
-37;-44;38;0;1
-37;-44;40;0;1
-37;-43;18;0;1
-37;-43;21;0;1
-37;-43;24;0;1
-37;-43;26;0;1
-37;-43;28;0;1
-37;-43;29;0;1
-37;-43;33;0;1
-37;-43;34;0;1
-37;-43;35;0;1
-37;-43;37;1;1
-37;-43;38;0;1
-37;-43;40;0;1
-37;-43;41;1;1
-37;-43;42;0;1
-37;-42;15;0;1
-37;-42;16;1;1
-37;-42;17;0;1
-37;-42;19;0;1
-37;-42;21;1;1
-37;-42;22;1;1
-37;-42;23;1;1
-37;-42;25;0;1
-37;-42;37;1;1
-37;-41;15;1;1
-37;-41;17;0;1
-37;-41;24;0;1
-37;-41;27;0;1
-37;-41;31;0;1
-37;-41;32;0;1
-37;-41;33;0;1
-37;-41;34;0;1
-37;-41;35;1;1
-37;-41;37;0;1
-37;-41;39;0;1
-37;-41;41;0;1
-37;-41;43;0;1
-37;-40;16;1;1
-37;-40;22;1;1
-37;-40;23;0;1
-37;-40;24;0;1
-37;-40;25;0;1
-37;-40;27;1;1
-37;-40;31;0;1
-37;-40;32;0;1
-37;-40;34;0;1
-37;-40;38;0;1
-37;-40;39;0;1
-37;-40;41;1;1
-37;-40;42;0;1
-37;-40;43;1;1
-37;-39;18;0;1
-37;-39;19;0;1
-37;-39;21;0;1
-37;-39;24;0;1
-37;-39;25;1;1
-37;-39;29;0;1
-37;-39;33;0;1
-37;-39;35;0;1
-37;-39;39;0;1
-37;-39;41;0;1
-37;-39;43;1;1
-37;-39;45;1;1
-37;-39;46;1;1
-37;-38;17;0;1
-37;-38;18;1;1
-37;-38;20;0;1
-37;-38;21;1;1
-37;-38;26;0;1
-37;-38;28;1;1
-37;-38;32;1;1
-37;-38;33;0;1
-37;-38;35;1;1
-37;-38;39;1;1
-37;-38;42;0;1
-37;-38;43;0;1
-37;-38;45;1;1
-37;-38;46;1;1
-37;-37;17;1;1
-37;-37;21;0;1
-37;-37;22;1;1
-37;-37;23;0;1
-37;-37;24;0;1
-37;-37;31;1;1
-37;-37;34;0;1
-37;-37;39;1;1
-37;-37;40;0;1
-37;-36;14;0;1
-37;-36;25;0;1
-37;-36;26;1;1
-37;-36;27;0;1
-37;-36;28;0;1
-37;-36;30;1;1
-37;-36;31;0;1
-37;-36;32;0;1
-37;-36;35;1;1
-37;-36;37;1;1
-37;-36;41;0;1
-37;-36;45;1;1
-37;-36;46;0;1
-37;-36;48;1;1
-37;-35;14;1;1
-37;-35;19;0;1
-37;-35;22;1;1
-37;-35;24;0;1
-37;-35;26;1;1
-37;-35;27;1;1
-37;-35;28;1;1
-37;-35;30;0;1
-37;-35;33;0;1
-37;-35;34;0;1
-37;-35;35;0;1
-37;-35;38;1;1
-37;-35;42;0;1
-37;-35;49;0;1
-37;-34;15;0;1
-37;-34;21;0;1
-37;-34;27;1;1
-37;-34;33;0;1
-37;-34;36;0;1
-37;-34;37;1;1
-37;-34;38;0;1
-37;-34;40;0;1
-37;-34;41;0;1
-37;-34;43;0;1
-37;-34;44;1;1
-37;-34;46;0;1
-37;-34;48;0;1
-37;-34;49;1;1
-37;-33;16;0;1
-37;-33;19;0;1
-37;-33;20;1;1
-37;-33;21;1;1
-37;-33;25;1;1
-37;-33;27;0;1
-37;-33;28;0;1
-37;-33;29;0;1
-37;-33;30;0;1
-37;-33;36;1;1
-37;-33;41;0;1
-37;-33;48;1;1
-37;-33;49;0;1
-37;-32;15;0;1
-37;-32;17;0;1
-37;-32;20;0;1
-37;-32;21;0;1
-37;-32;22;0;1
-37;-32;23;1;1
-37;-32;24;1;1
-37;-32;26;0;1
-37;-32;27;0;1
-37;-32;32;0;1
-37;-32;35;0;1
-37;-32;36;1;1
-37;-32;39;1;1
-37;-32;40;1;1
-37;-32;41;0;1
-37;-32;42;1;1
-37;-32;44;0;1
-37;-32;47;0;1
-37;-32;49;1;1
-37;-31;14;1;1
-37;-31;19;0;1
-37;-31;20;0;1
-37;-31;21;0;1
-37;-31;22;0;1
-37;-31;24;0;1
-37;-31;25;0;1
-37;-31;31;0;1
-37;-31;35;1;1
-37;-31;37;0;1
-37;-31;39;1;1
-37;-31;41;0;1
-37;-31;46;1;1
-37;-31;48;0;1
-37;-31;52;0;1
-37;-30;14;0;1
-37;-30;15;0;1
-37;-30;19;1;1
-37;-30;20;0;1
-37;-30;21;1;1
-37;-30;22;1;1
-37;-30;24;0;1
-37;-30;25;1;1
-37;-30;27;1;1
-37;-30;30;1;1
-37;-30;32;0;1
-37;-30;34;1;1
-37;-30;35;1;1
-37;-30;38;1;1
-37;-30;39;1;1
-37;-30;43;1;1
-37;-30;46;1;1
-37;-30;48;1;1
-37;-30;49;0;1
-37;-30;50;0;1
-37;-29;13;0;1
-37;-29;15;0;1
-37;-29;17;0;1
-37;-29;19;1;1
-37;-29;20;0;1
-37;-29;24;0;1
-37;-29;26;0;1
-37;-29;33;1;1
-37;-29;34;0;1
-37;-29;36;1;1
-37;-29;37;0;1
-37;-29;40;1;1
-37;-29;45;0;1
-37;-29;46;0;1
-37;-29;48;0;1
-37;-29;52;0;1
-37;-28;13;0;1
-37;-28;18;0;1
-37;-28;19;0;1
-37;-28;27;0;1
-37;-28;31;0;1
-37;-28;35;1;1
-37;-28;36;0;1
-37;-28;37;0;1
-37;-28;38;1;1
-37;-28;39;1;1
-37;-28;40;1;1
-37;-28;42;1;1
-37;-28;45;0;1
-37;-28;51;0;1
-37;-27;14;0;1
-37;-27;15;1;1
-37;-27;16;0;1
-37;-27;19;0;1
-37;-27;22;0;1
-37;-27;25;1;1
-37;-27;27;0;1
-37;-27;29;1;1
-37;-27;30;0;1
-37;-27;31;1;1
-37;-27;32;0;1
-37;-27;33;0;1
-37;-27;35;0;1
-37;-27;38;0;1
-37;-27;39;0;1
-37;-27;40;1;1
-37;-27;41;0;1
-37;-27;44;0;1
-37;-27;46;1;1
-37;-27;48;0;1
-37;-27;52;0;1
-37;-26;13;0;1
-37;-26;15;0;1
-37;-26;16;0;1
-37;-26;23;0;1
-37;-26;24;0;1
-37;-26;25;1;1
-37;-26;27;1;1
-37;-26;29;1;1
-37;-26;30;1;1
-37;-26;33;1;1
-37;-26;35;0;1
-37;-26;36;0;1
-37;-26;37;0;1
-37;-26;38;1;1
-37;-26;44;1;1
-37;-26;45;1;1
-37;-26;48;1;1
-37;-26;49;1;1
-37;-26;50;0;1
-37;-25;12;0;1
-37;-25;17;0;1
-37;-25;19;0;1
-37;-25;27;0;1
-37;-25;28;0;1
-37;-25;30;0;1
-37;-25;31;1;1
-37;-25;32;1;1
-37;-25;33;1;1
-37;-25;35;0;1
-37;-25;39;0;1
-37;-25;47;1;1
-37;-25;49;0;1
-37;-25;50;1;1
-37;-25;51;0;1
-37;-24;12;1;1
-37;-24;18;1;1
-37;-24;26;0;1
-37;-24;28;1;1
-37;-24;29;0;1
-37;-24;33;0;1
-37;-24;36;1;1
-37;-24;41;0;1
-37;-24;43;0;1
-37;-24;47;0;1
-37;-24;53;0;1
-37;-24;54;0;1
-37;-24;55;1;1
-37;-23;13;1;1
-37;-23;15;0;1
-37;-23;16;1;1
-37;-23;18;0;1
-37;-23;20;1;1
-37;-23;21;0;1
-37;-23;23;0;1
-37;-23;25;0;1
-37;-23;26;0;1
-37;-23;28;0;1
-37;-23;29;0;1
-37;-23;31;0;1
-37;-23;33;0;1
-37;-23;35;1;1
-37;-23;36;0;1
-37;-23;37;0;1
-37;-23;39;0;1
-37;-23;40;0;1
-37;-23;42;0;1
-37;-23;45;0;1
-37;-23;48;0;1
-37;-23;51;0;1
-37;-22;12;0;1
-37;-22;15;1;1
-37;-22;17;0;1
-37;-22;22;0;1
-37;-22;23;1;1
-37;-22;31;1;1
-37;-22;32;0;1
-37;-22;38;1;1
-37;-22;39;1;1
-37;-22;40;0;1
-37;-22;41;0;1
-37;-22;42;1;1
-37;-22;44;0;1
-37;-22;45;0;1
-37;-22;47;0;1
-37;-22;48;1;1
-37;-22;54;0;1
-37;-21;13;0;1
-37;-21;14;0;1
-37;-21;18;0;1
-37;-21;19;1;1
-37;-21;20;1;1
-37;-21;21;1;1
-37;-21;22;1;1
-37;-21;25;0;1
-37;-21;26;0;1
-37;-21;30;0;1
-37;-21;33;0;1
-37;-21;36;0;1
-37;-21;38;0;1
-37;-21;42;0;1
-37;-21;44;1;1
-37;-21;45;1;1
-37;-21;46;1;1
-37;-21;47;0;1
-37;-21;50;0;1
-37;-21;51;1;1
-37;-21;52;0;1
-37;-21;54;1;1
-37;-20;17;1;1
-37;-20;19;1;1
-37;-20;20;1;1
-37;-20;22;1;1
-37;-20;24;0;1
-37;-20;29;1;1
-37;-20;34;0;1
-37;-20;35;0;1
-37;-20;40;0;1
-37;-20;42;0;1
-37;-20;44;0;1
-37;-20;46;0;1
-37;-20;50;0;1
-37;-20;51;1;1
-37;-20;52;0;1
-37;-20;53;0;1
-37;-20;54;0;1
-37;-20;55;0;1
-37;-20;56;0;1
-37;-19;12;0;1
-37;-19;14;0;1
-37;-19;15;0;1
-37;-19;16;1;1
-37;-19;18;1;1
-37;-19;20;0;1
-37;-19;25;1;1
-37;-19;26;1;1
-37;-19;27;0;1
-37;-19;28;0;1
-37;-19;29;0;1
-37;-19;32;0;1
-37;-19;35;0;1
-37;-19;45;0;1
-37;-19;48;1;1
-37;-19;49;1;1
-37;-19;56;0;1
-37;-18;13;0;1
-37;-18;15;1;1
-37;-18;17;0;1
-37;-18;19;1;1
-37;-18;25;0;1
-37;-18;26;1;1
-37;-18;29;0;1
-37;-18;31;0;1
-37;-18;32;0;1
-37;-18;38;0;1
-37;-18;39;0;1
-37;-18;40;1;1
-37;-18;43;0;1
-37;-18;44;1;1
-37;-18;45;0;1
-37;-18;47;1;1
-37;-18;48;0;1
-37;-18;54;0;1
-37;-18;57;1;1
-37;-17;11;1;1
-37;-17;13;0;1
-37;-17;14;1;1
-37;-17;16;0;1
-37;-17;17;1;1
-37;-17;18;0;1
-37;-17;22;0;1
-37;-17;23;1;1
-37;-17;26;0;1
-37;-17;29;1;1
-37;-17;31;0;1
-37;-17;32;0;1
-37;-17;33;0;1
-37;-17;35;0;1
-37;-17;37;0;1
-37;-17;39;0;1
-37;-17;40;0;1
-37;-17;41;0;1
-37;-17;42;1;1
-37;-17;43;1;1
-37;-17;47;1;1
-37;-17;49;0;1
-37;-17;52;0;1
-37;-17;53;1;1
-37;-17;54;0;1
-37;-17;55;0;1
-37;-16;12;1;1
-37;-16;13;0;1
-37;-16;14;0;1
-37;-16;15;0;1
-37;-16;16;1;1
-37;-16;19;0;1
-37;-16;23;0;1
-37;-16;26;1;1
-37;-16;31;1;1
-37;-16;32;1;1
-37;-16;36;0;1
-37;-16;37;1;1
-37;-16;39;0;1
-37;-16;41;0;1
-37;-16;42;1;1
-37;-16;43;0;1
-37;-16;47;1;1
-37;-16;48;0;1
-37;-16;51;0;1
-37;-16;54;0;1
-37;-15;11;0;1
-37;-15;15;0;1
-37;-15;16;0;1
-37;-15;20;0;1
-37;-15;28;0;1
-37;-15;32;1;1
-37;-15;33;1;1
-37;-15;34;1;1
-37;-15;35;0;1
-37;-15;42;0;1
-37;-15;44;1;1
-37;-15;45;0;1
-37;-15;48;1;1
-37;-15;49;0;1
-37;-15;50;1;1
-37;-15;52;1;1
-37;-15;57;1;1
-37;-15;58;0;1
-37;-14;12;1;1
-37;-14;16;1;1
-37;-14;17;0;1
-37;-14;19;0;1
-37;-14;22;0;1
-37;-14;23;0;1
-37;-14;24;0;1
-37;-14;26;0;1
-37;-14;27;0;1
-37;-14;30;0;1
-37;-14;31;0;1
-37;-14;33;1;1
-37;-14;37;0;1
-37;-14;38;0;1
-37;-14;40;1;1
-37;-14;42;0;1
-37;-14;44;1;1
-37;-14;48;1;1
-37;-14;49;0;1
-37;-14;51;0;1
-37;-14;52;0;1
-37;-14;55;0;1
-37;-14;58;1;1
-37;-14;59;0;1
-37;-13;11;1;1
-37;-13;14;0;1
-37;-13;18;1;1
-37;-13;20;0;1
-37;-13;24;0;1
-37;-13;26;1;1
-37;-13;27;0;1
-37;-13;28;1;1
-37;-13;31;0;1
-37;-13;32;0;1
-37;-13;34;0;1
-37;-13;38;0;1
-37;-13;40;1;1
-37;-13;42;0;1
-37;-13;45;1;1
-37;-13;47;0;1
-37;-13;50;0;1
-37;-13;53;0;1
-37;-13;54;0;1
-37;-13;55;1;1
-37;-13;56;1;1
-37;-12;13;0;1
-37;-12;14;1;1
-37;-12;15;1;1
-37;-12;18;0;1
-37;-12;20;0;1
-37;-12;27;0;1
-37;-12;28;0;1
-37;-12;29;1;1
-37;-12;30;0;1
-37;-12;32;0;1
-37;-12;33;0;1
-37;-12;38;1;1
-37;-12;42;0;1
-37;-12;47;1;1
-37;-12;49;1;1
-37;-12;52;0;1
-37;-12;53;0;1
-37;-12;54;0;1
-37;-12;55;1;1
-37;-12;58;1;1
-37;-11;11;1;1
-37;-11;12;0;1
-37;-11;13;0;1
-37;-11;14;0;1
-37;-11;18;0;1
-37;-11;21;0;1
-37;-11;23;1;1
-37;-11;25;0;1
-37;-11;30;0;1
-37;-11;34;1;1
-37;-11;37;1;1
-37;-11;38;0;1
-37;-11;39;0;1
-37;-11;41;0;1
-37;-11;42;1;1
-37;-11;44;0;1
-37;-11;46;1;1
-37;-11;48;0;1
-37;-11;50;0;1
-37;-11;51;0;1
-37;-11;56;0;1
-37;-11;58;0;1
-37;-11;59;1;1
-37;-10;11;1;1
-37;-10;12;1;1
-37;-10;15;0;1
-37;-10;16;0;1
-37;-10;18;1;1
-37;-10;19;0;1
-37;-10;21;0;1
-37;-10;26;0;1
-37;-10;28;0;1
-37;-10;30;1;1
-37;-10;32;0;1
-37;-10;33;0;1
-37;-10;35;1;1
-37;-10;39;1;1
-37;-10;40;1;1
-37;-10;41;1;1
-37;-10;42;0;1
-37;-10;45;1;1
-37;-10;46;1;1
-37;-10;47;0;1
-37;-10;51;1;1
-37;-10;52;0;1
-37;-10;56;1;1
-37;-10;57;0;1
-37;-10;59;0;1
-37;-9;12;0;1
-37;-9;14;1;1
-37;-9;15;0;1
-37;-9;16;0;1
-37;-9;17;0;1
-37;-9;32;0;1
-37;-9;37;0;1
-37;-9;39;0;1
-37;-9;41;0;1
-37;-9;46;0;1
-37;-9;48;1;1
-37;-9;49;0;1
-37;-9;50;0;1
-37;-9;55;1;1
-37;-9;57;0;1
-37;-8;15;1;1
-37;-8;16;0;1
-37;-8;17;0;1
-37;-8;19;1;1
-37;-8;22;1;1
-37;-8;25;1;1
-37;-8;31;1;1
-37;-8;34;0;1
-37;-8;35;0;1
-37;-8;36;0;1
-37;-8;39;1;1
-37;-8;41;0;1
-37;-8;42;1;1
-37;-8;44;0;1
-37;-8;48;1;1
-37;-8;52;0;1
-37;-8;54;0;1
-37;-8;56;0;1
-37;-8;58;0;1
-37;-7;11;1;1
-37;-7;12;1;1
-37;-7;14;1;1
-37;-7;16;1;1
-37;-7;18;0;1
-37;-7;20;0;1
-37;-7;21;0;1
-37;-7;24;0;1
-37;-7;28;0;1
-37;-7;30;0;1
-37;-7;32;0;1
-37;-7;33;0;1
-37;-7;41;0;1
-37;-7;44;1;1
-37;-7;45;0;1
-37;-7;51;0;1
-37;-7;55;0;1
-37;-7;58;0;1
-37;-7;59;0;1
-37;-6;13;1;1
-37;-6;23;0;1
-37;-6;26;0;1
-37;-6;28;1;1
-37;-6;33;1;1
-37;-6;34;1;1
-37;-6;36;0;1
-37;-6;37;0;1
-37;-6;39;1;1
-37;-6;42;0;1
-37;-6;46;1;1
-37;-6;47;0;1
-37;-6;48;0;1
-37;-6;51;1;1
-37;-5;11;0;1
-37;-5;16;0;1
-37;-5;18;1;1
-37;-5;19;0;1
-37;-5;20;0;1
-37;-5;25;0;1
-37;-5;28;0;1
-37;-5;33;0;1
-37;-5;34;1;1
-37;-5;38;0;1
-37;-5;43;1;1
-37;-5;44;1;1
-37;-5;47;1;1
-37;-5;49;0;1
-37;-5;50;0;1
-37;-5;51;0;1
-37;-5;58;0;1
-37;-5;59;0;1
-37;-4;10;0;1
-37;-4;12;0;1
-37;-4;13;0;1
-37;-4;15;1;1
-37;-4;16;1;1
-37;-4;17;1;1
-37;-4;18;0;1
-37;-4;25;0;1
-37;-4;26;1;1
-37;-4;27;1;1
-37;-4;28;0;1
-37;-4;30;0;1
-37;-4;35;1;1
-37;-4;45;0;1
-37;-4;48;1;1
-37;-4;49;1;1
-37;-4;50;0;1
-37;-4;58;0;1
-37;-4;60;0;1
-37;-3;10;0;1
-37;-3;13;1;1
-37;-3;21;0;1
-37;-3;24;0;1
-37;-3;26;1;1
-37;-3;27;0;1
-37;-3;28;0;1
-37;-3;29;0;1
-37;-3;30;0;1
-37;-3;32;0;1
-37;-3;33;0;1
-37;-3;36;0;1
-37;-3;39;1;1
-37;-3;40;0;1
-37;-3;45;1;1
-37;-3;46;1;1
-37;-3;47;1;1
-37;-3;51;0;1
-37;-3;52;1;1
-37;-3;53;1;1
-37;-3;54;0;1
-37;-3;56;0;1
-37;-3;57;0;1
-37;-2;11;1;1
-37;-2;14;0;1
-37;-2;17;0;1
-37;-2;18;0;1
-37;-2;29;0;1
-37;-2;39;1;1
-37;-2;40;0;1
-37;-2;42;1;1
-37;-2;47;0;1
-37;-2;49;1;1
-37;-2;50;1;1
-37;-2;53;1;1
-37;-2;57;0;1
-37;-1;10;1;1
-37;-1;13;1;1
-37;-1;16;0;1
-37;-1;17;1;1
-37;-1;19;0;1
-37;-1;20;1;1
-37;-1;23;1;1
-37;-1;25;0;1
-37;-1;26;1;1
-37;-1;29;0;1
-37;-1;32;0;1
-37;-1;35;0;1
-37;-1;36;1;1
-37;-1;38;1;1
-37;-1;39;0;1
-37;-1;41;0;1
-37;-1;44;0;1
-37;-1;46;0;1
-37;-1;50;1;1
-37;-1;52;0;1
-37;-1;53;1;1
-37;-1;58;0;1
-37;0;13;0;1
-37;0;14;0;1
-37;0;17;1;1
-37;0;19;0;1
-37;0;21;0;1
-37;0;22;1;1
-37;0;23;1;1
-37;0;28;1;1
-37;0;31;1;1
-37;0;33;1;1
-37;0;36;1;1
-37;0;40;0;1
-37;0;41;0;1
-37;0;43;0;1
-37;0;44;0;1
-37;0;46;1;1
-37;0;49;0;1
-37;0;54;0;1
-37;0;55;0;1
-37;0;60;0;1
-37;1;10;1;1
-37;1;12;1;1
-37;1;15;0;1
-37;1;16;1;1
-37;1;17;1;1
-37;1;20;0;1
-37;1;21;0;1
-37;1;22;0;1
-37;1;26;0;1
-37;1;27;1;1
-37;1;29;0;1
-37;1;30;1;1
-37;1;32;0;1
-37;1;34;1;1
-37;1;38;1;1
-37;1;42;0;1
-37;1;47;0;1
-37;1;53;1;1
-37;1;54;1;1
-37;1;56;0;1
-37;1;58;1;1
-37;1;59;1;1
-37;2;10;1;1
-37;2;14;0;1
-37;2;15;0;1
-37;2;16;0;1
-37;2;17;0;1
-37;2;26;1;1
-37;2;28;1;1
-37;2;31;0;1
-37;2;32;0;1
-37;2;34;0;1
-37;2;36;0;1
-37;2;37;1;1
-37;2;38;1;1
-37;2;41;1;1
-37;2;42;0;1
-37;2;43;0;1
-37;2;47;0;1
-37;2;51;1;1
-37;2;53;0;1
-37;2;56;0;1
-37;2;58;1;1
-37;3;11;1;1
-37;3;17;0;1
-37;3;21;0;1
-37;3;24;1;1
-37;3;27;0;1
-37;3;29;0;1
-37;3;30;0;1
-37;3;31;0;1
-37;3;34;0;1
-37;3;35;0;1
-37;3;37;0;1
-37;3;42;0;1
-37;3;43;0;1
-37;3;44;0;1
-37;3;45;1;1
-37;3;46;0;1
-37;3;48;1;1
-37;3;50;0;1
-37;3;52;0;1
-37;3;54;0;1
-37;3;58;0;1
-37;3;60;1;1
-37;4;10;1;1
-37;4;15;0;1
-37;4;16;0;1
-37;4;17;0;1
-37;4;19;0;1
-37;4;20;0;1
-37;4;22;1;1
-37;4;23;0;1
-37;4;26;0;1
-37;4;27;0;1
-37;4;30;0;1
-37;4;31;0;1
-37;4;34;0;1
-37;4;35;1;1
-37;4;37;0;1
-37;4;40;0;1
-37;4;44;0;1
-37;4;45;0;1
-37;4;47;0;1
-37;4;54;1;1
-37;4;55;0;1
-37;4;56;0;1
-37;4;57;0;1
-37;4;59;1;1
-37;5;12;0;1
-37;5;13;0;1
-37;5;15;0;1
-37;5;17;0;1
-37;5;21;1;1
-37;5;22;0;1
-37;5;23;0;1
-37;5;24;1;1
-37;5;27;0;1
-37;5;29;0;1
-37;5;34;1;1
-37;5;36;0;1
-37;5;39;1;1
-37;5;40;0;1
-37;5;49;0;1
-37;5;51;0;1
-37;5;52;0;1
-37;5;54;0;1
-37;5;58;1;1
-37;6;12;0;1
-37;6;18;0;1
-37;6;20;0;1
-37;6;26;1;1
-37;6;30;0;1
-37;6;31;0;1
-37;6;32;0;1
-37;6;36;0;1
-37;6;40;1;1
-37;6;41;1;1
-37;6;42;0;1
-37;6;43;1;1
-37;6;44;0;1
-37;6;52;1;1
-37;6;57;0;1
-37;6;58;0;1
-37;7;17;0;1
-37;7;23;1;1
-37;7;24;1;1
-37;7;27;1;1
-37;7;28;1;1
-37;7;31;0;1
-37;7;32;1;1
-37;7;34;0;1
-37;7;35;1;1
-37;7;36;0;1
-37;7;38;0;1
-37;7;40;1;1
-37;7;41;0;1
-37;7;42;1;1
-37;7;44;1;1
-37;7;48;1;1
-37;7;51;0;1
-37;7;52;1;1
-37;7;53;0;1
-37;7;54;0;1
-37;7;59;1;1
-37;8;11;0;1
-37;8;14;1;1
-37;8;21;1;1
-37;8;29;0;1
-37;8;34;0;1
-37;8;36;0;1
-37;8;38;1;1
-37;8;40;0;1
-37;8;42;0;1
-37;8;44;0;1
-37;8;45;1;1
-37;8;46;0;1
-37;8;51;0;1
-37;8;52;1;1
-37;8;53;0;1
-37;8;55;0;1
-37;8;58;0;1
-37;8;59;0;1
-37;8;60;0;1
-37;9;17;0;1
-37;9;20;0;1
-37;9;22;0;1
-37;9;26;1;1
-37;9;28;0;1
-37;9;31;0;1
-37;9;33;0;1
-37;9;35;1;1
-37;9;42;1;1
-37;9;45;0;1
-37;9;48;0;1
-37;9;52;0;1
-37;9;53;0;1
-37;9;58;0;1
-37;9;59;1;1
-37;10;13;1;1
-37;10;14;1;1
-37;10;16;1;1
-37;10;20;0;1
-37;10;24;1;1
-37;10;27;0;1
-37;10;31;1;1
-37;10;33;0;1
-37;10;34;1;1
-37;10;35;1;1
-37;10;37;0;1
-37;10;38;0;1
-37;10;39;0;1
-37;10;42;0;1
-37;10;44;1;1
-37;10;45;0;1
-37;10;46;0;1
-37;10;48;0;1
-37;10;50;0;1
-37;10;51;1;1
-37;10;54;1;1
-37;10;56;1;1
-37;10;57;1;1
-37;11;12;0;1
-37;11;15;1;1
-37;11;16;0;1
-37;11;18;1;1
-37;11;19;0;1
-37;11;20;1;1
-37;11;25;0;1
-37;11;28;0;1
-37;11;30;0;1
-37;11;32;1;1
-37;11;33;0;1
-37;11;34;0;1
-37;11;35;0;1
-37;11;37;0;1
-37;11;39;0;1
-37;11;40;0;1
-37;11;46;0;1
-37;11;51;0;1
-37;11;55;0;1
-37;11;57;1;1
-37;12;11;1;1
-37;12;15;0;1
-37;12;18;1;1
-37;12;20;1;1
-37;12;25;1;1
-37;12;30;0;1
-37;12;33;0;1
-37;12;34;0;1
-37;12;38;0;1
-37;12;40;1;1
-37;12;41;0;1
-37;12;42;0;1
-37;12;47;1;1
-37;12;52;1;1
-37;12;54;0;1
-37;12;57;0;1
-37;12;58;0;1
-37;12;59;1;1
-37;13;11;0;1
-37;13;14;0;1
-37;13;16;1;1
-37;13;17;0;1
-37;13;18;0;1
-37;13;20;1;1
-37;13;23;0;1
-37;13;25;1;1
-37;13;26;0;1
-37;13;28;1;1
-37;13;33;0;1
-37;13;34;0;1
-37;13;39;1;1
-37;13;41;0;1
-37;13;43;1;1
-37;13;46;0;1
-37;13;47;0;1
-37;13;53;0;1
-37;13;54;1;1
-37;13;56;1;1
-37;13;57;0;1
-37;13;59;0;1
-37;14;11;0;1
-37;14;18;0;1
-37;14;19;1;1
-37;14;21;0;1
-37;14;26;0;1
-37;14;30;0;1
-37;14;36;0;1
-37;14;38;0;1
-37;14;39;0;1
-37;14;40;0;1
-37;14;41;0;1
-37;14;42;1;1
-37;14;46;0;1
-37;14;48;0;1
-37;14;49;0;1
-37;14;52;0;1
-37;14;54;0;1
-37;14;56;1;1
-37;14;57;1;1
-37;15;12;0;1
-37;15;16;1;1
-37;15;17;0;1
-37;15;20;1;1
-37;15;23;0;1
-37;15;24;1;1
-37;15;25;0;1
-37;15;29;1;1
-37;15;30;0;1
-37;15;32;0;1
-37;15;40;0;1
-37;15;43;0;1
-37;15;46;1;1
-37;15;50;1;1
-37;15;51;1;1
-37;15;52;1;1
-37;15;53;0;1
-37;15;55;0;1
-37;16;12;0;1
-37;16;14;1;1
-37;16;18;0;1
-37;16;20;1;1
-37;16;21;0;1
-37;16;24;0;1
-37;16;25;0;1
-37;16;26;0;1
-37;16;27;0;1
-37;16;32;1;1
-37;16;33;1;1
-37;16;35;0;1
-37;16;38;0;1
-37;16;40;0;1
-37;16;41;0;1
-37;16;45;1;1
-37;16;46;1;1
-37;16;48;0;1
-37;16;49;0;1
-37;16;50;0;1
-37;16;52;0;1
-37;16;53;1;1
-37;16;54;0;1
-37;16;57;0;1
-37;17;13;1;1
-37;17;14;1;1
-37;17;18;0;1
-37;17;19;0;1
-37;17;20;1;1
-37;17;21;0;1
-37;17;24;0;1
-37;17;27;0;1
-37;17;29;0;1
-37;17;32;1;1
-37;17;33;0;1
-37;17;34;0;1
-37;17;35;0;1
-37;17;44;0;1
-37;17;46;0;1
-37;17;49;1;1
-37;17;52;0;1
-37;17;57;0;1
-37;18;12;0;1
-37;18;15;1;1
-37;18;16;0;1
-37;18;17;0;1
-37;18;20;1;1
-37;18;21;0;1
-37;18;23;1;1
-37;18;24;0;1
-37;18;25;1;1
-37;18;26;1;1
-37;18;27;1;1
-37;18;31;0;1
-37;18;34;0;1
-37;18;37;0;1
-37;18;44;1;1
-37;18;46;0;1
-37;18;47;0;1
-37;18;51;0;1
-37;18;53;0;1
-37;19;13;0;1
-37;19;16;0;1
-37;19;18;0;1
-37;19;20;0;1
-37;19;25;0;1
-37;19;26;0;1
-37;19;27;0;1
-37;19;28;0;1
-37;19;30;1;1
-37;19;31;0;1
-37;19;37;1;1
-37;19;39;1;1
-37;19;40;1;1
-37;19;42;1;1
-37;19;45;1;1
-37;19;46;1;1
-37;19;47;0;1
-37;19;49;0;1
-37;19;50;1;1
-37;19;51;1;1
-37;19;55;0;1
-37;20;12;1;1
-37;20;14;0;1
-37;20;22;0;1
-37;20;26;0;1
-37;20;27;0;1
-37;20;28;0;1
-37;20;30;0;1
-37;20;32;0;1
-37;20;34;1;1
-37;20;35;0;1
-37;20;36;1;1
-37;20;37;0;1
-37;20;40;1;1
-37;20;43;0;1
-37;20;47;0;1
-37;20;49;0;1
-37;20;54;1;1
-37;20;55;1;1
-37;20;56;0;1
-37;21;15;0;1
-37;21;16;1;1
-37;21;23;1;1
-37;21;24;1;1
-37;21;29;1;1
-37;21;31;1;1
-37;21;32;0;1
-37;21;33;0;1
-37;21;39;0;1
-37;21;43;1;1
-37;21;44;1;1
-37;21;48;0;1
-37;21;49;0;1
-37;21;50;0;1
-37;21;51;0;1
-37;21;52;1;1
-37;21;53;0;1
-37;21;54;0;1
-37;21;55;1;1
-37;21;56;0;1
-37;22;14;1;1
-37;22;15;0;1
-37;22;17;0;1
-37;22;21;0;1
-37;22;23;0;1
-37;22;24;0;1
-37;22;26;1;1
-37;22;34;0;1
-37;22;37;0;1
-37;22;38;0;1
-37;22;40;1;1
-37;22;43;1;1
-37;22;45;0;1
-37;22;47;0;1
-37;22;48;0;1
-37;22;49;1;1
-37;22;50;0;1
-37;22;54;0;1
-37;22;55;0;1
-37;22;56;1;1
-37;23;13;0;1
-37;23;14;0;1
-37;23;15;1;1
-37;23;18;1;1
-37;23;23;1;1
-37;23;26;0;1
-37;23;32;0;1
-37;23;34;1;1
-37;23;35;1;1
-37;23;37;0;1
-37;23;38;0;1
-37;23;44;0;1
-37;23;47;0;1
-37;23;49;1;1
-37;23;53;1;1
-37;23;56;1;1
-37;24;12;1;1
-37;24;17;0;1
-37;24;21;0;1
-37;24;23;0;1
-37;24;26;0;1
-37;24;28;0;1
-37;24;29;0;1
-37;24;30;0;1
-37;24;32;1;1
-37;24;38;1;1
-37;24;41;0;1
-37;24;47;1;1
-37;24;48;0;1
-37;24;49;0;1
-37;24;51;1;1
-37;24;52;0;1
-37;24;54;0;1
-37;25;12;1;1
-37;25;18;0;1
-37;25;19;1;1
-37;25;23;0;1
-37;25;24;0;1
-37;25;25;0;1
-37;25;32;1;1
-37;25;33;0;1
-37;25;34;1;1
-37;25;40;0;1
-37;25;44;1;1
-37;25;45;1;1
-37;25;50;0;1
-37;25;54;0;1
-37;25;55;0;1
-37;26;15;0;1
-37;26;17;0;1
-37;26;18;0;1
-37;26;21;0;1
-37;26;25;0;1
-37;26;32;0;1
-37;26;34;1;1
-37;26;37;1;1
-37;26;40;0;1
-37;26;41;0;1
-37;26;42;0;1
-37;26;43;1;1
-37;26;46;0;1
-37;26;49;0;1
-37;26;54;1;1
-37;27;13;1;1
-37;27;16;0;1
-37;27;21;0;1
-37;27;22;1;1
-37;27;25;0;1
-37;27;26;1;1
-37;27;28;0;1
-37;27;30;0;1
-37;27;31;1;1
-37;27;34;1;1
-37;27;35;1;1
-37;27;44;0;1
-37;27;47;0;1
-37;27;49;0;1
-37;27;52;0;1
-37;27;54;1;1
-37;28;14;1;1
-37;28;16;0;1
-37;28;18;0;1
-37;28;22;0;1
-37;28;23;1;1
-37;28;28;0;1
-37;28;30;0;1
-37;28;32;1;1
-37;28;35;1;1
-37;28;37;0;1
-37;28;38;0;1
-37;28;39;0;1
-37;28;40;0;1
-37;28;41;0;1
-37;28;46;1;1
-37;28;50;0;1
-37;29;13;0;1
-37;29;14;1;1
-37;29;15;1;1
-37;29;16;0;1
-37;29;17;1;1
-37;29;18;0;1
-37;29;21;1;1
-37;29;23;0;1
-37;29;24;0;1
-37;29;25;1;1
-37;29;28;0;1
-37;29;33;1;1
-37;29;34;1;1
-37;29;37;1;1
-37;29;38;0;1
-37;29;39;0;1
-37;29;41;0;1
-37;29;45;0;1
-37;29;51;1;1
-37;29;52;0;1
-37;30;13;0;1
-37;30;16;0;1
-37;30;17;1;1
-37;30;19;0;1
-37;30;21;1;1
-37;30;24;0;1
-37;30;34;1;1
-37;30;36;0;1
-37;30;41;0;1
-37;30;42;0;1
-37;30;43;1;1
-37;30;44;0;1
-37;30;46;1;1
-37;30;47;0;1
-37;31;15;0;1
-37;31;18;0;1
-37;31;23;1;1
-37;31;24;0;1
-37;31;25;0;1
-37;31;27;1;1
-37;31;28;0;1
-37;31;30;1;1
-37;31;32;0;1
-37;31;33;0;1
-37;31;34;0;1
-37;31;35;0;1
-37;31;36;1;1
-37;31;38;0;1
-37;31;39;1;1
-37;31;42;0;1
-37;31;43;1;1
-37;31;44;0;1
-37;31;45;0;1
-37;31;48;0;1
-37;31;51;0;1
-37;32;18;0;1
-37;32;22;0;1
-37;32;23;0;1
-37;32;26;0;1
-37;32;27;0;1
-37;32;29;0;1
-37;32;30;0;1
-37;32;31;0;1
-37;32;33;1;1
-37;32;37;0;1
-37;32;45;0;1
-37;32;46;0;1
-37;32;47;1;1
-37;32;51;0;1
-37;33;17;1;1
-37;33;20;1;1
-37;33;24;0;1
-37;33;26;0;1
-37;33;27;0;1
-37;33;29;0;1
-37;33;32;0;1
-37;33;33;0;1
-37;33;35;1;1
-37;33;37;1;1
-37;33;44;0;1
-37;33;45;1;1
-37;33;48;1;1
-37;34;16;1;1
-37;34;17;1;1
-37;34;18;0;1
-37;34;20;0;1
-37;34;25;0;1
-37;34;26;0;1
-37;34;27;0;1
-37;34;28;0;1
-37;34;31;0;1
-37;34;34;1;1
-37;34;36;0;1
-37;34;42;1;1
-37;34;44;1;1
-37;34;46;1;1
-37;34;47;1;1
-37;34;50;1;1
-37;35;21;0;1
-37;35;26;0;1
-37;35;27;1;1
-37;35;29;1;1
-37;35;32;0;1
-37;35;33;0;1
-37;35;34;1;1
-37;35;41;0;1
-37;35;42;1;1
-37;35;47;0;1
-37;35;49;1;1
-37;36;17;0;1
-37;36;19;1;1
-37;36;25;0;1
-37;36;29;0;1
-37;36;30;0;1
-37;36;31;1;1
-37;36;35;0;1
-37;36;38;1;1
-37;36;47;1;1
-37;37;16;1;1
-37;37;18;0;1
-37;37;20;0;1
-37;37;21;0;1
-37;37;22;0;1
-37;37;27;0;1
-37;37;28;0;1
-37;37;29;0;1
-37;37;36;1;1
-37;37;37;0;1
-37;37;38;0;1
-37;37;41;1;1
-37;37;42;1;1
-37;37;43;0;1
-37;37;47;0;1
-37;37;48;0;1
-37;38;21;0;1
-37;38;23;1;1
-37;38;27;1;1
-37;38;29;0;1
-37;38;30;1;1
-37;38;31;0;1
-37;38;32;1;1
-37;38;33;0;1
-37;38;34;0;1
-37;38;35;0;1
-37;38;37;0;1
-37;38;41;0;1
-37;38;43;1;1
-37;38;46;1;1
-37;38;47;0;1
-37;39;16;1;1
-37;39;20;1;1
-37;39;22;0;1
-37;39;23;1;1
-37;39;24;0;1
-37;39;26;1;1
-37;39;27;0;1
-37;39;30;0;1
-37;39;31;1;1
-37;39;34;0;1
-37;39;35;1;1
-37;39;37;0;1
-37;39;40;0;1
-37;39;41;0;1
-37;39;43;0;1
-37;40;16;0;1
-37;40;23;0;1
-37;40;27;1;1
-37;40;29;0;1
-37;40;31;1;1
-37;40;40;0;1
-37;40;42;0;1
-37;40;43;1;1
-37;40;45;1;1
-37;41;18;1;1
-37;41;21;0;1
-37;41;23;1;1
-37;41;24;0;1
-37;41;28;0;1
-37;41;29;0;1
-37;41;33;0;1
-37;41;34;0;1
-37;41;37;0;1
-37;41;38;0;1
-37;41;40;1;1
-37;41;41;0;1
-37;41;42;1;1
-37;41;43;1;1
-37;41;44;0;1
-37;42;15;0;1
-37;42;21;0;1
-37;42;25;0;1
-37;42;26;0;1
-37;42;29;0;1
-37;42;30;1;1
-37;42;32;0;1
-37;42;33;0;1
-37;42;36;0;1
-37;42;37;0;1
-37;42;38;0;1
-37;42;40;1;1
-37;42;43;0;1
-37;43;16;0;1
-37;43;17;1;1
-37;43;18;1;1
-37;43;20;0;1
-37;43;24;1;1
-37;43;25;1;1
-37;43;28;0;1
-37;43;32;0;1
-37;43;38;1;1
-37;44;18;0;1
-37;44;20;0;1
-37;44;23;0;1
-37;44;24;0;1
-37;44;26;0;1
-37;44;29;0;1
-37;44;35;0;1
-37;44;37;0;1
-37;44;39;0;1
-37;44;40;0;1
-37;45;19;0;1
-37;45;25;0;1
-37;45;26;1;1
-37;45;27;0;1
-37;45;29;0;1
-37;45;40;0;1
-37;46;18;1;1
-37;46;19;0;1
-37;46;22;1;1
-37;46;23;1;1
-37;46;24;1;1
-37;46;28;1;1
-37;46;30;1;1
-37;46;32;0;1
-37;46;33;0;1
-37;46;37;0;1
-37;46;39;0;1
-37;47;17;0;1
-37;47;20;0;1
-37;47;23;0;1
-37;47;25;1;1
-37;47;31;0;1
-37;47;32;1;1
-37;47;33;1;1
-37;47;34;1;1
-37;47;36;1;1
-37;47;38;0;1
-37;48;27;1;1
-37;48;28;1;1
-37;48;30;1;1
-37;48;31;0;1
-37;48;32;1;1
-37;48;34;0;1
-37;48;35;1;1
-37;49;17;0;1
-37;49;18;0;1
-37;49;22;0;1
-37;49;26;0;1
-37;49;27;1;1
-37;49;28;0;1
-37;49;30;0;1
-37;49;31;0;1
-37;49;32;0;1
-37;49;33;0;1
-37;49;34;1;1
-37;50;21;0;1
-37;50;22;0;1
-37;50;24;0;1
-37;50;27;1;1
-37;50;28;0;1
-37;50;31;0;1
-37;51;17;0;1
-37;51;18;1;1
-37;51;19;0;1
-37;51;20;0;1
-37;51;23;1;1
-37;51;24;0;1
-37;51;25;1;1
-37;51;27;1;1
-37;51;28;0;1
-37;51;31;0;1
-37;52;18;0;1
-37;52;19;0;1
-37;52;21;1;1
-37;52;28;0;1
-37;52;29;0;1
-37;53;18;1;1
-37;53;21;1;1
-37;53;23;1;1
-37;53;24;1;1
-37;53;26;1;1
-37;54;23;1;1
-37;54;24;0;1
-37;54;26;1;1
-37;55;18;0;1
-37;55;19;1;1
-37;55;20;0;1
-37;55;22;0;1
-37;55;25;1;1
-37;56;18;0;1
-37;56;19;1;1
-37;56;21;0;1
-37;56;22;0;1
-36;-58;19;0;1
-36;-56;18;0;1
-36;-56;20;1;1
-36;-56;21;1;1
-36;-56;23;0;1
-36;-55;20;1;1
-36;-55;25;0;1
-36;-54;19;1;1
-36;-54;20;0;1
-36;-54;21;1;1
-36;-54;22;1;1
-36;-54;23;0;1
-36;-54;26;0;1
-36;-54;28;0;1
-36;-53;20;1;1
-36;-53;21;0;1
-36;-53;24;1;1
-36;-52;18;0;1
-36;-52;19;1;1
-36;-52;20;0;1
-36;-52;23;1;1
-36;-52;24;0;1
-36;-52;27;0;1
-36;-52;31;1;1
-36;-51;18;0;1
-36;-51;20;0;1
-36;-51;21;0;1
-36;-51;23;0;1
-36;-51;28;1;1
-36;-51;31;0;1
-36;-50;18;0;1
-36;-50;22;0;1
-36;-50;24;1;1
-36;-50;26;1;1
-36;-50;27;0;1
-36;-50;28;0;1
-36;-50;30;1;1
-36;-50;35;1;1
-36;-49;17;0;1
-36;-49;18;0;1
-36;-49;21;0;1
-36;-49;22;1;1
-36;-49;26;0;1
-36;-49;27;1;1
-36;-49;28;0;1
-36;-49;34;1;1
-36;-48;19;1;1
-36;-48;22;0;1
-36;-48;25;1;1
-36;-48;28;0;1
-36;-48;31;0;1
-36;-48;34;0;1
-36;-48;35;0;1
-36;-48;36;1;1
-36;-47;20;0;1
-36;-47;23;0;1
-36;-47;24;0;1
-36;-47;27;1;1
-36;-47;29;0;1
-36;-47;30;0;1
-36;-47;32;1;1
-36;-47;34;1;1
-36;-47;35;0;1
-36;-47;36;1;1
-36;-47;37;0;1
-36;-46;19;0;1
-36;-46;24;0;1
-36;-46;25;1;1
-36;-46;28;0;1
-36;-46;29;1;1
-36;-46;30;1;1
-36;-46;31;0;1
-36;-46;32;0;1
-36;-46;35;1;1
-36;-46;38;1;1
-36;-46;39;0;1
-36;-45;19;0;1
-36;-45;21;1;1
-36;-45;23;0;1
-36;-45;24;1;1
-36;-45;25;0;1
-36;-45;26;0;1
-36;-45;34;0;1
-36;-45;35;0;1
-36;-45;37;1;1
-36;-45;41;1;1
-36;-44;16;0;1
-36;-44;17;0;1
-36;-44;18;0;1
-36;-44;20;0;1
-36;-44;21;0;1
-36;-44;23;1;1
-36;-44;25;0;1
-36;-44;26;0;1
-36;-44;32;1;1
-36;-44;35;0;1
-36;-44;36;0;1
-36;-44;37;1;1
-36;-44;38;0;1
-36;-44;42;0;1
-36;-43;18;0;1
-36;-43;20;0;1
-36;-43;21;0;1
-36;-43;23;0;1
-36;-43;31;1;1
-36;-43;32;0;1
-36;-43;33;1;1
-36;-43;37;0;1
-36;-43;38;0;1
-36;-43;39;0;1
-36;-43;41;0;1
-36;-42;15;0;1
-36;-42;18;0;1
-36;-42;22;0;1
-36;-42;29;0;1
-36;-42;30;0;1
-36;-42;31;0;1
-36;-42;33;1;1
-36;-42;36;0;1
-36;-42;39;0;1
-36;-42;42;1;1
-36;-41;16;0;1
-36;-41;20;0;1
-36;-41;25;1;1
-36;-41;31;1;1
-36;-41;34;1;1
-36;-41;42;1;1
-36;-41;43;0;1
-36;-40;17;0;1
-36;-40;18;0;1
-36;-40;22;0;1
-36;-40;23;0;1
-36;-40;25;1;1
-36;-40;29;0;1
-36;-40;32;1;1
-36;-40;33;0;1
-36;-40;38;0;1
-36;-40;39;1;1
-36;-40;40;0;1
-36;-40;41;0;1
-36;-40;42;0;1
-36;-40;46;0;1
-36;-39;18;1;1
-36;-39;24;0;1
-36;-39;25;0;1
-36;-39;26;0;1
-36;-39;29;1;1
-36;-39;31;0;1
-36;-39;34;1;1
-36;-39;35;1;1
-36;-39;37;0;1
-36;-39;39;0;1
-36;-39;40;1;1
-36;-39;41;1;1
-36;-39;44;0;1
-36;-39;47;0;1
-36;-38;17;0;1
-36;-38;19;0;1
-36;-38;23;0;1
-36;-38;25;1;1
-36;-38;28;0;1
-36;-38;29;1;1
-36;-38;31;1;1
-36;-38;33;0;1
-36;-38;34;0;1
-36;-38;39;1;1
-36;-38;40;0;1
-36;-38;41;0;1
-36;-38;43;0;1
-36;-38;46;0;1
-36;-37;14;1;1
-36;-37;17;0;1
-36;-37;24;0;1
-36;-37;26;0;1
-36;-37;27;1;1
-36;-37;37;0;1
-36;-37;42;0;1
-36;-37;45;0;1
-36;-37;48;0;1
-36;-36;14;1;1
-36;-36;16;0;1
-36;-36;17;0;1
-36;-36;18;0;1
-36;-36;19;0;1
-36;-36;23;0;1
-36;-36;25;0;1
-36;-36;27;0;1
-36;-36;29;1;1
-36;-36;30;0;1
-36;-36;31;1;1
-36;-36;35;0;1
-36;-36;37;0;1
-36;-36;39;1;1
-36;-36;40;0;1
-36;-36;42;0;1
-36;-36;43;0;1
-36;-36;44;0;1
-36;-36;46;1;1
-36;-36;47;0;1
-36;-36;49;1;1
-36;-35;14;1;1
-36;-35;16;0;1
-36;-35;17;0;1
-36;-35;19;0;1
-36;-35;20;0;1
-36;-35;22;0;1
-36;-35;27;0;1
-36;-35;29;1;1
-36;-35;30;1;1
-36;-35;37;1;1
-36;-35;38;1;1
-36;-35;40;0;1
-36;-35;41;1;1
-36;-35;42;0;1
-36;-35;43;0;1
-36;-35;45;1;1
-36;-34;14;0;1
-36;-34;16;0;1
-36;-34;18;1;1
-36;-34;27;1;1
-36;-34;31;1;1
-36;-34;36;1;1
-36;-34;39;0;1
-36;-34;41;0;1
-36;-34;43;1;1
-36;-34;48;0;1
-36;-34;50;0;1
-36;-33;16;0;1
-36;-33;17;0;1
-36;-33;18;0;1
-36;-33;19;0;1
-36;-33;20;1;1
-36;-33;22;1;1
-36;-33;36;0;1
-36;-33;39;1;1
-36;-33;40;0;1
-36;-33;41;0;1
-36;-33;42;0;1
-36;-33;43;1;1
-36;-33;47;0;1
-36;-33;49;0;1
-36;-33;50;0;1
-36;-32;16;0;1
-36;-32;17;1;1
-36;-32;18;0;1
-36;-32;19;0;1
-36;-32;20;0;1
-36;-32;21;1;1
-36;-32;28;1;1
-36;-32;29;1;1
-36;-32;31;1;1
-36;-32;32;0;1
-36;-32;33;1;1
-36;-32;35;0;1
-36;-32;38;0;1
-36;-32;43;0;1
-36;-32;46;0;1
-36;-32;48;0;1
-36;-32;49;0;1
-36;-31;13;1;1
-36;-31;17;0;1
-36;-31;18;0;1
-36;-31;21;0;1
-36;-31;22;0;1
-36;-31;26;0;1
-36;-31;27;0;1
-36;-31;28;1;1
-36;-31;37;0;1
-36;-31;40;1;1
-36;-31;42;1;1
-36;-31;49;0;1
-36;-31;51;1;1
-36;-30;13;0;1
-36;-30;17;0;1
-36;-30;19;0;1
-36;-30;22;1;1
-36;-30;27;1;1
-36;-30;29;1;1
-36;-30;31;0;1
-36;-30;33;0;1
-36;-30;34;0;1
-36;-30;38;1;1
-36;-30;39;0;1
-36;-30;40;0;1
-36;-30;42;0;1
-36;-30;46;1;1
-36;-30;51;0;1
-36;-30;53;0;1
-36;-29;13;0;1
-36;-29;15;0;1
-36;-29;20;0;1
-36;-29;21;0;1
-36;-29;23;1;1
-36;-29;28;1;1
-36;-29;34;0;1
-36;-29;36;0;1
-36;-29;37;1;1
-36;-29;38;1;1
-36;-29;42;1;1
-36;-29;47;0;1
-36;-29;53;0;1
-36;-28;14;0;1
-36;-28;17;1;1
-36;-28;18;0;1
-36;-28;22;0;1
-36;-28;27;0;1
-36;-28;31;1;1
-36;-28;33;1;1
-36;-28;36;1;1
-36;-28;40;1;1
-36;-28;41;1;1
-36;-28;43;0;1
-36;-28;44;0;1
-36;-28;46;0;1
-36;-28;47;1;1
-36;-28;49;0;1
-36;-28;50;0;1
-36;-28;51;1;1
-36;-27;17;0;1
-36;-27;21;1;1
-36;-27;24;0;1
-36;-27;28;0;1
-36;-27;30;0;1
-36;-27;34;0;1
-36;-27;37;0;1
-36;-27;39;0;1
-36;-27;41;1;1
-36;-27;42;1;1
-36;-27;43;1;1
-36;-27;46;0;1
-36;-27;47;0;1
-36;-27;49;0;1
-36;-27;50;1;1
-36;-27;51;1;1
-36;-27;54;0;1
-36;-26;12;1;1
-36;-26;15;1;1
-36;-26;17;1;1
-36;-26;18;0;1
-36;-26;19;0;1
-36;-26;21;0;1
-36;-26;23;0;1
-36;-26;24;1;1
-36;-26;33;1;1
-36;-26;37;0;1
-36;-26;38;1;1
-36;-26;40;0;1
-36;-26;42;1;1
-36;-26;45;1;1
-36;-26;47;0;1
-36;-26;48;1;1
-36;-26;51;1;1
-36;-26;52;1;1
-36;-25;12;0;1
-36;-25;14;1;1
-36;-25;16;1;1
-36;-25;23;1;1
-36;-25;26;0;1
-36;-25;27;1;1
-36;-25;28;0;1
-36;-25;30;0;1
-36;-25;31;0;1
-36;-25;32;0;1
-36;-25;34;0;1
-36;-25;37;0;1
-36;-25;38;1;1
-36;-25;42;0;1
-36;-25;44;1;1
-36;-25;45;0;1
-36;-25;46;0;1
-36;-25;52;0;1
-36;-24;30;1;1
-36;-24;32;1;1
-36;-24;36;0;1
-36;-24;37;1;1
-36;-24;38;0;1
-36;-24;40;1;1
-36;-24;41;0;1
-36;-24;46;0;1
-36;-24;48;1;1
-36;-24;51;1;1
-36;-24;55;0;1
-36;-24;56;0;1
-36;-23;14;0;1
-36;-23;15;1;1
-36;-23;18;0;1
-36;-23;19;0;1
-36;-23;20;1;1
-36;-23;23;0;1
-36;-23;25;0;1
-36;-23;26;0;1
-36;-23;29;0;1
-36;-23;33;0;1
-36;-23;39;1;1
-36;-23;40;1;1
-36;-23;41;1;1
-36;-23;43;1;1
-36;-23;48;0;1
-36;-23;49;0;1
-36;-23;56;1;1
-36;-22;14;1;1
-36;-22;16;0;1
-36;-22;19;1;1
-36;-22;20;0;1
-36;-22;21;0;1
-36;-22;22;1;1
-36;-22;24;1;1
-36;-22;26;1;1
-36;-22;29;0;1
-36;-22;30;0;1
-36;-22;33;0;1
-36;-22;36;0;1
-36;-22;38;0;1
-36;-22;39;1;1
-36;-22;42;0;1
-36;-22;44;0;1
-36;-22;47;1;1
-36;-22;49;1;1
-36;-22;50;0;1
-36;-22;53;1;1
-36;-22;55;0;1
-36;-21;13;0;1
-36;-21;16;0;1
-36;-21;21;1;1
-36;-21;28;0;1
-36;-21;29;1;1
-36;-21;31;1;1
-36;-21;32;0;1
-36;-21;33;0;1
-36;-21;39;1;1
-36;-21;46;0;1
-36;-21;53;1;1
-36;-21;54;0;1
-36;-21;56;0;1
-36;-20;14;1;1
-36;-20;16;0;1
-36;-20;17;1;1
-36;-20;25;0;1
-36;-20;31;1;1
-36;-20;32;0;1
-36;-20;33;1;1
-36;-20;34;0;1
-36;-20;36;0;1
-36;-20;37;0;1
-36;-20;40;1;1
-36;-20;45;1;1
-36;-20;49;0;1
-36;-20;54;0;1
-36;-20;55;1;1
-36;-20;57;0;1
-36;-19;11;0;1
-36;-19;19;1;1
-36;-19;20;1;1
-36;-19;21;0;1
-36;-19;24;0;1
-36;-19;25;0;1
-36;-19;26;0;1
-36;-19;31;0;1
-36;-19;37;0;1
-36;-19;41;0;1
-36;-19;42;0;1
-36;-19;44;0;1
-36;-19;48;0;1
-36;-19;50;0;1
-36;-19;52;0;1
-36;-19;56;0;1
-36;-19;57;0;1
-36;-18;13;0;1
-36;-18;14;0;1
-36;-18;15;1;1
-36;-18;18;0;1
-36;-18;20;1;1
-36;-18;22;1;1
-36;-18;29;0;1
-36;-18;30;1;1
-36;-18;33;1;1
-36;-18;38;0;1
-36;-18;41;1;1
-36;-18;42;0;1
-36;-18;43;1;1
-36;-18;44;1;1
-36;-18;45;0;1
-36;-18;46;0;1
-36;-18;49;1;1
-36;-18;57;0;1
-36;-17;13;0;1
-36;-17;14;1;1
-36;-17;15;0;1
-36;-17;16;1;1
-36;-17;18;1;1
-36;-17;22;0;1
-36;-17;25;1;1
-36;-17;26;0;1
-36;-17;30;0;1
-36;-17;31;0;1
-36;-17;34;1;1
-36;-17;44;0;1
-36;-17;45;0;1
-36;-17;49;0;1
-36;-17;51;0;1
-36;-17;55;1;1
-36;-16;12;0;1
-36;-16;16;0;1
-36;-16;18;0;1
-36;-16;20;0;1
-36;-16;21;0;1
-36;-16;24;0;1
-36;-16;27;0;1
-36;-16;28;1;1
-36;-16;30;1;1
-36;-16;32;0;1
-36;-16;35;1;1
-36;-16;37;1;1
-36;-16;38;0;1
-36;-16;40;0;1
-36;-16;41;0;1
-36;-16;45;0;1
-36;-16;47;1;1
-36;-16;48;0;1
-36;-16;49;0;1
-36;-16;51;1;1
-36;-15;13;1;1
-36;-15;14;0;1
-36;-15;20;0;1
-36;-15;21;0;1
-36;-15;24;0;1
-36;-15;27;1;1
-36;-15;28;1;1
-36;-15;30;0;1
-36;-15;32;0;1
-36;-15;33;0;1
-36;-15;34;0;1
-36;-15;37;0;1
-36;-15;39;1;1
-36;-15;40;0;1
-36;-15;41;0;1
-36;-15;42;0;1
-36;-15;45;0;1
-36;-15;46;0;1
-36;-15;47;0;1
-36;-15;51;0;1
-36;-15;52;1;1
-36;-15;54;1;1
-36;-14;11;0;1
-36;-14;12;1;1
-36;-14;15;1;1
-36;-14;19;0;1
-36;-14;20;0;1
-36;-14;22;0;1
-36;-14;23;0;1
-36;-14;26;0;1
-36;-14;30;0;1
-36;-14;32;0;1
-36;-14;34;0;1
-36;-14;38;0;1
-36;-14;40;0;1
-36;-14;42;0;1
-36;-14;43;0;1
-36;-14;48;1;1
-36;-14;49;0;1
-36;-14;50;1;1
-36;-14;54;0;1
-36;-14;56;0;1
-36;-14;57;1;1
-36;-14;58;0;1
-36;-13;11;1;1
-36;-13;12;1;1
-36;-13;13;1;1
-36;-13;16;0;1
-36;-13;18;0;1
-36;-13;19;1;1
-36;-13;20;1;1
-36;-13;22;1;1
-36;-13;23;1;1
-36;-13;27;0;1
-36;-13;28;0;1
-36;-13;29;1;1
-36;-13;30;0;1
-36;-13;32;1;1
-36;-13;33;0;1
-36;-13;34;1;1
-36;-13;40;1;1
-36;-13;42;1;1
-36;-13;44;0;1
-36;-13;46;0;1
-36;-13;47;0;1
-36;-13;53;0;1
-36;-13;56;0;1
-36;-12;11;0;1
-36;-12;14;0;1
-36;-12;15;1;1
-36;-12;16;0;1
-36;-12;17;0;1
-36;-12;21;0;1
-36;-12;25;1;1
-36;-12;33;1;1
-36;-12;37;0;1
-36;-12;38;0;1
-36;-12;43;1;1
-36;-12;46;0;1
-36;-12;49;0;1
-36;-12;54;0;1
-36;-12;60;0;1
-36;-11;11;0;1
-36;-11;16;0;1
-36;-11;17;0;1
-36;-11;22;1;1
-36;-11;24;0;1
-36;-11;29;0;1
-36;-11;31;0;1
-36;-11;32;0;1
-36;-11;33;0;1
-36;-11;34;1;1
-36;-11;38;1;1
-36;-11;41;1;1
-36;-11;43;1;1
-36;-11;47;0;1
-36;-11;48;0;1
-36;-11;50;1;1
-36;-11;51;0;1
-36;-11;52;0;1
-36;-11;60;0;1
-36;-10;13;0;1
-36;-10;19;0;1
-36;-10;22;0;1
-36;-10;23;0;1
-36;-10;26;1;1
-36;-10;29;1;1
-36;-10;30;0;1
-36;-10;31;0;1
-36;-10;36;1;1
-36;-10;39;0;1
-36;-10;41;0;1
-36;-10;44;0;1
-36;-10;45;0;1
-36;-10;48;1;1
-36;-10;50;0;1
-36;-10;53;0;1
-36;-10;56;1;1
-36;-10;57;0;1
-36;-10;58;1;1
-36;-10;59;1;1
-36;-9;10;1;1
-36;-9;11;0;1
-36;-9;13;1;1
-36;-9;14;0;1
-36;-9;15;0;1
-36;-9;16;1;1
-36;-9;18;0;1
-36;-9;22;0;1
-36;-9;23;1;1
-36;-9;29;0;1
-36;-9;31;0;1
-36;-9;32;0;1
-36;-9;35;0;1
-36;-9;36;0;1
-36;-9;38;0;1
-36;-9;43;0;1
-36;-9;44;1;1
-36;-9;45;0;1
-36;-9;46;0;1
-36;-9;47;0;1
-36;-9;51;0;1
-36;-9;52;0;1
-36;-9;55;0;1
-36;-9;56;0;1
-36;-8;10;0;1
-36;-8;12;0;1
-36;-8;18;1;1
-36;-8;19;0;1
-36;-8;21;1;1
-36;-8;22;0;1
-36;-8;23;0;1
-36;-8;26;0;1
-36;-8;28;0;1
-36;-8;34;1;1
-36;-8;35;1;1
-36;-8;36;0;1
-36;-8;38;0;1
-36;-8;40;0;1
-36;-8;42;1;1
-36;-8;43;0;1
-36;-8;46;1;1
-36;-8;47;1;1
-36;-8;48;0;1
-36;-8;51;0;1
-36;-8;54;0;1
-36;-8;55;0;1
-36;-8;56;1;1
-36;-7;11;1;1
-36;-7;12;1;1
-36;-7;13;0;1
-36;-7;17;1;1
-36;-7;20;1;1
-36;-7;21;0;1
-36;-7;24;0;1
-36;-7;27;1;1
-36;-7;29;0;1
-36;-7;32;0;1
-36;-7;34;0;1
-36;-7;35;0;1
-36;-7;37;0;1
-36;-7;42;1;1
-36;-7;43;0;1
-36;-7;45;0;1
-36;-7;54;1;1
-36;-7;56;0;1
-36;-7;59;0;1
-36;-6;10;0;1
-36;-6;18;1;1
-36;-6;26;1;1
-36;-6;30;0;1
-36;-6;32;1;1
-36;-6;36;0;1
-36;-6;41;0;1
-36;-6;42;0;1
-36;-6;43;0;1
-36;-6;45;1;1
-36;-6;50;1;1
-36;-6;53;0;1
-36;-6;56;1;1
-36;-6;57;0;1
-36;-6;58;0;1
-36;-6;59;0;1
-36;-5;10;1;1
-36;-5;11;0;1
-36;-5;14;0;1
-36;-5;15;1;1
-36;-5;16;0;1
-36;-5;19;0;1
-36;-5;31;1;1
-36;-5;33;0;1
-36;-5;34;0;1
-36;-5;36;0;1
-36;-5;43;0;1
-36;-5;45;1;1
-36;-5;49;1;1
-36;-5;51;1;1
-36;-5;52;0;1
-36;-5;57;1;1
-36;-5;58;0;1
-36;-5;61;0;1
-36;-4;13;0;1
-36;-4;18;0;1
-36;-4;21;1;1
-36;-4;23;1;1
-36;-4;26;1;1
-36;-4;28;1;1
-36;-4;30;0;1
-36;-4;32;1;1
-36;-4;33;1;1
-36;-4;34;0;1
-36;-4;37;1;1
-36;-4;45;0;1
-36;-4;50;0;1
-36;-4;51;1;1
-36;-4;52;0;1
-36;-4;54;0;1
-36;-4;60;1;1
-36;-3;10;1;1
-36;-3;11;0;1
-36;-3;12;0;1
-36;-3;15;1;1
-36;-3;18;0;1
-36;-3;19;0;1
-36;-3;28;0;1
-36;-3;30;0;1
-36;-3;31;0;1
-36;-3;34;0;1
-36;-3;36;0;1
-36;-3;37;0;1
-36;-3;38;1;1
-36;-3;41;1;1
-36;-3;44;0;1
-36;-3;46;0;1
-36;-3;49;1;1
-36;-3;50;1;1
-36;-3;55;0;1
-36;-3;57;1;1
-36;-2;10;0;1
-36;-2;12;0;1
-36;-2;13;0;1
-36;-2;14;1;1
-36;-2;15;1;1
-36;-2;18;0;1
-36;-2;20;0;1
-36;-2;21;0;1
-36;-2;23;1;1
-36;-2;24;0;1
-36;-2;25;0;1
-36;-2;26;0;1
-36;-2;27;1;1
-36;-2;30;0;1
-36;-2;31;0;1
-36;-2;33;1;1
-36;-2;34;0;1
-36;-2;43;0;1
-36;-2;47;0;1
-36;-2;48;1;1
-36;-2;50;0;1
-36;-2;51;0;1
-36;-2;56;1;1
-36;-1;11;1;1
-36;-1;14;1;1
-36;-1;16;1;1
-36;-1;17;0;1
-36;-1;21;1;1
-36;-1;22;1;1
-36;-1;23;0;1
-36;-1;26;0;1
-36;-1;28;0;1
-36;-1;29;0;1
-36;-1;33;1;1
-36;-1;34;1;1
-36;-1;35;0;1
-36;-1;36;1;1
-36;-1;37;0;1
-36;-1;38;0;1
-36;-1;40;0;1
-36;-1;44;1;1
-36;-1;45;1;1
-36;-1;46;0;1
-36;-1;47;0;1
-36;-1;49;0;1
-36;-1;50;0;1
-36;-1;51;0;1
-36;-1;52;1;1
-36;-1;54;1;1
-36;-1;57;0;1
-36;-1;60;1;1
-36;0;11;1;1
-36;0;15;1;1
-36;0;16;1;1
-36;0;23;0;1
-36;0;24;0;1
-36;0;25;0;1
-36;0;27;1;1
-36;0;37;0;1
-36;0;42;1;1
-36;0;45;0;1
-36;0;49;1;1
-36;0;50;0;1
-36;0;52;0;1
-36;0;54;1;1
-36;0;55;0;1
-36;1;11;0;1
-36;1;13;0;1
-36;1;15;1;1
-36;1;17;1;1
-36;1;19;1;1
-36;1;20;0;1
-36;1;22;0;1
-36;1;23;0;1
-36;1;24;1;1
-36;1;29;0;1
-36;1;32;1;1
-36;1;37;1;1
-36;1;41;1;1
-36;1;42;1;1
-36;1;43;0;1
-36;1;46;0;1
-36;1;48;0;1
-36;1;49;0;1
-36;1;52;0;1
-36;1;55;1;1
-36;1;57;1;1
-36;1;59;0;1
-36;1;61;1;1
-36;2;11;0;1
-36;2;14;0;1
-36;2;17;1;1
-36;2;18;0;1
-36;2;22;0;1
-36;2;23;0;1
-36;2;27;0;1
-36;2;32;0;1
-36;2;40;1;1
-36;2;43;1;1
-36;2;45;0;1
-36;2;49;0;1
-36;2;50;0;1
-36;2;51;0;1
-36;2;53;0;1
-36;2;54;0;1
-36;2;55;1;1
-36;2;57;0;1
-36;3;10;0;1
-36;3;12;1;1
-36;3;14;0;1
-36;3;15;1;1
-36;3;17;1;1
-36;3;18;1;1
-36;3;20;0;1
-36;3;21;0;1
-36;3;26;1;1
-36;3;29;0;1
-36;3;30;0;1
-36;3;31;0;1
-36;3;32;0;1
-36;3;36;0;1
-36;3;38;0;1
-36;3;39;0;1
-36;3;40;1;1
-36;3;43;0;1
-36;3;48;0;1
-36;3;55;1;1
-36;3;58;0;1
-36;4;11;1;1
-36;4;17;0;1
-36;4;20;0;1
-36;4;21;0;1
-36;4;22;0;1
-36;4;24;0;1
-36;4;26;1;1
-36;4;28;0;1
-36;4;29;0;1
-36;4;33;0;1
-36;4;38;1;1
-36;4;42;0;1
-36;4;43;0;1
-36;4;44;1;1
-36;4;47;0;1
-36;4;49;0;1
-36;4;50;0;1
-36;4;52;0;1
-36;4;57;0;1
-36;4;58;0;1
-36;4;60;1;1
-36;4;61;0;1
-36;5;11;0;1
-36;5;12;0;1
-36;5;14;1;1
-36;5;15;0;1
-36;5;16;0;1
-36;5;18;1;1
-36;5;20;0;1
-36;5;21;0;1
-36;5;22;0;1
-36;5;23;0;1
-36;5;28;1;1
-36;5;30;1;1
-36;5;36;1;1
-36;5;40;0;1
-36;5;42;0;1
-36;5;43;0;1
-36;5;49;0;1
-36;5;53;0;1
-36;5;54;1;1
-36;5;56;1;1
-36;5;61;0;1
-36;6;10;0;1
-36;6;12;0;1
-36;6;13;0;1
-36;6;15;1;1
-36;6;16;0;1
-36;6;17;1;1
-36;6;18;0;1
-36;6;19;1;1
-36;6;22;1;1
-36;6;24;0;1
-36;6;26;0;1
-36;6;35;1;1
-36;6;36;1;1
-36;6;39;0;1
-36;6;43;1;1
-36;6;45;1;1
-36;6;48;0;1
-36;6;49;0;1
-36;6;50;0;1
-36;6;51;0;1
-36;6;57;0;1
-36;6;58;1;1
-36;6;59;1;1
-36;7;10;1;1
-36;7;12;0;1
-36;7;13;1;1
-36;7;15;0;1
-36;7;17;1;1
-36;7;18;0;1
-36;7;19;1;1
-36;7;20;0;1
-36;7;21;0;1
-36;7;23;0;1
-36;7;25;0;1
-36;7;27;0;1
-36;7;28;0;1
-36;7;32;0;1
-36;7;33;0;1
-36;7;36;0;1
-36;7;38;0;1
-36;7;42;0;1
-36;7;43;1;1
-36;7;45;0;1
-36;7;46;1;1
-36;7;47;0;1
-36;7;51;1;1
-36;7;54;1;1
-36;7;56;0;1
-36;7;57;1;1
-36;7;59;0;1
-36;7;60;1;1
-36;8;14;1;1
-36;8;17;0;1
-36;8;23;1;1
-36;8;24;1;1
-36;8;25;1;1
-36;8;26;1;1
-36;8;29;0;1
-36;8;34;1;1
-36;8;35;1;1
-36;8;36;0;1
-36;8;39;0;1
-36;8;43;0;1
-36;8;45;0;1
-36;8;46;1;1
-36;8;49;0;1
-36;8;54;1;1
-36;8;56;0;1
-36;8;57;1;1
-36;8;58;1;1
-36;9;11;1;1
-36;9;16;0;1
-36;9;18;1;1
-36;9;19;0;1
-36;9;20;1;1
-36;9;22;0;1
-36;9;28;1;1
-36;9;29;0;1
-36;9;33;0;1
-36;9;34;0;1
-36;9;35;1;1
-36;9;36;0;1
-36;9;38;1;1
-36;9;41;0;1
-36;9;43;1;1
-36;9;44;1;1
-36;9;45;1;1
-36;9;47;0;1
-36;9;48;0;1
-36;9;49;1;1
-36;9;50;0;1
-36;9;55;0;1
-36;9;59;0;1
-36;9;60;0;1
-36;10;19;0;1
-36;10;23;0;1
-36;10;28;1;1
-36;10;29;1;1
-36;10;32;0;1
-36;10;36;1;1
-36;10;41;0;1
-36;10;42;0;1
-36;10;43;0;1
-36;10;51;0;1
-36;10;52;0;1
-36;10;53;1;1
-36;10;56;1;1
-36;10;57;0;1
-36;11;13;0;1
-36;11;16;1;1
-36;11;17;1;1
-36;11;22;1;1
-36;11;23;1;1
-36;11;25;0;1
-36;11;27;0;1
-36;11;28;0;1
-36;11;30;0;1
-36;11;32;0;1
-36;11;35;0;1
-36;11;36;0;1
-36;11;40;0;1
-36;11;42;0;1
-36;11;45;0;1
-36;11;47;1;1
-36;11;50;1;1
-36;11;52;0;1
-36;11;53;0;1
-36;11;57;0;1
-36;12;16;0;1
-36;12;17;0;1
-36;12;19;1;1
-36;12;20;1;1
-36;12;22;0;1
-36;12;27;0;1
-36;12;29;1;1
-36;12;30;0;1
-36;12;32;1;1
-36;12;34;1;1
-36;12;35;1;1
-36;12;38;0;1
-36;12;40;1;1
-36;12;41;1;1
-36;12;42;0;1
-36;12;44;1;1
-36;12;45;0;1
-36;12;46;0;1
-36;12;47;0;1
-36;12;48;1;1
-36;12;49;0;1
-36;12;50;0;1
-36;12;55;1;1
-36;12;58;0;1
-36;12;59;0;1
-36;13;11;0;1
-36;13;13;0;1
-36;13;19;1;1
-36;13;21;0;1
-36;13;22;0;1
-36;13;26;0;1
-36;13;27;1;1
-36;13;28;0;1
-36;13;29;0;1
-36;13;32;0;1
-36;13;36;0;1
-36;13;38;1;1
-36;13;40;0;1
-36;13;44;1;1
-36;13;50;1;1
-36;13;51;1;1
-36;13;57;0;1
-36;13;59;0;1
-36;14;12;1;1
-36;14;13;0;1
-36;14;14;1;1
-36;14;19;1;1
-36;14;23;1;1
-36;14;24;0;1
-36;14;26;1;1
-36;14;28;0;1
-36;14;29;0;1
-36;14;31;1;1
-36;14;33;1;1
-36;14;34;1;1
-36;14;37;0;1
-36;14;40;0;1
-36;14;41;0;1
-36;14;43;0;1
-36;14;44;0;1
-36;14;46;1;1
-36;14;48;0;1
-36;14;49;0;1
-36;14;50;1;1
-36;14;52;0;1
-36;15;15;1;1
-36;15;17;1;1
-36;15;18;0;1
-36;15;21;0;1
-36;15;22;1;1
-36;15;27;0;1
-36;15;28;1;1
-36;15;32;1;1
-36;15;34;0;1
-36;15;36;0;1
-36;15;40;0;1
-36;15;43;1;1
-36;15;50;0;1
-36;15;51;1;1
-36;15;52;1;1
-36;15;56;0;1
-36;15;58;0;1
-36;16;12;0;1
-36;16;13;1;1
-36;16;16;1;1
-36;16;19;0;1
-36;16;21;0;1
-36;16;22;0;1
-36;16;26;1;1
-36;16;29;0;1
-36;16;33;0;1
-36;16;34;0;1
-36;16;37;0;1
-36;16;38;1;1
-36;16;41;0;1
-36;16;47;0;1
-36;16;50;1;1
-36;16;55;1;1
-36;16;57;1;1
-36;16;59;1;1
-36;17;14;0;1
-36;17;15;1;1
-36;17;17;1;1
-36;17;18;0;1
-36;17;20;0;1
-36;17;27;0;1
-36;17;31;0;1
-36;17;32;0;1
-36;17;33;0;1
-36;17;36;1;1
-36;17;37;0;1
-36;17;40;1;1
-36;17;46;1;1
-36;17;48;0;1
-36;17;57;1;1
-36;18;11;1;1
-36;18;15;0;1
-36;18;17;1;1
-36;18;20;1;1
-36;18;22;0;1
-36;18;23;1;1
-36;18;26;1;1
-36;18;27;1;1
-36;18;28;0;1
-36;18;31;0;1
-36;18;39;1;1
-36;18;41;0;1
-36;18;44;1;1
-36;18;45;0;1
-36;18;46;0;1
-36;18;47;1;1
-36;18;50;1;1
-36;18;52;0;1
-36;18;53;1;1
-36;19;11;1;1
-36;19;12;0;1
-36;19;13;0;1
-36;19;15;0;1
-36;19;17;0;1
-36;19;18;0;1
-36;19;22;1;1
-36;19;25;0;1
-36;19;28;0;1
-36;19;30;0;1
-36;19;32;0;1
-36;19;33;1;1
-36;19;34;0;1
-36;19;37;1;1
-36;19;39;1;1
-36;19;42;0;1
-36;19;43;0;1
-36;19;44;1;1
-36;19;45;1;1
-36;19;46;0;1
-36;19;48;1;1
-36;19;49;0;1
-36;19;50;1;1
-36;19;51;1;1
-36;19;52;0;1
-36;19;54;1;1
-36;19;57;0;1
-36;19;58;1;1
-36;20;14;0;1
-36;20;17;0;1
-36;20;18;0;1
-36;20;19;1;1
-36;20;22;1;1
-36;20;28;0;1
-36;20;30;1;1
-36;20;31;1;1
-36;20;32;0;1
-36;20;34;1;1
-36;20;41;1;1
-36;20;48;0;1
-36;20;49;0;1
-36;20;51;1;1
-36;20;55;1;1
-36;20;56;1;1
-36;20;57;1;1
-36;21;13;1;1
-36;21;16;0;1
-36;21;18;1;1
-36;21;20;0;1
-36;21;21;0;1
-36;21;24;0;1
-36;21;27;0;1
-36;21;28;0;1
-36;21;36;0;1
-36;21;38;0;1
-36;21;39;0;1
-36;21;40;0;1
-36;21;44;1;1
-36;21;45;1;1
-36;21;49;1;1
-36;21;54;1;1
-36;21;55;1;1
-36;22;15;0;1
-36;22;16;0;1
-36;22;17;0;1
-36;22;18;0;1
-36;22;19;1;1
-36;22;20;0;1
-36;22;21;1;1
-36;22;23;0;1
-36;22;24;0;1
-36;22;27;1;1
-36;22;30;1;1
-36;22;31;0;1
-36;22;32;1;1
-36;22;33;0;1
-36;22;41;1;1
-36;22;42;0;1
-36;22;44;0;1
-36;22;49;1;1
-36;22;50;0;1
-36;23;13;0;1
-36;23;14;1;1
-36;23;15;0;1
-36;23;24;1;1
-36;23;25;0;1
-36;23;27;0;1
-36;23;30;0;1
-36;23;33;1;1
-36;23;35;0;1
-36;23;40;0;1
-36;23;43;0;1
-36;23;48;1;1
-36;23;52;0;1
-36;23;53;0;1
-36;23;55;0;1
-36;23;56;1;1
-36;24;16;0;1
-36;24;17;1;1
-36;24;21;0;1
-36;24;25;1;1
-36;24;26;1;1
-36;24;27;1;1
-36;24;33;0;1
-36;24;37;0;1
-36;24;38;0;1
-36;24;39;1;1
-36;24;41;1;1
-36;24;42;1;1
-36;24;45;0;1
-36;24;50;0;1
-36;24;52;0;1
-36;24;55;0;1
-36;24;56;0;1
-36;25;13;0;1
-36;25;14;0;1
-36;25;18;1;1
-36;25;27;0;1
-36;25;29;0;1
-36;25;30;0;1
-36;25;32;1;1
-36;25;35;0;1
-36;25;39;0;1
-36;25;41;1;1
-36;25;44;0;1
-36;25;46;0;1
-36;25;49;1;1
-36;25;52;1;1
-36;25;54;0;1
-36;26;17;0;1
-36;26;19;0;1
-36;26;23;1;1
-36;26;24;1;1
-36;26;26;0;1
-36;26;28;1;1
-36;26;31;1;1
-36;26;33;1;1
-36;26;37;0;1
-36;26;42;1;1
-36;26;47;0;1
-36;26;48;0;1
-36;26;49;0;1
-36;26;51;0;1
-36;26;52;0;1
-36;26;54;0;1
-36;26;55;1;1
-36;27;16;1;1
-36;27;19;1;1
-36;27;22;0;1
-36;27;23;0;1
-36;27;24;0;1
-36;27;29;1;1
-36;27;38;1;1
-36;27;40;0;1
-36;27;42;0;1
-36;27;47;1;1
-36;27;49;0;1
-36;27;51;0;1
-36;27;53;1;1
-36;27;54;1;1
-36;28;13;0;1
-36;28;14;0;1
-36;28;16;0;1
-36;28;19;0;1
-36;28;20;0;1
-36;28;21;0;1
-36;28;27;1;1
-36;28;29;1;1
-36;28;34;1;1
-36;28;39;1;1
-36;28;41;0;1
-36;28;47;0;1
-36;29;17;1;1
-36;29;18;0;1
-36;29;21;0;1
-36;29;23;0;1
-36;29;24;1;1
-36;29;27;1;1
-36;29;28;1;1
-36;29;30;1;1
-36;29;32;0;1
-36;29;38;0;1
-36;29;39;1;1
-36;29;45;1;1
-36;29;52;0;1
-36;30;13;0;1
-36;30;15;0;1
-36;30;16;0;1
-36;30;17;0;1
-36;30;19;1;1
-36;30;20;1;1
-36;30;22;0;1
-36;30;28;0;1
-36;30;30;0;1
-36;30;33;0;1
-36;30;35;0;1
-36;30;37;0;1
-36;30;39;0;1
-36;30;44;1;1
-36;30;48;1;1
-36;30;50;0;1
-36;30;52;1;1
-36;31;15;1;1
-36;31;33;0;1
-36;31;34;0;1
-36;31;37;1;1
-36;31;44;1;1
-36;31;47;0;1
-36;31;50;0;1
-36;31;51;1;1
-36;32;18;0;1
-36;32;20;0;1
-36;32;21;0;1
-36;32;26;1;1
-36;32;27;1;1
-36;32;28;1;1
-36;32;29;1;1
-36;32;30;1;1
-36;32;36;0;1
-36;32;39;0;1
-36;32;42;1;1
-36;32;43;0;1
-36;32;44;0;1
-36;32;47;1;1
-36;32;52;0;1
-36;33;15;0;1
-36;33;18;1;1
-36;33;21;0;1
-36;33;26;0;1
-36;33;27;0;1
-36;33;28;0;1
-36;33;29;0;1
-36;33;30;1;1
-36;33;31;0;1
-36;33;32;0;1
-36;33;36;1;1
-36;33;37;0;1
-36;33;41;1;1
-36;33;42;1;1
-36;33;43;1;1
-36;33;44;0;1
-36;33;47;0;1
-36;33;48;0;1
-36;33;50;0;1
-36;34;17;1;1
-36;34;19;0;1
-36;34;20;0;1
-36;34;21;1;1
-36;34;22;1;1
-36;34;24;1;1
-36;34;33;0;1
-36;34;36;0;1
-36;34;38;0;1
-36;34;39;1;1
-36;34;40;0;1
-36;34;41;0;1
-36;34;42;1;1
-36;34;43;1;1
-36;34;44;0;1
-36;34;46;0;1
-36;34;48;1;1
-36;34;50;0;1
-36;35;14;0;1
-36;35;17;0;1
-36;35;18;0;1
-36;35;24;0;1
-36;35;25;0;1
-36;35;33;1;1
-36;35;34;1;1
-36;35;36;0;1
-36;35;43;0;1
-36;35;44;0;1
-36;35;45;0;1
-36;35;50;0;1
-36;36;17;0;1
-36;36;19;0;1
-36;36;23;0;1
-36;36;27;0;1
-36;36;28;0;1
-36;36;34;0;1
-36;36;35;1;1
-36;36;36;1;1
-36;36;44;0;1
-36;36;45;1;1
-36;36;47;1;1
-36;36;49;0;1
-36;37;14;0;1
-36;37;15;0;1
-36;37;20;0;1
-36;37;24;0;1
-36;37;27;0;1
-36;37;28;1;1
-36;37;29;0;1
-36;37;31;0;1
-36;37;33;1;1
-36;37;35;0;1
-36;37;37;1;1
-36;37;39;0;1
-36;37;40;0;1
-36;37;41;1;1
-36;37;42;0;1
-36;37;47;1;1
-36;37;48;1;1
-36;38;16;0;1
-36;38;18;0;1
-36;38;19;1;1
-36;38;21;0;1
-36;38;22;0;1
-36;38;23;0;1
-36;38;24;0;1
-36;38;25;1;1
-36;38;26;1;1
-36;38;28;0;1
-36;38;32;0;1
-36;38;33;1;1
-36;38;34;0;1
-36;38;39;1;1
-36;38;41;0;1
-36;38;47;0;1
-36;38;48;1;1
-36;39;17;0;1
-36;39;18;0;1
-36;39;20;1;1
-36;39;24;0;1
-36;39;26;0;1
-36;39;27;0;1
-36;39;29;1;1
-36;39;31;1;1
-36;39;35;0;1
-36;39;38;0;1
-36;39;39;0;1
-36;39;40;0;1
-36;39;41;0;1
-36;39;45;0;1
-36;39;46;0;1
-36;40;15;0;1
-36;40;16;1;1
-36;40;18;0;1
-36;40;20;0;1
-36;40;23;0;1
-36;40;24;0;1
-36;40;28;0;1
-36;40;31;0;1
-36;40;34;0;1
-36;40;35;1;1
-36;40;37;1;1
-36;40;39;0;1
-36;40;41;1;1
-36;40;46;0;1
-36;41;16;0;1
-36;41;18;1;1
-36;41;19;1;1
-36;41;23;0;1
-36;41;25;0;1
-36;41;27;0;1
-36;41;28;0;1
-36;41;32;1;1
-36;41;38;0;1
-36;41;39;1;1
-36;41;40;1;1
-36;41;42;0;1
-36;42;15;0;1
-36;42;19;0;1
-36;42;22;0;1
-36;42;25;1;1
-36;42;27;0;1
-36;42;28;0;1
-36;42;30;0;1
-36;42;31;0;1
-36;42;32;0;1
-36;42;33;0;1
-36;42;36;0;1
-36;42;40;0;1
-36;42;41;0;1
-36;42;43;0;1
-36;42;44;0;1
-36;43;16;0;1
-36;43;21;0;1
-36;43;22;0;1
-36;43;25;0;1
-36;43;31;1;1
-36;43;34;0;1
-36;43;35;0;1
-36;43;36;1;1
-36;43;38;1;1
-36;43;40;1;1
-36;43;41;1;1
-36;43;43;1;1
-36;44;17;0;1
-36;44;19;0;1
-36;44;20;0;1
-36;44;21;0;1
-36;44;24;0;1
-36;44;27;0;1
-36;44;29;1;1
-36;44;35;1;1
-36;44;41;1;1
-36;45;19;1;1
-36;45;20;0;1
-36;45;21;0;1
-36;45;22;1;1
-36;45;27;1;1
-36;45;31;0;1
-36;45;32;1;1
-36;45;33;0;1
-36;45;34;1;1
-36;45;40;1;1
-36;46;17;1;1
-36;46;19;0;1
-36;46;21;0;1
-36;46;22;0;1
-36;46;30;0;1
-36;46;38;1;1
-36;46;39;0;1
-36;47;17;0;1
-36;47;22;0;1
-36;47;24;0;1
-36;47;29;0;1
-36;47;30;0;1
-36;47;31;0;1
-36;47;32;0;1
-36;47;33;0;1
-36;47;34;0;1
-36;47;37;1;1
-36;48;19;0;1
-36;48;21;1;1
-36;48;22;0;1
-36;48;25;1;1
-36;48;28;1;1
-36;48;30;0;1
-36;48;31;1;1
-36;48;35;0;1
-36;49;17;1;1
-36;49;18;1;1
-36;49;21;1;1
-36;49;22;0;1
-36;49;23;0;1
-36;49;27;0;1
-36;49;29;1;1
-36;49;33;0;1
-36;50;23;0;1
-36;50;27;0;1
-36;50;28;0;1
-36;50;29;1;1
-36;50;31;1;1
-36;50;32;0;1
-36;50;33;0;1
-36;50;34;1;1
-36;50;35;0;1
-36;51;17;0;1
-36;51;22;0;1
-36;51;23;0;1
-36;51;24;1;1
-36;51;26;0;1
-36;51;27;0;1
-36;51;31;0;1
-36;51;32;0;1
-36;51;33;0;1
-36;52;20;0;1
-36;52;22;1;1
-36;52;23;1;1
-36;52;26;1;1
-36;52;32;1;1
-36;53;18;1;1
-36;53;19;1;1
-36;53;21;0;1
-36;53;22;0;1
-36;53;23;0;1
-36;53;25;1;1
-36;53;27;0;1
-36;54;25;1;1
-36;54;28;1;1
-36;55;18;0;1
-36;55;19;0;1
-36;55;20;1;1
-36;55;24;0;1
-36;55;25;1;1
-36;55;26;1;1
-36;56;20;1;1
-36;56;22;1;1
-36;57;22;1;1
-35;-58;21;0;1
-35;-57;21;0;1
-35;-57;22;0;1
-35;-57;23;1;1
-35;-56;24;0;1
-35;-55;18;0;1
-35;-55;20;1;1
-35;-55;21;1;1
-35;-55;22;1;1
-35;-55;23;1;1
-35;-55;24;0;1
-35;-55;27;1;1
-35;-55;28;0;1
-35;-54;18;0;1
-35;-54;20;0;1
-35;-54;26;0;1
-35;-54;29;0;1
-35;-53;18;1;1
-35;-53;25;1;1
-35;-53;28;1;1
-35;-53;29;0;1
-35;-53;30;1;1
-35;-52;18;0;1
-35;-52;19;0;1
-35;-52;21;0;1
-35;-52;23;0;1
-35;-52;31;0;1
-35;-52;32;0;1
-35;-51;20;1;1
-35;-51;22;1;1
-35;-51;24;0;1
-35;-51;25;0;1
-35;-51;28;0;1
-35;-51;29;1;1
-35;-51;31;1;1
-35;-50;17;1;1
-35;-50;18;1;1
-35;-50;19;0;1
-35;-50;20;0;1
-35;-50;23;1;1
-35;-50;25;0;1
-35;-50;28;1;1
-35;-50;30;1;1
-35;-50;31;1;1
-35;-50;35;1;1
-35;-50;36;0;1
-35;-49;19;1;1
-35;-49;22;0;1
-35;-49;24;0;1
-35;-49;25;0;1
-35;-49;26;1;1
-35;-49;27;0;1
-35;-49;29;0;1
-35;-49;31;0;1
-35;-49;34;0;1
-35;-49;35;0;1
-35;-48;16;1;1
-35;-48;17;0;1
-35;-48;18;0;1
-35;-48;20;0;1
-35;-48;21;0;1
-35;-48;24;0;1
-35;-48;32;0;1
-35;-48;36;0;1
-35;-48;38;1;1
-35;-47;16;0;1
-35;-47;18;1;1
-35;-47;19;0;1
-35;-47;20;0;1
-35;-47;21;0;1
-35;-47;24;0;1
-35;-47;28;0;1
-35;-47;31;0;1
-35;-47;33;0;1
-35;-47;34;1;1
-35;-47;36;0;1
-35;-46;16;0;1
-35;-46;17;0;1
-35;-46;21;0;1
-35;-46;26;0;1
-35;-46;28;1;1
-35;-46;33;0;1
-35;-46;34;1;1
-35;-46;36;0;1
-35;-46;41;0;1
-35;-45;16;0;1
-35;-45;19;0;1
-35;-45;21;0;1
-35;-45;22;1;1
-35;-45;23;1;1
-35;-45;24;0;1
-35;-45;27;1;1
-35;-45;28;0;1
-35;-45;29;1;1
-35;-45;30;0;1
-35;-45;37;1;1
-35;-45;40;0;1
-35;-45;42;1;1
-35;-44;17;0;1
-35;-44;20;0;1
-35;-44;22;0;1
-35;-44;25;1;1
-35;-44;28;1;1
-35;-44;32;1;1
-35;-44;35;1;1
-35;-44;36;0;1
-35;-44;39;0;1
-35;-43;15;1;1
-35;-43;16;0;1
-35;-43;18;0;1
-35;-43;19;0;1
-35;-43;20;0;1
-35;-43;22;0;1
-35;-43;23;1;1
-35;-43;25;0;1
-35;-43;28;1;1
-35;-43;29;0;1
-35;-43;31;0;1
-35;-43;32;1;1
-35;-43;35;0;1
-35;-43;36;0;1
-35;-43;39;0;1
-35;-43;40;0;1
-35;-43;42;0;1
-35;-42;15;1;1
-35;-42;16;0;1
-35;-42;17;0;1
-35;-42;23;0;1
-35;-42;24;0;1
-35;-42;25;0;1
-35;-42;27;0;1
-35;-42;29;0;1
-35;-42;34;1;1
-35;-42;36;1;1
-35;-42;37;0;1
-35;-42;39;1;1
-35;-41;16;0;1
-35;-41;18;0;1
-35;-41;19;1;1
-35;-41;21;0;1
-35;-41;23;0;1
-35;-41;25;1;1
-35;-41;26;1;1
-35;-41;28;0;1
-35;-41;30;1;1
-35;-41;31;0;1
-35;-41;33;1;1
-35;-41;34;0;1
-35;-41;36;1;1
-35;-41;39;1;1
-35;-41;43;1;1
-35;-41;45;0;1
-35;-40;17;1;1
-35;-40;18;0;1
-35;-40;25;0;1
-35;-40;26;1;1
-35;-40;29;0;1
-35;-40;31;0;1
-35;-40;32;0;1
-35;-40;34;0;1
-35;-40;36;0;1
-35;-40;39;1;1
-35;-40;45;1;1
-35;-39;16;0;1
-35;-39;19;0;1
-35;-39;21;1;1
-35;-39;22;1;1
-35;-39;23;0;1
-35;-39;24;0;1
-35;-39;28;1;1
-35;-39;32;1;1
-35;-39;35;1;1
-35;-39;36;1;1
-35;-39;37;0;1
-35;-39;39;0;1
-35;-39;40;0;1
-35;-39;41;1;1
-35;-39;43;1;1
-35;-39;44;1;1
-35;-39;45;0;1
-35;-38;15;0;1
-35;-38;20;1;1
-35;-38;21;1;1
-35;-38;22;1;1
-35;-38;24;1;1
-35;-38;25;0;1
-35;-38;28;0;1
-35;-38;33;0;1
-35;-38;35;1;1
-35;-38;36;1;1
-35;-38;41;1;1
-35;-38;43;1;1
-35;-38;47;0;1
-35;-38;48;1;1
-35;-37;19;0;1
-35;-37;21;0;1
-35;-37;22;0;1
-35;-37;30;1;1
-35;-37;31;0;1
-35;-37;32;0;1
-35;-37;35;1;1
-35;-37;38;0;1
-35;-37;44;0;1
-35;-37;48;0;1
-35;-37;49;1;1
-35;-36;14;0;1
-35;-36;15;0;1
-35;-36;21;1;1
-35;-36;22;0;1
-35;-36;25;1;1
-35;-36;28;1;1
-35;-36;31;1;1
-35;-36;32;0;1
-35;-36;33;1;1
-35;-36;36;0;1
-35;-36;37;0;1
-35;-36;40;0;1
-35;-36;42;0;1
-35;-36;43;0;1
-35;-35;14;0;1
-35;-35;16;0;1
-35;-35;17;0;1
-35;-35;19;1;1
-35;-35;20;1;1
-35;-35;22;0;1
-35;-35;23;0;1
-35;-35;24;0;1
-35;-35;25;0;1
-35;-35;28;0;1
-35;-35;31;0;1
-35;-35;34;0;1
-35;-35;43;0;1
-35;-35;44;1;1
-35;-35;46;1;1
-35;-35;48;0;1
-35;-34;16;0;1
-35;-34;22;1;1
-35;-34;23;1;1
-35;-34;24;0;1
-35;-34;28;0;1
-35;-34;29;0;1
-35;-34;31;0;1
-35;-34;32;0;1
-35;-34;33;1;1
-35;-34;36;0;1
-35;-34;39;0;1
-35;-34;40;1;1
-35;-34;43;0;1
-35;-34;51;0;1
-35;-33;13;1;1
-35;-33;19;1;1
-35;-33;20;1;1
-35;-33;21;1;1
-35;-33;22;1;1
-35;-33;30;0;1
-35;-33;31;1;1
-35;-33;33;0;1
-35;-33;34;1;1
-35;-33;36;0;1
-35;-33;39;1;1
-35;-33;42;0;1
-35;-33;44;1;1
-35;-33;50;0;1
-35;-33;51;0;1
-35;-32;13;0;1
-35;-32;18;0;1
-35;-32;20;1;1
-35;-32;23;1;1
-35;-32;25;1;1
-35;-32;28;0;1
-35;-32;31;0;1
-35;-32;34;1;1
-35;-32;36;0;1
-35;-32;37;1;1
-35;-32;38;1;1
-35;-32;39;0;1
-35;-32;41;1;1
-35;-32;42;0;1
-35;-32;44;0;1
-35;-32;46;0;1
-35;-32;47;1;1
-35;-32;48;0;1
-35;-32;49;1;1
-35;-32;50;0;1
-35;-31;13;0;1
-35;-31;14;1;1
-35;-31;16;0;1
-35;-31;17;0;1
-35;-31;21;0;1
-35;-31;23;0;1
-35;-31;32;1;1
-35;-31;34;1;1
-35;-31;39;0;1
-35;-31;40;1;1
-35;-31;41;1;1
-35;-31;46;1;1
-35;-31;47;0;1
-35;-31;48;0;1
-35;-31;50;0;1
-35;-31;51;0;1
-35;-31;53;1;1
-35;-30;13;0;1
-35;-30;15;0;1
-35;-30;19;0;1
-35;-30;21;1;1
-35;-30;27;0;1
-35;-30;30;0;1
-35;-30;35;1;1
-35;-30;37;0;1
-35;-30;40;0;1
-35;-30;41;1;1
-35;-30;43;0;1
-35;-30;45;1;1
-35;-30;47;0;1
-35;-30;50;1;1
-35;-30;51;0;1
-35;-30;53;1;1
-35;-30;54;0;1
-35;-29;13;0;1
-35;-29;20;0;1
-35;-29;24;0;1
-35;-29;30;1;1
-35;-29;32;0;1
-35;-29;33;0;1
-35;-29;34;0;1
-35;-29;37;1;1
-35;-29;39;0;1
-35;-29;43;1;1
-35;-29;44;1;1
-35;-29;45;0;1
-35;-29;52;1;1
-35;-29;54;1;1
-35;-28;13;1;1
-35;-28;14;0;1
-35;-28;18;0;1
-35;-28;20;1;1
-35;-28;21;0;1
-35;-28;23;0;1
-35;-28;24;0;1
-35;-28;26;1;1
-35;-28;28;0;1
-35;-28;30;1;1
-35;-28;34;0;1
-35;-28;36;0;1
-35;-28;39;0;1
-35;-28;40;0;1
-35;-28;42;1;1
-35;-28;48;0;1
-35;-28;51;1;1
-35;-28;55;1;1
-35;-27;12;1;1
-35;-27;14;0;1
-35;-27;15;0;1
-35;-27;21;0;1
-35;-27;24;0;1
-35;-27;27;0;1
-35;-27;29;0;1
-35;-27;30;0;1
-35;-27;33;0;1
-35;-27;37;0;1
-35;-27;39;0;1
-35;-27;46;0;1
-35;-27;48;0;1
-35;-27;50;0;1
-35;-27;51;0;1
-35;-27;53;0;1
-35;-27;55;0;1
-35;-26;15;0;1
-35;-26;16;1;1
-35;-26;18;0;1
-35;-26;19;0;1
-35;-26;20;0;1
-35;-26;21;0;1
-35;-26;26;0;1
-35;-26;29;1;1
-35;-26;31;0;1
-35;-26;33;1;1
-35;-26;35;0;1
-35;-26;36;1;1
-35;-26;45;1;1
-35;-26;48;1;1
-35;-26;51;0;1
-35;-26;53;1;1
-35;-26;55;1;1
-35;-25;12;0;1
-35;-25;13;0;1
-35;-25;16;0;1
-35;-25;17;1;1
-35;-25;21;1;1
-35;-25;27;1;1
-35;-25;28;0;1
-35;-25;31;1;1
-35;-25;32;0;1
-35;-25;33;1;1
-35;-25;34;1;1
-35;-25;35;0;1
-35;-25;36;0;1
-35;-25;39;0;1
-35;-25;40;1;1
-35;-25;41;0;1
-35;-25;43;0;1
-35;-25;46;1;1
-35;-25;48;1;1
-35;-25;49;0;1
-35;-25;52;1;1
-35;-25;53;0;1
-35;-25;54;0;1
-35;-25;56;0;1
-35;-24;14;1;1
-35;-24;15;1;1
-35;-24;16;0;1
-35;-24;18;0;1
-35;-24;21;0;1
-35;-24;25;0;1
-35;-24;26;0;1
-35;-24;44;1;1
-35;-24;45;0;1
-35;-24;50;1;1
-35;-24;51;0;1
-35;-23;13;0;1
-35;-23;16;1;1
-35;-23;22;0;1
-35;-23;26;0;1
-35;-23;27;1;1
-35;-23;28;1;1
-35;-23;34;0;1
-35;-23;35;0;1
-35;-23;36;0;1
-35;-23;39;0;1
-35;-23;41;0;1
-35;-23;43;0;1
-35;-23;45;0;1
-35;-23;48;0;1
-35;-23;49;0;1
-35;-23;52;1;1
-35;-23;55;0;1
-35;-23;56;0;1
-35;-22;12;0;1
-35;-22;14;0;1
-35;-22;16;0;1
-35;-22;19;0;1
-35;-22;22;0;1
-35;-22;24;0;1
-35;-22;25;0;1
-35;-22;30;0;1
-35;-22;31;1;1
-35;-22;32;1;1
-35;-22;37;0;1
-35;-22;38;1;1
-35;-22;47;0;1
-35;-22;50;1;1
-35;-22;51;0;1
-35;-22;52;0;1
-35;-21;15;0;1
-35;-21;19;0;1
-35;-21;20;0;1
-35;-21;21;1;1
-35;-21;23;0;1
-35;-21;30;0;1
-35;-21;31;0;1
-35;-21;33;1;1
-35;-21;34;0;1
-35;-21;37;1;1
-35;-21;41;0;1
-35;-21;44;0;1
-35;-21;47;0;1
-35;-21;50;0;1
-35;-21;56;0;1
-35;-20;11;1;1
-35;-20;12;0;1
-35;-20;14;0;1
-35;-20;16;0;1
-35;-20;21;1;1
-35;-20;26;1;1
-35;-20;33;1;1
-35;-20;38;0;1
-35;-20;44;0;1
-35;-20;45;0;1
-35;-20;50;1;1
-35;-20;51;0;1
-35;-20;52;0;1
-35;-20;54;1;1
-35;-20;56;0;1
-35;-19;11;1;1
-35;-19;13;0;1
-35;-19;15;1;1
-35;-19;16;0;1
-35;-19;18;0;1
-35;-19;21;0;1
-35;-19;23;0;1
-35;-19;28;0;1
-35;-19;29;1;1
-35;-19;37;1;1
-35;-19;39;0;1
-35;-19;41;0;1
-35;-19;51;0;1
-35;-19;54;0;1
-35;-19;58;0;1
-35;-18;12;0;1
-35;-18;14;0;1
-35;-18;15;0;1
-35;-18;17;1;1
-35;-18;19;0;1
-35;-18;24;1;1
-35;-18;30;0;1
-35;-18;33;1;1
-35;-18;34;0;1
-35;-18;36;1;1
-35;-18;40;0;1
-35;-18;42;0;1
-35;-18;43;0;1
-35;-18;45;0;1
-35;-18;46;1;1
-35;-18;47;1;1
-35;-18;48;0;1
-35;-18;50;0;1
-35;-18;51;0;1
-35;-18;55;0;1
-35;-18;56;0;1
-35;-17;14;0;1
-35;-17;17;0;1
-35;-17;18;0;1
-35;-17;21;1;1
-35;-17;23;0;1
-35;-17;24;0;1
-35;-17;25;1;1
-35;-17;26;0;1
-35;-17;28;0;1
-35;-17;32;0;1
-35;-17;33;1;1
-35;-17;34;0;1
-35;-17;35;0;1
-35;-17;36;1;1
-35;-17;37;0;1
-35;-17;38;0;1
-35;-17;39;1;1
-35;-17;42;0;1
-35;-17;45;1;1
-35;-17;47;1;1
-35;-17;49;0;1
-35;-17;50;1;1
-35;-17;52;0;1
-35;-17;55;0;1
-35;-17;56;0;1
-35;-17;57;1;1
-35;-16;16;0;1
-35;-16;17;0;1
-35;-16;19;1;1
-35;-16;23;1;1
-35;-16;26;0;1
-35;-16;29;1;1
-35;-16;30;1;1
-35;-16;31;0;1
-35;-16;34;0;1
-35;-16;36;0;1
-35;-16;38;1;1
-35;-16;39;0;1
-35;-16;40;0;1
-35;-16;42;0;1
-35;-16;47;0;1
-35;-16;48;0;1
-35;-16;50;0;1
-35;-16;51;0;1
-35;-16;52;0;1
-35;-16;57;0;1
-35;-15;11;0;1
-35;-15;14;0;1
-35;-15;15;0;1
-35;-15;19;0;1
-35;-15;21;0;1
-35;-15;23;0;1
-35;-15;25;0;1
-35;-15;27;1;1
-35;-15;28;0;1
-35;-15;29;1;1
-35;-15;31;0;1
-35;-15;32;1;1
-35;-15;33;0;1
-35;-15;35;0;1
-35;-15;36;0;1
-35;-15;38;0;1
-35;-15;40;1;1
-35;-15;42;0;1
-35;-15;45;0;1
-35;-15;49;0;1
-35;-15;50;0;1
-35;-15;52;0;1
-35;-15;55;0;1
-35;-15;56;0;1
-35;-15;58;0;1
-35;-14;11;0;1
-35;-14;13;0;1
-35;-14;16;0;1
-35;-14;18;0;1
-35;-14;20;1;1
-35;-14;28;1;1
-35;-14;29;1;1
-35;-14;30;1;1
-35;-14;31;1;1
-35;-14;34;0;1
-35;-14;35;0;1
-35;-14;40;0;1
-35;-14;41;1;1
-35;-14;43;0;1
-35;-14;44;1;1
-35;-14;47;0;1
-35;-14;52;1;1
-35;-14;54;0;1
-35;-14;55;0;1
-35;-14;56;1;1
-35;-14;57;0;1
-35;-14;59;0;1
-35;-13;14;0;1
-35;-13;16;1;1
-35;-13;18;0;1
-35;-13;22;0;1
-35;-13;25;0;1
-35;-13;31;0;1
-35;-13;34;0;1
-35;-13;37;1;1
-35;-13;38;0;1
-35;-13;39;1;1
-35;-13;42;1;1
-35;-13;44;1;1
-35;-13;45;0;1
-35;-13;47;1;1
-35;-13;50;1;1
-35;-13;52;0;1
-35;-13;53;0;1
-35;-13;54;0;1
-35;-13;56;0;1
-35;-13;57;0;1
-35;-12;12;1;1
-35;-12;14;1;1
-35;-12;15;1;1
-35;-12;18;0;1
-35;-12;27;1;1
-35;-12;29;0;1
-35;-12;31;1;1
-35;-12;35;1;1
-35;-12;36;1;1
-35;-12;37;0;1
-35;-12;42;0;1
-35;-12;43;0;1
-35;-12;47;0;1
-35;-12;48;0;1
-35;-12;49;0;1
-35;-12;50;1;1
-35;-12;52;1;1
-35;-12;54;1;1
-35;-12;57;0;1
-35;-12;58;0;1
-35;-12;59;0;1
-35;-12;60;0;1
-35;-11;12;1;1
-35;-11;17;0;1
-35;-11;18;1;1
-35;-11;21;1;1
-35;-11;22;0;1
-35;-11;23;0;1
-35;-11;26;0;1
-35;-11;29;0;1
-35;-11;30;0;1
-35;-11;37;0;1
-35;-11;40;1;1
-35;-11;41;1;1
-35;-11;44;0;1
-35;-11;45;1;1
-35;-11;46;1;1
-35;-11;49;0;1
-35;-11;50;1;1
-35;-11;51;0;1
-35;-11;52;0;1
-35;-11;56;0;1
-35;-11;57;0;1
-35;-11;59;0;1
-35;-10;10;0;1
-35;-10;11;0;1
-35;-10;15;1;1
-35;-10;17;1;1
-35;-10;20;1;1
-35;-10;24;0;1
-35;-10;25;1;1
-35;-10;28;0;1
-35;-10;29;0;1
-35;-10;30;0;1
-35;-10;32;1;1
-35;-10;37;1;1
-35;-10;41;0;1
-35;-10;42;0;1
-35;-10;44;0;1
-35;-10;45;0;1
-35;-10;54;1;1
-35;-10;56;1;1
-35;-10;57;1;1
-35;-10;58;0;1
-35;-9;10;1;1
-35;-9;12;0;1
-35;-9;13;0;1
-35;-9;14;0;1
-35;-9;19;1;1
-35;-9;25;0;1
-35;-9;27;0;1
-35;-9;28;1;1
-35;-9;30;0;1
-35;-9;40;0;1
-35;-9;41;1;1
-35;-9;42;0;1
-35;-9;47;0;1
-35;-9;48;0;1
-35;-9;52;0;1
-35;-9;59;0;1
-35;-9;60;0;1
-35;-8;10;0;1
-35;-8;12;0;1
-35;-8;13;1;1
-35;-8;14;0;1
-35;-8;15;1;1
-35;-8;17;0;1
-35;-8;18;0;1
-35;-8;19;0;1
-35;-8;20;1;1
-35;-8;21;0;1
-35;-8;25;0;1
-35;-8;27;1;1
-35;-8;29;0;1
-35;-8;30;0;1
-35;-8;34;0;1
-35;-8;40;1;1
-35;-8;46;1;1
-35;-8;47;1;1
-35;-8;53;0;1
-35;-8;54;1;1
-35;-8;57;0;1
-35;-8;58;1;1
-35;-7;10;0;1
-35;-7;11;0;1
-35;-7;13;0;1
-35;-7;15;0;1
-35;-7;20;0;1
-35;-7;23;0;1
-35;-7;24;0;1
-35;-7;32;0;1
-35;-7;34;0;1
-35;-7;41;0;1
-35;-7;43;0;1
-35;-7;48;0;1
-35;-7;54;0;1
-35;-7;55;0;1
-35;-7;56;1;1
-35;-7;57;0;1
-35;-6;12;0;1
-35;-6;13;0;1
-35;-6;17;0;1
-35;-6;20;0;1
-35;-6;21;0;1
-35;-6;22;0;1
-35;-6;24;0;1
-35;-6;25;1;1
-35;-6;26;1;1
-35;-6;27;0;1
-35;-6;28;0;1
-35;-6;30;1;1
-35;-6;33;0;1
-35;-6;39;0;1
-35;-6;45;1;1
-35;-6;47;0;1
-35;-6;48;0;1
-35;-6;49;1;1
-35;-6;50;0;1
-35;-6;53;1;1
-35;-6;54;0;1
-35;-5;10;1;1
-35;-5;13;1;1
-35;-5;16;0;1
-35;-5;22;0;1
-35;-5;27;0;1
-35;-5;29;0;1
-35;-5;30;0;1
-35;-5;32;0;1
-35;-5;35;1;1
-35;-5;37;0;1
-35;-5;39;0;1
-35;-5;45;0;1
-35;-5;47;0;1
-35;-5;51;0;1
-35;-5;52;0;1
-35;-5;53;0;1
-35;-5;54;0;1
-35;-5;59;1;1
-35;-5;60;1;1
-35;-4;12;0;1
-35;-4;16;0;1
-35;-4;18;0;1
-35;-4;19;0;1
-35;-4;20;1;1
-35;-4;27;0;1
-35;-4;30;0;1
-35;-4;36;1;1
-35;-4;37;1;1
-35;-4;38;1;1
-35;-4;40;1;1
-35;-4;41;0;1
-35;-4;44;1;1
-35;-4;46;0;1
-35;-4;47;0;1
-35;-4;53;1;1
-35;-4;54;0;1
-35;-4;58;1;1
-35;-3;10;1;1
-35;-3;13;0;1
-35;-3;15;1;1
-35;-3;19;1;1
-35;-3;23;0;1
-35;-3;28;1;1
-35;-3;29;0;1
-35;-3;30;0;1
-35;-3;33;0;1
-35;-3;34;0;1
-35;-3;35;0;1
-35;-3;37;0;1
-35;-3;41;1;1
-35;-3;44;0;1
-35;-3;47;0;1
-35;-3;52;1;1
-35;-3;53;1;1
-35;-3;55;1;1
-35;-3;59;1;1
-35;-3;60;1;1
-35;-2;11;1;1
-35;-2;13;1;1
-35;-2;16;0;1
-35;-2;17;0;1
-35;-2;19;0;1
-35;-2;20;1;1
-35;-2;21;0;1
-35;-2;22;0;1
-35;-2;27;0;1
-35;-2;28;1;1
-35;-2;30;1;1
-35;-2;32;0;1
-35;-2;33;0;1
-35;-2;34;0;1
-35;-2;36;0;1
-35;-2;38;0;1
-35;-2;42;1;1
-35;-2;44;0;1
-35;-2;48;1;1
-35;-2;51;1;1
-35;-2;56;1;1
-35;-2;60;0;1
-35;-1;13;1;1
-35;-1;20;0;1
-35;-1;21;1;1
-35;-1;23;0;1
-35;-1;24;1;1
-35;-1;25;0;1
-35;-1;26;1;1
-35;-1;28;0;1
-35;-1;29;1;1
-35;-1;31;0;1
-35;-1;33;1;1
-35;-1;34;1;1
-35;-1;36;1;1
-35;-1;39;0;1
-35;-1;41;0;1
-35;-1;42;1;1
-35;-1;45;0;1
-35;-1;47;0;1
-35;-1;52;1;1
-35;-1;56;0;1
-35;-1;57;0;1
-35;-1;59;0;1
-35;0;10;0;1
-35;0;11;0;1
-35;0;15;1;1
-35;0;16;0;1
-35;0;18;0;1
-35;0;19;1;1
-35;0;21;0;1
-35;0;22;0;1
-35;0;28;0;1
-35;0;30;0;1
-35;0;32;0;1
-35;0;35;0;1
-35;0;37;1;1
-35;0;42;0;1
-35;0;47;1;1
-35;0;49;0;1
-35;0;52;0;1
-35;0;54;0;1
-35;0;59;0;1
-35;0;60;0;1
-35;0;61;1;1
-35;1;11;0;1
-35;1;14;1;1
-35;1;19;0;1
-35;1;21;0;1
-35;1;23;0;1
-35;1;25;0;1
-35;1;26;0;1
-35;1;29;1;1
-35;1;31;0;1
-35;1;33;0;1
-35;1;35;1;1
-35;1;36;0;1
-35;1;39;0;1
-35;1;40;1;1
-35;1;46;1;1
-35;1;51;0;1
-35;1;54;1;1
-35;1;56;1;1
-35;1;59;0;1
-35;1;60;0;1
-35;2;16;0;1
-35;2;18;0;1
-35;2;24;0;1
-35;2;27;0;1
-35;2;29;0;1
-35;2;32;1;1
-35;2;33;1;1
-35;2;37;0;1
-35;2;40;1;1
-35;2;43;0;1
-35;2;45;0;1
-35;2;46;1;1
-35;2;47;0;1
-35;2;48;0;1
-35;2;50;1;1
-35;2;53;1;1
-35;2;55;0;1
-35;3;14;1;1
-35;3;15;1;1
-35;3;16;0;1
-35;3;19;0;1
-35;3;21;1;1
-35;3;26;0;1
-35;3;27;0;1
-35;3;28;0;1
-35;3;29;0;1
-35;3;31;0;1
-35;3;36;0;1
-35;3;38;0;1
-35;3;40;0;1
-35;3;41;0;1
-35;3;43;0;1
-35;3;46;0;1
-35;3;50;1;1
-35;3;52;1;1
-35;3;54;0;1
-35;3;55;1;1
-35;4;10;0;1
-35;4;11;0;1
-35;4;12;0;1
-35;4;17;1;1
-35;4;23;0;1
-35;4;24;0;1
-35;4;25;1;1
-35;4;28;1;1
-35;4;36;0;1
-35;4;38;0;1
-35;4;41;0;1
-35;4;43;1;1
-35;4;48;1;1
-35;4;49;1;1
-35;4;50;0;1
-35;4;51;0;1
-35;4;53;1;1
-35;4;55;1;1
-35;5;12;0;1
-35;5;15;0;1
-35;5;18;1;1
-35;5;29;1;1
-35;5;30;0;1
-35;5;31;1;1
-35;5;33;1;1
-35;5;35;1;1
-35;5;36;1;1
-35;5;38;0;1
-35;5;39;0;1
-35;5;40;1;1
-35;5;41;1;1
-35;5;46;0;1
-35;5;48;0;1
-35;5;51;0;1
-35;5;52;0;1
-35;6;18;0;1
-35;6;19;0;1
-35;6;21;1;1
-35;6;22;0;1
-35;6;25;0;1
-35;6;26;0;1
-35;6;28;1;1
-35;6;30;1;1
-35;6;31;0;1
-35;6;34;1;1
-35;6;35;0;1
-35;6;36;1;1
-35;6;39;1;1
-35;6;43;1;1
-35;6;46;1;1
-35;6;48;1;1
-35;6;51;0;1
-35;6;55;0;1
-35;6;56;0;1
-35;6;57;0;1
-35;6;60;1;1
-35;6;61;1;1
-35;7;10;0;1
-35;7;12;0;1
-35;7;13;1;1
-35;7;14;1;1
-35;7;16;0;1
-35;7;18;1;1
-35;7;20;1;1
-35;7;21;0;1
-35;7;26;1;1
-35;7;31;0;1
-35;7;33;0;1
-35;7;34;0;1
-35;7;36;0;1
-35;7;38;1;1
-35;7;40;0;1
-35;7;41;0;1
-35;7;46;0;1
-35;7;53;1;1
-35;7;54;1;1
-35;7;55;0;1
-35;7;56;1;1
-35;7;57;0;1
-35;8;10;0;1
-35;8;12;0;1
-35;8;15;0;1
-35;8;21;0;1
-35;8;22;0;1
-35;8;24;0;1
-35;8;28;0;1
-35;8;29;0;1
-35;8;30;0;1
-35;8;31;1;1
-35;8;32;1;1
-35;8;37;1;1
-35;8;38;0;1
-35;8;43;1;1
-35;8;44;0;1
-35;8;47;1;1
-35;8;48;0;1
-35;8;49;1;1
-35;8;51;1;1
-35;9;11;0;1
-35;9;12;1;1
-35;9;13;0;1
-35;9;15;1;1
-35;9;16;1;1
-35;9;17;0;1
-35;9;18;0;1
-35;9;21;1;1
-35;9;22;1;1
-35;9;23;1;1
-35;9;25;1;1
-35;9;27;0;1
-35;9;28;0;1
-35;9;29;1;1
-35;9;30;0;1
-35;9;36;0;1
-35;9;39;0;1
-35;9;42;0;1
-35;9;46;1;1
-35;9;47;1;1
-35;9;51;0;1
-35;9;53;0;1
-35;9;55;1;1
-35;9;56;1;1
-35;9;57;1;1
-35;9;60;1;1
-35;9;61;1;1
-35;10;11;1;1
-35;10;12;0;1
-35;10;13;0;1
-35;10;14;1;1
-35;10;15;0;1
-35;10;20;0;1
-35;10;24;0;1
-35;10;26;0;1
-35;10;28;1;1
-35;10;30;0;1
-35;10;37;1;1
-35;10;39;1;1
-35;10;40;1;1
-35;10;49;1;1
-35;10;52;1;1
-35;10;57;0;1
-35;10;58;0;1
-35;10;59;0;1
-35;10;60;0;1
-35;10;61;1;1
-35;11;10;1;1
-35;11;14;1;1
-35;11;23;0;1
-35;11;24;0;1
-35;11;29;0;1
-35;11;33;1;1
-35;11;34;1;1
-35;11;36;0;1
-35;11;37;0;1
-35;11;42;0;1
-35;11;44;1;1
-35;11;47;0;1
-35;11;48;1;1
-35;11;55;0;1
-35;11;58;1;1
-35;12;12;0;1
-35;12;17;0;1
-35;12;19;0;1
-35;12;20;0;1
-35;12;23;0;1
-35;12;24;1;1
-35;12;29;0;1
-35;12;30;0;1
-35;12;32;0;1
-35;12;33;0;1
-35;12;34;0;1
-35;12;35;1;1
-35;12;36;1;1
-35;12;43;1;1
-35;12;44;1;1
-35;12;46;1;1
-35;12;48;1;1
-35;12;49;0;1
-35;12;52;1;1
-35;12;53;0;1
-35;12;58;1;1
-35;13;12;1;1
-35;13;14;1;1
-35;13;19;1;1
-35;13;25;1;1
-35;13;27;0;1
-35;13;28;0;1
-35;13;30;1;1
-35;13;33;1;1
-35;13;35;0;1
-35;13;40;1;1
-35;13;41;0;1
-35;13;42;0;1
-35;13;43;0;1
-35;13;47;0;1
-35;13;49;1;1
-35;13;54;0;1
-35;13;57;1;1
-35;13;60;1;1
-35;14;11;1;1
-35;14;13;1;1
-35;14;15;1;1
-35;14;16;1;1
-35;14;17;1;1
-35;14;25;0;1
-35;14;26;0;1
-35;14;28;1;1
-35;14;31;1;1
-35;14;32;0;1
-35;14;33;1;1
-35;14;34;1;1
-35;14;37;0;1
-35;14;40;0;1
-35;14;41;0;1
-35;14;43;1;1
-35;14;45;1;1
-35;14;49;0;1
-35;14;51;1;1
-35;14;54;0;1
-35;14;55;0;1
-35;15;14;1;1
-35;15;15;0;1
-35;15;17;0;1
-35;15;19;1;1
-35;15;20;1;1
-35;15;22;0;1
-35;15;23;1;1
-35;15;25;1;1
-35;15;26;0;1
-35;15;31;1;1
-35;15;45;0;1
-35;15;46;0;1
-35;15;48;1;1
-35;15;50;0;1
-35;15;53;1;1
-35;16;12;1;1
-35;16;14;0;1
-35;16;20;1;1
-35;16;21;0;1
-35;16;22;0;1
-35;16;26;0;1
-35;16;27;0;1
-35;16;31;0;1
-35;16;33;0;1
-35;16;34;1;1
-35;16;42;0;1
-35;16;43;1;1
-35;16;44;1;1
-35;16;46;1;1
-35;16;48;0;1
-35;16;50;0;1
-35;16;51;0;1
-35;16;52;0;1
-35;16;53;1;1
-35;16;56;0;1
-35;16;57;1;1
-35;16;58;0;1
-35;16;59;0;1
-35;17;11;0;1
-35;17;13;0;1
-35;17;20;0;1
-35;17;22;0;1
-35;17;23;1;1
-35;17;24;0;1
-35;17;32;1;1
-35;17;37;1;1
-35;17;41;1;1
-35;17;42;0;1
-35;17;43;0;1
-35;17;45;1;1
-35;17;47;1;1
-35;17;48;0;1
-35;17;49;1;1
-35;17;50;1;1
-35;17;51;1;1
-35;17;53;0;1
-35;17;54;0;1
-35;17;55;1;1
-35;17;57;0;1
-35;17;59;0;1
-35;18;11;0;1
-35;18;16;0;1
-35;18;18;0;1
-35;18;21;0;1
-35;18;27;0;1
-35;18;28;0;1
-35;18;29;0;1
-35;18;31;0;1
-35;18;34;0;1
-35;18;44;1;1
-35;18;45;0;1
-35;18;48;1;1
-35;18;56;0;1
-35;18;58;1;1
-35;18;59;1;1
-35;19;11;0;1
-35;19;13;1;1
-35;19;18;0;1
-35;19;20;0;1
-35;19;23;0;1
-35;19;32;0;1
-35;19;33;0;1
-35;19;34;1;1
-35;19;35;1;1
-35;19;36;0;1
-35;19;37;0;1
-35;19;42;0;1
-35;19;45;0;1
-35;19;46;1;1
-35;19;57;1;1
-35;19;58;1;1
-35;20;15;0;1
-35;20;17;0;1
-35;20;18;1;1
-35;20;19;0;1
-35;20;21;1;1
-35;20;25;0;1
-35;20;26;0;1
-35;20;27;1;1
-35;20;28;1;1
-35;20;31;0;1
-35;20;32;0;1
-35;20;33;0;1
-35;20;38;0;1
-35;20;40;0;1
-35;20;41;0;1
-35;20;42;0;1
-35;20;46;0;1
-35;20;48;0;1
-35;20;49;1;1
-35;20;50;0;1
-35;20;53;1;1
-35;20;54;1;1
-35;20;56;0;1
-35;20;58;0;1
-35;21;16;1;1
-35;21;18;0;1
-35;21;21;1;1
-35;21;23;0;1
-35;21;24;1;1
-35;21;25;0;1
-35;21;28;0;1
-35;21;31;0;1
-35;21;33;0;1
-35;21;34;0;1
-35;21;39;0;1
-35;21;40;1;1
-35;21;41;0;1
-35;21;42;0;1
-35;21;44;1;1
-35;21;47;0;1
-35;21;48;0;1
-35;21;49;0;1
-35;21;53;0;1
-35;21;54;1;1
-35;22;16;1;1
-35;22;18;0;1
-35;22;21;1;1
-35;22;22;0;1
-35;22;24;1;1
-35;22;27;0;1
-35;22;32;0;1
-35;22;34;0;1
-35;22;36;0;1
-35;22;40;1;1
-35;22;41;0;1
-35;22;44;0;1
-35;22;45;1;1
-35;22;46;1;1
-35;22;47;1;1
-35;22;51;0;1
-35;22;53;0;1
-35;22;57;1;1
-35;23;15;0;1
-35;23;18;0;1
-35;23;20;0;1
-35;23;25;0;1
-35;23;27;0;1
-35;23;28;1;1
-35;23;29;1;1
-35;23;31;0;1
-35;23;33;0;1
-35;23;39;0;1
-35;23;44;0;1
-35;23;47;0;1
-35;23;48;0;1
-35;23;49;0;1
-35;23;50;0;1
-35;23;53;0;1
-35;23;55;0;1
-35;23;56;0;1
-35;24;13;0;1
-35;24;15;0;1
-35;24;19;0;1
-35;24;21;0;1
-35;24;24;1;1
-35;24;25;0;1
-35;24;29;0;1
-35;24;30;0;1
-35;24;33;1;1
-35;24;34;1;1
-35;24;37;1;1
-35;24;39;0;1
-35;24;42;1;1
-35;24;43;0;1
-35;24;44;0;1
-35;24;45;1;1
-35;24;47;0;1
-35;24;48;0;1
-35;24;49;0;1
-35;24;50;1;1
-35;24;53;0;1
-35;24;55;0;1
-35;24;56;1;1
-35;25;13;0;1
-35;25;15;0;1
-35;25;18;1;1
-35;25;21;0;1
-35;25;22;0;1
-35;25;24;1;1
-35;25;25;0;1
-35;25;26;0;1
-35;25;28;0;1
-35;25;30;0;1
-35;25;34;1;1
-35;25;36;1;1
-35;25;37;0;1
-35;25;38;0;1
-35;25;39;0;1
-35;25;40;0;1
-35;25;43;0;1
-35;25;44;0;1
-35;25;45;1;1
-35;25;46;0;1
-35;25;47;0;1
-35;25;50;0;1
-35;25;51;0;1
-35;25;53;0;1
-35;25;55;1;1
-35;26;13;0;1
-35;26;18;1;1
-35;26;19;0;1
-35;26;23;1;1
-35;26;26;0;1
-35;26;29;0;1
-35;26;32;1;1
-35;26;39;0;1
-35;26;40;1;1
-35;26;41;1;1
-35;26;43;1;1
-35;26;45;1;1
-35;26;47;0;1
-35;26;48;1;1
-35;26;50;0;1
-35;26;51;0;1
-35;26;55;1;1
-35;27;13;0;1
-35;27;14;0;1
-35;27;15;1;1
-35;27;18;1;1
-35;27;19;0;1
-35;27;24;0;1
-35;27;27;1;1
-35;27;29;0;1
-35;27;34;0;1
-35;27;38;0;1
-35;27;39;0;1
-35;27;41;0;1
-35;27;46;1;1
-35;27;47;0;1
-35;27;49;0;1
-35;27;50;0;1
-35;27;51;0;1
-35;27;53;0;1
-35;28;15;0;1
-35;28;16;0;1
-35;28;19;0;1
-35;28;21;1;1
-35;28;29;0;1
-35;28;33;0;1
-35;28;34;0;1
-35;28;40;1;1
-35;28;44;1;1
-35;28;45;0;1
-35;28;46;1;1
-35;28;50;1;1
-35;28;51;0;1
-35;28;53;1;1
-35;29;16;0;1
-35;29;19;0;1
-35;29;24;0;1
-35;29;26;1;1
-35;29;28;0;1
-35;29;32;0;1
-35;29;35;0;1
-35;29;37;0;1
-35;29;38;1;1
-35;29;41;0;1
-35;29;42;0;1
-35;29;43;1;1
-35;29;44;0;1
-35;29;48;0;1
-35;29;49;0;1
-35;29;51;0;1
-35;29;53;0;1
-35;29;54;1;1
-35;30;15;1;1
-35;30;16;0;1
-35;30;18;1;1
-35;30;26;0;1
-35;30;27;1;1
-35;30;30;0;1
-35;30;32;0;1
-35;30;33;0;1
-35;30;37;0;1
-35;30;38;0;1
-35;30;39;1;1
-35;30;42;0;1
-35;30;46;0;1
-35;30;48;0;1
-35;30;52;0;1
-35;31;16;0;1
-35;31;17;1;1
-35;31;20;1;1
-35;31;21;0;1
-35;31;22;0;1
-35;31;27;0;1
-35;31;34;1;1
-35;31;35;1;1
-35;31;36;1;1
-35;31;38;1;1
-35;31;42;1;1
-35;31;45;0;1
-35;31;46;1;1
-35;31;47;0;1
-35;31;48;1;1
-35;31;49;1;1
-35;31;51;1;1
-35;32;14;1;1
-35;32;15;1;1
-35;32;17;1;1
-35;32;19;0;1
-35;32;20;1;1
-35;32;22;0;1
-35;32;23;1;1
-35;32;25;0;1
-35;32;28;1;1
-35;32;30;0;1
-35;32;34;0;1
-35;32;36;0;1
-35;32;37;1;1
-35;32;39;1;1
-35;32;43;0;1
-35;32;44;1;1
-35;32;48;1;1
-35;32;50;0;1
-35;33;13;1;1
-35;33;16;0;1
-35;33;19;0;1
-35;33;22;0;1
-35;33;23;0;1
-35;33;25;1;1
-35;33;30;0;1
-35;33;35;0;1
-35;33;36;0;1
-35;33;37;0;1
-35;33;50;0;1
-35;33;51;0;1
-35;33;52;0;1
-35;34;14;1;1
-35;34;15;1;1
-35;34;24;1;1
-35;34;25;0;1
-35;34;26;1;1
-35;34;29;0;1
-35;34;30;0;1
-35;34;38;0;1
-35;34;41;0;1
-35;34;43;0;1
-35;34;46;0;1
-35;34;48;0;1
-35;34;51;0;1
-35;35;14;1;1
-35;35;17;1;1
-35;35;23;0;1
-35;35;26;1;1
-35;35;28;0;1
-35;35;31;1;1
-35;35;34;0;1
-35;35;36;0;1
-35;35;37;1;1
-35;35;40;1;1
-35;35;47;0;1
-35;35;48;1;1
-35;35;49;1;1
-35;35;50;1;1
-35;36;14;0;1
-35;36;19;1;1
-35;36;24;0;1
-35;36;25;0;1
-35;36;26;0;1
-35;36;27;0;1
-35;36;29;0;1
-35;36;31;0;1
-35;36;36;1;1
-35;36;38;0;1
-35;36;40;1;1
-35;36;42;1;1
-35;36;43;0;1
-35;36;44;1;1
-35;36;45;0;1
-35;36;46;0;1
-35;36;47;0;1
-35;36;50;0;1
-35;37;14;0;1
-35;37;18;0;1
-35;37;23;0;1
-35;37;25;0;1
-35;37;28;0;1
-35;37;33;0;1
-35;37;36;1;1
-35;37;37;1;1
-35;37;39;1;1
-35;37;41;1;1
-35;37;44;0;1
-35;38;18;0;1
-35;38;24;1;1
-35;38;25;1;1
-35;38;30;0;1
-35;38;31;0;1
-35;38;33;1;1
-35;38;39;0;1
-35;38;40;0;1
-35;38;46;0;1
-35;38;48;0;1
-35;39;15;0;1
-35;39;16;1;1
-35;39;19;0;1
-35;39;20;1;1
-35;39;22;0;1
-35;39;23;1;1
-35;39;24;0;1
-35;39;25;0;1
-35;39;30;0;1
-35;39;33;0;1
-35;39;34;0;1
-35;39;35;1;1
-35;39;40;1;1
-35;39;41;1;1
-35;39;45;0;1
-35;39;47;0;1
-35;40;15;0;1
-35;40;16;1;1
-35;40;18;0;1
-35;40;19;1;1
-35;40;22;0;1
-35;40;25;0;1
-35;40;28;0;1
-35;40;32;0;1
-35;40;34;1;1
-35;40;36;1;1
-35;40;38;0;1
-35;40;39;0;1
-35;40;42;0;1
-35;40;43;0;1
-35;40;45;0;1
-35;40;46;1;1
-35;41;17;0;1
-35;41;22;0;1
-35;41;23;0;1
-35;41;25;0;1
-35;41;33;0;1
-35;41;35;1;1
-35;41;36;1;1
-35;41;45;0;1
-35;42;15;0;1
-35;42;17;0;1
-35;42;18;1;1
-35;42;22;0;1
-35;42;25;1;1
-35;42;30;0;1
-35;42;31;0;1
-35;42;32;0;1
-35;42;34;0;1
-35;42;36;0;1
-35;42;37;0;1
-35;42;44;0;1
-35;43;16;1;1
-35;43;19;1;1
-35;43;24;0;1
-35;43;28;0;1
-35;43;31;1;1
-35;43;33;1;1
-35;43;36;0;1
-35;43;39;0;1
-35;43;41;0;1
-35;43;44;0;1
-35;44;20;0;1
-35;44;25;1;1
-35;44;36;0;1
-35;44;42;1;1
-35;45;17;0;1
-35;45;18;0;1
-35;45;20;1;1
-35;45;22;0;1
-35;45;23;0;1
-35;45;25;0;1
-35;45;28;0;1
-35;45;33;0;1
-35;45;35;0;1
-35;45;39;0;1
-35;46;16;1;1
-35;46;18;1;1
-35;46;23;1;1
-35;46;26;0;1
-35;46;32;0;1
-35;46;35;0;1
-35;46;36;0;1
-35;46;37;0;1
-35;46;38;0;1
-35;46;40;0;1
-35;46;41;1;1
-35;47;21;0;1
-35;47;24;0;1
-35;47;30;1;1
-35;47;32;0;1
-35;47;34;0;1
-35;47;39;0;1
-35;47;40;1;1
-35;48;17;1;1
-35;48;22;0;1
-35;48;23;0;1
-35;48;25;0;1
-35;48;27;1;1
-35;48;28;1;1
-35;48;30;0;1
-35;48;35;0;1
-35;48;37;0;1
-35;48;38;0;1
-35;49;22;0;1
-35;49;23;0;1
-35;49;25;0;1
-35;49;26;0;1
-35;49;35;1;1
-35;49;36;0;1
-35;49;37;0;1
-35;50;20;0;1
-35;50;23;1;1
-35;50;27;0;1
-35;50;30;0;1
-35;50;32;0;1
-35;50;35;0;1
-35;50;36;1;1
-35;51;17;0;1
-35;51;18;1;1
-35;51;24;0;1
-35;51;27;0;1
-35;51;28;0;1
-35;51;29;1;1
-35;51;32;1;1
-35;51;33;1;1
-35;52;17;0;1
-35;52;21;0;1
-35;52;25;1;1
-35;52;32;1;1
-35;53;19;1;1
-35;53;20;0;1
-35;53;21;1;1
-35;53;24;0;1
-35;53;25;1;1
-35;53;26;0;1
-35;53;27;1;1
-35;53;30;0;1
-35;53;31;0;1
-35;54;19;0;1
-35;54;21;0;1
-35;54;23;0;1
-35;54;26;0;1
-35;54;28;1;1
-35;55;18;0;1
-35;55;24;0;1
-35;55;28;0;1
-35;56;18;0;1
-35;56;19;1;1
-35;56;21;1;1
-35;57;20;1;1
-35;57;23;0;1
-35;58;19;0;1
-34;-58;19;1;1
-34;-58;20;0;1
-34;-58;21;0;1
-34;-57;19;0;1
-34;-57;20;0;1
-34;-56;19;1;1
-34;-56;21;0;1
-34;-56;22;0;1
-34;-56;23;1;1
-34;-56;24;0;1
-34;-56;26;1;1
-34;-55;18;1;1
-34;-55;19;1;1
-34;-55;20;0;1
-34;-55;21;0;1
-34;-55;24;0;1
-34;-54;20;0;1
-34;-54;29;0;1
-34;-54;31;0;1
-34;-53;17;0;1
-34;-53;19;1;1
-34;-53;28;1;1
-34;-53;30;0;1
-34;-52;22;0;1
-34;-52;24;0;1
-34;-52;28;0;1
-34;-52;29;1;1
-34;-52;34;0;1
-34;-51;17;1;1
-34;-51;18;0;1
-34;-51;20;0;1
-34;-51;21;0;1
-34;-51;22;0;1
-34;-51;24;0;1
-34;-51;28;1;1
-34;-51;32;1;1
-34;-51;34;0;1
-34;-51;35;0;1
-34;-50;24;1;1
-34;-50;27;1;1
-34;-50;28;1;1
-34;-50;32;0;1
-34;-49;17;0;1
-34;-49;18;0;1
-34;-49;22;1;1
-34;-49;23;0;1
-34;-49;27;0;1
-34;-49;33;0;1
-34;-48;19;0;1
-34;-48;22;0;1
-34;-48;24;0;1
-34;-48;29;0;1
-34;-48;31;0;1
-34;-48;34;1;1
-34;-48;37;1;1
-34;-48;39;0;1
-34;-47;16;1;1
-34;-47;17;1;1
-34;-47;20;1;1
-34;-47;21;0;1
-34;-47;22;1;1
-34;-47;25;0;1
-34;-47;27;0;1
-34;-47;29;0;1
-34;-47;30;0;1
-34;-47;31;1;1
-34;-47;36;1;1
-34;-47;41;0;1
-34;-46;18;1;1
-34;-46;20;0;1
-34;-46;21;1;1
-34;-46;26;1;1
-34;-46;27;1;1
-34;-46;28;1;1
-34;-46;30;1;1
-34;-46;31;0;1
-34;-46;34;0;1
-34;-46;39;1;1
-34;-46;41;1;1
-34;-46;42;1;1
-34;-45;16;0;1
-34;-45;17;1;1
-34;-45;22;1;1
-34;-45;27;1;1
-34;-45;28;0;1
-34;-45;37;0;1
-34;-45;38;0;1
-34;-45;39;0;1
-34;-45;42;1;1
-34;-45;43;1;1
-34;-44;15;0;1
-34;-44;16;0;1
-34;-44;17;1;1
-34;-44;19;0;1
-34;-44;20;1;1
-34;-44;21;0;1
-34;-44;22;1;1
-34;-44;27;1;1
-34;-44;29;0;1
-34;-44;30;1;1
-34;-44;32;0;1
-34;-44;33;0;1
-34;-44;34;0;1
-34;-44;36;0;1
-34;-44;37;0;1
-34;-44;41;1;1
-34;-44;42;1;1
-34;-43;18;0;1
-34;-43;23;0;1
-34;-43;33;0;1
-34;-43;35;1;1
-34;-43;36;1;1
-34;-43;41;0;1
-34;-43;44;0;1
-34;-42;15;1;1
-34;-42;16;1;1
-34;-42;17;0;1
-34;-42;20;0;1
-34;-42;21;1;1
-34;-42;25;0;1
-34;-42;27;0;1
-34;-42;31;0;1
-34;-42;34;0;1
-34;-42;35;0;1
-34;-42;36;1;1
-34;-42;40;0;1
-34;-42;42;1;1
-34;-42;43;0;1
-34;-42;46;1;1
-34;-41;15;0;1
-34;-41;18;0;1
-34;-41;19;1;1
-34;-41;22;1;1
-34;-41;23;1;1
-34;-41;24;0;1
-34;-41;25;0;1
-34;-41;28;1;1
-34;-41;31;0;1
-34;-41;38;0;1
-34;-41;40;1;1
-34;-41;45;0;1
-34;-41;46;0;1
-34;-40;17;0;1
-34;-40;18;0;1
-34;-40;19;1;1
-34;-40;24;0;1
-34;-40;27;0;1
-34;-40;28;0;1
-34;-40;32;0;1
-34;-40;37;0;1
-34;-40;39;0;1
-34;-40;40;0;1
-34;-40;41;0;1
-34;-40;44;1;1
-34;-39;14;1;1
-34;-39;17;0;1
-34;-39;18;1;1
-34;-39;23;0;1
-34;-39;25;1;1
-34;-39;27;1;1
-34;-39;30;0;1
-34;-39;31;0;1
-34;-39;32;0;1
-34;-39;40;1;1
-34;-39;41;0;1
-34;-39;42;1;1
-34;-39;43;0;1
-34;-39;45;0;1
-34;-39;48;0;1
-34;-38;15;0;1
-34;-38;18;0;1
-34;-38;19;0;1
-34;-38;20;0;1
-34;-38;21;1;1
-34;-38;22;1;1
-34;-38;24;0;1
-34;-38;25;1;1
-34;-38;31;0;1
-34;-38;34;0;1
-34;-38;37;1;1
-34;-38;41;1;1
-34;-38;42;1;1
-34;-38;43;0;1
-34;-38;44;0;1
-34;-38;45;1;1
-34;-38;46;0;1
-34;-38;47;0;1
-34;-37;14;0;1
-34;-37;15;0;1
-34;-37;20;1;1
-34;-37;23;0;1
-34;-37;25;0;1
-34;-37;27;0;1
-34;-37;28;1;1
-34;-37;29;0;1
-34;-37;31;1;1
-34;-37;32;1;1
-34;-37;33;0;1
-34;-37;36;0;1
-34;-37;38;1;1
-34;-37;42;0;1
-34;-37;45;1;1
-34;-36;15;1;1
-34;-36;16;0;1
-34;-36;17;0;1
-34;-36;18;0;1
-34;-36;22;1;1
-34;-36;26;0;1
-34;-36;32;0;1
-34;-36;35;0;1
-34;-36;38;0;1
-34;-36;40;1;1
-34;-36;41;0;1
-34;-36;42;0;1
-34;-36;47;0;1
-34;-36;48;0;1
-34;-36;49;1;1
-34;-36;50;1;1
-34;-35;14;1;1
-34;-35;15;0;1
-34;-35;18;0;1
-34;-35;20;0;1
-34;-35;22;0;1
-34;-35;23;1;1
-34;-35;31;0;1
-34;-35;34;1;1
-34;-35;35;0;1
-34;-35;37;0;1
-34;-35;38;0;1
-34;-35;40;0;1
-34;-35;44;1;1
-34;-35;48;0;1
-34;-35;50;0;1
-34;-34;15;0;1
-34;-34;18;1;1
-34;-34;19;0;1
-34;-34;21;1;1
-34;-34;22;1;1
-34;-34;23;1;1
-34;-34;24;0;1
-34;-34;27;0;1
-34;-34;28;0;1
-34;-34;29;1;1
-34;-34;31;0;1
-34;-34;32;0;1
-34;-34;34;1;1
-34;-34;36;0;1
-34;-34;39;0;1
-34;-34;40;0;1
-34;-34;45;1;1
-34;-34;46;0;1
-34;-34;50;0;1
-34;-34;51;1;1
-34;-33;14;1;1
-34;-33;15;1;1
-34;-33;17;0;1
-34;-33;18;0;1
-34;-33;22;1;1
-34;-33;25;0;1
-34;-33;32;1;1
-34;-33;35;0;1
-34;-33;36;0;1
-34;-33;38;0;1
-34;-33;40;0;1
-34;-33;43;0;1
-34;-33;45;1;1
-34;-33;46;1;1
-34;-33;47;1;1
-34;-33;52;0;1
-34;-32;13;0;1
-34;-32;19;1;1
-34;-32;21;0;1
-34;-32;23;1;1
-34;-32;24;0;1
-34;-32;26;0;1
-34;-32;28;1;1
-34;-32;32;1;1
-34;-32;36;0;1
-34;-32;39;1;1
-34;-32;40;1;1
-34;-32;42;1;1
-34;-32;48;0;1
-34;-32;49;1;1
-34;-31;14;0;1
-34;-31;17;0;1
-34;-31;18;0;1
-34;-31;26;1;1
-34;-31;30;0;1
-34;-31;40;1;1
-34;-31;50;1;1
-34;-31;52;1;1
-34;-30;14;0;1
-34;-30;17;0;1
-34;-30;22;1;1
-34;-30;23;1;1
-34;-30;26;1;1
-34;-30;27;1;1
-34;-30;28;0;1
-34;-30;31;0;1
-34;-30;33;0;1
-34;-30;34;0;1
-34;-30;35;1;1
-34;-30;36;0;1
-34;-30;37;1;1
-34;-30;38;0;1
-34;-30;39;0;1
-34;-30;41;1;1
-34;-30;43;1;1
-34;-30;46;0;1
-34;-30;49;1;1
-34;-30;50;1;1
-34;-30;53;1;1
-34;-29;13;1;1
-34;-29;16;0;1
-34;-29;17;0;1
-34;-29;18;0;1
-34;-29;19;1;1
-34;-29;25;0;1
-34;-29;26;1;1
-34;-29;29;1;1
-34;-29;33;1;1
-34;-29;34;0;1
-34;-29;35;0;1
-34;-29;38;0;1
-34;-29;44;0;1
-34;-29;46;0;1
-34;-29;49;0;1
-34;-29;50;1;1
-34;-29;52;0;1
-34;-29;53;0;1
-34;-29;54;0;1
-34;-29;55;0;1
-34;-28;13;1;1
-34;-28;17;0;1
-34;-28;18;0;1
-34;-28;21;0;1
-34;-28;23;1;1
-34;-28;24;0;1
-34;-28;27;1;1
-34;-28;30;0;1
-34;-28;32;0;1
-34;-28;34;0;1
-34;-28;37;1;1
-34;-28;42;0;1
-34;-28;44;0;1
-34;-28;45;0;1
-34;-28;46;1;1
-34;-28;47;0;1
-34;-28;49;0;1
-34;-28;52;0;1
-34;-28;53;0;1
-34;-28;54;0;1
-34;-28;55;0;1
-34;-27;13;1;1
-34;-27;14;0;1
-34;-27;15;1;1
-34;-27;16;0;1
-34;-27;19;0;1
-34;-27;20;0;1
-34;-27;28;0;1
-34;-27;31;0;1
-34;-27;32;0;1
-34;-27;33;0;1
-34;-27;39;0;1
-34;-27;44;1;1
-34;-27;56;0;1
-34;-26;13;0;1
-34;-26;24;1;1
-34;-26;26;0;1
-34;-26;27;0;1
-34;-26;36;1;1
-34;-26;37;0;1
-34;-26;42;1;1
-34;-26;44;1;1
-34;-26;54;1;1
-34;-26;56;1;1
-34;-25;15;0;1
-34;-25;16;0;1
-34;-25;20;1;1
-34;-25;22;1;1
-34;-25;25;1;1
-34;-25;26;0;1
-34;-25;28;0;1
-34;-25;30;0;1
-34;-25;31;0;1
-34;-25;34;0;1
-34;-25;35;0;1
-34;-25;39;0;1
-34;-25;42;1;1
-34;-25;44;1;1
-34;-25;45;1;1
-34;-25;49;0;1
-34;-25;51;1;1
-34;-25;52;0;1
-34;-25;57;1;1
-34;-24;12;1;1
-34;-24;15;0;1
-34;-24;16;0;1
-34;-24;17;1;1
-34;-24;19;0;1
-34;-24;20;1;1
-34;-24;25;1;1
-34;-24;27;0;1
-34;-24;28;1;1
-34;-24;32;0;1
-34;-24;38;0;1
-34;-24;42;1;1
-34;-24;44;1;1
-34;-24;45;0;1
-34;-24;47;1;1
-34;-24;49;0;1
-34;-24;50;0;1
-34;-24;51;1;1
-34;-24;54;1;1
-34;-24;55;0;1
-34;-24;56;0;1
-34;-23;13;0;1
-34;-23;18;0;1
-34;-23;19;0;1
-34;-23;21;0;1
-34;-23;22;0;1
-34;-23;24;0;1
-34;-23;28;1;1
-34;-23;31;0;1
-34;-23;32;0;1
-34;-23;34;0;1
-34;-23;36;1;1
-34;-23;38;0;1
-34;-23;39;0;1
-34;-23;42;0;1
-34;-23;43;0;1
-34;-23;45;0;1
-34;-23;50;1;1
-34;-23;53;1;1
-34;-23;54;1;1
-34;-23;56;1;1
-34;-22;11;0;1
-34;-22;13;0;1
-34;-22;15;1;1
-34;-22;17;1;1
-34;-22;18;1;1
-34;-22;20;1;1
-34;-22;24;1;1
-34;-22;27;0;1
-34;-22;28;0;1
-34;-22;30;0;1
-34;-22;31;1;1
-34;-22;32;0;1
-34;-22;35;0;1
-34;-22;36;0;1
-34;-22;37;0;1
-34;-22;38;1;1
-34;-22;39;1;1
-34;-22;40;0;1
-34;-22;43;1;1
-34;-22;44;0;1
-34;-22;45;0;1
-34;-22;48;0;1
-34;-22;51;0;1
-34;-22;53;1;1
-34;-22;54;0;1
-34;-21;12;1;1
-34;-21;13;0;1
-34;-21;16;0;1
-34;-21;17;1;1
-34;-21;18;1;1
-34;-21;24;0;1
-34;-21;26;1;1
-34;-21;28;0;1
-34;-21;32;0;1
-34;-21;34;0;1
-34;-21;35;1;1
-34;-21;36;0;1
-34;-21;37;0;1
-34;-21;41;1;1
-34;-21;43;0;1
-34;-21;44;0;1
-34;-21;46;0;1
-34;-21;47;1;1
-34;-21;49;0;1
-34;-21;52;0;1
-34;-21;53;0;1
-34;-21;54;0;1
-34;-21;56;0;1
-34;-21;58;1;1
-34;-20;14;0;1
-34;-20;16;1;1
-34;-20;19;0;1
-34;-20;22;0;1
-34;-20;30;1;1
-34;-20;33;1;1
-34;-20;34;0;1
-34;-20;37;0;1
-34;-20;43;0;1
-34;-20;47;0;1
-34;-20;48;0;1
-34;-20;49;0;1
-34;-20;50;0;1
-34;-20;52;1;1
-34;-20;53;1;1
-34;-20;56;0;1
-34;-19;12;0;1
-34;-19;14;1;1
-34;-19;15;0;1
-34;-19;17;1;1
-34;-19;22;0;1
-34;-19;29;1;1
-34;-19;30;1;1
-34;-19;33;0;1
-34;-19;35;1;1
-34;-19;37;1;1
-34;-19;44;1;1
-34;-19;45;0;1
-34;-19;50;1;1
-34;-19;51;0;1
-34;-19;52;0;1
-34;-19;53;1;1
-34;-19;54;0;1
-34;-19;56;1;1
-34;-19;57;0;1
-34;-19;58;0;1
-34;-18;13;0;1
-34;-18;15;1;1
-34;-18;17;0;1
-34;-18;19;0;1
-34;-18;21;0;1
-34;-18;22;0;1
-34;-18;26;0;1
-34;-18;27;0;1
-34;-18;28;1;1
-34;-18;30;0;1
-34;-18;34;1;1
-34;-18;36;0;1
-34;-18;38;1;1
-34;-18;39;1;1
-34;-18;40;0;1
-34;-18;41;1;1
-34;-18;42;0;1
-34;-18;47;1;1
-34;-18;49;1;1
-34;-18;50;0;1
-34;-18;51;0;1
-34;-18;53;0;1
-34;-18;54;1;1
-34;-17;13;1;1
-34;-17;18;0;1
-34;-17;20;0;1
-34;-17;25;0;1
-34;-17;27;0;1
-34;-17;31;1;1
-34;-17;32;0;1
-34;-17;33;0;1
-34;-17;39;0;1
-34;-17;40;0;1
-34;-17;41;0;1
-34;-17;44;0;1
-34;-17;46;0;1
-34;-17;48;0;1
-34;-17;56;0;1
-34;-17;59;1;1
-34;-16;11;0;1
-34;-16;14;0;1
-34;-16;15;1;1
-34;-16;18;1;1
-34;-16;21;0;1
-34;-16;23;0;1
-34;-16;25;1;1
-34;-16;26;0;1
-34;-16;28;0;1
-34;-16;35;0;1
-34;-16;46;0;1
-34;-16;50;0;1
-34;-16;51;0;1
-34;-16;53;1;1
-34;-16;54;1;1
-34;-16;55;0;1
-34;-16;59;0;1
-34;-15;11;1;1
-34;-15;12;1;1
-34;-15;13;1;1
-34;-15;14;1;1
-34;-15;16;0;1
-34;-15;18;0;1
-34;-15;19;0;1
-34;-15;21;1;1
-34;-15;24;1;1
-34;-15;28;0;1
-34;-15;30;0;1
-34;-15;32;1;1
-34;-15;33;1;1
-34;-15;38;1;1
-34;-15;39;0;1
-34;-15;43;0;1
-34;-15;46;1;1
-34;-15;49;1;1
-34;-15;50;0;1
-34;-15;51;0;1
-34;-15;54;0;1
-34;-15;57;1;1
-34;-15;58;0;1
-34;-14;11;1;1
-34;-14;16;0;1
-34;-14;17;0;1
-34;-14;19;1;1
-34;-14;21;0;1
-34;-14;23;0;1
-34;-14;27;0;1
-34;-14;30;0;1
-34;-14;32;0;1
-34;-14;34;0;1
-34;-14;35;1;1
-34;-14;36;0;1
-34;-14;41;1;1
-34;-14;42;0;1
-34;-14;44;0;1
-34;-14;46;0;1
-34;-14;47;1;1
-34;-14;48;1;1
-34;-14;51;1;1
-34;-14;53;0;1
-34;-14;56;0;1
-34;-13;11;1;1
-34;-13;13;0;1
-34;-13;14;1;1
-34;-13;16;0;1
-34;-13;19;1;1
-34;-13;20;0;1
-34;-13;21;0;1
-34;-13;26;1;1
-34;-13;29;0;1
-34;-13;33;0;1
-34;-13;36;0;1
-34;-13;41;0;1
-34;-13;43;0;1
-34;-13;44;1;1
-34;-13;45;0;1
-34;-13;46;0;1
-34;-13;48;1;1
-34;-13;49;0;1
-34;-13;51;0;1
-34;-13;52;0;1
-34;-13;54;1;1
-34;-13;56;0;1
-34;-13;58;0;1
-34;-13;59;0;1
-34;-12;11;1;1
-34;-12;15;0;1
-34;-12;18;0;1
-34;-12;26;0;1
-34;-12;29;0;1
-34;-12;33;0;1
-34;-12;35;1;1
-34;-12;38;0;1
-34;-12;39;0;1
-34;-12;41;0;1
-34;-12;42;0;1
-34;-12;43;1;1
-34;-12;45;0;1
-34;-12;46;1;1
-34;-12;47;0;1
-34;-12;50;0;1
-34;-12;51;0;1
-34;-12;52;1;1
-34;-12;55;0;1
-34;-12;57;1;1
-34;-12;59;1;1
-34;-12;61;0;1
-34;-11;13;0;1
-34;-11;14;1;1
-34;-11;18;0;1
-34;-11;19;1;1
-34;-11;21;1;1
-34;-11;22;1;1
-34;-11;26;0;1
-34;-11;29;0;1
-34;-11;30;0;1
-34;-11;32;0;1
-34;-11;33;0;1
-34;-11;35;1;1
-34;-11;36;0;1
-34;-11;38;1;1
-34;-11;43;0;1
-34;-11;45;0;1
-34;-11;46;0;1
-34;-11;47;0;1
-34;-11;49;0;1
-34;-11;53;0;1
-34;-11;54;0;1
-34;-11;55;0;1
-34;-11;58;0;1
-34;-11;59;1;1
-34;-10;11;0;1
-34;-10;12;1;1
-34;-10;13;1;1
-34;-10;16;0;1
-34;-10;17;0;1
-34;-10;18;0;1
-34;-10;19;0;1
-34;-10;20;0;1
-34;-10;22;0;1
-34;-10;24;1;1
-34;-10;25;1;1
-34;-10;29;1;1
-34;-10;30;0;1
-34;-10;34;0;1
-34;-10;35;0;1
-34;-10;40;1;1
-34;-10;41;0;1
-34;-10;46;0;1
-34;-10;47;1;1
-34;-10;51;0;1
-34;-10;56;1;1
-34;-10;57;1;1
-34;-10;58;0;1
-34;-10;60;0;1
-34;-9;10;1;1
-34;-9;11;1;1
-34;-9;12;0;1
-34;-9;15;0;1
-34;-9;16;0;1
-34;-9;19;0;1
-34;-9;30;0;1
-34;-9;31;1;1
-34;-9;34;0;1
-34;-9;37;0;1
-34;-9;43;1;1
-34;-9;46;1;1
-34;-9;49;1;1
-34;-9;50;0;1
-34;-9;52;0;1
-34;-9;56;0;1
-34;-9;57;1;1
-34;-9;59;0;1
-34;-9;60;0;1
-34;-9;61;1;1
-34;-8;11;0;1
-34;-8;12;1;1
-34;-8;15;0;1
-34;-8;17;0;1
-34;-8;19;1;1
-34;-8;26;1;1
-34;-8;28;0;1
-34;-8;29;0;1
-34;-8;32;0;1
-34;-8;35;0;1
-34;-8;40;1;1
-34;-8;42;0;1
-34;-8;44;1;1
-34;-8;46;0;1
-34;-8;47;0;1
-34;-8;49;0;1
-34;-8;55;0;1
-34;-8;57;1;1
-34;-7;10;1;1
-34;-7;15;0;1
-34;-7;18;1;1
-34;-7;24;0;1
-34;-7;25;1;1
-34;-7;26;0;1
-34;-7;27;1;1
-34;-7;28;0;1
-34;-7;31;0;1
-34;-7;33;0;1
-34;-7;35;1;1
-34;-7;36;0;1
-34;-7;39;0;1
-34;-7;40;1;1
-34;-7;41;0;1
-34;-7;45;0;1
-34;-7;47;1;1
-34;-7;49;0;1
-34;-7;51;1;1
-34;-7;52;0;1
-34;-7;53;0;1
-34;-7;55;0;1
-34;-7;57;1;1
-34;-7;59;1;1
-34;-6;10;0;1
-34;-6;12;0;1
-34;-6;13;0;1
-34;-6;15;0;1
-34;-6;16;0;1
-34;-6;23;0;1
-34;-6;24;1;1
-34;-6;25;0;1
-34;-6;26;0;1
-34;-6;32;0;1
-34;-6;34;1;1
-34;-6;37;0;1
-34;-6;38;1;1
-34;-6;39;0;1
-34;-6;40;0;1
-34;-6;41;0;1
-34;-6;44;0;1
-34;-6;51;0;1
-34;-6;59;0;1
-34;-6;60;0;1
-34;-6;62;1;1
-34;-5;11;0;1
-34;-5;14;1;1
-34;-5;19;0;1
-34;-5;20;0;1
-34;-5;21;1;1
-34;-5;22;0;1
-34;-5;24;1;1
-34;-5;27;0;1
-34;-5;30;1;1
-34;-5;31;0;1
-34;-5;32;0;1
-34;-5;33;1;1
-34;-5;35;1;1
-34;-5;39;1;1
-34;-5;41;0;1
-34;-5;42;1;1
-34;-5;46;0;1
-34;-5;49;0;1
-34;-5;52;1;1
-34;-5;53;0;1
-34;-4;11;0;1
-34;-4;12;0;1
-34;-4;15;0;1
-34;-4;16;1;1
-34;-4;17;0;1
-34;-4;18;1;1
-34;-4;19;1;1
-34;-4;20;0;1
-34;-4;21;0;1
-34;-4;25;1;1
-34;-4;29;0;1
-34;-4;31;0;1
-34;-4;33;0;1
-34;-4;34;0;1
-34;-4;39;0;1
-34;-4;40;0;1
-34;-4;41;0;1
-34;-4;43;0;1
-34;-4;44;0;1
-34;-4;46;0;1
-34;-4;47;1;1
-34;-4;49;1;1
-34;-4;55;1;1
-34;-4;57;1;1
-34;-4;62;0;1
-34;-3;13;0;1
-34;-3;14;1;1
-34;-3;15;1;1
-34;-3;17;1;1
-34;-3;20;0;1
-34;-3;23;0;1
-34;-3;25;1;1
-34;-3;29;0;1
-34;-3;30;0;1
-34;-3;32;1;1
-34;-3;33;0;1
-34;-3;36;0;1
-34;-3;40;1;1
-34;-3;42;0;1
-34;-3;43;0;1
-34;-3;44;0;1
-34;-3;47;0;1
-34;-3;50;1;1
-34;-3;51;1;1
-34;-3;52;1;1
-34;-3;54;1;1
-34;-3;55;0;1
-34;-3;57;0;1
-34;-3;61;0;1
-34;-2;10;1;1
-34;-2;11;1;1
-34;-2;13;1;1
-34;-2;18;1;1
-34;-2;19;1;1
-34;-2;22;1;1
-34;-2;26;0;1
-34;-2;27;0;1
-34;-2;31;0;1
-34;-2;32;0;1
-34;-2;34;1;1
-34;-2;39;0;1
-34;-2;41;0;1
-34;-2;43;0;1
-34;-2;47;1;1
-34;-2;49;1;1
-34;-2;52;0;1
-34;-2;56;1;1
-34;-2;57;1;1
-34;-2;59;0;1
-34;-2;61;0;1
-34;-1;15;0;1
-34;-1;22;0;1
-34;-1;24;1;1
-34;-1;25;1;1
-34;-1;29;1;1
-34;-1;30;0;1
-34;-1;31;1;1
-34;-1;32;0;1
-34;-1;33;0;1
-34;-1;34;0;1
-34;-1;35;0;1
-34;-1;36;0;1
-34;-1;37;0;1
-34;-1;41;1;1
-34;-1;45;0;1
-34;-1;46;1;1
-34;-1;47;0;1
-34;-1;48;0;1
-34;-1;52;0;1
-34;-1;53;0;1
-34;-1;54;1;1
-34;-1;55;0;1
-34;0;10;1;1
-34;0;18;1;1
-34;0;19;0;1
-34;0;21;0;1
-34;0;22;0;1
-34;0;23;0;1
-34;0;24;0;1
-34;0;26;0;1
-34;0;27;0;1
-34;0;28;0;1
-34;0;29;0;1
-34;0;36;1;1
-34;0;38;0;1
-34;0;40;1;1
-34;0;46;0;1
-34;0;47;0;1
-34;0;48;0;1
-34;0;51;0;1
-34;0;60;0;1
-34;1;10;0;1
-34;1;11;1;1
-34;1;12;1;1
-34;1;13;0;1
-34;1;16;0;1
-34;1;17;1;1
-34;1;18;1;1
-34;1;21;0;1
-34;1;22;1;1
-34;1;24;0;1
-34;1;26;0;1
-34;1;28;0;1
-34;1;31;0;1
-34;1;34;0;1
-34;1;36;1;1
-34;1;40;1;1
-34;1;41;1;1
-34;1;45;0;1
-34;1;48;1;1
-34;1;50;0;1
-34;1;57;0;1
-34;1;61;0;1
-34;2;13;1;1
-34;2;14;0;1
-34;2;17;0;1
-34;2;20;0;1
-34;2;22;1;1
-34;2;23;0;1
-34;2;24;0;1
-34;2;25;0;1
-34;2;28;0;1
-34;2;30;1;1
-34;2;31;1;1
-34;2;37;0;1
-34;2;43;0;1
-34;2;46;0;1
-34;2;51;0;1
-34;2;52;1;1
-34;2;53;1;1
-34;2;54;0;1
-34;2;57;0;1
-34;2;59;0;1
-34;2;60;1;1
-34;2;61;0;1
-34;3;10;0;1
-34;3;13;0;1
-34;3;16;1;1
-34;3;17;0;1
-34;3;20;0;1
-34;3;22;0;1
-34;3;23;0;1
-34;3;28;1;1
-34;3;40;0;1
-34;3;41;1;1
-34;3;43;1;1
-34;3;45;0;1
-34;3;53;1;1
-34;3;55;1;1
-34;3;56;0;1
-34;3;58;0;1
-34;3;59;0;1
-34;4;11;0;1
-34;4;18;0;1
-34;4;19;0;1
-34;4;21;0;1
-34;4;22;0;1
-34;4;23;0;1
-34;4;24;0;1
-34;4;27;0;1
-34;4;29;1;1
-34;4;32;1;1
-34;4;37;1;1
-34;4;42;0;1
-34;4;45;0;1
-34;4;49;0;1
-34;4;52;0;1
-34;4;54;0;1
-34;4;55;1;1
-34;4;56;1;1
-34;4;57;0;1
-34;4;58;1;1
-34;4;59;0;1
-34;4;60;0;1
-34;4;61;0;1
-34;5;10;0;1
-34;5;13;0;1
-34;5;16;1;1
-34;5;17;1;1
-34;5;22;1;1
-34;5;25;0;1
-34;5;27;0;1
-34;5;29;0;1
-34;5;32;1;1
-34;5;42;1;1
-34;5;46;0;1
-34;5;47;1;1
-34;5;49;1;1
-34;5;51;0;1
-34;5;53;1;1
-34;5;56;0;1
-34;5;57;0;1
-34;5;58;1;1
-34;5;60;1;1
-34;6;10;1;1
-34;6;11;0;1
-34;6;12;1;1
-34;6;17;1;1
-34;6;19;0;1
-34;6;22;0;1
-34;6;23;0;1
-34;6;25;0;1
-34;6;28;0;1
-34;6;29;1;1
-34;6;33;0;1
-34;6;34;1;1
-34;6;38;0;1
-34;6;39;0;1
-34;6;47;0;1
-34;6;52;0;1
-34;6;55;0;1
-34;6;58;1;1
-34;6;59;1;1
-34;6;60;1;1
-34;6;61;0;1
-34;7;11;0;1
-34;7;15;0;1
-34;7;17;0;1
-34;7;19;0;1
-34;7;23;1;1
-34;7;25;0;1
-34;7;27;1;1
-34;7;29;0;1
-34;7;31;0;1
-34;7;32;1;1
-34;7;33;1;1
-34;7;39;1;1
-34;7;44;0;1
-34;7;47;0;1
-34;7;51;0;1
-34;7;57;0;1
-34;7;58;0;1
-34;7;60;1;1
-34;7;61;1;1
-34;8;11;0;1
-34;8;12;0;1
-34;8;13;0;1
-34;8;19;1;1
-34;8;20;1;1
-34;8;21;0;1
-34;8;23;0;1
-34;8;25;0;1
-34;8;33;0;1
-34;8;34;0;1
-34;8;36;0;1
-34;8;40;1;1
-34;8;41;0;1
-34;8;43;1;1
-34;8;45;0;1
-34;8;46;0;1
-34;8;49;0;1
-34;8;53;0;1
-34;8;54;1;1
-34;8;57;0;1
-34;8;59;0;1
-34;8;60;0;1
-34;9;11;0;1
-34;9;12;0;1
-34;9;15;0;1
-34;9;18;0;1
-34;9;20;0;1
-34;9;22;1;1
-34;9;24;0;1
-34;9;26;1;1
-34;9;27;0;1
-34;9;30;0;1
-34;9;31;1;1
-34;9;38;0;1
-34;9;39;0;1
-34;9;40;1;1
-34;9;41;0;1
-34;9;42;0;1
-34;9;47;1;1
-34;9;48;0;1
-34;9;49;0;1
-34;9;52;0;1
-34;9;55;0;1
-34;9;56;0;1
-34;9;60;0;1
-34;9;61;0;1
-34;10;11;0;1
-34;10;13;0;1
-34;10;14;0;1
-34;10;18;1;1
-34;10;19;1;1
-34;10;20;0;1
-34;10;23;0;1
-34;10;25;0;1
-34;10;27;0;1
-34;10;32;1;1
-34;10;34;0;1
-34;10;35;0;1
-34;10;44;0;1
-34;10;49;0;1
-34;10;50;0;1
-34;10;53;1;1
-34;10;55;0;1
-34;10;57;0;1
-34;11;10;0;1
-34;11;11;0;1
-34;11;12;0;1
-34;11;15;0;1
-34;11;19;0;1
-34;11;22;1;1
-34;11;28;0;1
-34;11;36;1;1
-34;11;37;1;1
-34;11;41;1;1
-34;11;43;0;1
-34;11;46;0;1
-34;11;54;0;1
-34;11;55;1;1
-34;11;57;0;1
-34;11;60;1;1
-34;12;10;0;1
-34;12;12;0;1
-34;12;14;0;1
-34;12;21;0;1
-34;12;22;0;1
-34;12;23;1;1
-34;12;29;0;1
-34;12;33;0;1
-34;12;36;0;1
-34;12;37;1;1
-34;12;39;0;1
-34;12;40;0;1
-34;12;41;1;1
-34;12;44;0;1
-34;12;45;0;1
-34;12;46;1;1
-34;12;47;1;1
-34;12;50;1;1
-34;12;54;1;1
-34;12;56;1;1
-34;12;57;0;1
-34;12;60;0;1
-34;13;11;1;1
-34;13;13;0;1
-34;13;15;1;1
-34;13;16;1;1
-34;13;17;0;1
-34;13;19;1;1
-34;13;23;1;1
-34;13;27;1;1
-34;13;29;1;1
-34;13;31;0;1
-34;13;34;1;1
-34;13;36;1;1
-34;13;37;0;1
-34;13;40;0;1
-34;13;41;0;1
-34;13;42;1;1
-34;13;45;0;1
-34;13;46;1;1
-34;13;48;0;1
-34;13;49;1;1
-34;13;52;0;1
-34;13;56;0;1
-34;13;58;0;1
-34;13;59;0;1
-34;13;60;1;1
-34;13;61;0;1
-34;14;11;1;1
-34;14;12;0;1
-34;14;18;0;1
-34;14;19;0;1
-34;14;20;1;1
-34;14;22;0;1
-34;14;24;0;1
-34;14;25;0;1
-34;14;29;1;1
-34;14;30;1;1
-34;14;34;0;1
-34;14;35;0;1
-34;14;39;1;1
-34;14;42;1;1
-34;14;44;0;1
-34;14;46;0;1
-34;14;47;0;1
-34;14;49;0;1
-34;14;50;0;1
-34;14;51;1;1
-34;14;52;1;1
-34;14;53;1;1
-34;15;11;0;1
-34;15;12;0;1
-34;15;14;0;1
-34;15;16;0;1
-34;15;18;1;1
-34;15;20;1;1
-34;15;22;0;1
-34;15;23;1;1
-34;15;25;0;1
-34;15;27;0;1
-34;15;34;1;1
-34;15;36;1;1
-34;15;37;1;1
-34;15;41;0;1
-34;15;42;0;1
-34;15;46;0;1
-34;15;47;0;1
-34;15;48;1;1
-34;15;49;1;1
-34;15;51;0;1
-34;15;52;0;1
-34;15;54;0;1
-34;16;13;0;1
-34;16;14;0;1
-34;16;17;0;1
-34;16;19;0;1
-34;16;21;0;1
-34;16;22;0;1
-34;16;24;1;1
-34;16;29;0;1
-34;16;33;0;1
-34;16;34;0;1
-34;16;35;0;1
-34;16;40;0;1
-34;16;43;1;1
-34;16;46;0;1
-34;16;47;0;1
-34;16;48;0;1
-34;16;54;0;1
-34;16;55;0;1
-34;16;56;1;1
-34;16;57;1;1
-34;16;59;1;1
-34;17;12;0;1
-34;17;13;0;1
-34;17;14;1;1
-34;17;15;0;1
-34;17;17;1;1
-34;17;22;1;1
-34;17;26;0;1
-34;17;27;1;1
-34;17;35;0;1
-34;17;36;0;1
-34;17;43;1;1
-34;17;45;0;1
-34;17;47;0;1
-34;17;48;1;1
-34;17;49;0;1
-34;17;50;1;1
-34;17;51;1;1
-34;17;52;0;1
-34;17;57;1;1
-34;18;11;0;1
-34;18;12;0;1
-34;18;16;0;1
-34;18;17;1;1
-34;18;18;0;1
-34;18;21;0;1
-34;18;24;1;1
-34;18;26;1;1
-34;18;28;1;1
-34;18;30;0;1
-34;18;32;1;1
-34;18;35;0;1
-34;18;38;0;1
-34;18;40;0;1
-34;18;43;0;1
-34;18;44;1;1
-34;18;46;0;1
-34;18;50;0;1
-34;18;52;1;1
-34;18;56;1;1
-34;18;58;0;1
-34;19;12;1;1
-34;19;13;1;1
-34;19;17;0;1
-34;19;18;0;1
-34;19;19;0;1
-34;19;20;1;1
-34;19;22;0;1
-34;19;23;1;1
-34;19;24;1;1
-34;19;26;0;1
-34;19;28;0;1
-34;19;29;0;1
-34;19;32;0;1
-34;19;33;1;1
-34;19;34;1;1
-34;19;35;0;1
-34;19;39;0;1
-34;19;42;0;1
-34;19;44;0;1
-34;19;51;0;1
-34;19;52;0;1
-34;19;54;0;1
-34;19;56;0;1
-34;19;58;0;1
-34;20;11;1;1
-34;20;13;0;1
-34;20;19;0;1
-34;20;21;0;1
-34;20;22;0;1
-34;20;25;0;1
-34;20;29;0;1
-34;20;33;1;1
-34;20;38;0;1
-34;20;39;0;1
-34;20;43;0;1
-34;20;45;1;1
-34;20;47;1;1
-34;20;51;0;1
-34;20;59;1;1
-34;21;11;1;1
-34;21;14;0;1
-34;21;15;0;1
-34;21;18;0;1
-34;21;22;1;1
-34;21;28;0;1
-34;21;29;0;1
-34;21;34;0;1
-34;21;35;0;1
-34;21;36;1;1
-34;21;37;0;1
-34;21;39;1;1
-34;21;41;0;1
-34;21;44;0;1
-34;21;48;1;1
-34;21;50;0;1
-34;21;51;1;1
-34;21;53;0;1
-34;21;55;1;1
-34;21;57;1;1
-34;22;11;0;1
-34;22;16;0;1
-34;22;17;0;1
-34;22;21;1;1
-34;22;25;1;1
-34;22;26;0;1
-34;22;27;0;1
-34;22;28;1;1
-34;22;30;0;1
-34;22;33;0;1
-34;22;35;0;1
-34;22;37;0;1
-34;22;43;1;1
-34;22;44;0;1
-34;22;45;0;1
-34;22;47;0;1
-34;22;48;1;1
-34;22;49;0;1
-34;22;51;0;1
-34;22;52;1;1
-34;22;53;0;1
-34;22;55;1;1
-34;23;11;0;1
-34;23;14;1;1
-34;23;19;1;1
-34;23;21;0;1
-34;23;23;0;1
-34;23;24;0;1
-34;23;27;1;1
-34;23;33;1;1
-34;23;37;0;1
-34;23;40;0;1
-34;23;41;1;1
-34;23;44;0;1
-34;23;45;1;1
-34;23;51;1;1
-34;23;53;1;1
-34;23;55;0;1
-34;23;56;0;1
-34;24;13;0;1
-34;24;15;0;1
-34;24;17;1;1
-34;24;19;1;1
-34;24;22;0;1
-34;24;24;1;1
-34;24;28;1;1
-34;24;29;1;1
-34;24;32;0;1
-34;24;33;1;1
-34;24;34;1;1
-34;24;36;0;1
-34;24;42;0;1
-34;24;43;1;1
-34;24;44;1;1
-34;24;46;0;1
-34;24;48;0;1
-34;24;52;0;1
-34;24;54;0;1
-34;24;55;0;1
-34;24;56;0;1
-34;24;57;0;1
-34;25;12;1;1
-34;25;15;0;1
-34;25;16;0;1
-34;25;20;0;1
-34;25;22;0;1
-34;25;23;0;1
-34;25;24;0;1
-34;25;26;1;1
-34;25;27;0;1
-34;25;30;0;1
-34;25;31;0;1
-34;25;37;1;1
-34;25;39;1;1
-34;25;40;0;1
-34;25;51;0;1
-34;25;52;1;1
-34;25;53;0;1
-34;25;55;1;1
-34;25;56;0;1
-34;26;14;0;1
-34;26;15;1;1
-34;26;17;0;1
-34;26;20;1;1
-34;26;21;0;1
-34;26;22;0;1
-34;26;25;0;1
-34;26;30;1;1
-34;26;34;0;1
-34;26;36;0;1
-34;26;40;1;1
-34;26;41;0;1
-34;26;42;0;1
-34;26;47;0;1
-34;26;48;0;1
-34;26;49;0;1
-34;26;52;0;1
-34;26;53;0;1
-34;26;56;0;1
-34;27;13;0;1
-34;27;16;0;1
-34;27;17;0;1
-34;27;19;0;1
-34;27;21;0;1
-34;27;22;0;1
-34;27;23;0;1
-34;27;26;0;1
-34;27;27;1;1
-34;27;29;1;1
-34;27;30;0;1
-34;27;34;0;1
-34;27;39;1;1
-34;27;40;0;1
-34;27;43;0;1
-34;27;48;0;1
-34;27;52;0;1
-34;27;53;0;1
-34;27;56;0;1
-34;28;20;0;1
-34;28;26;0;1
-34;28;29;0;1
-34;28;30;0;1
-34;28;35;0;1
-34;28;36;0;1
-34;28;37;0;1
-34;28;40;1;1
-34;28;42;0;1
-34;28;44;1;1
-34;28;45;1;1
-34;28;46;0;1
-34;28;47;0;1
-34;28;48;0;1
-34;28;51;1;1
-34;28;54;0;1
-34;29;12;0;1
-34;29;16;1;1
-34;29;25;1;1
-34;29;26;0;1
-34;29;32;1;1
-34;29;35;1;1
-34;29;37;0;1
-34;29;43;0;1
-34;29;44;0;1
-34;29;49;1;1
-34;29;51;0;1
-34;30;15;0;1
-34;30;16;1;1
-34;30;17;1;1
-34;30;18;1;1
-34;30;21;1;1
-34;30;25;1;1
-34;30;27;0;1
-34;30;28;1;1
-34;30;29;0;1
-34;30;30;1;1
-34;30;33;0;1
-34;30;34;1;1
-34;30;41;1;1
-34;30;42;1;1
-34;30;44;1;1
-34;30;45;1;1
-34;30;50;0;1
-34;30;51;0;1
-34;30;54;0;1
-34;31;16;1;1
-34;31;23;1;1
-34;31;24;1;1
-34;31;25;1;1
-34;31;26;1;1
-34;31;29;1;1
-34;31;30;0;1
-34;31;32;0;1
-34;31;34;1;1
-34;31;36;0;1
-34;31;37;0;1
-34;31;42;0;1
-34;31;44;0;1
-34;31;49;0;1
-34;31;53;1;1
-34;32;14;0;1
-34;32;18;0;1
-34;32;19;0;1
-34;32;21;0;1
-34;32;23;0;1
-34;32;24;0;1
-34;32;30;1;1
-34;32;31;0;1
-34;32;33;1;1
-34;32;34;0;1
-34;32;35;0;1
-34;32;37;1;1
-34;32;42;1;1
-34;32;44;0;1
-34;32;45;1;1
-34;32;50;1;1
-34;32;52;0;1
-34;33;13;1;1
-34;33;14;1;1
-34;33;16;0;1
-34;33;21;1;1
-34;33;25;0;1
-34;33;27;1;1
-34;33;31;1;1
-34;33;36;0;1
-34;33;38;1;1
-34;33;42;1;1
-34;33;44;0;1
-34;33;47;0;1
-34;33;49;1;1
-34;34;13;0;1
-34;34;15;0;1
-34;34;16;0;1
-34;34;18;1;1
-34;34;19;0;1
-34;34;20;0;1
-34;34;22;0;1
-34;34;23;0;1
-34;34;30;0;1
-34;34;32;0;1
-34;34;33;1;1
-34;34;34;0;1
-34;34;35;1;1
-34;34;38;0;1
-34;34;40;1;1
-34;34;41;0;1
-34;34;43;0;1
-34;34;44;0;1
-34;34;46;1;1
-34;34;48;0;1
-34;34;49;0;1
-34;35;14;1;1
-34;35;17;0;1
-34;35;18;1;1
-34;35;19;0;1
-34;35;23;0;1
-34;35;24;0;1
-34;35;27;1;1
-34;35;33;0;1
-34;35;34;0;1
-34;35;36;0;1
-34;35;38;1;1
-34;35;44;1;1
-34;35;45;0;1
-34;35;46;0;1
-34;35;51;0;1
-34;36;16;0;1
-34;36;18;0;1
-34;36;23;1;1
-34;36;24;0;1
-34;36;28;0;1
-34;36;29;0;1
-34;36;44;1;1
-34;36;45;1;1
-34;36;46;0;1
-34;36;47;0;1
-34;36;48;1;1
-34;37;16;0;1
-34;37;17;0;1
-34;37;18;0;1
-34;37;19;0;1
-34;37;24;1;1
-34;37;26;1;1
-34;37;27;0;1
-34;37;31;1;1
-34;37;32;0;1
-34;37;33;1;1
-34;37;39;0;1
-34;37;40;0;1
-34;37;41;1;1
-34;37;42;1;1
-34;37;43;1;1
-34;37;49;0;1
-34;37;50;1;1
-34;38;14;0;1
-34;38;16;0;1
-34;38;18;0;1
-34;38;23;0;1
-34;38;24;0;1
-34;38;25;1;1
-34;38;26;0;1
-34;38;28;0;1
-34;38;29;0;1
-34;38;31;1;1
-34;38;34;0;1
-34;38;40;1;1
-34;38;42;1;1
-34;38;43;0;1
-34;38;44;0;1
-34;38;45;0;1
-34;39;14;1;1
-34;39;15;1;1
-34;39;17;0;1
-34;39;23;0;1
-34;39;24;1;1
-34;39;29;1;1
-34;39;30;0;1
-34;39;42;0;1
-34;39;43;0;1
-34;39;47;0;1
-34;40;20;1;1
-34;40;24;0;1
-34;40;36;1;1
-34;40;37;0;1
-34;40;38;0;1
-34;41;15;0;1
-34;41;16;1;1
-34;41;17;1;1
-34;41;21;1;1
-34;41;23;0;1
-34;41;27;1;1
-34;41;32;1;1
-34;41;33;0;1
-34;41;35;0;1
-34;41;38;0;1
-34;41;42;0;1
-34;41;47;1;1
-34;42;15;1;1
-34;42;17;0;1
-34;42;18;0;1
-34;42;21;0;1
-34;42;23;0;1
-34;42;25;0;1
-34;42;27;0;1
-34;42;28;0;1
-34;42;29;0;1
-34;42;30;0;1
-34;42;34;0;1
-34;42;36;0;1
-34;42;37;0;1
-34;42;43;0;1
-34;42;44;0;1
-34;43;15;1;1
-34;43;16;1;1
-34;43;17;0;1
-34;43;19;0;1
-34;43;20;0;1
-34;43;21;0;1
-34;43;25;1;1
-34;43;28;0;1
-34;43;29;1;1
-34;43;33;0;1
-34;43;37;1;1
-34;43;40;0;1
-34;43;41;1;1
-34;43;43;0;1
-34;44;19;1;1
-34;44;23;0;1
-34;44;31;0;1
-34;44;34;0;1
-34;44;37;0;1
-34;44;38;0;1
-34;44;39;1;1
-34;44;42;1;1
-34;44;43;0;1
-34;45;17;1;1
-34;45;23;1;1
-34;45;25;0;1
-34;45;26;0;1
-34;45;27;1;1
-34;45;29;1;1
-34;45;34;1;1
-34;45;35;0;1
-34;45;36;0;1
-34;45;40;1;1
-34;45;41;0;1
-34;45;43;0;1
-34;46;18;1;1
-34;46;19;0;1
-34;46;20;1;1
-34;46;22;0;1
-34;46;28;1;1
-34;46;29;0;1
-34;46;34;1;1
-34;46;35;0;1
-34;47;20;0;1
-34;47;21;0;1
-34;47;23;1;1
-34;47;24;0;1
-34;47;28;1;1
-34;47;30;0;1
-34;47;33;0;1
-34;47;34;0;1
-34;47;36;1;1
-34;47;38;0;1
-34;47;39;0;1
-34;47;40;0;1
-34;48;18;1;1
-34;48;20;1;1
-34;48;21;1;1
-34;48;22;1;1
-34;48;23;0;1
-34;48;25;0;1
-34;48;26;1;1
-34;48;28;1;1
-34;48;30;1;1
-34;48;32;0;1
-34;48;38;0;1
-34;48;39;0;1
-34;49;26;0;1
-34;49;27;0;1
-34;49;31;0;1
-34;49;32;0;1
-34;49;35;0;1
-34;49;36;1;1
-34;49;38;1;1
-34;50;17;0;1
-34;50;18;0;1
-34;50;20;0;1
-34;50;21;0;1
-34;50;24;0;1
-34;50;25;0;1
-34;50;27;0;1
-34;50;28;1;1
-34;50;29;1;1
-34;50;30;1;1
-34;50;32;1;1
-34;50;33;1;1
-34;50;35;1;1
-34;50;36;1;1
-34;51;23;1;1
-34;51;25;0;1
-34;51;26;1;1
-34;51;28;1;1
-34;51;32;0;1
-34;51;35;1;1
-34;52;17;0;1
-34;52;20;0;1
-34;52;24;0;1
-34;52;29;1;1
-34;52;31;0;1
-34;52;32;1;1
-34;52;33;0;1
-34;52;34;1;1
-34;53;21;0;1
-34;53;23;0;1
-34;53;24;0;1
-34;53;26;0;1
-34;53;28;0;1
-34;54;18;0;1
-34;54;19;1;1
-34;54;22;0;1
-34;54;24;0;1
-34;54;28;0;1
-34;54;30;1;1
-34;54;31;0;1
-34;55;18;0;1
-34;55;19;0;1
-34;55;24;1;1
-34;55;28;0;1
-34;55;29;1;1
-34;56;19;0;1
-34;56;21;1;1
-34;56;22;1;1
-34;56;24;1;1
-34;56;27;1;1
-34;57;18;0;1
-34;57;19;0;1
-34;57;21;0;1
-34;57;25;0;1
-34;58;20;0;1
-34;58;22;0;1
-33;-57;18;0;1
-33;-57;25;1;1
-33;-57;26;0;1
-33;-56;21;0;1
-33;-56;24;1;1
-33;-56;27;0;1
-33;-55;18;0;1
-33;-55;22;0;1
-33;-55;23;0;1
-33;-55;25;1;1
-33;-54;18;0;1
-33;-54;21;0;1
-33;-54;22;1;1
-33;-54;25;0;1
-33;-54;27;1;1
-33;-54;28;0;1
-33;-54;30;1;1
-33;-54;31;0;1
-33;-53;18;0;1
-33;-53;20;1;1
-33;-53;21;0;1
-33;-53;24;0;1
-33;-53;25;1;1
-33;-53;26;1;1
-33;-53;28;1;1
-33;-53;32;1;1
-33;-53;33;0;1
-33;-52;17;0;1
-33;-52;23;0;1
-33;-52;24;1;1
-33;-52;25;0;1
-33;-52;28;1;1
-33;-52;30;1;1
-33;-52;34;0;1
-33;-52;35;1;1
-33;-51;22;0;1
-33;-51;23;1;1
-33;-51;24;0;1
-33;-51;26;0;1
-33;-51;31;0;1
-33;-51;35;0;1
-33;-50;18;0;1
-33;-50;26;0;1
-33;-50;27;0;1
-33;-50;28;0;1
-33;-50;29;1;1
-33;-50;30;0;1
-33;-50;32;1;1
-33;-50;34;1;1
-33;-50;35;1;1
-33;-50;38;0;1
-33;-49;17;0;1
-33;-49;21;1;1
-33;-49;23;0;1
-33;-49;24;0;1
-33;-49;26;1;1
-33;-49;28;0;1
-33;-49;29;1;1
-33;-49;30;0;1
-33;-49;31;0;1
-33;-49;32;0;1
-33;-49;37;1;1
-33;-48;16;0;1
-33;-48;17;1;1
-33;-48;18;0;1
-33;-48;24;0;1
-33;-48;27;0;1
-33;-48;28;1;1
-33;-48;31;0;1
-33;-48;34;1;1
-33;-48;37;0;1
-33;-48;40;0;1
-33;-47;16;0;1
-33;-47;17;0;1
-33;-47;18;1;1
-33;-47;19;1;1
-33;-47;21;1;1
-33;-47;23;1;1
-33;-47;24;1;1
-33;-47;25;1;1
-33;-47;26;0;1
-33;-47;27;0;1
-33;-47;28;0;1
-33;-47;35;0;1
-33;-47;36;1;1
-33;-47;39;0;1
-33;-47;40;0;1
-33;-46;16;0;1
-33;-46;18;0;1
-33;-46;19;0;1
-33;-46;21;0;1
-33;-46;23;1;1
-33;-46;24;0;1
-33;-46;27;1;1
-33;-46;28;1;1
-33;-46;29;0;1
-33;-46;31;0;1
-33;-46;32;1;1
-33;-46;33;0;1
-33;-46;34;0;1
-33;-46;35;0;1
-33;-46;36;0;1
-33;-46;38;1;1
-33;-46;41;0;1
-33;-45;16;1;1
-33;-45;18;1;1
-33;-45;24;1;1
-33;-45;29;1;1
-33;-45;32;0;1
-33;-45;34;0;1
-33;-45;39;0;1
-33;-45;42;1;1
-33;-44;15;0;1
-33;-44;16;0;1
-33;-44;17;0;1
-33;-44;21;0;1
-33;-44;24;0;1
-33;-44;26;0;1
-33;-44;27;0;1
-33;-44;28;0;1
-33;-44;29;0;1
-33;-44;30;0;1
-33;-44;31;1;1
-33;-44;32;1;1
-33;-44;37;0;1
-33;-44;40;0;1
-33;-44;41;0;1
-33;-44;43;0;1
-33;-43;15;0;1
-33;-43;16;0;1
-33;-43;18;0;1
-33;-43;19;1;1
-33;-43;21;0;1
-33;-43;22;0;1
-33;-43;23;0;1
-33;-43;26;1;1
-33;-43;29;0;1
-33;-43;30;0;1
-33;-43;34;0;1
-33;-43;35;0;1
-33;-43;38;0;1
-33;-43;41;1;1
-33;-43;43;1;1
-33;-42;16;0;1
-33;-42;17;0;1
-33;-42;19;0;1
-33;-42;20;0;1
-33;-42;28;0;1
-33;-42;30;0;1
-33;-42;34;0;1
-33;-42;37;1;1
-33;-42;44;1;1
-33;-42;45;0;1
-33;-41;17;0;1
-33;-41;19;1;1
-33;-41;26;0;1
-33;-41;27;1;1
-33;-41;32;0;1
-33;-41;33;1;1
-33;-41;34;0;1
-33;-41;35;0;1
-33;-41;37;0;1
-33;-41;38;0;1
-33;-41;41;0;1
-33;-41;42;1;1
-33;-41;44;1;1
-33;-41;45;1;1
-33;-41;47;0;1
-33;-40;14;0;1
-33;-40;17;0;1
-33;-40;30;0;1
-33;-40;31;1;1
-33;-40;32;1;1
-33;-40;34;1;1
-33;-40;40;0;1
-33;-40;43;1;1
-33;-40;44;0;1
-33;-40;47;0;1
-33;-40;48;0;1
-33;-39;14;0;1
-33;-39;16;1;1
-33;-39;20;0;1
-33;-39;22;1;1
-33;-39;23;0;1
-33;-39;26;0;1
-33;-39;36;0;1
-33;-39;37;1;1
-33;-39;39;1;1
-33;-39;41;0;1
-33;-39;42;0;1
-33;-39;44;0;1
-33;-39;45;1;1
-33;-39;47;1;1
-33;-39;49;0;1
-33;-38;20;1;1
-33;-38;21;1;1
-33;-38;22;0;1
-33;-38;23;0;1
-33;-38;24;0;1
-33;-38;25;0;1
-33;-38;26;0;1
-33;-38;30;0;1
-33;-38;31;0;1
-33;-38;32;1;1
-33;-38;33;0;1
-33;-38;39;0;1
-33;-38;40;1;1
-33;-38;44;0;1
-33;-38;45;1;1
-33;-38;46;1;1
-33;-38;47;1;1
-33;-38;48;0;1
-33;-38;50;0;1
-33;-37;14;0;1
-33;-37;15;0;1
-33;-37;17;0;1
-33;-37;18;0;1
-33;-37;19;0;1
-33;-37;20;0;1
-33;-37;21;0;1
-33;-37;23;0;1
-33;-37;25;1;1
-33;-37;27;0;1
-33;-37;32;0;1
-33;-37;33;1;1
-33;-37;35;0;1
-33;-37;37;0;1
-33;-37;38;0;1
-33;-37;42;0;1
-33;-37;46;0;1
-33;-37;47;0;1
-33;-37;49;0;1
-33;-36;15;1;1
-33;-36;20;1;1
-33;-36;24;1;1
-33;-36;26;0;1
-33;-36;27;0;1
-33;-36;29;1;1
-33;-36;30;1;1
-33;-36;33;0;1
-33;-36;39;1;1
-33;-36;47;0;1
-33;-36;49;0;1
-33;-36;51;0;1
-33;-35;14;0;1
-33;-35;15;0;1
-33;-35;18;0;1
-33;-35;21;0;1
-33;-35;22;0;1
-33;-35;24;1;1
-33;-35;27;1;1
-33;-35;30;1;1
-33;-35;31;0;1
-33;-35;34;0;1
-33;-35;36;1;1
-33;-35;37;1;1
-33;-35;38;0;1
-33;-35;48;0;1
-33;-35;49;1;1
-33;-35;51;0;1
-33;-34;14;0;1
-33;-34;18;1;1
-33;-34;19;0;1
-33;-34;20;1;1
-33;-34;26;1;1
-33;-34;27;0;1
-33;-34;28;0;1
-33;-34;31;1;1
-33;-34;37;0;1
-33;-34;38;1;1
-33;-34;41;0;1
-33;-34;43;0;1
-33;-34;44;1;1
-33;-34;45;0;1
-33;-34;48;0;1
-33;-34;49;0;1
-33;-34;51;1;1
-33;-34;52;0;1
-33;-33;15;0;1
-33;-33;16;1;1
-33;-33;17;0;1
-33;-33;18;0;1
-33;-33;21;0;1
-33;-33;22;0;1
-33;-33;24;1;1
-33;-33;26;1;1
-33;-33;37;0;1
-33;-33;38;0;1
-33;-33;39;1;1
-33;-33;42;0;1
-33;-33;45;0;1
-33;-33;47;0;1
-33;-33;50;0;1
-33;-33;53;0;1
-33;-32;14;1;1
-33;-32;18;0;1
-33;-32;19;0;1
-33;-32;24;1;1
-33;-32;25;1;1
-33;-32;30;1;1
-33;-32;31;1;1
-33;-32;32;0;1
-33;-32;34;1;1
-33;-32;36;0;1
-33;-32;41;1;1
-33;-32;42;0;1
-33;-32;45;0;1
-33;-32;46;1;1
-33;-32;47;0;1
-33;-32;51;1;1
-33;-32;52;1;1
-33;-31;18;0;1
-33;-31;19;1;1
-33;-31;20;1;1
-33;-31;21;0;1
-33;-31;22;1;1
-33;-31;25;0;1
-33;-31;27;0;1
-33;-31;28;0;1
-33;-31;29;1;1
-33;-31;30;1;1
-33;-31;32;1;1
-33;-31;33;0;1
-33;-31;37;0;1
-33;-31;40;0;1
-33;-31;41;1;1
-33;-31;42;1;1
-33;-31;44;0;1
-33;-31;46;0;1
-33;-31;49;1;1
-33;-31;50;0;1
-33;-31;52;0;1
-33;-30;16;1;1
-33;-30;19;1;1
-33;-30;20;0;1
-33;-30;22;0;1
-33;-30;25;0;1
-33;-30;27;0;1
-33;-30;28;0;1
-33;-30;31;0;1
-33;-30;35;0;1
-33;-30;38;0;1
-33;-30;40;0;1
-33;-30;41;0;1
-33;-30;42;0;1
-33;-30;44;0;1
-33;-30;45;0;1
-33;-30;48;1;1
-33;-30;50;0;1
-33;-30;54;0;1
-33;-29;12;0;1
-33;-29;15;0;1
-33;-29;19;1;1
-33;-29;20;0;1
-33;-29;22;0;1
-33;-29;23;0;1
-33;-29;24;0;1
-33;-29;27;0;1
-33;-29;29;0;1
-33;-29;31;1;1
-33;-29;32;0;1
-33;-29;40;0;1
-33;-29;42;1;1
-33;-29;44;1;1
-33;-29;50;0;1
-33;-29;51;1;1
-33;-29;52;1;1
-33;-29;53;1;1
-33;-28;13;0;1
-33;-28;15;0;1
-33;-28;20;1;1
-33;-28;21;0;1
-33;-28;24;0;1
-33;-28;35;0;1
-33;-28;36;0;1
-33;-28;38;1;1
-33;-28;42;0;1
-33;-28;44;0;1
-33;-28;50;0;1
-33;-28;52;0;1
-33;-27;12;1;1
-33;-27;13;1;1
-33;-27;15;1;1
-33;-27;16;1;1
-33;-27;18;1;1
-33;-27;19;0;1
-33;-27;27;0;1
-33;-27;29;1;1
-33;-27;30;0;1
-33;-27;35;0;1
-33;-27;38;1;1
-33;-27;46;1;1
-33;-27;50;1;1
-33;-27;51;0;1
-33;-27;53;0;1
-33;-26;13;1;1
-33;-26;16;0;1
-33;-26;17;0;1
-33;-26;21;0;1
-33;-26;24;0;1
-33;-26;25;0;1
-33;-26;27;0;1
-33;-26;33;0;1
-33;-26;37;1;1
-33;-26;40;0;1
-33;-26;41;0;1
-33;-26;44;1;1
-33;-26;49;0;1
-33;-26;50;1;1
-33;-26;52;0;1
-33;-26;57;0;1
-33;-25;16;0;1
-33;-25;17;1;1
-33;-25;18;1;1
-33;-25;20;0;1
-33;-25;21;0;1
-33;-25;23;0;1
-33;-25;25;0;1
-33;-25;27;0;1
-33;-25;30;0;1
-33;-25;33;0;1
-33;-25;35;0;1
-33;-25;40;0;1
-33;-25;45;0;1
-33;-25;46;0;1
-33;-25;47;0;1
-33;-25;48;0;1
-33;-25;50;1;1
-33;-25;52;1;1
-33;-25;56;1;1
-33;-24;16;1;1
-33;-24;17;0;1
-33;-24;18;1;1
-33;-24;19;0;1
-33;-24;26;1;1
-33;-24;28;0;1
-33;-24;31;1;1
-33;-24;33;0;1
-33;-24;35;0;1
-33;-24;37;0;1
-33;-24;39;0;1
-33;-24;40;1;1
-33;-24;41;0;1
-33;-24;43;0;1
-33;-24;47;0;1
-33;-24;55;0;1
-33;-24;57;1;1
-33;-23;15;1;1
-33;-23;16;0;1
-33;-23;20;1;1
-33;-23;21;0;1
-33;-23;24;0;1
-33;-23;26;0;1
-33;-23;28;0;1
-33;-23;29;0;1
-33;-23;31;1;1
-33;-23;33;1;1
-33;-23;34;1;1
-33;-23;35;0;1
-33;-23;36;0;1
-33;-23;37;1;1
-33;-23;38;0;1
-33;-23;43;0;1
-33;-23;51;0;1
-33;-23;56;0;1
-33;-22;11;0;1
-33;-22;12;1;1
-33;-22;16;1;1
-33;-22;17;0;1
-33;-22;20;0;1
-33;-22;22;1;1
-33;-22;24;0;1
-33;-22;28;0;1
-33;-22;30;1;1
-33;-22;31;0;1
-33;-22;37;1;1
-33;-22;41;0;1
-33;-22;42;1;1
-33;-22;45;1;1
-33;-22;47;0;1
-33;-22;54;1;1
-33;-22;56;0;1
-33;-21;13;0;1
-33;-21;14;0;1
-33;-21;17;0;1
-33;-21;18;0;1
-33;-21;21;1;1
-33;-21;23;1;1
-33;-21;24;1;1
-33;-21;25;0;1
-33;-21;27;1;1
-33;-21;29;0;1
-33;-21;31;0;1
-33;-21;33;1;1
-33;-21;34;1;1
-33;-21;36;1;1
-33;-21;39;0;1
-33;-21;41;0;1
-33;-21;42;1;1
-33;-21;45;0;1
-33;-21;47;0;1
-33;-21;51;0;1
-33;-21;53;1;1
-33;-21;54;0;1
-33;-21;56;0;1
-33;-21;58;1;1
-33;-20;11;1;1
-33;-20;15;0;1
-33;-20;17;0;1
-33;-20;18;0;1
-33;-20;20;1;1
-33;-20;23;0;1
-33;-20;27;0;1
-33;-20;30;0;1
-33;-20;33;1;1
-33;-20;41;0;1
-33;-20;46;1;1
-33;-20;53;0;1
-33;-20;54;0;1
-33;-20;55;0;1
-33;-20;58;1;1
-33;-20;59;0;1
-33;-19;11;0;1
-33;-19;15;0;1
-33;-19;20;0;1
-33;-19;21;1;1
-33;-19;22;0;1
-33;-19;28;0;1
-33;-19;29;0;1
-33;-19;30;1;1
-33;-19;33;0;1
-33;-19;34;0;1
-33;-19;37;1;1
-33;-19;41;0;1
-33;-19;42;1;1
-33;-19;44;1;1
-33;-19;46;0;1
-33;-19;51;1;1
-33;-19;53;1;1
-33;-19;54;0;1
-33;-19;59;0;1
-33;-18;15;1;1
-33;-18;18;1;1
-33;-18;19;0;1
-33;-18;23;1;1
-33;-18;25;0;1
-33;-18;26;0;1
-33;-18;28;1;1
-33;-18;32;0;1
-33;-18;33;1;1
-33;-18;37;0;1
-33;-18;40;0;1
-33;-18;43;0;1
-33;-18;47;0;1
-33;-18;52;0;1
-33;-18;55;1;1
-33;-17;12;0;1
-33;-17;14;1;1
-33;-17;18;1;1
-33;-17;21;0;1
-33;-17;23;0;1
-33;-17;27;1;1
-33;-17;28;0;1
-33;-17;29;1;1
-33;-17;30;1;1
-33;-17;33;1;1
-33;-17;34;0;1
-33;-17;35;0;1
-33;-17;36;0;1
-33;-17;39;1;1
-33;-17;40;0;1
-33;-17;41;1;1
-33;-17;42;1;1
-33;-17;45;0;1
-33;-17;48;0;1
-33;-17;49;1;1
-33;-17;51;0;1
-33;-17;58;1;1
-33;-17;59;0;1
-33;-16;11;0;1
-33;-16;13;0;1
-33;-16;14;0;1
-33;-16;15;1;1
-33;-16;16;1;1
-33;-16;21;0;1
-33;-16;22;1;1
-33;-16;24;0;1
-33;-16;25;0;1
-33;-16;28;0;1
-33;-16;31;0;1
-33;-16;33;0;1
-33;-16;34;0;1
-33;-16;38;1;1
-33;-16;41;1;1
-33;-16;43;0;1
-33;-16;46;0;1
-33;-16;48;0;1
-33;-16;53;0;1
-33;-16;54;0;1
-33;-16;56;0;1
-33;-16;58;1;1
-33;-15;14;0;1
-33;-15;16;0;1
-33;-15;21;0;1
-33;-15;23;0;1
-33;-15;27;1;1
-33;-15;31;1;1
-33;-15;33;1;1
-33;-15;36;0;1
-33;-15;37;1;1
-33;-15;38;0;1
-33;-15;39;0;1
-33;-15;41;1;1
-33;-15;42;0;1
-33;-15;45;0;1
-33;-15;47;0;1
-33;-15;49;1;1
-33;-15;51;1;1
-33;-15;52;1;1
-33;-15;54;0;1
-33;-15;57;1;1
-33;-14;12;1;1
-33;-14;15;1;1
-33;-14;20;1;1
-33;-14;24;1;1
-33;-14;25;0;1
-33;-14;27;1;1
-33;-14;28;1;1
-33;-14;29;0;1
-33;-14;32;0;1
-33;-14;33;1;1
-33;-14;38;0;1
-33;-14;48;1;1
-33;-14;50;0;1
-33;-14;52;0;1
-33;-14;53;1;1
-33;-14;54;1;1
-33;-14;55;1;1
-33;-14;56;0;1
-33;-14;61;0;1
-33;-13;12;0;1
-33;-13;13;0;1
-33;-13;14;0;1
-33;-13;15;1;1
-33;-13;19;1;1
-33;-13;20;0;1
-33;-13;22;0;1
-33;-13;26;1;1
-33;-13;28;1;1
-33;-13;29;0;1
-33;-13;30;0;1
-33;-13;38;0;1
-33;-13;40;1;1
-33;-13;41;1;1
-33;-13;44;0;1
-33;-13;49;1;1
-33;-13;50;1;1
-33;-13;51;0;1
-33;-13;52;0;1
-33;-13;55;1;1
-33;-13;58;0;1
-33;-13;59;1;1
-33;-13;60;0;1
-33;-12;11;0;1
-33;-12;12;0;1
-33;-12;14;0;1
-33;-12;17;1;1
-33;-12;18;1;1
-33;-12;26;0;1
-33;-12;27;1;1
-33;-12;29;1;1
-33;-12;39;0;1
-33;-12;42;1;1
-33;-12;45;0;1
-33;-12;48;0;1
-33;-12;55;0;1
-33;-12;56;1;1
-33;-12;61;0;1
-33;-11;10;1;1
-33;-11;12;1;1
-33;-11;13;1;1
-33;-11;15;0;1
-33;-11;18;1;1
-33;-11;22;1;1
-33;-11;23;0;1
-33;-11;25;1;1
-33;-11;26;0;1
-33;-11;27;0;1
-33;-11;31;1;1
-33;-11;32;0;1
-33;-11;33;0;1
-33;-11;34;1;1
-33;-11;36;1;1
-33;-11;38;0;1
-33;-11;39;1;1
-33;-11;40;0;1
-33;-11;41;1;1
-33;-11;42;0;1
-33;-11;43;0;1
-33;-11;46;0;1
-33;-11;49;0;1
-33;-11;52;1;1
-33;-11;54;1;1
-33;-11;57;0;1
-33;-11;60;0;1
-33;-11;61;1;1
-33;-10;11;0;1
-33;-10;13;0;1
-33;-10;15;1;1
-33;-10;18;1;1
-33;-10;20;0;1
-33;-10;21;1;1
-33;-10;27;1;1
-33;-10;28;0;1
-33;-10;29;1;1
-33;-10;33;0;1
-33;-10;37;0;1
-33;-10;41;0;1
-33;-10;42;0;1
-33;-10;47;1;1
-33;-10;49;1;1
-33;-10;51;0;1
-33;-10;53;1;1
-33;-10;55;0;1
-33;-10;56;0;1
-33;-10;57;0;1
-33;-9;10;0;1
-33;-9;12;0;1
-33;-9;13;0;1
-33;-9;14;0;1
-33;-9;18;1;1
-33;-9;21;1;1
-33;-9;26;1;1
-33;-9;36;1;1
-33;-9;38;0;1
-33;-9;42;1;1
-33;-9;43;0;1
-33;-9;44;0;1
-33;-9;45;0;1
-33;-9;46;0;1
-33;-9;50;1;1
-33;-9;53;1;1
-33;-9;59;1;1
-33;-9;60;1;1
-33;-9;61;0;1
-33;-8;13;1;1
-33;-8;15;1;1
-33;-8;18;0;1
-33;-8;24;1;1
-33;-8;26;0;1
-33;-8;27;1;1
-33;-8;28;0;1
-33;-8;31;0;1
-33;-8;37;0;1
-33;-8;38;0;1
-33;-8;40;0;1
-33;-8;41;1;1
-33;-8;45;1;1
-33;-8;46;0;1
-33;-8;49;0;1
-33;-8;50;1;1
-33;-8;53;1;1
-33;-8;59;1;1
-33;-8;61;0;1
-33;-7;12;0;1
-33;-7;13;1;1
-33;-7;14;0;1
-33;-7;16;0;1
-33;-7;17;0;1
-33;-7;18;0;1
-33;-7;19;0;1
-33;-7;20;0;1
-33;-7;27;0;1
-33;-7;37;0;1
-33;-7;40;0;1
-33;-7;41;0;1
-33;-7;43;0;1
-33;-7;44;0;1
-33;-7;47;0;1
-33;-7;51;1;1
-33;-7;52;0;1
-33;-7;53;0;1
-33;-7;58;0;1
-33;-6;10;0;1
-33;-6;11;0;1
-33;-6;13;0;1
-33;-6;17;0;1
-33;-6;23;1;1
-33;-6;26;0;1
-33;-6;27;1;1
-33;-6;29;0;1
-33;-6;35;1;1
-33;-6;40;1;1
-33;-6;42;0;1
-33;-6;43;0;1
-33;-6;45;1;1
-33;-6;48;1;1
-33;-6;52;0;1
-33;-6;53;0;1
-33;-6;60;0;1
-33;-6;61;1;1
-33;-6;62;0;1
-33;-5;10;0;1
-33;-5;12;0;1
-33;-5;15;1;1
-33;-5;16;0;1
-33;-5;18;1;1
-33;-5;21;0;1
-33;-5;26;0;1
-33;-5;27;0;1
-33;-5;31;0;1
-33;-5;32;0;1
-33;-5;33;1;1
-33;-5;34;1;1
-33;-5;38;0;1
-33;-5;40;0;1
-33;-5;41;1;1
-33;-5;42;0;1
-33;-5;46;1;1
-33;-5;48;1;1
-33;-5;51;1;1
-33;-5;52;1;1
-33;-5;53;0;1
-33;-5;54;0;1
-33;-5;57;0;1
-33;-5;59;1;1
-33;-5;60;1;1
-33;-5;61;1;1
-33;-4;10;0;1
-33;-4;12;1;1
-33;-4;15;1;1
-33;-4;19;0;1
-33;-4;21;0;1
-33;-4;25;0;1
-33;-4;28;1;1
-33;-4;29;0;1
-33;-4;32;1;1
-33;-4;40;0;1
-33;-4;43;1;1
-33;-4;48;0;1
-33;-4;50;0;1
-33;-4;52;0;1
-33;-4;55;0;1
-33;-4;56;1;1
-33;-4;60;0;1
-33;-4;62;0;1
-33;-3;9;1;1
-33;-3;10;0;1
-33;-3;16;0;1
-33;-3;17;1;1
-33;-3;18;0;1
-33;-3;20;0;1
-33;-3;24;0;1
-33;-3;25;0;1
-33;-3;29;1;1
-33;-3;30;1;1
-33;-3;31;0;1
-33;-3;35;1;1
-33;-3;37;0;1
-33;-3;38;0;1
-33;-3;41;1;1
-33;-3;42;0;1
-33;-3;46;0;1
-33;-3;48;0;1
-33;-3;49;1;1
-33;-3;50;1;1
-33;-3;51;0;1
-33;-3;52;0;1
-33;-3;53;0;1
-33;-3;56;0;1
-33;-3;57;1;1
-33;-3;59;0;1
-33;-3;61;1;1
-33;-2;9;0;1
-33;-2;14;0;1
-33;-2;16;0;1
-33;-2;18;0;1
-33;-2;20;1;1
-33;-2;22;0;1
-33;-2;23;0;1
-33;-2;24;0;1
-33;-2;27;0;1
-33;-2;31;0;1
-33;-2;32;0;1
-33;-2;34;1;1
-33;-2;35;1;1
-33;-2;36;1;1
-33;-2;37;0;1
-33;-2;38;0;1
-33;-2;43;0;1
-33;-2;47;0;1
-33;-2;48;0;1
-33;-2;49;1;1
-33;-2;50;0;1
-33;-2;52;1;1
-33;-2;54;1;1
-33;-2;56;0;1
-33;-2;57;0;1
-33;-1;13;0;1
-33;-1;18;0;1
-33;-1;20;1;1
-33;-1;21;0;1
-33;-1;24;0;1
-33;-1;26;0;1
-33;-1;30;1;1
-33;-1;31;0;1
-33;-1;33;0;1
-33;-1;38;0;1
-33;-1;40;1;1
-33;-1;41;1;1
-33;-1;42;0;1
-33;-1;43;0;1
-33;-1;44;0;1
-33;-1;46;0;1
-33;-1;48;1;1
-33;-1;50;0;1
-33;-1;51;1;1
-33;-1;52;0;1
-33;-1;56;1;1
-33;-1;57;0;1
-33;-1;58;0;1
-33;-1;62;0;1
-33;0;10;0;1
-33;0;12;1;1
-33;0;14;0;1
-33;0;16;1;1
-33;0;20;0;1
-33;0;21;0;1
-33;0;23;0;1
-33;0;24;0;1
-33;0;30;0;1
-33;0;31;1;1
-33;0;40;0;1
-33;0;41;0;1
-33;0;45;1;1
-33;0;48;0;1
-33;0;50;0;1
-33;0;56;0;1
-33;0;59;1;1
-33;0;60;0;1
-33;0;62;1;1
-33;1;9;1;1
-33;1;11;0;1
-33;1;14;0;1
-33;1;16;0;1
-33;1;17;1;1
-33;1;20;0;1
-33;1;21;0;1
-33;1;25;1;1
-33;1;27;1;1
-33;1;30;0;1
-33;1;34;0;1
-33;1;35;0;1
-33;1;36;1;1
-33;1;37;1;1
-33;1;38;1;1
-33;1;40;0;1
-33;1;43;0;1
-33;1;48;0;1
-33;1;53;0;1
-33;1;55;0;1
-33;1;57;0;1
-33;1;58;0;1
-33;1;60;1;1
-33;1;61;1;1
-33;2;9;0;1
-33;2;15;1;1
-33;2;17;0;1
-33;2;22;0;1
-33;2;23;0;1
-33;2;25;0;1
-33;2;27;1;1
-33;2;28;0;1
-33;2;29;1;1
-33;2;31;0;1
-33;2;32;1;1
-33;2;34;0;1
-33;2;38;0;1
-33;2;40;0;1
-33;2;41;1;1
-33;2;42;1;1
-33;2;45;1;1
-33;2;46;0;1
-33;2;52;0;1
-33;2;53;0;1
-33;2;54;0;1
-33;2;55;1;1
-33;2;56;1;1
-33;2;57;0;1
-33;2;61;1;1
-33;3;11;0;1
-33;3;15;1;1
-33;3;16;0;1
-33;3;19;0;1
-33;3;24;0;1
-33;3;25;1;1
-33;3;30;0;1
-33;3;32;0;1
-33;3;34;0;1
-33;3;35;1;1
-33;3;41;1;1
-33;3;42;0;1
-33;3;51;1;1
-33;3;53;1;1
-33;3;54;1;1
-33;3;56;0;1
-33;3;57;1;1
-33;3;58;0;1
-33;3;61;1;1
-33;3;62;1;1
-33;4;11;1;1
-33;4;12;0;1
-33;4;13;0;1
-33;4;15;0;1
-33;4;19;1;1
-33;4;24;0;1
-33;4;27;1;1
-33;4;28;1;1
-33;4;29;0;1
-33;4;34;1;1
-33;4;43;0;1
-33;4;44;1;1
-33;4;45;0;1
-33;4;46;1;1
-33;4;48;0;1
-33;4;51;0;1
-33;4;54;1;1
-33;4;55;1;1
-33;4;59;1;1
-33;4;60;0;1
-33;5;10;0;1
-33;5;14;1;1
-33;5;15;1;1
-33;5;16;0;1
-33;5;19;0;1
-33;5;25;1;1
-33;5;26;0;1
-33;5;27;1;1
-33;5;29;0;1
-33;5;31;0;1
-33;5;32;0;1
-33;5;36;0;1
-33;5;37;0;1
-33;5;40;1;1
-33;5;41;0;1
-33;5;42;0;1
-33;5;46;0;1
-33;5;49;0;1
-33;5;50;0;1
-33;5;51;0;1
-33;5;52;1;1
-33;5;53;1;1
-33;5;60;0;1
-33;5;61;0;1
-33;5;62;1;1
-33;6;10;0;1
-33;6;12;0;1
-33;6;16;0;1
-33;6;17;0;1
-33;6;19;0;1
-33;6;20;0;1
-33;6;21;0;1
-33;6;22;1;1
-33;6;24;0;1
-33;6;25;0;1
-33;6;27;1;1
-33;6;29;0;1
-33;6;35;1;1
-33;6;36;1;1
-33;6;37;1;1
-33;6;38;0;1
-33;6;40;1;1
-33;6;43;0;1
-33;6;44;0;1
-33;6;47;0;1
-33;6;50;1;1
-33;6;52;0;1
-33;6;54;0;1
-33;6;55;0;1
-33;6;59;1;1
-33;6;60;0;1
-33;6;61;1;1
-33;7;10;1;1
-33;7;11;0;1
-33;7;12;1;1
-33;7;14;1;1
-33;7;19;0;1
-33;7;24;0;1
-33;7;25;1;1
-33;7;26;0;1
-33;7;29;0;1
-33;7;30;0;1
-33;7;33;0;1
-33;7;34;0;1
-33;7;38;0;1
-33;7;39;1;1
-33;7;43;0;1
-33;7;44;0;1
-33;7;47;1;1
-33;7;52;0;1
-33;7;54;1;1
-33;7;56;0;1
-33;7;59;1;1
-33;7;60;0;1
-33;7;61;0;1
-33;7;62;0;1
-33;8;12;0;1
-33;8;13;1;1
-33;8;14;1;1
-33;8;15;0;1
-33;8;18;1;1
-33;8;21;1;1
-33;8;22;1;1
-33;8;26;0;1
-33;8;28;0;1
-33;8;29;0;1
-33;8;31;0;1
-33;8;37;0;1
-33;8;38;1;1
-33;8;39;0;1
-33;8;48;0;1
-33;8;58;1;1
-33;8;59;0;1
-33;9;11;1;1
-33;9;13;0;1
-33;9;14;0;1
-33;9;15;1;1
-33;9;19;1;1
-33;9;23;0;1
-33;9;25;0;1
-33;9;32;1;1
-33;9;34;0;1
-33;9;35;0;1
-33;9;36;0;1
-33;9;38;0;1
-33;9;41;0;1
-33;9;43;0;1
-33;9;44;1;1
-33;9;45;0;1
-33;9;46;1;1
-33;9;47;0;1
-33;9;49;0;1
-33;9;55;1;1
-33;9;56;0;1
-33;9;59;0;1
-33;9;60;0;1
-33;9;61;1;1
-33;10;11;1;1
-33;10;12;1;1
-33;10;14;0;1
-33;10;15;1;1
-33;10;16;0;1
-33;10;17;0;1
-33;10;20;1;1
-33;10;23;0;1
-33;10;25;1;1
-33;10;27;0;1
-33;10;30;0;1
-33;10;31;0;1
-33;10;40;1;1
-33;10;42;0;1
-33;10;43;1;1
-33;10;50;1;1
-33;10;54;0;1
-33;10;55;0;1
-33;10;57;0;1
-33;10;58;1;1
-33;10;62;0;1
-33;11;17;1;1
-33;11;20;1;1
-33;11;22;1;1
-33;11;26;0;1
-33;11;28;1;1
-33;11;29;0;1
-33;11;30;1;1
-33;11;36;1;1
-33;11;38;0;1
-33;11;39;1;1
-33;11;40;1;1
-33;11;42;1;1
-33;11;43;0;1
-33;11;45;1;1
-33;11;46;0;1
-33;11;48;0;1
-33;11;52;1;1
-33;11;58;0;1
-33;11;59;1;1
-33;12;11;0;1
-33;12;15;1;1
-33;12;19;0;1
-33;12;20;0;1
-33;12;22;1;1
-33;12;27;1;1
-33;12;29;1;1
-33;12;30;0;1
-33;12;31;1;1
-33;12;34;0;1
-33;12;39;0;1
-33;12;41;0;1
-33;12;48;1;1
-33;12;49;1;1
-33;12;54;1;1
-33;12;57;0;1
-33;12;59;1;1
-33;13;11;0;1
-33;13;12;0;1
-33;13;16;0;1
-33;13;17;1;1
-33;13;18;0;1
-33;13;23;1;1
-33;13;29;1;1
-33;13;30;1;1
-33;13;35;0;1
-33;13;37;1;1
-33;13;42;0;1
-33;13;43;1;1
-33;13;44;1;1
-33;13;45;0;1
-33;13;47;0;1
-33;13;48;0;1
-33;13;49;1;1
-33;13;51;1;1
-33;13;53;0;1
-33;13;54;0;1
-33;13;59;0;1
-33;14;10;1;1
-33;14;11;0;1
-33;14;13;0;1
-33;14;15;1;1
-33;14;19;1;1
-33;14;20;0;1
-33;14;23;0;1
-33;14;24;0;1
-33;14;27;1;1
-33;14;28;1;1
-33;14;29;0;1
-33;14;32;0;1
-33;14;34;0;1
-33;14;35;1;1
-33;14;42;0;1
-33;14;43;1;1
-33;14;44;0;1
-33;14;45;0;1
-33;14;46;0;1
-33;14;51;1;1
-33;14;52;1;1
-33;14;55;1;1
-33;14;56;0;1
-33;14;58;0;1
-33;14;59;0;1
-33;14;60;1;1
-33;15;10;0;1
-33;15;11;0;1
-33;15;12;0;1
-33;15;14;1;1
-33;15;15;0;1
-33;15;17;0;1
-33;15;18;1;1
-33;15;19;0;1
-33;15;21;1;1
-33;15;22;0;1
-33;15;24;0;1
-33;15;26;0;1
-33;15;31;1;1
-33;15;33;0;1
-33;15;36;1;1
-33;15;37;0;1
-33;15;40;0;1
-33;15;41;0;1
-33;15;42;0;1
-33;15;45;0;1
-33;15;47;0;1
-33;15;50;1;1
-33;15;51;1;1
-33;15;55;1;1
-33;15;57;0;1
-33;15;58;1;1
-33;16;12;1;1
-33;16;15;0;1
-33;16;16;1;1
-33;16;17;1;1
-33;16;18;0;1
-33;16;19;0;1
-33;16;29;0;1
-33;16;34;1;1
-33;16;35;0;1
-33;16;41;0;1
-33;16;49;1;1
-33;16;51;1;1
-33;16;52;1;1
-33;16;53;1;1
-33;16;56;1;1
-33;16;57;0;1
-33;16;58;0;1
-33;16;59;0;1
-33;17;16;1;1
-33;17;23;1;1
-33;17;26;0;1
-33;17;28;0;1
-33;17;30;0;1
-33;17;35;0;1
-33;17;39;0;1
-33;17;40;0;1
-33;17;41;0;1
-33;17;43;0;1
-33;17;45;0;1
-33;17;46;0;1
-33;17;51;1;1
-33;17;52;0;1
-33;17;54;0;1
-33;17;59;0;1
-33;17;60;0;1
-33;18;12;0;1
-33;18;15;1;1
-33;18;19;1;1
-33;18;23;0;1
-33;18;25;1;1
-33;18;27;0;1
-33;18;29;0;1
-33;18;32;0;1
-33;18;36;0;1
-33;18;38;1;1
-33;18;43;1;1
-33;18;48;0;1
-33;18;49;1;1
-33;18;55;1;1
-33;18;57;0;1
-33;18;58;0;1
-33;18;59;0;1
-33;19;11;0;1
-33;19;15;1;1
-33;19;16;1;1
-33;19;19;0;1
-33;19;22;0;1
-33;19;25;0;1
-33;19;29;1;1
-33;19;32;0;1
-33;19;33;0;1
-33;19;41;0;1
-33;19;42;0;1
-33;19;43;0;1
-33;19;44;0;1
-33;19;46;1;1
-33;19;47;1;1
-33;19;48;0;1
-33;19;52;1;1
-33;19;55;1;1
-33;19;58;0;1
-33;20;12;0;1
-33;20;14;0;1
-33;20;18;0;1
-33;20;26;0;1
-33;20;27;0;1
-33;20;32;0;1
-33;20;34;0;1
-33;20;36;1;1
-33;20;39;1;1
-33;20;43;1;1
-33;20;44;0;1
-33;20;46;0;1
-33;20;48;0;1
-33;20;49;0;1
-33;20;50;0;1
-33;20;51;0;1
-33;20;54;0;1
-33;21;15;0;1
-33;21;16;0;1
-33;21;18;0;1
-33;21;21;1;1
-33;21;25;0;1
-33;21;27;0;1
-33;21;29;0;1
-33;21;31;1;1
-33;21;33;0;1
-33;21;36;1;1
-33;21;37;1;1
-33;21;39;0;1
-33;21;41;1;1
-33;21;42;1;1
-33;21;45;0;1
-33;21;46;1;1
-33;21;47;0;1
-33;21;50;1;1
-33;21;54;0;1
-33;21;55;0;1
-33;21;57;0;1
-33;21;59;0;1
-33;22;12;0;1
-33;22;13;0;1
-33;22;14;0;1
-33;22;17;1;1
-33;22;21;1;1
-33;22;24;0;1
-33;22;25;0;1
-33;22;26;1;1
-33;22;28;0;1
-33;22;30;0;1
-33;22;46;1;1
-33;22;54;1;1
-33;22;56;1;1
-33;23;12;0;1
-33;23;16;0;1
-33;23;18;1;1
-33;23;22;1;1
-33;23;25;0;1
-33;23;28;1;1
-33;23;29;1;1
-33;23;30;0;1
-33;23;33;0;1
-33;23;36;0;1
-33;23;39;0;1
-33;23;40;1;1
-33;23;43;1;1
-33;23;45;0;1
-33;23;47;0;1
-33;23;50;1;1
-33;23;54;1;1
-33;23;56;1;1
-33;24;12;0;1
-33;24;14;0;1
-33;24;16;1;1
-33;24;18;1;1
-33;24;19;0;1
-33;24;23;1;1
-33;24;30;1;1
-33;24;32;1;1
-33;24;35;0;1
-33;24;36;0;1
-33;24;38;1;1
-33;24;40;1;1
-33;24;44;0;1
-33;24;45;1;1
-33;24;47;1;1
-33;24;49;1;1
-33;24;54;0;1
-33;25;12;0;1
-33;25;15;1;1
-33;25;22;0;1
-33;25;23;1;1
-33;25;24;0;1
-33;25;26;0;1
-33;25;27;0;1
-33;25;28;0;1
-33;25;30;1;1
-33;25;32;0;1
-33;25;34;1;1
-33;25;37;1;1
-33;25;38;0;1
-33;25;41;0;1
-33;25;42;0;1
-33;25;47;1;1
-33;25;48;0;1
-33;25;49;1;1
-33;25;51;0;1
-33;25;53;0;1
-33;25;57;1;1
-33;26;12;0;1
-33;26;13;1;1
-33;26;17;1;1
-33;26;20;1;1
-33;26;32;0;1
-33;26;34;0;1
-33;26;38;0;1
-33;26;40;1;1
-33;26;41;0;1
-33;26;43;1;1
-33;26;45;0;1
-33;26;47;0;1
-33;26;53;0;1
-33;26;55;0;1
-33;27;12;0;1
-33;27;14;0;1
-33;27;15;0;1
-33;27;17;0;1
-33;27;18;0;1
-33;27;23;0;1
-33;27;26;0;1
-33;27;29;0;1
-33;27;30;0;1
-33;27;33;1;1
-33;27;35;0;1
-33;27;36;1;1
-33;27;37;0;1
-33;27;39;0;1
-33;27;41;0;1
-33;27;42;1;1
-33;27;43;1;1
-33;27;47;0;1
-33;27;48;0;1
-33;27;49;0;1
-33;27;51;1;1
-33;28;14;0;1
-33;28;15;0;1
-33;28;16;1;1
-33;28;17;0;1
-33;28;18;0;1
-33;28;19;0;1
-33;28;24;0;1
-33;28;25;0;1
-33;28;27;1;1
-33;28;39;1;1
-33;28;41;1;1
-33;28;45;0;1
-33;28;47;0;1
-33;28;51;1;1
-33;29;15;0;1
-33;29;17;0;1
-33;29;18;1;1
-33;29;19;0;1
-33;29;20;0;1
-33;29;27;1;1
-33;29;32;1;1
-33;29;33;1;1
-33;29;34;1;1
-33;29;35;1;1
-33;29;38;0;1
-33;29;39;0;1
-33;29;40;1;1
-33;29;41;1;1
-33;29;42;1;1
-33;29;43;1;1
-33;29;45;0;1
-33;29;48;0;1
-33;29;52;0;1
-33;29;53;0;1
-33;29;54;0;1
-33;29;55;1;1
-33;30;12;0;1
-33;30;19;0;1
-33;30;21;1;1
-33;30;22;1;1
-33;30;23;0;1
-33;30;28;0;1
-33;30;32;0;1
-33;30;35;1;1
-33;30;39;1;1
-33;30;40;0;1
-33;30;42;1;1
-33;30;43;1;1
-33;30;44;0;1
-33;30;45;1;1
-33;30;48;0;1
-33;30;50;0;1
-33;30;52;0;1
-33;30;55;0;1
-33;31;14;0;1
-33;31;16;0;1
-33;31;17;1;1
-33;31;20;0;1
-33;31;22;1;1
-33;31;26;0;1
-33;31;27;0;1
-33;31;30;1;1
-33;31;31;1;1
-33;31;32;0;1
-33;31;35;1;1
-33;31;36;0;1
-33;31;40;1;1
-33;31;45;0;1
-33;31;47;0;1
-33;31;48;0;1
-33;31;49;0;1
-33;32;13;0;1
-33;32;14;1;1
-33;32;16;0;1
-33;32;19;0;1
-33;32;20;0;1
-33;32;22;0;1
-33;32;23;0;1
-33;32;26;0;1
-33;32;31;1;1
-33;32;32;0;1
-33;32;36;0;1
-33;32;38;0;1
-33;32;41;1;1
-33;32;47;0;1
-33;32;52;1;1
-33;33;15;1;1
-33;33;16;0;1
-33;33;23;0;1
-33;33;24;0;1
-33;33;25;1;1
-33;33;33;0;1
-33;33;36;1;1
-33;33;38;0;1
-33;33;41;0;1
-33;33;42;0;1
-33;33;43;0;1
-33;33;45;0;1
-33;33;46;0;1
-33;33;48;0;1
-33;33;49;0;1
-33;33;52;1;1
-33;34;13;1;1
-33;34;24;0;1
-33;34;25;0;1
-33;34;27;1;1
-33;34;28;1;1
-33;34;30;0;1
-33;34;36;0;1
-33;34;38;1;1
-33;34;42;0;1
-33;34;43;0;1
-33;34;44;0;1
-33;34;45;0;1
-33;34;46;0;1
-33;34;48;0;1
-33;34;50;1;1
-33;34;52;1;1
-33;35;13;1;1
-33;35;14;1;1
-33;35;18;1;1
-33;35;19;1;1
-33;35;20;0;1
-33;35;23;0;1
-33;35;24;0;1
-33;35;25;0;1
-33;35;26;0;1
-33;35;27;0;1
-33;35;29;1;1
-33;35;32;0;1
-33;35;33;0;1
-33;35;35;0;1
-33;35;38;0;1
-33;35;41;0;1
-33;35;43;1;1
-33;35;44;0;1
-33;35;46;0;1
-33;35;47;0;1
-33;35;48;0;1
-33;35;50;0;1
-33;36;16;0;1
-33;36;21;0;1
-33;36;23;0;1
-33;36;24;1;1
-33;36;26;1;1
-33;36;27;1;1
-33;36;29;0;1
-33;36;30;0;1
-33;36;31;0;1
-33;36;33;1;1
-33;36;35;0;1
-33;36;38;0;1
-33;36;39;0;1
-33;36;48;0;1
-33;36;50;0;1
-33;37;22;0;1
-33;37;23;0;1
-33;37;25;1;1
-33;37;26;1;1
-33;37;27;1;1
-33;37;29;0;1
-33;37;30;0;1
-33;37;34;0;1
-33;37;35;1;1
-33;37;39;0;1
-33;37;42;1;1
-33;37;45;0;1
-33;37;46;0;1
-33;37;49;0;1
-33;37;50;0;1
-33;38;14;0;1
-33;38;15;1;1
-33;38;16;1;1
-33;38;18;0;1
-33;38;22;0;1
-33;38;26;0;1
-33;38;27;0;1
-33;38;29;0;1
-33;38;30;1;1
-33;38;33;0;1
-33;38;34;1;1
-33;38;40;1;1
-33;38;42;1;1
-33;38;44;0;1
-33;38;48;0;1
-33;38;49;1;1
-33;38;50;0;1
-33;39;15;0;1
-33;39;16;1;1
-33;39;20;0;1
-33;39;23;0;1
-33;39;27;0;1
-33;39;29;1;1
-33;39;33;0;1
-33;39;34;1;1
-33;39;35;0;1
-33;39;36;1;1
-33;39;48;0;1
-33;39;49;0;1
-33;40;14;1;1
-33;40;15;1;1
-33;40;16;1;1
-33;40;22;0;1
-33;40;35;0;1
-33;40;39;0;1
-33;40;40;0;1
-33;40;42;0;1
-33;41;18;1;1
-33;41;19;0;1
-33;41;26;0;1
-33;41;29;0;1
-33;41;30;0;1
-33;41;31;1;1
-33;41;32;0;1
-33;41;43;0;1
-33;41;45;0;1
-33;42;15;0;1
-33;42;16;0;1
-33;42;17;0;1
-33;42;19;1;1
-33;42;22;0;1
-33;42;24;1;1
-33;42;32;1;1
-33;42;33;0;1
-33;42;35;0;1
-33;42;36;0;1
-33;42;37;0;1
-33;42;40;0;1
-33;42;46;1;1
-33;43;18;0;1
-33;43;22;1;1
-33;43;23;0;1
-33;43;25;1;1
-33;43;33;0;1
-33;43;35;0;1
-33;43;37;1;1
-33;43;40;1;1
-33;43;41;0;1
-33;43;42;0;1
-33;43;44;0;1
-33;43;45;1;1
-33;44;19;1;1
-33;44;23;1;1
-33;44;24;1;1
-33;44;25;0;1
-33;44;26;0;1
-33;44;27;0;1
-33;44;28;0;1
-33;44;30;1;1
-33;44;31;1;1
-33;44;32;0;1
-33;44;33;1;1
-33;44;38;0;1
-33;44;39;0;1
-33;44;42;0;1
-33;44;44;0;1
-33;45;21;1;1
-33;45;28;1;1
-33;45;30;0;1
-33;45;34;1;1
-33;45;38;0;1
-33;45;39;0;1
-33;45;40;1;1
-33;45;41;1;1
-33;45;42;0;1
-33;46;17;0;1
-33;46;18;1;1
-33;46;19;0;1
-33;46;20;1;1
-33;46;21;0;1
-33;46;23;0;1
-33;46;26;1;1
-33;46;27;0;1
-33;46;32;0;1
-33;46;34;0;1
-33;46;35;0;1
-33;46;37;0;1
-33;46;39;0;1
-33;47;18;1;1
-33;47;19;0;1
-33;47;22;1;1
-33;47;23;1;1
-33;47;24;0;1
-33;47;25;0;1
-33;47;30;1;1
-33;47;32;0;1
-33;47;37;0;1
-33;47;38;0;1
-33;47;39;1;1
-33;47;40;0;1
-33;47;41;0;1
-33;48;17;0;1
-33;48;18;0;1
-33;48;19;1;1
-33;48;22;0;1
-33;48;29;1;1
-33;48;30;1;1
-33;48;31;0;1
-33;48;32;0;1
-33;48;34;0;1
-33;48;35;0;1
-33;49;18;0;1
-33;49;19;0;1
-33;49;20;1;1
-33;49;21;1;1
-33;49;25;0;1
-33;49;28;0;1
-33;49;29;0;1
-33;49;31;0;1
-33;49;33;0;1
-33;49;34;0;1
-33;50;17;0;1
-33;50;20;0;1
-33;50;23;0;1
-33;50;24;1;1
-33;50;25;0;1
-33;50;26;0;1
-33;50;29;0;1
-33;50;32;1;1
-33;50;34;0;1
-33;50;35;0;1
-33;50;38;0;1
-33;51;17;0;1
-33;51;18;1;1
-33;51;20;1;1
-33;51;23;1;1
-33;51;24;1;1
-33;51;29;0;1
-33;51;33;0;1
-33;51;36;1;1
-33;52;17;0;1
-33;52;18;0;1
-33;52;21;0;1
-33;52;26;0;1
-33;52;29;0;1
-33;52;31;0;1
-33;52;33;1;1
-33;52;35;0;1
-33;53;19;1;1
-33;53;21;1;1
-33;53;22;0;1
-33;53;24;0;1
-33;53;26;0;1
-33;53;27;0;1
-33;53;31;0;1
-33;54;17;0;1
-33;54;20;0;1
-33;54;22;1;1
-33;55;18;1;1
-33;55;20;1;1
-33;55;23;1;1
-33;55;26;1;1
-33;55;27;0;1
-33;55;29;0;1
-33;56;21;0;1
-33;56;26;0;1
-33;56;28;1;1
-33;57;18;0;1
-33;57;20;0;1
-33;57;21;1;1
-32;-55;19;0;1
-32;-55;20;0;1
-32;-55;23;0;1
-32;-55;25;1;1
-32;-55;27;0;1
-32;-55;29;1;1
-32;-55;31;1;1
-32;-54;20;0;1
-32;-54;22;0;1
-32;-54;27;1;1
-32;-54;31;0;1
-32;-53;17;0;1
-32;-53;20;1;1
-32;-53;23;0;1
-32;-53;26;0;1
-32;-53;28;0;1
-32;-53;29;1;1
-32;-53;30;1;1
-32;-53;31;0;1
-32;-53;34;0;1
-32;-52;17;0;1
-32;-52;21;1;1
-32;-52;24;1;1
-32;-52;27;0;1
-32;-52;29;1;1
-32;-52;30;0;1
-32;-52;31;0;1
-32;-52;32;0;1
-32;-52;33;0;1
-32;-52;35;1;1
-32;-51;19;1;1
-32;-51;24;0;1
-32;-51;25;1;1
-32;-51;29;0;1
-32;-51;31;1;1
-32;-51;33;0;1
-32;-51;35;1;1
-32;-51;36;1;1
-32;-50;19;1;1
-32;-50;24;0;1
-32;-50;27;1;1
-32;-50;31;0;1
-32;-50;33;0;1
-32;-50;37;1;1
-32;-50;38;1;1
-32;-49;16;1;1
-32;-49;18;0;1
-32;-49;19;1;1
-32;-49;21;1;1
-32;-49;22;0;1
-32;-49;23;1;1
-32;-49;24;1;1
-32;-49;27;1;1
-32;-49;30;1;1
-32;-49;31;0;1
-32;-49;33;0;1
-32;-49;35;0;1
-32;-49;38;0;1
-32;-48;17;0;1
-32;-48;21;0;1
-32;-48;22;0;1
-32;-48;23;0;1
-32;-48;26;1;1
-32;-48;28;0;1
-32;-48;30;0;1
-32;-48;32;0;1
-32;-48;33;1;1
-32;-48;34;0;1
-32;-48;41;1;1
-32;-47;16;0;1
-32;-47;18;0;1
-32;-47;20;0;1
-32;-47;24;0;1
-32;-47;27;1;1
-32;-47;28;1;1
-32;-47;32;0;1
-32;-47;37;0;1
-32;-47;39;0;1
-32;-46;16;1;1
-32;-46;19;0;1
-32;-46;20;1;1
-32;-46;21;1;1
-32;-46;22;0;1
-32;-46;26;1;1
-32;-46;28;0;1
-32;-46;30;0;1
-32;-46;33;1;1
-32;-46;38;0;1
-32;-46;39;0;1
-32;-46;40;0;1
-32;-46;43;1;1
-32;-45;18;0;1
-32;-45;22;1;1
-32;-45;23;0;1
-32;-45;24;0;1
-32;-45;25;1;1
-32;-45;27;1;1
-32;-45;28;1;1
-32;-45;29;0;1
-32;-45;30;0;1
-32;-45;32;1;1
-32;-45;34;1;1
-32;-45;36;0;1
-32;-45;40;1;1
-32;-44;15;0;1
-32;-44;16;0;1
-32;-44;20;0;1
-32;-44;22;1;1
-32;-44;23;0;1
-32;-44;27;1;1
-32;-44;29;0;1
-32;-44;30;1;1
-32;-44;32;0;1
-32;-44;33;0;1
-32;-44;36;0;1
-32;-44;38;0;1
-32;-44;39;1;1
-32;-44;40;0;1
-32;-43;15;0;1
-32;-43;19;0;1
-32;-43;20;0;1
-32;-43;22;0;1
-32;-43;28;1;1
-32;-43;30;0;1
-32;-43;31;1;1
-32;-43;34;1;1
-32;-43;42;0;1
-32;-42;17;1;1
-32;-42;18;0;1
-32;-42;26;1;1
-32;-42;27;1;1
-32;-42;28;0;1
-32;-42;31;0;1
-32;-42;33;1;1
-32;-42;36;0;1
-32;-42;37;1;1
-32;-42;41;1;1
-32;-42;44;1;1
-32;-41;14;1;1
-32;-41;15;1;1
-32;-41;19;0;1
-32;-41;24;0;1
-32;-41;25;0;1
-32;-41;26;1;1
-32;-41;27;0;1
-32;-41;29;0;1
-32;-41;35;1;1
-32;-41;38;1;1
-32;-41;39;0;1
-32;-41;43;0;1
-32;-41;44;1;1
-32;-41;45;0;1
-32;-40;20;0;1
-32;-40;24;0;1
-32;-40;25;0;1
-32;-40;27;1;1
-32;-40;28;1;1
-32;-40;29;0;1
-32;-40;32;1;1
-32;-40;33;1;1
-32;-40;42;0;1
-32;-40;47;0;1
-32;-39;14;0;1
-32;-39;22;1;1
-32;-39;27;0;1
-32;-39;28;0;1
-32;-39;31;0;1
-32;-39;33;1;1
-32;-39;35;0;1
-32;-39;38;0;1
-32;-39;42;0;1
-32;-39;46;1;1
-32;-39;49;1;1
-32;-38;15;1;1
-32;-38;16;0;1
-32;-38;17;1;1
-32;-38;18;0;1
-32;-38;21;1;1
-32;-38;23;0;1
-32;-38;24;1;1
-32;-38;25;0;1
-32;-38;27;0;1
-32;-38;29;1;1
-32;-38;32;0;1
-32;-38;33;1;1
-32;-38;34;0;1
-32;-38;36;0;1
-32;-38;37;1;1
-32;-38;45;1;1
-32;-38;46;1;1
-32;-37;16;1;1
-32;-37;19;0;1
-32;-37;20;1;1
-32;-37;23;0;1
-32;-37;25;1;1
-32;-37;26;0;1
-32;-37;27;1;1
-32;-37;31;1;1
-32;-37;32;0;1
-32;-37;34;0;1
-32;-37;35;0;1
-32;-37;38;1;1
-32;-37;39;0;1
-32;-37;41;0;1
-32;-37;46;0;1
-32;-37;48;0;1
-32;-36;13;1;1
-32;-36;14;0;1
-32;-36;17;1;1
-32;-36;18;1;1
-32;-36;20;1;1
-32;-36;21;0;1
-32;-36;23;1;1
-32;-36;25;1;1
-32;-36;26;0;1
-32;-36;27;0;1
-32;-36;30;1;1
-32;-36;31;0;1
-32;-36;32;1;1
-32;-36;34;0;1
-32;-36;37;0;1
-32;-36;38;1;1
-32;-36;40;0;1
-32;-35;13;0;1
-32;-35;15;0;1
-32;-35;16;0;1
-32;-35;18;0;1
-32;-35;19;0;1
-32;-35;20;0;1
-32;-35;21;0;1
-32;-35;30;0;1
-32;-35;35;0;1
-32;-35;39;0;1
-32;-35;41;0;1
-32;-35;42;1;1
-32;-35;43;1;1
-32;-35;44;0;1
-32;-35;46;0;1
-32;-35;49;0;1
-32;-35;51;0;1
-32;-34;15;0;1
-32;-34;20;1;1
-32;-34;23;0;1
-32;-34;25;0;1
-32;-34;26;0;1
-32;-34;32;0;1
-32;-34;35;1;1
-32;-34;36;1;1
-32;-34;38;0;1
-32;-34;39;0;1
-32;-34;40;0;1
-32;-34;44;0;1
-32;-34;47;0;1
-32;-34;51;0;1
-32;-34;53;1;1
-32;-33;16;0;1
-32;-33;18;1;1
-32;-33;21;0;1
-32;-33;23;0;1
-32;-33;27;0;1
-32;-33;32;1;1
-32;-33;33;0;1
-32;-33;35;1;1
-32;-33;36;1;1
-32;-33;38;0;1
-32;-33;39;0;1
-32;-33;47;1;1
-32;-33;51;1;1
-32;-32;19;0;1
-32;-32;23;0;1
-32;-32;24;0;1
-32;-32;25;1;1
-32;-32;27;1;1
-32;-32;31;1;1
-32;-32;34;1;1
-32;-32;37;0;1
-32;-32;38;0;1
-32;-32;40;1;1
-32;-32;44;1;1
-32;-32;45;0;1
-32;-32;50;1;1
-32;-32;51;0;1
-32;-32;53;1;1
-32;-31;12;0;1
-32;-31;13;0;1
-32;-31;14;0;1
-32;-31;15;0;1
-32;-31;17;1;1
-32;-31;18;0;1
-32;-31;19;1;1
-32;-31;22;1;1
-32;-31;23;0;1
-32;-31;24;1;1
-32;-31;25;0;1
-32;-31;27;0;1
-32;-31;28;0;1
-32;-31;33;1;1
-32;-31;34;1;1
-32;-31;37;1;1
-32;-31;40;0;1
-32;-31;41;1;1
-32;-31;45;0;1
-32;-31;46;0;1
-32;-31;47;0;1
-32;-31;54;0;1
-32;-30;13;0;1
-32;-30;14;0;1
-32;-30;15;0;1
-32;-30;16;0;1
-32;-30;18;0;1
-32;-30;19;0;1
-32;-30;21;0;1
-32;-30;23;1;1
-32;-30;24;1;1
-32;-30;25;0;1
-32;-30;26;1;1
-32;-30;30;0;1
-32;-30;32;1;1
-32;-30;33;0;1
-32;-30;34;0;1
-32;-30;40;0;1
-32;-30;42;1;1
-32;-30;43;1;1
-32;-30;44;0;1
-32;-30;45;0;1
-32;-30;46;1;1
-32;-30;52;0;1
-32;-30;53;1;1
-32;-30;54;0;1
-32;-30;55;0;1
-32;-29;13;0;1
-32;-29;18;1;1
-32;-29;26;1;1
-32;-29;27;0;1
-32;-29;28;0;1
-32;-29;31;1;1
-32;-29;33;0;1
-32;-29;34;1;1
-32;-29;38;0;1
-32;-29;40;0;1
-32;-29;42;0;1
-32;-29;43;0;1
-32;-29;45;1;1
-32;-29;47;1;1
-32;-29;48;0;1
-32;-29;49;1;1
-32;-29;50;1;1
-32;-29;51;0;1
-32;-29;52;0;1
-32;-29;53;0;1
-32;-29;55;0;1
-32;-28;13;0;1
-32;-28;15;1;1
-32;-28;22;1;1
-32;-28;28;0;1
-32;-28;31;0;1
-32;-28;33;0;1
-32;-28;34;1;1
-32;-28;36;0;1
-32;-28;41;1;1
-32;-28;45;0;1
-32;-28;46;1;1
-32;-28;49;1;1
-32;-28;51;0;1
-32;-28;52;1;1
-32;-28;54;1;1
-32;-28;56;0;1
-32;-27;13;0;1
-32;-27;14;1;1
-32;-27;25;1;1
-32;-27;26;1;1
-32;-27;31;0;1
-32;-27;38;0;1
-32;-27;39;1;1
-32;-27;43;0;1
-32;-27;44;1;1
-32;-27;45;0;1
-32;-27;53;0;1
-32;-27;54;1;1
-32;-27;57;1;1
-32;-26;12;0;1
-32;-26;15;1;1
-32;-26;16;0;1
-32;-26;21;0;1
-32;-26;23;0;1
-32;-26;24;0;1
-32;-26;26;1;1
-32;-26;30;0;1
-32;-26;31;0;1
-32;-26;32;0;1
-32;-26;33;0;1
-32;-26;34;0;1
-32;-26;35;1;1
-32;-26;38;1;1
-32;-26;39;0;1
-32;-26;43;1;1
-32;-26;44;0;1
-32;-26;45;1;1
-32;-26;46;0;1
-32;-26;49;0;1
-32;-26;52;1;1
-32;-26;55;0;1
-32;-26;57;0;1
-32;-25;12;0;1
-32;-25;13;0;1
-32;-25;14;0;1
-32;-25;16;0;1
-32;-25;21;0;1
-32;-25;22;1;1
-32;-25;24;0;1
-32;-25;26;1;1
-32;-25;27;0;1
-32;-25;35;0;1
-32;-25;36;1;1
-32;-25;38;1;1
-32;-25;39;1;1
-32;-25;46;0;1
-32;-25;47;0;1
-32;-25;48;1;1
-32;-25;55;0;1
-32;-25;56;0;1
-32;-25;57;1;1
-32;-24;11;1;1
-32;-24;15;1;1
-32;-24;17;1;1
-32;-24;18;0;1
-32;-24;19;1;1
-32;-24;20;1;1
-32;-24;21;0;1
-32;-24;23;0;1
-32;-24;24;1;1
-32;-24;27;1;1
-32;-24;33;0;1
-32;-24;39;0;1
-32;-24;43;0;1
-32;-24;48;1;1
-32;-24;49;1;1
-32;-24;50;0;1
-32;-24;52;1;1
-32;-24;57;1;1
-32;-23;11;0;1
-32;-23;12;1;1
-32;-23;13;1;1
-32;-23;14;0;1
-32;-23;17;1;1
-32;-23;19;0;1
-32;-23;24;1;1
-32;-23;29;1;1
-32;-23;32;0;1
-32;-23;33;1;1
-32;-23;40;0;1
-32;-23;44;0;1
-32;-23;45;1;1
-32;-23;50;0;1
-32;-23;57;0;1
-32;-23;58;0;1
-32;-22;13;1;1
-32;-22;15;1;1
-32;-22;17;1;1
-32;-22;19;1;1
-32;-22;20;0;1
-32;-22;22;0;1
-32;-22;25;1;1
-32;-22;32;0;1
-32;-22;35;0;1
-32;-22;37;1;1
-32;-22;38;1;1
-32;-22;40;0;1
-32;-22;42;0;1
-32;-22;43;0;1
-32;-22;45;0;1
-32;-22;47;0;1
-32;-22;48;1;1
-32;-22;54;0;1
-32;-22;56;1;1
-32;-22;59;1;1
-32;-21;11;1;1
-32;-21;12;0;1
-32;-21;14;1;1
-32;-21;17;0;1
-32;-21;18;0;1
-32;-21;19;0;1
-32;-21;22;0;1
-32;-21;24;0;1
-32;-21;25;0;1
-32;-21;29;1;1
-32;-21;32;0;1
-32;-21;35;1;1
-32;-21;38;0;1
-32;-21;40;0;1
-32;-21;41;1;1
-32;-21;43;1;1
-32;-21;44;0;1
-32;-21;50;1;1
-32;-21;53;0;1
-32;-21;56;0;1
-32;-21;57;0;1
-32;-21;58;1;1
-32;-20;16;0;1
-32;-20;17;0;1
-32;-20;18;0;1
-32;-20;21;1;1
-32;-20;22;0;1
-32;-20;26;0;1
-32;-20;27;0;1
-32;-20;32;0;1
-32;-20;34;0;1
-32;-20;35;0;1
-32;-20;37;0;1
-32;-20;40;0;1
-32;-20;44;0;1
-32;-20;51;1;1
-32;-20;52;0;1
-32;-20;54;1;1
-32;-20;57;1;1
-32;-20;58;0;1
-32;-20;59;0;1
-32;-19;12;0;1
-32;-19;15;1;1
-32;-19;16;0;1
-32;-19;21;1;1
-32;-19;25;1;1
-32;-19;26;0;1
-32;-19;28;0;1
-32;-19;32;1;1
-32;-19;37;1;1
-32;-19;39;1;1
-32;-19;40;1;1
-32;-19;41;0;1
-32;-19;42;1;1
-32;-19;44;0;1
-32;-19;45;0;1
-32;-19;48;0;1
-32;-19;49;1;1
-32;-19;50;0;1
-32;-19;51;0;1
-32;-19;55;1;1
-32;-19;56;0;1
-32;-19;57;0;1
-32;-19;58;1;1
-32;-19;59;0;1
-32;-18;12;0;1
-32;-18;13;1;1
-32;-18;16;0;1
-32;-18;22;1;1
-32;-18;25;1;1
-32;-18;26;0;1
-32;-18;30;0;1
-32;-18;31;1;1
-32;-18;33;1;1
-32;-18;34;0;1
-32;-18;38;1;1
-32;-18;42;1;1
-32;-18;45;0;1
-32;-18;47;1;1
-32;-18;48;0;1
-32;-18;49;0;1
-32;-18;52;1;1
-32;-18;54;0;1
-32;-18;58;1;1
-32;-18;59;1;1
-32;-18;60;0;1
-32;-17;10;0;1
-32;-17;11;0;1
-32;-17;16;1;1
-32;-17;17;0;1
-32;-17;18;1;1
-32;-17;23;0;1
-32;-17;24;0;1
-32;-17;29;0;1
-32;-17;30;1;1
-32;-17;32;0;1
-32;-17;33;0;1
-32;-17;36;1;1
-32;-17;38;1;1
-32;-17;39;0;1
-32;-17;40;1;1
-32;-17;41;0;1
-32;-17;42;0;1
-32;-17;45;1;1
-32;-17;46;0;1
-32;-17;47;0;1
-32;-17;49;1;1
-32;-17;54;0;1
-32;-17;56;0;1
-32;-17;59;1;1
-32;-17;61;0;1
-32;-16;12;1;1
-32;-16;16;1;1
-32;-16;17;1;1
-32;-16;20;0;1
-32;-16;22;1;1
-32;-16;25;0;1
-32;-16;26;0;1
-32;-16;27;0;1
-32;-16;35;1;1
-32;-16;40;1;1
-32;-16;41;1;1
-32;-16;48;0;1
-32;-16;51;0;1
-32;-16;53;1;1
-32;-16;56;1;1
-32;-15;10;0;1
-32;-15;12;0;1
-32;-15;17;0;1
-32;-15;20;1;1
-32;-15;23;0;1
-32;-15;27;0;1
-32;-15;30;0;1
-32;-15;32;1;1
-32;-15;36;0;1
-32;-15;39;0;1
-32;-15;40;0;1
-32;-15;41;0;1
-32;-15;42;1;1
-32;-15;49;1;1
-32;-15;53;1;1
-32;-15;54;0;1
-32;-15;55;0;1
-32;-15;59;0;1
-32;-15;61;1;1
-32;-14;10;0;1
-32;-14;14;1;1
-32;-14;15;0;1
-32;-14;16;1;1
-32;-14;20;0;1
-32;-14;22;0;1
-32;-14;23;0;1
-32;-14;26;0;1
-32;-14;28;0;1
-32;-14;30;0;1
-32;-14;31;1;1
-32;-14;34;1;1
-32;-14;36;0;1
-32;-14;37;1;1
-32;-14;38;0;1
-32;-14;39;0;1
-32;-14;43;1;1
-32;-14;49;0;1
-32;-14;50;0;1
-32;-14;51;1;1
-32;-14;55;1;1
-32;-14;58;0;1
-32;-14;60;0;1
-32;-13;11;0;1
-32;-13;15;1;1
-32;-13;19;0;1
-32;-13;20;0;1
-32;-13;22;1;1
-32;-13;23;0;1
-32;-13;24;1;1
-32;-13;25;1;1
-32;-13;27;1;1
-32;-13;28;0;1
-32;-13;32;1;1
-32;-13;36;0;1
-32;-13;37;1;1
-32;-13;38;0;1
-32;-13;40;0;1
-32;-13;41;0;1
-32;-13;44;0;1
-32;-13;45;1;1
-32;-13;48;1;1
-32;-13;50;1;1
-32;-13;51;0;1
-32;-13;52;0;1
-32;-13;53;0;1
-32;-13;55;0;1
-32;-13;62;0;1
-32;-12;12;1;1
-32;-12;15;0;1
-32;-12;16;0;1
-32;-12;17;0;1
-32;-12;18;1;1
-32;-12;21;1;1
-32;-12;24;0;1
-32;-12;25;0;1
-32;-12;27;1;1
-32;-12;30;1;1
-32;-12;33;0;1
-32;-12;36;0;1
-32;-12;37;1;1
-32;-12;41;0;1
-32;-12;42;1;1
-32;-12;45;1;1
-32;-12;49;1;1
-32;-12;50;0;1
-32;-12;53;1;1
-32;-11;10;0;1
-32;-11;12;1;1
-32;-11;13;1;1
-32;-11;17;1;1
-32;-11;25;1;1
-32;-11;26;0;1
-32;-11;30;0;1
-32;-11;33;0;1
-32;-11;35;0;1
-32;-11;41;1;1
-32;-11;42;0;1
-32;-11;44;1;1
-32;-11;46;1;1
-32;-11;48;0;1
-32;-11;51;0;1
-32;-11;54;0;1
-32;-11;56;0;1
-32;-11;58;0;1
-32;-11;59;0;1
-32;-11;62;1;1
-32;-10;13;0;1
-32;-10;17;1;1
-32;-10;19;1;1
-32;-10;21;1;1
-32;-10;26;1;1
-32;-10;30;0;1
-32;-10;33;0;1
-32;-10;34;0;1
-32;-10;36;0;1
-32;-10;38;1;1
-32;-10;39;0;1
-32;-10;44;0;1
-32;-10;45;0;1
-32;-10;47;0;1
-32;-10;48;0;1
-32;-10;52;0;1
-32;-10;55;0;1
-32;-10;61;0;1
-32;-9;12;1;1
-32;-9;13;1;1
-32;-9;21;0;1
-32;-9;23;0;1
-32;-9;27;0;1
-32;-9;31;0;1
-32;-9;33;0;1
-32;-9;35;0;1
-32;-9;39;0;1
-32;-9;41;1;1
-32;-9;42;0;1
-32;-9;48;0;1
-32;-9;50;0;1
-32;-9;58;0;1
-32;-9;59;1;1
-32;-8;11;0;1
-32;-8;17;0;1
-32;-8;22;1;1
-32;-8;23;1;1
-32;-8;26;1;1
-32;-8;27;0;1
-32;-8;28;0;1
-32;-8;29;0;1
-32;-8;31;0;1
-32;-8;32;0;1
-32;-8;36;1;1
-32;-8;38;0;1
-32;-8;40;0;1
-32;-8;41;0;1
-32;-8;46;0;1
-32;-8;47;1;1
-32;-8;55;1;1
-32;-8;57;0;1
-32;-8;58;0;1
-32;-8;60;1;1
-32;-8;61;1;1
-32;-8;62;0;1
-32;-7;9;1;1
-32;-7;10;0;1
-32;-7;11;1;1
-32;-7;12;1;1
-32;-7;21;1;1
-32;-7;22;0;1
-32;-7;25;0;1
-32;-7;28;0;1
-32;-7;32;0;1
-32;-7;33;0;1
-32;-7;34;1;1
-32;-7;35;1;1
-32;-7;37;1;1
-32;-7;38;1;1
-32;-7;39;0;1
-32;-7;40;0;1
-32;-7;42;0;1
-32;-7;43;1;1
-32;-7;46;1;1
-32;-7;48;0;1
-32;-7;49;0;1
-32;-7;51;1;1
-32;-7;53;0;1
-32;-7;55;0;1
-32;-7;59;0;1
-32;-7;61;1;1
-32;-7;62;0;1
-32;-6;9;0;1
-32;-6;12;1;1
-32;-6;14;0;1
-32;-6;15;0;1
-32;-6;18;1;1
-32;-6;19;1;1
-32;-6;21;0;1
-32;-6;22;0;1
-32;-6;23;0;1
-32;-6;26;1;1
-32;-6;28;0;1
-32;-6;29;0;1
-32;-6;33;0;1
-32;-6;34;0;1
-32;-6;36;0;1
-32;-6;37;0;1
-32;-6;38;1;1
-32;-6;43;0;1
-32;-6;45;1;1
-32;-6;46;1;1
-32;-6;47;1;1
-32;-6;48;0;1
-32;-6;51;0;1
-32;-6;53;1;1
-32;-6;56;0;1
-32;-6;57;0;1
-32;-6;61;0;1
-32;-6;63;0;1
-32;-5;17;1;1
-32;-5;20;0;1
-32;-5;21;0;1
-32;-5;22;0;1
-32;-5;25;0;1
-32;-5;28;0;1
-32;-5;29;0;1
-32;-5;30;1;1
-32;-5;34;0;1
-32;-5;40;0;1
-32;-5;41;0;1
-32;-5;42;1;1
-32;-5;44;0;1
-32;-5;45;0;1
-32;-5;48;1;1
-32;-5;51;1;1
-32;-5;54;1;1
-32;-5;55;0;1
-32;-5;60;0;1
-32;-5;61;1;1
-32;-5;62;0;1
-32;-4;9;0;1
-32;-4;12;0;1
-32;-4;16;0;1
-32;-4;17;0;1
-32;-4;19;0;1
-32;-4;20;1;1
-32;-4;22;0;1
-32;-4;25;1;1
-32;-4;26;0;1
-32;-4;29;1;1
-32;-4;33;1;1
-32;-4;34;1;1
-32;-4;37;0;1
-32;-4;39;0;1
-32;-4;40;0;1
-32;-4;41;1;1
-32;-4;43;0;1
-32;-4;47;0;1
-32;-4;48;0;1
-32;-4;49;0;1
-32;-4;50;1;1
-32;-4;51;1;1
-32;-4;57;0;1
-32;-4;61;0;1
-32;-3;11;0;1
-32;-3;14;1;1
-32;-3;15;0;1
-32;-3;18;0;1
-32;-3;20;0;1
-32;-3;22;1;1
-32;-3;24;0;1
-32;-3;26;0;1
-32;-3;27;0;1
-32;-3;28;1;1
-32;-3;30;0;1
-32;-3;31;0;1
-32;-3;32;0;1
-32;-3;33;0;1
-32;-3;34;1;1
-32;-3;35;0;1
-32;-3;39;0;1
-32;-3;40;0;1
-32;-3;42;1;1
-32;-3;43;1;1
-32;-3;45;1;1
-32;-3;49;0;1
-32;-3;50;0;1
-32;-3;59;1;1
-32;-3;61;0;1
-32;-3;62;0;1
-32;-2;9;0;1
-32;-2;10;1;1
-32;-2;11;0;1
-32;-2;13;0;1
-32;-2;14;0;1
-32;-2;15;0;1
-32;-2;22;0;1
-32;-2;25;0;1
-32;-2;26;1;1
-32;-2;28;1;1
-32;-2;29;0;1
-32;-2;32;0;1
-32;-2;33;0;1
-32;-2;34;0;1
-32;-2;36;1;1
-32;-2;37;0;1
-32;-2;40;0;1
-32;-2;41;0;1
-32;-2;44;0;1
-32;-2;45;0;1
-32;-2;46;1;1
-32;-2;48;0;1
-32;-2;50;0;1
-32;-2;52;0;1
-32;-2;54;0;1
-32;-2;57;1;1
-32;-2;60;1;1
-32;-1;10;1;1
-32;-1;11;0;1
-32;-1;18;1;1
-32;-1;20;0;1
-32;-1;21;1;1
-32;-1;23;0;1
-32;-1;25;0;1
-32;-1;26;0;1
-32;-1;28;1;1
-32;-1;30;1;1
-32;-1;32;1;1
-32;-1;34;1;1
-32;-1;35;0;1
-32;-1;36;0;1
-32;-1;37;0;1
-32;-1;42;0;1
-32;-1;48;0;1
-32;-1;50;0;1
-32;-1;55;1;1
-32;-1;56;1;1
-32;-1;58;0;1
-32;-1;60;0;1
-32;-1;63;0;1
-32;0;9;0;1
-32;0;16;1;1
-32;0;19;0;1
-32;0;24;1;1
-32;0;28;1;1
-32;0;31;0;1
-32;0;38;1;1
-32;0;42;0;1
-32;0;55;0;1
-32;0;57;0;1
-32;0;60;1;1
-32;1;12;0;1
-32;1;13;0;1
-32;1;14;0;1
-32;1;15;1;1
-32;1;19;1;1
-32;1;21;0;1
-32;1;22;1;1
-32;1;25;1;1
-32;1;27;0;1
-32;1;31;0;1
-32;1;33;0;1
-32;1;35;1;1
-32;1;37;0;1
-32;1;39;1;1
-32;1;40;0;1
-32;1;42;0;1
-32;1;44;1;1
-32;1;46;0;1
-32;1;55;1;1
-32;1;56;0;1
-32;1;60;1;1
-32;2;18;1;1
-32;2;19;1;1
-32;2;20;1;1
-32;2;21;1;1
-32;2;22;0;1
-32;2;26;0;1
-32;2;27;0;1
-32;2;28;0;1
-32;2;30;0;1
-32;2;35;0;1
-32;2;36;0;1
-32;2;39;0;1
-32;2;40;0;1
-32;2;42;1;1
-32;2;43;0;1
-32;2;45;1;1
-32;2;47;1;1
-32;2;51;0;1
-32;2;53;0;1
-32;2;55;1;1
-32;2;56;0;1
-32;2;59;1;1
-32;2;62;1;1
-32;3;11;1;1
-32;3;14;1;1
-32;3;15;1;1
-32;3;18;0;1
-32;3;24;0;1
-32;3;29;0;1
-32;3;31;1;1
-32;3;32;0;1
-32;3;33;0;1
-32;3;34;0;1
-32;3;35;0;1
-32;3;36;0;1
-32;3;37;0;1
-32;3;39;0;1
-32;3;41;0;1
-32;3;42;0;1
-32;3;45;1;1
-32;3;46;1;1
-32;3;50;0;1
-32;3;55;0;1
-32;3;56;0;1
-32;3;59;0;1
-32;3;60;0;1
-32;3;62;1;1
-32;4;9;0;1
-32;4;12;0;1
-32;4;14;0;1
-32;4;18;1;1
-32;4;19;0;1
-32;4;22;0;1
-32;4;23;0;1
-32;4;24;0;1
-32;4;25;1;1
-32;4;26;0;1
-32;4;27;0;1
-32;4;28;0;1
-32;4;29;0;1
-32;4;31;1;1
-32;4;34;0;1
-32;4;38;1;1
-32;4;41;0;1
-32;4;43;1;1
-32;4;46;0;1
-32;4;48;0;1
-32;4;49;1;1
-32;4;52;1;1
-32;4;54;1;1
-32;4;56;1;1
-32;4;59;0;1
-32;4;63;0;1
-32;5;9;0;1
-32;5;12;0;1
-32;5;17;0;1
-32;5;18;1;1
-32;5;19;0;1
-32;5;20;0;1
-32;5;23;0;1
-32;5;29;1;1
-32;5;32;0;1
-32;5;33;1;1
-32;5;39;0;1
-32;5;40;1;1
-32;5;43;0;1
-32;5;44;0;1
-32;5;47;1;1
-32;5;56;1;1
-32;5;58;1;1
-32;5;63;0;1
-32;6;9;0;1
-32;6;10;0;1
-32;6;12;1;1
-32;6;15;1;1
-32;6;16;0;1
-32;6;20;0;1
-32;6;23;0;1
-32;6;24;1;1
-32;6;26;0;1
-32;6;27;0;1
-32;6;31;1;1
-32;6;34;0;1
-32;6;35;0;1
-32;6;38;0;1
-32;6;42;1;1
-32;6;49;1;1
-32;6;56;1;1
-32;6;58;0;1
-32;6;62;1;1
-32;6;63;1;1
-32;7;10;0;1
-32;7;12;0;1
-32;7;13;1;1
-32;7;14;1;1
-32;7;15;1;1
-32;7;17;1;1
-32;7;20;0;1
-32;7;24;0;1
-32;7;29;1;1
-32;7;30;0;1
-32;7;32;1;1
-32;7;34;1;1
-32;7;35;1;1
-32;7;36;0;1
-32;7;41;0;1
-32;7;45;0;1
-32;7;48;0;1
-32;7;49;0;1
-32;7;50;0;1
-32;7;54;0;1
-32;7;61;0;1
-32;7;62;1;1
-32;7;63;0;1
-32;8;9;1;1
-32;8;12;1;1
-32;8;13;0;1
-32;8;16;0;1
-32;8;22;1;1
-32;8;23;1;1
-32;8;27;1;1
-32;8;30;1;1
-32;8;37;0;1
-32;8;38;0;1
-32;8;41;0;1
-32;8;42;0;1
-32;8;44;0;1
-32;8;45;1;1
-32;8;46;0;1
-32;8;47;0;1
-32;8;48;0;1
-32;8;51;0;1
-32;8;52;1;1
-32;8;53;0;1
-32;8;58;0;1
-32;8;59;0;1
-32;8;61;0;1
-32;9;9;1;1
-32;9;10;0;1
-32;9;13;0;1
-32;9;15;1;1
-32;9;21;0;1
-32;9;22;0;1
-32;9;23;0;1
-32;9;26;1;1
-32;9;30;1;1
-32;9;32;0;1
-32;9;33;1;1
-32;9;34;1;1
-32;9;38;0;1
-32;9;42;0;1
-32;9;45;0;1
-32;9;49;0;1
-32;9;52;1;1
-32;9;53;0;1
-32;9;59;0;1
-32;9;60;0;1
-32;9;61;1;1
-32;10;10;1;1
-32;10;11;0;1
-32;10;13;0;1
-32;10;14;0;1
-32;10;16;1;1
-32;10;17;0;1
-32;10;20;0;1
-32;10;21;1;1
-32;10;26;1;1
-32;10;28;0;1
-32;10;29;0;1
-32;10;30;0;1
-32;10;32;1;1
-32;10;34;0;1
-32;10;35;0;1
-32;10;48;0;1
-32;10;50;0;1
-32;10;53;1;1
-32;10;54;0;1
-32;10;55;1;1
-32;11;10;0;1
-32;11;13;0;1
-32;11;20;1;1
-32;11;21;0;1
-32;11;23;0;1
-32;11;26;0;1
-32;11;27;1;1
-32;11;30;0;1
-32;11;36;0;1
-32;11;43;1;1
-32;11;46;0;1
-32;11;49;1;1
-32;11;50;0;1
-32;11;53;0;1
-32;11;57;1;1
-32;11;60;0;1
-32;12;16;0;1
-32;12;17;1;1
-32;12;21;1;1
-32;12;23;1;1
-32;12;29;0;1
-32;12;30;0;1
-32;12;31;0;1
-32;12;32;0;1
-32;12;35;1;1
-32;12;37;0;1
-32;12;38;0;1
-32;12;39;1;1
-32;12;40;0;1
-32;12;42;0;1
-32;12;43;1;1
-32;12;49;0;1
-32;12;50;0;1
-32;12;55;0;1
-32;12;57;1;1
-32;12;58;0;1
-32;12;61;0;1
-32;13;11;1;1
-32;13;14;1;1
-32;13;15;0;1
-32;13;17;1;1
-32;13;21;1;1
-32;13;23;0;1
-32;13;24;0;1
-32;13;27;1;1
-32;13;28;0;1
-32;13;29;0;1
-32;13;30;0;1
-32;13;32;0;1
-32;13;34;0;1
-32;13;35;0;1
-32;13;36;1;1
-32;13;38;1;1
-32;13;45;1;1
-32;13;46;0;1
-32;13;47;0;1
-32;13;52;0;1
-32;13;54;0;1
-32;13;57;0;1
-32;14;11;0;1
-32;14;13;1;1
-32;14;14;0;1
-32;14;16;1;1
-32;14;19;1;1
-32;14;21;1;1
-32;14;24;0;1
-32;14;25;0;1
-32;14;27;0;1
-32;14;28;1;1
-32;14;29;0;1
-32;14;31;0;1
-32;14;33;1;1
-32;14;35;1;1
-32;14;37;0;1
-32;14;41;1;1
-32;14;44;0;1
-32;14;46;1;1
-32;14;47;0;1
-32;14;53;0;1
-32;14;54;0;1
-32;14;56;1;1
-32;14;59;1;1
-32;14;60;1;1
-32;15;10;1;1
-32;15;11;0;1
-32;15;12;0;1
-32;15;13;0;1
-32;15;15;0;1
-32;15;16;0;1
-32;15;18;1;1
-32;15;19;0;1
-32;15;23;1;1
-32;15;25;1;1
-32;15;26;0;1
-32;15;31;0;1
-32;15;33;1;1
-32;15;37;0;1
-32;15;41;0;1
-32;15;51;0;1
-32;15;55;1;1
-32;15;60;1;1
-32;16;12;0;1
-32;16;14;0;1
-32;16;15;1;1
-32;16;16;1;1
-32;16;17;0;1
-32;16;18;1;1
-32;16;19;0;1
-32;16;20;0;1
-32;16;21;0;1
-32;16;30;0;1
-32;16;32;0;1
-32;16;33;0;1
-32;16;36;1;1
-32;16;38;0;1
-32;16;39;0;1
-32;16;46;0;1
-32;16;48;0;1
-32;16;52;0;1
-32;16;56;0;1
-32;16;58;0;1
-32;16;61;1;1
-32;17;13;1;1
-32;17;14;1;1
-32;17;16;1;1
-32;17;18;0;1
-32;17;19;0;1
-32;17;20;0;1
-32;17;23;0;1
-32;17;30;1;1
-32;17;31;0;1
-32;17;32;0;1
-32;17;33;1;1
-32;17;36;0;1
-32;17;38;0;1
-32;17;39;0;1
-32;17;42;0;1
-32;17;43;0;1
-32;17;44;1;1
-32;17;47;0;1
-32;17;49;0;1
-32;17;52;0;1
-32;17;55;0;1
-32;17;56;1;1
-32;17;59;0;1
-32;17;60;0;1
-32;17;61;1;1
-32;18;10;0;1
-32;18;11;0;1
-32;18;14;0;1
-32;18;15;1;1
-32;18;19;0;1
-32;18;20;0;1
-32;18;24;0;1
-32;18;30;1;1
-32;18;31;0;1
-32;18;32;0;1
-32;18;34;1;1
-32;18;38;0;1
-32;18;39;1;1
-32;18;48;1;1
-32;18;50;0;1
-32;18;52;0;1
-32;18;56;1;1
-32;18;58;0;1
-32;18;59;1;1
-32;19;14;0;1
-32;19;15;0;1
-32;19;17;0;1
-32;19;19;0;1
-32;19;21;1;1
-32;19;25;0;1
-32;19;26;1;1
-32;19;27;0;1
-32;19;30;0;1
-32;19;35;1;1
-32;19;41;0;1
-32;19;43;1;1
-32;19;44;1;1
-32;19;45;1;1
-32;19;46;1;1
-32;19;47;1;1
-32;19;48;0;1
-32;19;49;0;1
-32;19;50;0;1
-32;19;56;0;1
-32;19;60;1;1
-32;20;12;0;1
-32;20;15;1;1
-32;20;18;0;1
-32;20;19;0;1
-32;20;22;0;1
-32;20;24;1;1
-32;20;26;1;1
-32;20;27;0;1
-32;20;28;1;1
-32;20;29;0;1
-32;20;30;0;1
-32;20;31;1;1
-32;20;32;0;1
-32;20;34;1;1
-32;20;35;1;1
-32;20;38;1;1
-32;20;40;0;1
-32;20;44;0;1
-32;20;45;0;1
-32;20;46;1;1
-32;20;48;0;1
-32;20;52;0;1
-32;20;53;1;1
-32;20;54;0;1
-32;20;56;1;1
-32;20;58;0;1
-32;20;59;0;1
-32;21;11;1;1
-32;21;13;1;1
-32;21;14;0;1
-32;21;15;0;1
-32;21;17;0;1
-32;21;18;0;1
-32;21;20;0;1
-32;21;22;0;1
-32;21;23;1;1
-32;21;24;1;1
-32;21;25;0;1
-32;21;26;0;1
-32;21;28;1;1
-32;21;31;0;1
-32;21;32;0;1
-32;21;35;0;1
-32;21;36;0;1
-32;21;37;1;1
-32;21;43;0;1
-32;21;44;1;1
-32;21;46;0;1
-32;21;48;0;1
-32;21;50;1;1
-32;21;51;0;1
-32;21;52;0;1
-32;21;53;0;1
-32;21;54;1;1
-32;21;58;1;1
-32;22;12;0;1
-32;22;14;0;1
-32;22;15;0;1
-32;22;17;1;1
-32;22;19;0;1
-32;22;21;0;1
-32;22;23;1;1
-32;22;24;0;1
-32;22;26;0;1
-32;22;28;1;1
-32;22;32;0;1
-32;22;33;0;1
-32;22;35;0;1
-32;22;38;1;1
-32;22;39;1;1
-32;22;41;0;1
-32;22;42;1;1
-32;22;45;0;1
-32;22;48;1;1
-32;22;53;0;1
-32;22;56;0;1
-32;22;57;1;1
-32;22;59;1;1
-32;23;13;0;1
-32;23;14;0;1
-32;23;18;0;1
-32;23;20;1;1
-32;23;21;0;1
-32;23;22;0;1
-32;23;23;0;1
-32;23;25;0;1
-32;23;32;1;1
-32;23;38;0;1
-32;23;41;0;1
-32;23;43;1;1
-32;23;44;1;1
-32;23;45;0;1
-32;23;49;0;1
-32;23;51;0;1
-32;23;53;1;1
-32;24;17;0;1
-32;24;18;0;1
-32;24;23;1;1
-32;24;24;0;1
-32;24;25;1;1
-32;24;26;0;1
-32;24;29;0;1
-32;24;30;1;1
-32;24;32;0;1
-32;24;34;1;1
-32;24;38;1;1
-32;24;39;0;1
-32;24;40;0;1
-32;24;43;1;1
-32;24;45;0;1
-32;24;50;0;1
-32;24;52;1;1
-32;24;54;1;1
-32;25;11;1;1
-32;25;13;0;1
-32;25;16;1;1
-32;25;20;1;1
-32;25;22;0;1
-32;25;23;0;1
-32;25;25;0;1
-32;25;29;0;1
-32;25;31;1;1
-32;25;33;0;1
-32;25;34;0;1
-32;25;35;0;1
-32;25;37;1;1
-32;25;38;1;1
-32;25;40;0;1
-32;25;41;0;1
-32;25;44;0;1
-32;25;53;0;1
-32;25;54;0;1
-32;25;55;0;1
-32;25;56;0;1
-32;25;57;0;1
-32;25;58;0;1
-32;26;14;0;1
-32;26;16;0;1
-32;26;18;0;1
-32;26;21;1;1
-32;26;22;0;1
-32;26;25;1;1
-32;26;26;0;1
-32;26;27;0;1
-32;26;31;0;1
-32;26;33;0;1
-32;26;34;0;1
-32;26;35;0;1
-32;26;41;1;1
-32;26;42;0;1
-32;26;43;0;1
-32;26;44;1;1
-32;26;45;0;1
-32;26;46;1;1
-32;26;52;1;1
-32;26;54;1;1
-32;26;55;1;1
-32;26;56;1;1
-32;26;57;0;1
-32;27;14;1;1
-32;27;15;1;1
-32;27;17;1;1
-32;27;18;1;1
-32;27;19;0;1
-32;27;21;0;1
-32;27;22;1;1
-32;27;25;0;1
-32;27;28;0;1
-32;27;30;1;1
-32;27;32;0;1
-32;27;37;0;1
-32;27;38;1;1
-32;27;39;1;1
-32;27;42;0;1
-32;27;43;0;1
-32;27;44;1;1
-32;27;48;1;1
-32;27;50;0;1
-32;27;53;0;1
-32;27;54;0;1
-32;27;55;0;1
-32;28;13;0;1
-32;28;15;0;1
-32;28;20;1;1
-32;28;24;0;1
-32;28;25;0;1
-32;28;26;0;1
-32;28;28;0;1
-32;28;29;0;1
-32;28;35;0;1
-32;28;36;0;1
-32;28;48;0;1
-32;28;56;0;1
-32;29;13;1;1
-32;29;15;0;1
-32;29;17;0;1
-32;29;18;0;1
-32;29;19;0;1
-32;29;22;0;1
-32;29;23;0;1
-32;29;24;1;1
-32;29;26;0;1
-32;29;27;0;1
-32;29;28;0;1
-32;29;32;1;1
-32;29;35;1;1
-32;29;37;0;1
-32;29;38;0;1
-32;29;44;0;1
-32;29;45;0;1
-32;29;46;0;1
-32;29;48;0;1
-32;29;51;1;1
-32;29;54;0;1
-32;30;12;1;1
-32;30;13;1;1
-32;30;16;1;1
-32;30;17;0;1
-32;30;18;1;1
-32;30;21;0;1
-32;30;23;0;1
-32;30;25;0;1
-32;30;33;0;1
-32;30;41;0;1
-32;30;42;0;1
-32;30;46;1;1
-32;30;48;1;1
-32;30;52;1;1
-32;30;55;0;1
-32;31;12;0;1
-32;31;14;0;1
-32;31;16;1;1
-32;31;17;0;1
-32;31;18;1;1
-32;31;20;0;1
-32;31;23;1;1
-32;31;24;1;1
-32;31;25;1;1
-32;31;26;1;1
-32;31;29;1;1
-32;31;32;0;1
-32;31;35;1;1
-32;31;36;0;1
-32;31;40;1;1
-32;31;44;0;1
-32;31;45;1;1
-32;31;46;0;1
-32;31;49;1;1
-32;31;53;1;1
-32;32;13;0;1
-32;32;15;0;1
-32;32;17;1;1
-32;32;20;0;1
-32;32;27;1;1
-32;32;28;0;1
-32;32;29;0;1
-32;32;30;1;1
-32;32;33;0;1
-32;32;34;1;1
-32;32;35;1;1
-32;32;37;1;1
-32;32;38;0;1
-32;32;39;0;1
-32;32;40;1;1
-32;32;44;0;1
-32;32;47;0;1
-32;32;49;0;1
-32;32;50;1;1
-32;32;51;0;1
-32;32;52;1;1
-32;32;53;0;1
-32;32;54;0;1
-32;33;13;0;1
-32;33;16;0;1
-32;33;18;0;1
-32;33;21;0;1
-32;33;24;0;1
-32;33;31;1;1
-32;33;34;1;1
-32;33;35;0;1
-32;33;36;0;1
-32;33;37;0;1
-32;33;41;0;1
-32;33;43;0;1
-32;33;44;1;1
-32;33;45;0;1
-32;33;48;0;1
-32;33;49;1;1
-32;33;50;0;1
-32;33;51;1;1
-32;33;52;0;1
-32;34;17;0;1
-32;34;19;1;1
-32;34;20;1;1
-32;34;21;1;1
-32;34;22;0;1
-32;34;25;0;1
-32;34;26;0;1
-32;34;27;0;1
-32;34;28;0;1
-32;34;32;1;1
-32;34;36;0;1
-32;34;43;0;1
-32;34;44;0;1
-32;34;45;0;1
-32;34;46;0;1
-32;34;48;1;1
-32;34;53;0;1
-32;35;13;0;1
-32;35;16;1;1
-32;35;18;0;1
-32;35;19;1;1
-32;35;20;0;1
-32;35;22;0;1
-32;35;23;0;1
-32;35;25;0;1
-32;35;27;0;1
-32;35;29;1;1
-32;35;30;0;1
-32;35;31;1;1
-32;35;33;1;1
-32;35;34;0;1
-32;35;40;1;1
-32;35;45;0;1
-32;35;46;0;1
-32;35;49;1;1
-32;35;50;1;1
-32;36;13;1;1
-32;36;16;1;1
-32;36;17;0;1
-32;36;19;1;1
-32;36;22;0;1
-32;36;24;0;1
-32;36;27;1;1
-32;36;29;1;1
-32;36;31;1;1
-32;36;32;1;1
-32;36;41;0;1
-32;36;43;0;1
-32;36;45;1;1
-32;36;46;0;1
-32;36;48;0;1
-32;36;50;0;1
-32;36;52;0;1
-32;37;16;1;1
-32;37;17;1;1
-32;37;19;1;1
-32;37;22;0;1
-32;37;28;1;1
-32;37;36;1;1
-32;37;38;0;1
-32;37;40;0;1
-32;37;41;1;1
-32;37;42;0;1
-32;37;44;1;1
-32;37;45;0;1
-32;37;47;1;1
-32;37;48;1;1
-32;37;49;0;1
-32;38;16;0;1
-32;38;18;0;1
-32;38;19;0;1
-32;38;20;1;1
-32;38;23;0;1
-32;38;25;0;1
-32;38;26;0;1
-32;38;27;1;1
-32;38;28;0;1
-32;38;33;1;1
-32;38;34;1;1
-32;38;37;0;1
-32;38;38;0;1
-32;38;42;1;1
-32;38;43;0;1
-32;38;46;1;1
-32;38;50;0;1
-32;39;14;0;1
-32;39;15;0;1
-32;39;21;0;1
-32;39;22;0;1
-32;39;23;0;1
-32;39;30;0;1
-32;39;31;0;1
-32;39;32;0;1
-32;39;34;1;1
-32;39;35;0;1
-32;39;39;0;1
-32;39;41;0;1
-32;39;44;1;1
-32;39;46;1;1
-32;40;14;0;1
-32;40;16;0;1
-32;40;22;0;1
-32;40;26;0;1
-32;40;39;0;1
-32;40;45;0;1
-32;40;48;0;1
-32;40;49;1;1
-32;41;15;1;1
-32;41;16;0;1
-32;41;20;0;1
-32;41;22;1;1
-32;41;23;0;1
-32;41;25;0;1
-32;41;27;0;1
-32;41;28;0;1
-32;41;29;1;1
-32;41;34;1;1
-32;41;36;0;1
-32;41;37;1;1
-32;41;38;1;1
-32;41;48;1;1
-32;42;15;1;1
-32;42;18;0;1
-32;42;19;0;1
-32;42;20;1;1
-32;42;22;0;1
-32;42;23;0;1
-32;42;25;1;1
-32;42;27;1;1
-32;42;30;1;1
-32;42;38;0;1
-32;42;39;0;1
-32;43;15;0;1
-32;43;16;0;1
-32;43;20;1;1
-32;43;22;0;1
-32;43;24;1;1
-32;43;25;0;1
-32;43;31;0;1
-32;43;37;0;1
-32;43;44;0;1
-32;43;45;1;1
-32;44;16;1;1
-32;44;19;1;1
-32;44;22;1;1
-32;44;23;1;1
-32;44;24;1;1
-32;44;25;0;1
-32;44;30;1;1
-32;44;31;1;1
-32;44;36;1;1
-32;44;38;0;1
-32;44;40;1;1
-32;44;45;0;1
-32;45;16;1;1
-32;45;17;1;1
-32;45;18;1;1
-32;45;19;0;1
-32;45;20;0;1
-32;45;21;1;1
-32;45;22;0;1
-32;45;28;0;1
-32;45;30;0;1
-32;45;33;0;1
-32;45;35;0;1
-32;45;38;0;1
-32;45;39;0;1
-32;45;40;0;1
-32;45;41;0;1
-32;45;43;0;1
-32;45;44;0;1
-32;46;16;0;1
-32;46;18;1;1
-32;46;20;0;1
-32;46;25;0;1
-32;46;26;1;1
-32;46;27;0;1
-32;46;29;0;1
-32;46;31;0;1
-32;46;36;1;1
-32;46;37;1;1
-32;46;39;0;1
-32;46;41;0;1
-32;46;43;1;1
-32;47;18;0;1
-32;47;19;0;1
-32;47;22;0;1
-32;47;24;1;1
-32;47;27;1;1
-32;47;30;0;1
-32;47;31;1;1
-32;47;33;0;1
-32;47;37;1;1
-32;47;38;0;1
-32;47;39;0;1
-32;47;41;0;1
-32;47;42;0;1
-32;48;17;0;1
-32;48;18;0;1
-32;48;21;1;1
-32;48;22;1;1
-32;48;24;0;1
-32;48;26;0;1
-32;48;27;1;1
-32;48;29;0;1
-32;48;31;0;1
-32;48;36;1;1
-32;48;37;0;1
-32;49;17;1;1
-32;49;19;1;1
-32;49;21;0;1
-32;49;23;1;1
-32;49;27;1;1
-32;49;28;1;1
-32;49;29;0;1
-32;49;31;0;1
-32;49;39;0;1
-32;50;16;1;1
-32;50;18;0;1
-32;50;19;1;1
-32;50;24;0;1
-32;50;26;1;1
-32;50;32;0;1
-32;50;35;0;1
-32;50;36;1;1
-32;50;37;0;1
-32;50;38;0;1
-32;51;17;0;1
-32;51;19;1;1
-32;51;23;0;1
-32;51;24;0;1
-32;51;25;0;1
-32;51;31;0;1
-32;51;33;0;1
-32;51;34;0;1
-32;52;18;0;1
-32;52;19;1;1
-32;52;20;0;1
-32;52;21;0;1
-32;52;23;0;1
-32;52;24;0;1
-32;52;25;0;1
-32;52;27;1;1
-32;52;29;1;1
-32;52;32;0;1
-32;52;35;0;1
-32;53;21;0;1
-32;53;23;0;1
-32;53;24;0;1
-32;53;25;0;1
-32;53;31;0;1
-32;53;32;0;1
-32;54;23;0;1
-32;54;26;0;1
-32;54;27;1;1
-32;54;30;0;1
-32;54;32;0;1
-32;55;18;0;1
-32;55;19;0;1
-32;55;20;1;1
-32;55;23;1;1
-32;55;25;0;1
-32;55;27;0;1
-32;55;28;0;1
-32;55;31;0;1
-31;-53;18;0;1
-31;-53;19;0;1
-31;-53;23;0;1
-31;-53;24;1;1
-31;-53;27;1;1
-31;-53;28;0;1
-31;-53;29;1;1
-31;-53;31;0;1
-31;-53;32;1;1
-31;-53;33;1;1
-31;-53;34;1;1
-31;-53;35;1;1
-31;-52;19;1;1
-31;-52;21;1;1
-31;-52;22;0;1
-31;-52;24;0;1
-31;-52;25;1;1
-31;-52;27;0;1
-31;-52;28;1;1
-31;-52;30;1;1
-31;-52;31;0;1
-31;-52;33;1;1
-31;-52;35;0;1
-31;-51;16;1;1
-31;-51;19;0;1
-31;-51;20;1;1
-31;-51;21;0;1
-31;-51;22;1;1
-31;-51;25;0;1
-31;-51;26;0;1
-31;-51;29;0;1
-31;-51;30;0;1
-31;-51;32;0;1
-31;-51;34;1;1
-31;-51;36;0;1
-31;-51;37;0;1
-31;-51;38;0;1
-31;-50;19;1;1
-31;-50;21;0;1
-31;-50;22;1;1
-31;-50;23;1;1
-31;-50;24;0;1
-31;-50;25;0;1
-31;-50;28;0;1
-31;-50;30;0;1
-31;-50;33;0;1
-31;-50;34;0;1
-31;-50;37;1;1
-31;-49;18;1;1
-31;-49;20;1;1
-31;-49;22;1;1
-31;-49;24;0;1
-31;-49;28;0;1
-31;-49;29;1;1
-31;-49;32;0;1
-31;-49;35;0;1
-31;-48;16;0;1
-31;-48;17;0;1
-31;-48;20;0;1
-31;-48;22;1;1
-31;-48;24;0;1
-31;-48;25;0;1
-31;-48;27;1;1
-31;-48;30;0;1
-31;-48;31;1;1
-31;-48;32;0;1
-31;-48;33;0;1
-31;-48;35;0;1
-31;-48;38;1;1
-31;-47;18;1;1
-31;-47;24;0;1
-31;-47;27;0;1
-31;-47;32;1;1
-31;-47;35;1;1
-31;-47;37;0;1
-31;-47;39;0;1
-31;-47;41;1;1
-31;-47;42;0;1
-31;-47;43;1;1
-31;-46;18;0;1
-31;-46;19;1;1
-31;-46;21;0;1
-31;-46;22;0;1
-31;-46;26;1;1
-31;-46;28;1;1
-31;-46;31;1;1
-31;-46;35;1;1
-31;-46;37;0;1
-31;-46;41;0;1
-31;-46;43;0;1
-31;-46;44;0;1
-31;-45;16;1;1
-31;-45;17;1;1
-31;-45;19;1;1
-31;-45;23;1;1
-31;-45;24;0;1
-31;-45;25;0;1
-31;-45;26;1;1
-31;-45;28;1;1
-31;-45;30;1;1
-31;-45;31;1;1
-31;-45;32;1;1
-31;-45;34;1;1
-31;-45;35;0;1
-31;-45;40;0;1
-31;-45;42;0;1
-31;-45;44;0;1
-31;-45;45;0;1
-31;-44;18;1;1
-31;-44;20;0;1
-31;-44;22;0;1
-31;-44;23;0;1
-31;-44;31;0;1
-31;-44;34;1;1
-31;-44;36;0;1
-31;-44;37;0;1
-31;-44;38;0;1
-31;-44;40;0;1
-31;-44;43;0;1
-31;-44;45;0;1
-31;-43;16;0;1
-31;-43;20;0;1
-31;-43;24;1;1
-31;-43;28;1;1
-31;-43;29;0;1
-31;-43;30;1;1
-31;-43;34;0;1
-31;-43;37;1;1
-31;-43;38;0;1
-31;-43;39;0;1
-31;-43;40;1;1
-31;-43;43;0;1
-31;-43;44;1;1
-31;-43;45;1;1
-31;-42;14;0;1
-31;-42;17;1;1
-31;-42;19;1;1
-31;-42;23;0;1
-31;-42;26;0;1
-31;-42;27;1;1
-31;-42;35;1;1
-31;-42;38;1;1
-31;-42;40;0;1
-31;-42;45;0;1
-31;-42;47;0;1
-31;-41;16;0;1
-31;-41;18;1;1
-31;-41;20;1;1
-31;-41;21;0;1
-31;-41;25;1;1
-31;-41;29;1;1
-31;-41;36;0;1
-31;-41;37;1;1
-31;-41;38;0;1
-31;-41;39;0;1
-31;-41;40;1;1
-31;-41;43;1;1
-31;-41;45;0;1
-31;-41;47;1;1
-31;-40;18;1;1
-31;-40;19;0;1
-31;-40;20;1;1
-31;-40;22;0;1
-31;-40;30;0;1
-31;-40;32;0;1
-31;-40;33;1;1
-31;-40;34;0;1
-31;-40;37;0;1
-31;-40;41;0;1
-31;-39;20;0;1
-31;-39;21;1;1
-31;-39;23;1;1
-31;-39;28;0;1
-31;-39;30;0;1
-31;-39;32;1;1
-31;-39;35;0;1
-31;-39;39;0;1
-31;-39;40;0;1
-31;-38;14;1;1
-31;-38;16;0;1
-31;-38;17;0;1
-31;-38;18;1;1
-31;-38;20;0;1
-31;-38;21;0;1
-31;-38;24;0;1
-31;-38;26;0;1
-31;-38;27;0;1
-31;-38;28;0;1
-31;-38;32;0;1
-31;-38;33;0;1
-31;-38;35;0;1
-31;-38;37;1;1
-31;-38;41;0;1
-31;-38;42;0;1
-31;-38;44;0;1
-31;-38;46;1;1
-31;-38;49;1;1
-31;-38;50;1;1
-31;-38;51;0;1
-31;-37;14;0;1
-31;-37;23;1;1
-31;-37;25;1;1
-31;-37;29;1;1
-31;-37;31;0;1
-31;-37;37;1;1
-31;-37;38;1;1
-31;-37;42;0;1
-31;-37;44;0;1
-31;-37;45;0;1
-31;-37;47;0;1
-31;-37;50;1;1
-31;-37;52;1;1
-31;-36;13;1;1
-31;-36;15;1;1
-31;-36;18;1;1
-31;-36;23;0;1
-31;-36;27;0;1
-31;-36;28;0;1
-31;-36;29;0;1
-31;-36;32;0;1
-31;-36;33;0;1
-31;-36;34;0;1
-31;-36;35;0;1
-31;-36;36;0;1
-31;-36;38;0;1
-31;-36;41;0;1
-31;-36;42;1;1
-31;-36;43;1;1
-31;-36;46;1;1
-31;-36;50;1;1
-31;-36;51;1;1
-31;-36;52;0;1
-31;-35;13;1;1
-31;-35;14;1;1
-31;-35;15;0;1
-31;-35;16;0;1
-31;-35;19;0;1
-31;-35;23;1;1
-31;-35;25;1;1
-31;-35;30;1;1
-31;-35;32;0;1
-31;-35;36;0;1
-31;-35;39;1;1
-31;-35;41;0;1
-31;-35;42;0;1
-31;-35;45;0;1
-31;-35;47;1;1
-31;-35;48;1;1
-31;-35;49;0;1
-31;-35;52;0;1
-31;-34;15;0;1
-31;-34;16;1;1
-31;-34;21;1;1
-31;-34;22;0;1
-31;-34;24;0;1
-31;-34;26;0;1
-31;-34;27;1;1
-31;-34;28;0;1
-31;-34;34;1;1
-31;-34;38;0;1
-31;-34;40;1;1
-31;-34;45;0;1
-31;-34;49;1;1
-31;-34;50;0;1
-31;-34;51;1;1
-31;-34;53;1;1
-31;-33;13;0;1
-31;-33;16;1;1
-31;-33;18;0;1
-31;-33;19;1;1
-31;-33;20;0;1
-31;-33;22;1;1
-31;-33;32;0;1
-31;-33;34;0;1
-31;-33;39;0;1
-31;-33;40;0;1
-31;-33;42;0;1
-31;-33;46;0;1
-31;-33;47;0;1
-31;-33;49;1;1
-31;-33;51;1;1
-31;-32;15;0;1
-31;-32;16;0;1
-31;-32;17;0;1
-31;-32;22;0;1
-31;-32;25;1;1
-31;-32;29;1;1
-31;-32;32;1;1
-31;-32;33;0;1
-31;-32;40;0;1
-31;-32;42;0;1
-31;-32;45;1;1
-31;-32;49;0;1
-31;-32;50;0;1
-31;-32;52;0;1
-31;-32;53;1;1
-31;-32;54;0;1
-31;-31;14;0;1
-31;-31;15;0;1
-31;-31;16;0;1
-31;-31;17;0;1
-31;-31;22;0;1
-31;-31;23;1;1
-31;-31;24;1;1
-31;-31;26;1;1
-31;-31;29;1;1
-31;-31;30;0;1
-31;-31;31;1;1
-31;-31;33;0;1
-31;-31;38;1;1
-31;-31;41;1;1
-31;-31;42;0;1
-31;-31;44;0;1
-31;-31;47;0;1
-31;-31;48;0;1
-31;-31;49;0;1
-31;-31;50;0;1
-31;-31;51;1;1
-31;-31;53;0;1
-31;-31;54;0;1
-31;-30;16;0;1
-31;-30;19;0;1
-31;-30;23;0;1
-31;-30;24;0;1
-31;-30;25;0;1
-31;-30;27;0;1
-31;-30;28;0;1
-31;-30;30;1;1
-31;-30;35;0;1
-31;-30;36;0;1
-31;-30;37;0;1
-31;-30;38;1;1
-31;-30;39;0;1
-31;-30;41;0;1
-31;-30;43;0;1
-31;-30;45;1;1
-31;-30;46;1;1
-31;-30;52;0;1
-31;-30;53;1;1
-31;-30;54;1;1
-31;-30;55;1;1
-31;-29;12;0;1
-31;-29;18;1;1
-31;-29;19;0;1
-31;-29;21;1;1
-31;-29;23;0;1
-31;-29;24;1;1
-31;-29;28;0;1
-31;-29;29;0;1
-31;-29;32;1;1
-31;-29;39;0;1
-31;-29;42;0;1
-31;-29;43;0;1
-31;-29;45;0;1
-31;-29;50;0;1
-31;-29;52;1;1
-31;-28;12;0;1
-31;-28;13;0;1
-31;-28;14;1;1
-31;-28;15;0;1
-31;-28;19;0;1
-31;-28;20;0;1
-31;-28;25;0;1
-31;-28;26;0;1
-31;-28;29;0;1
-31;-28;32;0;1
-31;-28;36;1;1
-31;-28;39;0;1
-31;-28;41;1;1
-31;-28;43;0;1
-31;-28;44;1;1
-31;-28;46;1;1
-31;-28;49;1;1
-31;-28;50;0;1
-31;-28;51;1;1
-31;-28;52;1;1
-31;-28;55;1;1
-31;-27;13;0;1
-31;-27;14;1;1
-31;-27;17;1;1
-31;-27;18;1;1
-31;-27;21;0;1
-31;-27;23;0;1
-31;-27;24;1;1
-31;-27;34;0;1
-31;-27;37;0;1
-31;-27;38;0;1
-31;-27;42;0;1
-31;-27;43;0;1
-31;-27;46;0;1
-31;-27;47;0;1
-31;-27;49;0;1
-31;-27;56;0;1
-31;-26;12;1;1
-31;-26;13;0;1
-31;-26;14;0;1
-31;-26;16;0;1
-31;-26;18;1;1
-31;-26;19;1;1
-31;-26;20;0;1
-31;-26;23;0;1
-31;-26;24;0;1
-31;-26;29;1;1
-31;-26;31;0;1
-31;-26;32;1;1
-31;-26;35;0;1
-31;-26;37;1;1
-31;-26;42;1;1
-31;-26;44;0;1
-31;-26;45;0;1
-31;-26;50;0;1
-31;-26;52;1;1
-31;-26;53;0;1
-31;-26;54;0;1
-31;-26;55;1;1
-31;-26;58;0;1
-31;-25;13;0;1
-31;-25;16;0;1
-31;-25;18;0;1
-31;-25;19;1;1
-31;-25;23;0;1
-31;-25;24;0;1
-31;-25;25;1;1
-31;-25;26;0;1
-31;-25;29;0;1
-31;-25;30;0;1
-31;-25;32;0;1
-31;-25;37;0;1
-31;-25;38;0;1
-31;-25;40;1;1
-31;-25;42;0;1
-31;-25;44;0;1
-31;-25;45;1;1
-31;-25;48;0;1
-31;-25;50;1;1
-31;-25;52;0;1
-31;-25;53;1;1
-31;-25;55;0;1
-31;-24;11;0;1
-31;-24;12;0;1
-31;-24;14;1;1
-31;-24;18;1;1
-31;-24;19;0;1
-31;-24;20;0;1
-31;-24;21;1;1
-31;-24;26;1;1
-31;-24;27;0;1
-31;-24;28;0;1
-31;-24;32;0;1
-31;-24;34;1;1
-31;-24;35;0;1
-31;-24;40;1;1
-31;-24;42;0;1
-31;-24;45;0;1
-31;-24;46;0;1
-31;-24;47;0;1
-31;-24;48;1;1
-31;-24;51;0;1
-31;-24;52;0;1
-31;-24;54;0;1
-31;-24;56;0;1
-31;-24;57;1;1
-31;-24;58;0;1
-31;-24;59;0;1
-31;-23;11;1;1
-31;-23;13;0;1
-31;-23;18;0;1
-31;-23;20;1;1
-31;-23;21;0;1
-31;-23;26;0;1
-31;-23;30;0;1
-31;-23;32;0;1
-31;-23;33;1;1
-31;-23;35;1;1
-31;-23;38;1;1
-31;-23;39;0;1
-31;-23;40;0;1
-31;-23;41;1;1
-31;-23;42;0;1
-31;-23;43;0;1
-31;-23;44;1;1
-31;-23;46;0;1
-31;-23;47;0;1
-31;-23;49;1;1
-31;-23;50;0;1
-31;-23;51;0;1
-31;-23;52;1;1
-31;-23;53;0;1
-31;-23;54;1;1
-31;-23;55;0;1
-31;-22;11;0;1
-31;-22;12;0;1
-31;-22;13;0;1
-31;-22;15;0;1
-31;-22;19;1;1
-31;-22;30;1;1
-31;-22;31;0;1
-31;-22;33;1;1
-31;-22;35;0;1
-31;-22;37;0;1
-31;-22;38;0;1
-31;-22;42;0;1
-31;-22;43;0;1
-31;-22;44;1;1
-31;-22;45;1;1
-31;-22;46;0;1
-31;-22;47;0;1
-31;-22;51;0;1
-31;-22;53;0;1
-31;-22;56;0;1
-31;-22;58;0;1
-31;-22;59;0;1
-31;-22;60;1;1
-31;-21;12;0;1
-31;-21;16;0;1
-31;-21;17;0;1
-31;-21;19;0;1
-31;-21;20;0;1
-31;-21;24;0;1
-31;-21;27;0;1
-31;-21;30;0;1
-31;-21;32;1;1
-31;-21;35;0;1
-31;-21;36;0;1
-31;-21;41;1;1
-31;-21;44;1;1
-31;-21;47;0;1
-31;-21;49;1;1
-31;-21;50;0;1
-31;-21;58;0;1
-31;-20;10;0;1
-31;-20;14;0;1
-31;-20;18;1;1
-31;-20;20;1;1
-31;-20;21;0;1
-31;-20;22;0;1
-31;-20;31;0;1
-31;-20;33;0;1
-31;-20;34;0;1
-31;-20;35;1;1
-31;-20;40;0;1
-31;-20;43;1;1
-31;-20;46;0;1
-31;-20;49;0;1
-31;-20;50;0;1
-31;-20;51;1;1
-31;-20;54;1;1
-31;-20;55;1;1
-31;-20;56;0;1
-31;-20;58;0;1
-31;-20;59;0;1
-31;-19;10;0;1
-31;-19;11;0;1
-31;-19;12;0;1
-31;-19;13;0;1
-31;-19;14;0;1
-31;-19;15;1;1
-31;-19;19;1;1
-31;-19;21;0;1
-31;-19;25;0;1
-31;-19;27;0;1
-31;-19;29;0;1
-31;-19;30;1;1
-31;-19;32;1;1
-31;-19;34;0;1
-31;-19;36;0;1
-31;-19;37;0;1
-31;-19;40;1;1
-31;-19;43;1;1
-31;-19;45;0;1
-31;-19;46;0;1
-31;-19;47;0;1
-31;-19;49;1;1
-31;-19;51;0;1
-31;-19;52;0;1
-31;-19;53;0;1
-31;-19;57;1;1
-31;-19;60;0;1
-31;-18;11;0;1
-31;-18;13;1;1
-31;-18;21;1;1
-31;-18;22;0;1
-31;-18;24;0;1
-31;-18;26;1;1
-31;-18;27;0;1
-31;-18;29;0;1
-31;-18;30;0;1
-31;-18;35;0;1
-31;-18;37;0;1
-31;-18;40;1;1
-31;-18;41;0;1
-31;-18;42;0;1
-31;-18;43;0;1
-31;-18;45;0;1
-31;-18;51;1;1
-31;-18;53;0;1
-31;-18;54;1;1
-31;-18;59;1;1
-31;-17;11;1;1
-31;-17;13;1;1
-31;-17;19;0;1
-31;-17;22;0;1
-31;-17;24;0;1
-31;-17;26;0;1
-31;-17;27;1;1
-31;-17;31;0;1
-31;-17;33;1;1
-31;-17;37;0;1
-31;-17;40;0;1
-31;-17;41;1;1
-31;-17;43;0;1
-31;-17;48;1;1
-31;-17;52;0;1
-31;-17;53;1;1
-31;-17;58;1;1
-31;-17;61;1;1
-31;-16;11;1;1
-31;-16;14;0;1
-31;-16;17;0;1
-31;-16;19;1;1
-31;-16;20;1;1
-31;-16;21;1;1
-31;-16;24;0;1
-31;-16;27;0;1
-31;-16;29;0;1
-31;-16;36;1;1
-31;-16;38;0;1
-31;-16;44;0;1
-31;-16;49;1;1
-31;-16;52;0;1
-31;-16;54;1;1
-31;-16;57;0;1
-31;-16;58;0;1
-31;-15;13;0;1
-31;-15;14;1;1
-31;-15;16;0;1
-31;-15;17;0;1
-31;-15;18;0;1
-31;-15;24;0;1
-31;-15;25;1;1
-31;-15;35;1;1
-31;-15;36;0;1
-31;-15;41;0;1
-31;-15;43;0;1
-31;-15;44;0;1
-31;-15;45;0;1
-31;-15;46;0;1
-31;-15;47;1;1
-31;-15;51;1;1
-31;-15;53;1;1
-31;-15;54;1;1
-31;-15;60;1;1
-31;-15;61;1;1
-31;-14;10;1;1
-31;-14;11;1;1
-31;-14;17;0;1
-31;-14;19;0;1
-31;-14;20;0;1
-31;-14;21;1;1
-31;-14;24;0;1
-31;-14;25;0;1
-31;-14;28;1;1
-31;-14;30;0;1
-31;-14;31;0;1
-31;-14;35;0;1
-31;-14;39;0;1
-31;-14;44;0;1
-31;-14;47;0;1
-31;-14;50;0;1
-31;-14;53;0;1
-31;-14;55;1;1
-31;-14;58;0;1
-31;-14;62;0;1
-31;-13;10;0;1
-31;-13;11;1;1
-31;-13;13;0;1
-31;-13;14;0;1
-31;-13;15;0;1
-31;-13;18;0;1
-31;-13;20;0;1
-31;-13;22;1;1
-31;-13;24;0;1
-31;-13;26;0;1
-31;-13;27;0;1
-31;-13;29;0;1
-31;-13;32;0;1
-31;-13;33;0;1
-31;-13;35;0;1
-31;-13;37;0;1
-31;-13;40;0;1
-31;-13;42;0;1
-31;-13;44;0;1
-31;-13;47;0;1
-31;-13;48;0;1
-31;-13;51;0;1
-31;-13;53;0;1
-31;-13;54;0;1
-31;-13;56;1;1
-31;-13;60;1;1
-31;-13;62;0;1
-31;-12;15;0;1
-31;-12;17;0;1
-31;-12;20;0;1
-31;-12;23;1;1
-31;-12;24;0;1
-31;-12;30;1;1
-31;-12;33;1;1
-31;-12;36;0;1
-31;-12;39;1;1
-31;-12;45;1;1
-31;-12;46;1;1
-31;-12;51;1;1
-31;-12;53;0;1
-31;-12;54;0;1
-31;-12;62;1;1
-31;-11;9;0;1
-31;-11;11;1;1
-31;-11;12;0;1
-31;-11;13;0;1
-31;-11;26;0;1
-31;-11;27;0;1
-31;-11;28;0;1
-31;-11;30;0;1
-31;-11;33;0;1
-31;-11;34;1;1
-31;-11;38;1;1
-31;-11;43;1;1
-31;-11;44;0;1
-31;-11;45;0;1
-31;-11;46;0;1
-31;-11;49;1;1
-31;-11;50;0;1
-31;-11;54;0;1
-31;-11;55;1;1
-31;-11;56;0;1
-31;-10;9;0;1
-31;-10;11;0;1
-31;-10;14;1;1
-31;-10;15;1;1
-31;-10;18;0;1
-31;-10;19;0;1
-31;-10;22;0;1
-31;-10;23;0;1
-31;-10;33;1;1
-31;-10;34;0;1
-31;-10;35;1;1
-31;-10;38;1;1
-31;-10;41;0;1
-31;-10;43;0;1
-31;-10;47;1;1
-31;-10;49;0;1
-31;-10;52;0;1
-31;-10;55;1;1
-31;-10;56;0;1
-31;-10;61;0;1
-31;-10;62;0;1
-31;-9;11;0;1
-31;-9;19;0;1
-31;-9;20;0;1
-31;-9;22;0;1
-31;-9;27;0;1
-31;-9;28;1;1
-31;-9;32;1;1
-31;-9;33;1;1
-31;-9;34;0;1
-31;-9;38;0;1
-31;-9;42;0;1
-31;-9;44;0;1
-31;-9;45;0;1
-31;-9;47;0;1
-31;-9;50;1;1
-31;-9;53;0;1
-31;-9;54;0;1
-31;-9;55;0;1
-31;-9;56;1;1
-31;-9;59;0;1
-31;-9;61;0;1
-31;-9;62;1;1
-31;-8;10;0;1
-31;-8;14;0;1
-31;-8;15;1;1
-31;-8;20;0;1
-31;-8;21;0;1
-31;-8;22;1;1
-31;-8;23;0;1
-31;-8;24;1;1
-31;-8;27;0;1
-31;-8;28;1;1
-31;-8;29;0;1
-31;-8;33;0;1
-31;-8;35;0;1
-31;-8;36;1;1
-31;-8;37;1;1
-31;-8;39;1;1
-31;-8;41;0;1
-31;-8;42;0;1
-31;-8;44;0;1
-31;-8;45;1;1
-31;-8;48;0;1
-31;-8;49;0;1
-31;-8;53;0;1
-31;-8;54;0;1
-31;-8;55;1;1
-31;-8;56;0;1
-31;-8;57;1;1
-31;-8;59;0;1
-31;-8;60;0;1
-31;-8;61;1;1
-31;-7;9;1;1
-31;-7;11;0;1
-31;-7;13;0;1
-31;-7;14;0;1
-31;-7;16;0;1
-31;-7;17;1;1
-31;-7;20;1;1
-31;-7;23;0;1
-31;-7;24;0;1
-31;-7;25;0;1
-31;-7;27;0;1
-31;-7;28;0;1
-31;-7;34;0;1
-31;-7;35;0;1
-31;-7;42;0;1
-31;-7;43;1;1
-31;-7;47;1;1
-31;-7;48;0;1
-31;-7;50;0;1
-31;-7;57;0;1
-31;-7;58;1;1
-31;-7;60;0;1
-31;-6;14;1;1
-31;-6;17;0;1
-31;-6;18;1;1
-31;-6;20;1;1
-31;-6;21;1;1
-31;-6;23;1;1
-31;-6;24;1;1
-31;-6;27;1;1
-31;-6;29;0;1
-31;-6;32;1;1
-31;-6;33;0;1
-31;-6;34;0;1
-31;-6;35;0;1
-31;-6;37;1;1
-31;-6;45;0;1
-31;-6;46;0;1
-31;-6;48;0;1
-31;-6;49;0;1
-31;-6;50;0;1
-31;-6;54;0;1
-31;-6;55;0;1
-31;-6;56;0;1
-31;-6;60;0;1
-31;-6;61;1;1
-31;-5;11;0;1
-31;-5;14;1;1
-31;-5;15;0;1
-31;-5;17;0;1
-31;-5;20;0;1
-31;-5;21;0;1
-31;-5;28;0;1
-31;-5;31;1;1
-31;-5;32;0;1
-31;-5;35;1;1
-31;-5;38;0;1
-31;-5;42;0;1
-31;-5;43;0;1
-31;-5;44;0;1
-31;-5;47;0;1
-31;-5;48;0;1
-31;-5;49;1;1
-31;-5;50;0;1
-31;-5;51;1;1
-31;-5;53;1;1
-31;-5;55;0;1
-31;-5;58;1;1
-31;-5;62;0;1
-31;-4;9;1;1
-31;-4;10;0;1
-31;-4;12;0;1
-31;-4;16;1;1
-31;-4;22;1;1
-31;-4;24;0;1
-31;-4;25;1;1
-31;-4;28;0;1
-31;-4;29;0;1
-31;-4;30;0;1
-31;-4;34;0;1
-31;-4;40;0;1
-31;-4;41;1;1
-31;-4;44;1;1
-31;-4;45;0;1
-31;-4;50;1;1
-31;-4;57;0;1
-31;-4;59;1;1
-31;-4;61;0;1
-31;-4;63;1;1
-31;-3;13;1;1
-31;-3;15;1;1
-31;-3;16;0;1
-31;-3;20;0;1
-31;-3;21;0;1
-31;-3;23;0;1
-31;-3;24;1;1
-31;-3;25;0;1
-31;-3;26;0;1
-31;-3;31;0;1
-31;-3;34;1;1
-31;-3;38;1;1
-31;-3;40;0;1
-31;-3;42;1;1
-31;-3;43;0;1
-31;-3;44;1;1
-31;-3;50;0;1
-31;-3;51;0;1
-31;-3;52;0;1
-31;-3;54;1;1
-31;-3;58;1;1
-31;-3;61;1;1
-31;-2;9;1;1
-31;-2;12;0;1
-31;-2;13;1;1
-31;-2;14;0;1
-31;-2;15;1;1
-31;-2;17;0;1
-31;-2;18;1;1
-31;-2;19;1;1
-31;-2;24;1;1
-31;-2;26;1;1
-31;-2;37;0;1
-31;-2;38;0;1
-31;-2;43;0;1
-31;-2;44;0;1
-31;-2;45;1;1
-31;-2;46;1;1
-31;-2;50;0;1
-31;-2;52;0;1
-31;-2;55;0;1
-31;-2;56;0;1
-31;-2;57;0;1
-31;-2;61;0;1
-31;-1;9;0;1
-31;-1;10;1;1
-31;-1;13;0;1
-31;-1;16;0;1
-31;-1;18;0;1
-31;-1;19;1;1
-31;-1;22;1;1
-31;-1;25;0;1
-31;-1;27;1;1
-31;-1;29;0;1
-31;-1;34;1;1
-31;-1;35;0;1
-31;-1;37;1;1
-31;-1;39;0;1
-31;-1;41;0;1
-31;-1;42;0;1
-31;-1;44;0;1
-31;-1;48;0;1
-31;-1;49;0;1
-31;-1;50;0;1
-31;-1;56;1;1
-31;-1;57;1;1
-31;-1;63;0;1
-31;0;11;0;1
-31;0;14;1;1
-31;0;15;0;1
-31;0;16;0;1
-31;0;18;0;1
-31;0;21;0;1
-31;0;23;1;1
-31;0;27;0;1
-31;0;29;1;1
-31;0;33;0;1
-31;0;35;1;1
-31;0;38;0;1
-31;0;39;0;1
-31;0;42;1;1
-31;0;43;1;1
-31;0;45;0;1
-31;0;49;0;1
-31;0;51;0;1
-31;0;52;0;1
-31;0;57;1;1
-31;0;60;0;1
-31;0;63;0;1
-31;1;9;0;1
-31;1;10;1;1
-31;1;13;0;1
-31;1;16;1;1
-31;1;18;1;1
-31;1;19;0;1
-31;1;21;0;1
-31;1;22;0;1
-31;1;23;0;1
-31;1;27;0;1
-31;1;28;0;1
-31;1;29;0;1
-31;1;32;0;1
-31;1;33;0;1
-31;1;36;1;1
-31;1;38;1;1
-31;1;39;0;1
-31;1;41;1;1
-31;1;45;0;1
-31;1;48;0;1
-31;1;52;0;1
-31;1;55;1;1
-31;1;59;1;1
-31;1;61;0;1
-31;1;62;0;1
-31;2;11;0;1
-31;2;12;0;1
-31;2;15;1;1
-31;2;16;1;1
-31;2;22;0;1
-31;2;24;1;1
-31;2;27;0;1
-31;2;29;0;1
-31;2;32;0;1
-31;2;36;0;1
-31;2;37;1;1
-31;2;38;1;1
-31;2;39;1;1
-31;2;40;0;1
-31;2;41;0;1
-31;2;42;0;1
-31;2;43;0;1
-31;2;47;0;1
-31;2;48;1;1
-31;2;49;1;1
-31;2;51;1;1
-31;2;59;0;1
-31;2;62;0;1
-31;3;12;1;1
-31;3;13;1;1
-31;3;19;1;1
-31;3;25;0;1
-31;3;34;0;1
-31;3;36;0;1
-31;3;37;0;1
-31;3;41;1;1
-31;3;42;1;1
-31;3;50;0;1
-31;3;57;0;1
-31;3;62;0;1
-31;4;9;1;1
-31;4;11;1;1
-31;4;14;1;1
-31;4;15;0;1
-31;4;18;0;1
-31;4;21;0;1
-31;4;22;1;1
-31;4;27;0;1
-31;4;28;1;1
-31;4;32;1;1
-31;4;33;0;1
-31;4;36;1;1
-31;4;39;1;1
-31;4;40;1;1
-31;4;41;0;1
-31;4;42;1;1
-31;4;44;1;1
-31;4;46;0;1
-31;4;48;0;1
-31;4;49;0;1
-31;4;51;1;1
-31;4;53;1;1
-31;4;56;0;1
-31;4;58;1;1
-31;4;60;1;1
-31;4;61;0;1
-31;5;10;0;1
-31;5;11;1;1
-31;5;13;1;1
-31;5;18;0;1
-31;5;19;0;1
-31;5;22;1;1
-31;5;24;0;1
-31;5;25;0;1
-31;5;27;1;1
-31;5;29;0;1
-31;5;35;0;1
-31;5;37;0;1
-31;5;38;0;1
-31;5;42;1;1
-31;5;46;0;1
-31;5;54;1;1
-31;5;57;1;1
-31;5;59;0;1
-31;5;61;1;1
-31;6;11;1;1
-31;6;12;0;1
-31;6;14;0;1
-31;6;20;1;1
-31;6;23;0;1
-31;6;27;0;1
-31;6;29;0;1
-31;6;30;0;1
-31;6;31;0;1
-31;6;32;1;1
-31;6;35;0;1
-31;6;37;1;1
-31;6;39;1;1
-31;6;40;1;1
-31;6;44;1;1
-31;6;46;0;1
-31;6;50;0;1
-31;6;51;0;1
-31;6;52;0;1
-31;6;54;1;1
-31;6;56;1;1
-31;6;57;0;1
-31;6;59;0;1
-31;6;60;0;1
-31;7;9;0;1
-31;7;10;0;1
-31;7;11;0;1
-31;7;16;1;1
-31;7;19;1;1
-31;7;20;0;1
-31;7;23;1;1
-31;7;26;1;1
-31;7;29;1;1
-31;7;30;0;1
-31;7;31;1;1
-31;7;33;0;1
-31;7;40;0;1
-31;7;41;1;1
-31;7;42;0;1
-31;7;43;1;1
-31;7;45;0;1
-31;7;46;0;1
-31;7;48;1;1
-31;7;49;0;1
-31;7;50;0;1
-31;7;51;1;1
-31;7;53;1;1
-31;7;55;1;1
-31;7;58;0;1
-31;7;59;0;1
-31;7;61;1;1
-31;8;9;0;1
-31;8;10;0;1
-31;8;14;0;1
-31;8;15;0;1
-31;8;17;0;1
-31;8;19;0;1
-31;8;21;0;1
-31;8;24;0;1
-31;8;27;1;1
-31;8;29;0;1
-31;8;33;0;1
-31;8;35;0;1
-31;8;40;0;1
-31;8;45;0;1
-31;8;46;1;1
-31;8;48;0;1
-31;8;50;1;1
-31;8;53;0;1
-31;8;54;1;1
-31;8;56;1;1
-31;8;58;1;1
-31;8;60;1;1
-31;9;9;1;1
-31;9;11;1;1
-31;9;18;1;1
-31;9;20;1;1
-31;9;25;1;1
-31;9;26;0;1
-31;9;27;0;1
-31;9;31;1;1
-31;9;39;0;1
-31;9;41;1;1
-31;9;42;0;1
-31;9;43;1;1
-31;9;46;0;1
-31;9;49;0;1
-31;9;50;0;1
-31;9;51;1;1
-31;9;54;1;1
-31;10;9;0;1
-31;10;10;1;1
-31;10;12;1;1
-31;10;19;0;1
-31;10;20;0;1
-31;10;22;0;1
-31;10;26;1;1
-31;10;27;1;1
-31;10;29;0;1
-31;10;31;1;1
-31;10;32;1;1
-31;10;39;0;1
-31;10;40;1;1
-31;10;41;0;1
-31;10;42;0;1
-31;10;50;1;1
-31;10;54;1;1
-31;10;55;1;1
-31;10;56;0;1
-31;10;58;0;1
-31;11;9;1;1
-31;11;10;0;1
-31;11;12;0;1
-31;11;13;0;1
-31;11;14;1;1
-31;11;22;1;1
-31;11;23;1;1
-31;11;29;0;1
-31;11;30;1;1
-31;11;36;0;1
-31;11;37;1;1
-31;11;38;1;1
-31;11;40;1;1
-31;11;41;0;1
-31;11;43;1;1
-31;11;45;0;1
-31;11;46;0;1
-31;11;49;1;1
-31;11;52;0;1
-31;11;56;1;1
-31;11;60;1;1
-31;11;62;0;1
-31;12;9;0;1
-31;12;27;1;1
-31;12;30;0;1
-31;12;31;0;1
-31;12;32;0;1
-31;12;33;1;1
-31;12;35;0;1
-31;12;36;0;1
-31;12;37;0;1
-31;12;40;1;1
-31;12;41;0;1
-31;12;43;0;1
-31;12;45;1;1
-31;12;46;1;1
-31;12;47;0;1
-31;12;48;0;1
-31;12;51;1;1
-31;12;56;0;1
-31;12;57;1;1
-31;12;58;1;1
-31;12;59;0;1
-31;13;12;0;1
-31;13;16;1;1
-31;13;19;1;1
-31;13;22;1;1
-31;13;25;0;1
-31;13;29;0;1
-31;13;36;0;1
-31;13;37;1;1
-31;13;40;0;1
-31;13;42;1;1
-31;13;46;0;1
-31;13;56;1;1
-31;13;57;0;1
-31;13;58;0;1
-31;13;61;0;1
-31;14;10;0;1
-31;14;13;0;1
-31;14;15;0;1
-31;14;16;0;1
-31;14;17;0;1
-31;14;19;1;1
-31;14;21;1;1
-31;14;26;0;1
-31;14;28;0;1
-31;14;31;0;1
-31;14;33;0;1
-31;14;34;0;1
-31;14;37;0;1
-31;14;40;0;1
-31;14;45;1;1
-31;14;47;0;1
-31;14;48;0;1
-31;14;51;1;1
-31;14;52;0;1
-31;14;62;0;1
-31;15;10;0;1
-31;15;13;1;1
-31;15;17;0;1
-31;15;18;0;1
-31;15;19;1;1
-31;15;20;0;1
-31;15;26;0;1
-31;15;27;0;1
-31;15;29;1;1
-31;15;34;0;1
-31;15;35;1;1
-31;15;36;0;1
-31;15;40;0;1
-31;15;43;0;1
-31;15;45;1;1
-31;15;48;0;1
-31;15;50;0;1
-31;15;53;1;1
-31;15;54;1;1
-31;15;56;0;1
-31;15;59;0;1
-31;15;60;0;1
-31;15;62;1;1
-31;16;10;1;1
-31;16;11;0;1
-31;16;12;1;1
-31;16;15;1;1
-31;16;17;0;1
-31;16;20;0;1
-31;16;21;0;1
-31;16;27;0;1
-31;16;29;1;1
-31;16;30;0;1
-31;16;31;0;1
-31;16;33;0;1
-31;16;34;0;1
-31;16;35;0;1
-31;16;37;0;1
-31;16;38;0;1
-31;16;40;1;1
-31;16;43;1;1
-31;16;44;1;1
-31;16;47;0;1
-31;16;49;0;1
-31;16;55;0;1
-31;16;57;1;1
-31;17;11;0;1
-31;17;12;0;1
-31;17;13;1;1
-31;17;15;0;1
-31;17;16;0;1
-31;17;17;0;1
-31;17;18;1;1
-31;17;19;1;1
-31;17;24;0;1
-31;17;25;1;1
-31;17;26;0;1
-31;17;33;0;1
-31;17;35;0;1
-31;17;36;0;1
-31;17;37;1;1
-31;17;41;0;1
-31;17;42;0;1
-31;17;45;0;1
-31;17;49;0;1
-31;17;50;1;1
-31;17;56;0;1
-31;17;57;1;1
-31;17;58;1;1
-31;18;10;0;1
-31;18;11;0;1
-31;18;12;1;1
-31;18;14;0;1
-31;18;15;1;1
-31;18;16;0;1
-31;18;17;1;1
-31;18;18;0;1
-31;18;19;0;1
-31;18;24;0;1
-31;18;25;0;1
-31;18;27;0;1
-31;18;28;0;1
-31;18;31;0;1
-31;18;34;0;1
-31;18;38;0;1
-31;18;39;0;1
-31;18;44;1;1
-31;18;47;0;1
-31;18;55;0;1
-31;18;57;1;1
-31;18;60;1;1
-31;19;10;1;1
-31;19;12;0;1
-31;19;13;0;1
-31;19;14;1;1
-31;19;16;1;1
-31;19;18;0;1
-31;19;19;1;1
-31;19;20;0;1
-31;19;27;0;1
-31;19;29;0;1
-31;19;30;1;1
-31;19;33;1;1
-31;19;36;1;1
-31;19;37;1;1
-31;19;40;0;1
-31;19;41;0;1
-31;19;46;0;1
-31;19;48;1;1
-31;19;50;1;1
-31;19;57;0;1
-31;19;58;1;1
-31;19;59;1;1
-31;19;61;0;1
-31;20;12;1;1
-31;20;13;0;1
-31;20;19;0;1
-31;20;22;0;1
-31;20;25;1;1
-31;20;26;0;1
-31;20;28;1;1
-31;20;33;1;1
-31;20;37;0;1
-31;20;39;1;1
-31;20;40;1;1
-31;20;41;0;1
-31;20;45;1;1
-31;20;47;0;1
-31;20;51;0;1
-31;20;54;1;1
-31;20;55;0;1
-31;20;56;0;1
-31;20;57;0;1
-31;20;59;1;1
-31;21;11;1;1
-31;21;13;0;1
-31;21;16;0;1
-31;21;19;1;1
-31;21;21;0;1
-31;21;27;0;1
-31;21;29;1;1
-31;21;30;0;1
-31;21;34;0;1
-31;21;37;1;1
-31;21;38;0;1
-31;21;39;0;1
-31;21;40;1;1
-31;21;42;1;1
-31;21;43;1;1
-31;21;46;0;1
-31;21;53;0;1
-31;21;54;0;1
-31;21;55;1;1
-31;21;56;0;1
-31;21;57;0;1
-31;21;58;0;1
-31;22;11;1;1
-31;22;14;0;1
-31;22;15;1;1
-31;22;18;0;1
-31;22;21;0;1
-31;22;23;0;1
-31;22;24;0;1
-31;22;27;1;1
-31;22;28;1;1
-31;22;35;0;1
-31;22;36;0;1
-31;22;37;0;1
-31;22;39;1;1
-31;22;43;0;1
-31;22;44;0;1
-31;22;50;0;1
-31;22;56;0;1
-31;22;57;1;1
-31;22;60;0;1
-31;23;11;1;1
-31;23;12;0;1
-31;23;14;0;1
-31;23;15;0;1
-31;23;20;0;1
-31;23;26;0;1
-31;23;28;1;1
-31;23;29;0;1
-31;23;31;0;1
-31;23;33;1;1
-31;23;37;0;1
-31;23;40;0;1
-31;23;41;1;1
-31;23;44;0;1
-31;23;46;0;1
-31;23;49;0;1
-31;23;50;0;1
-31;23;51;0;1
-31;23;53;1;1
-31;23;56;1;1
-31;23;57;0;1
-31;23;59;1;1
-31;24;11;0;1
-31;24;12;1;1
-31;24;14;0;1
-31;24;16;1;1
-31;24;17;0;1
-31;24;31;0;1
-31;24;36;0;1
-31;24;40;1;1
-31;24;45;0;1
-31;24;46;0;1
-31;24;47;1;1
-31;24;48;1;1
-31;24;49;0;1
-31;24;51;1;1
-31;24;54;0;1
-31;24;58;0;1
-31;25;11;0;1
-31;25;13;0;1
-31;25;15;0;1
-31;25;17;0;1
-31;25;18;1;1
-31;25;19;0;1
-31;25;20;1;1
-31;25;23;1;1
-31;25;24;0;1
-31;25;26;0;1
-31;25;29;0;1
-31;25;30;0;1
-31;25;31;1;1
-31;25;35;0;1
-31;25;38;1;1
-31;25;39;1;1
-31;25;40;0;1
-31;25;43;1;1
-31;25;45;1;1
-31;25;47;0;1
-31;25;48;0;1
-31;25;52;0;1
-31;25;53;0;1
-31;25;56;1;1
-31;26;11;0;1
-31;26;13;0;1
-31;26;14;1;1
-31;26;17;1;1
-31;26;28;0;1
-31;26;29;1;1
-31;26;30;0;1
-31;26;31;0;1
-31;26;33;0;1
-31;26;35;1;1
-31;26;37;0;1
-31;26;39;1;1
-31;26;47;0;1
-31;26;50;0;1
-31;26;54;0;1
-31;27;12;0;1
-31;27;13;0;1
-31;27;14;1;1
-31;27;15;0;1
-31;27;21;1;1
-31;27;22;0;1
-31;27;25;0;1
-31;27;29;0;1
-31;27;31;1;1
-31;27;33;1;1
-31;27;34;1;1
-31;27;35;0;1
-31;27;38;0;1
-31;27;40;0;1
-31;27;42;1;1
-31;27;48;1;1
-31;27;52;0;1
-31;27;56;0;1
-31;27;57;1;1
-31;28;13;0;1
-31;28;14;0;1
-31;28;15;0;1
-31;28;17;0;1
-31;28;18;1;1
-31;28;19;1;1
-31;28;23;0;1
-31;28;25;1;1
-31;28;26;0;1
-31;28;30;1;1
-31;28;31;0;1
-31;28;32;0;1
-31;28;33;1;1
-31;28;34;1;1
-31;28;35;0;1
-31;28;36;0;1
-31;28;38;0;1
-31;28;40;0;1
-31;28;41;1;1
-31;28;48;1;1
-31;28;50;0;1
-31;29;14;0;1
-31;29;15;0;1
-31;29;16;0;1
-31;29;18;0;1
-31;29;20;0;1
-31;29;21;0;1
-31;29;23;1;1
-31;29;24;0;1
-31;29;26;0;1
-31;29;27;0;1
-31;29;28;0;1
-31;29;29;1;1
-31;29;30;0;1
-31;29;32;1;1
-31;29;33;0;1
-31;29;35;0;1
-31;29;36;0;1
-31;29;38;1;1
-31;29;39;0;1
-31;29;40;1;1
-31;29;41;1;1
-31;29;42;1;1
-31;29;46;0;1
-31;29;47;0;1
-31;29;48;0;1
-31;29;50;0;1
-31;29;56;0;1
-31;30;14;0;1
-31;30;15;0;1
-31;30;16;0;1
-31;30;18;0;1
-31;30;20;1;1
-31;30;23;1;1
-31;30;25;0;1
-31;30;26;0;1
-31;30;28;0;1
-31;30;29;1;1
-31;30;39;1;1
-31;30;40;0;1
-31;30;41;0;1
-31;30;43;0;1
-31;30;44;0;1
-31;30;46;0;1
-31;30;47;1;1
-31;30;48;0;1
-31;30;50;0;1
-31;30;55;1;1
-31;30;56;0;1
-31;31;14;0;1
-31;31;15;1;1
-31;31;18;0;1
-31;31;23;0;1
-31;31;27;0;1
-31;31;28;1;1
-31;31;29;0;1
-31;31;30;0;1
-31;31;32;1;1
-31;31;34;0;1
-31;31;38;1;1
-31;31;46;0;1
-31;31;50;0;1
-31;31;54;1;1
-31;31;55;1;1
-31;32;16;0;1
-31;32;17;0;1
-31;32;21;0;1
-31;32;24;0;1
-31;32;27;0;1
-31;32;28;1;1
-31;32;29;1;1
-31;32;32;0;1
-31;32;34;1;1
-31;32;35;1;1
-31;32;37;0;1
-31;32;38;0;1
-31;32;39;0;1
-31;32;41;0;1
-31;32;42;0;1
-31;32;44;0;1
-31;32;45;0;1
-31;32;48;0;1
-31;32;51;1;1
-31;32;53;0;1
-31;33;13;1;1
-31;33;18;0;1
-31;33;20;0;1
-31;33;21;0;1
-31;33;22;1;1
-31;33;27;1;1
-31;33;31;1;1
-31;33;34;0;1
-31;33;36;1;1
-31;33;40;0;1
-31;33;41;0;1
-31;33;42;0;1
-31;33;47;1;1
-31;33;49;1;1
-31;33;51;0;1
-31;33;52;0;1
-31;33;53;0;1
-31;34;13;0;1
-31;34;17;1;1
-31;34;21;0;1
-31;34;23;1;1
-31;34;26;1;1
-31;34;29;0;1
-31;34;32;1;1
-31;34;33;1;1
-31;34;35;1;1
-31;34;36;0;1
-31;34;37;0;1
-31;34;39;1;1
-31;34;41;0;1
-31;34;44;0;1
-31;34;45;0;1
-31;34;50;0;1
-31;34;51;0;1
-31;35;16;0;1
-31;35;17;0;1
-31;35;20;1;1
-31;35;24;0;1
-31;35;27;0;1
-31;35;28;0;1
-31;35;29;1;1
-31;35;32;0;1
-31;35;33;0;1
-31;35;36;0;1
-31;35;37;1;1
-31;35;42;0;1
-31;35;43;0;1
-31;35;45;0;1
-31;35;46;0;1
-31;35;47;0;1
-31;35;49;1;1
-31;36;17;0;1
-31;36;23;0;1
-31;36;25;0;1
-31;36;27;0;1
-31;36;30;0;1
-31;36;33;0;1
-31;36;34;0;1
-31;36;35;0;1
-31;36;37;0;1
-31;36;43;1;1
-31;36;44;0;1
-31;36;45;1;1
-31;36;47;1;1
-31;36;49;0;1
-31;36;50;0;1
-31;36;51;0;1
-31;37;14;0;1
-31;37;17;0;1
-31;37;18;0;1
-31;37;21;1;1
-31;37;22;0;1
-31;37;25;0;1
-31;37;27;0;1
-31;37;31;1;1
-31;37;32;0;1
-31;37;33;1;1
-31;37;34;0;1
-31;37;35;0;1
-31;37;36;1;1
-31;37;45;0;1
-31;37;49;0;1
-31;37;50;1;1
-31;38;17;1;1
-31;38;18;1;1
-31;38;20;0;1
-31;38;21;1;1
-31;38;22;0;1
-31;38;24;0;1
-31;38;25;0;1
-31;38;27;1;1
-31;38;28;1;1
-31;38;32;1;1
-31;38;37;0;1
-31;38;39;0;1
-31;38;40;0;1
-31;38;41;1;1
-31;38;43;0;1
-31;38;46;0;1
-31;38;51;0;1
-31;39;14;0;1
-31;39;20;0;1
-31;39;21;0;1
-31;39;23;0;1
-31;39;24;0;1
-31;39;25;1;1
-31;39;27;1;1
-31;39;33;0;1
-31;39;34;0;1
-31;39;37;0;1
-31;39;38;1;1
-31;39;40;0;1
-31;39;49;0;1
-31;40;14;0;1
-31;40;16;0;1
-31;40;17;1;1
-31;40;21;0;1
-31;40;23;0;1
-31;40;26;0;1
-31;40;28;0;1
-31;40;31;1;1
-31;40;34;1;1
-31;40;36;1;1
-31;40;44;0;1
-31;40;48;1;1
-31;41;14;1;1
-31;41;20;0;1
-31;41;24;0;1
-31;41;26;1;1
-31;41;29;0;1
-31;41;32;1;1
-31;41;33;1;1
-31;41;41;1;1
-31;41;43;0;1
-31;41;44;1;1
-31;41;46;0;1
-31;42;14;1;1
-31;42;17;0;1
-31;42;19;1;1
-31;42;20;1;1
-31;42;22;0;1
-31;42;23;1;1
-31;42;24;1;1
-31;42;25;0;1
-31;42;36;1;1
-31;42;37;0;1
-31;42;39;1;1
-31;42;44;0;1
-31;42;45;0;1
-31;42;46;0;1
-31;42;47;0;1
-31;43;15;0;1
-31;43;16;0;1
-31;43;18;0;1
-31;43;19;0;1
-31;43;20;1;1
-31;43;22;1;1
-31;43;23;1;1
-31;43;24;0;1
-31;43;26;1;1
-31;43;29;1;1
-31;43;31;1;1
-31;43;32;0;1
-31;43;33;1;1
-31;43;34;0;1
-31;43;36;0;1
-31;43;42;0;1
-31;43;46;0;1
-31;44;19;1;1
-31;44;21;1;1
-31;44;22;1;1
-31;44;24;1;1
-31;44;29;0;1
-31;44;30;0;1
-31;44;31;0;1
-31;44;32;0;1
-31;44;33;0;1
-31;44;34;1;1
-31;44;36;1;1
-31;44;37;0;1
-31;44;38;1;1
-31;44;39;1;1
-31;44;41;1;1
-31;44;42;1;1
-31;45;15;0;1
-31;45;16;1;1
-31;45;17;0;1
-31;45;18;1;1
-31;45;20;0;1
-31;45;26;0;1
-31;45;29;0;1
-31;45;31;1;1
-31;45;32;0;1
-31;45;33;0;1
-31;45;37;0;1
-31;45;43;0;1
-31;45;44;0;1
-31;46;22;0;1
-31;46;24;0;1
-31;46;26;1;1
-31;46;27;0;1
-31;46;31;1;1
-31;46;35;1;1
-31;46;38;0;1
-31;46;40;0;1
-31;46;41;0;1
-31;46;42;0;1
-31;46;44;1;1
-31;47;17;0;1
-31;47;21;1;1
-31;47;22;1;1
-31;47;23;1;1
-31;47;31;1;1
-31;47;32;0;1
-31;47;34;1;1
-31;47;35;1;1
-31;47;37;0;1
-31;47;40;0;1
-31;47;43;0;1
-31;48;17;0;1
-31;48;19;0;1
-31;48;20;0;1
-31;48;21;1;1
-31;48;22;1;1
-31;48;24;0;1
-31;48;25;1;1
-31;48;26;0;1
-31;48;28;0;1
-31;48;30;0;1
-31;48;32;1;1
-31;48;34;1;1
-31;48;35;0;1
-31;48;36;0;1
-31;48;37;1;1
-31;48;38;0;1
-31;48;41;1;1
-31;48;42;0;1
-31;49;18;1;1
-31;49;19;1;1
-31;49;22;0;1
-31;49;30;0;1
-31;49;31;0;1
-31;49;32;0;1
-31;49;33;0;1
-31;49;35;0;1
-31;49;39;0;1
-31;49;40;1;1
-31;50;16;0;1
-31;50;19;1;1
-31;50;20;0;1
-31;50;21;1;1
-31;50;24;1;1
-31;50;26;0;1
-31;50;27;0;1
-31;50;29;0;1
-31;50;31;0;1
-31;50;32;1;1
-31;50;39;0;1
-31;51;18;1;1
-31;51;19;0;1
-31;51;21;0;1
-31;51;24;1;1
-31;51;25;0;1
-31;51;27;0;1
-31;51;28;1;1
-31;51;30;0;1
-31;51;33;0;1
-31;51;34;1;1
-31;51;37;1;1
-31;52;18;0;1
-31;52;21;1;1
-31;52;25;0;1
-31;52;26;1;1
-31;52;27;0;1
-31;52;34;0;1
-31;52;37;1;1
-31;53;17;0;1
-31;53;18;0;1
-31;53;19;0;1
-31;53;20;1;1
-31;53;23;0;1
-31;53;24;0;1
-31;53;25;1;1
-31;53;26;1;1
-31;53;31;1;1
-31;53;33;1;1
-30;-51;18;1;1
-30;-51;19;0;1
-30;-51;21;1;1
-30;-51;24;0;1
-30;-51;29;0;1
-30;-51;30;1;1
-30;-51;33;0;1
-30;-51;36;0;1
-30;-51;37;1;1
-30;-51;38;1;1
-30;-50;16;1;1
-30;-50;17;0;1
-30;-50;20;0;1
-30;-50;28;1;1
-30;-50;33;1;1
-30;-50;39;0;1
-30;-50;40;0;1
-30;-49;17;0;1
-30;-49;21;0;1
-30;-49;23;0;1
-30;-49;24;0;1
-30;-49;25;1;1
-30;-49;27;0;1
-30;-49;28;1;1
-30;-49;29;0;1
-30;-49;30;1;1
-30;-49;33;0;1
-30;-49;35;1;1
-30;-49;37;0;1
-30;-49;38;1;1
-30;-49;40;1;1
-30;-49;41;1;1
-30;-48;18;1;1
-30;-48;21;0;1
-30;-48;27;1;1
-30;-48;28;1;1
-30;-48;31;0;1
-30;-48;32;0;1
-30;-48;37;1;1
-30;-48;40;1;1
-30;-47;18;0;1
-30;-47;19;1;1
-30;-47;21;0;1
-30;-47;22;0;1
-30;-47;24;0;1
-30;-47;27;1;1
-30;-47;28;0;1
-30;-47;34;0;1
-30;-47;36;0;1
-30;-47;39;0;1
-30;-47;40;0;1
-30;-47;43;1;1
-30;-47;44;0;1
-30;-46;15;1;1
-30;-46;17;1;1
-30;-46;18;0;1
-30;-46;20;0;1
-30;-46;21;1;1
-30;-46;22;1;1
-30;-46;24;1;1
-30;-46;27;1;1
-30;-46;28;1;1
-30;-46;29;0;1
-30;-46;30;0;1
-30;-46;38;0;1
-30;-46;40;0;1
-30;-46;42;0;1
-30;-46;43;0;1
-30;-45;15;0;1
-30;-45;17;0;1
-30;-45;19;1;1
-30;-45;25;1;1
-30;-45;26;0;1
-30;-45;27;0;1
-30;-45;29;0;1
-30;-45;30;0;1
-30;-45;31;1;1
-30;-45;34;1;1
-30;-45;35;0;1
-30;-45;40;1;1
-30;-45;42;0;1
-30;-45;44;1;1
-30;-45;45;0;1
-30;-45;46;1;1
-30;-44;18;1;1
-30;-44;20;0;1
-30;-44;22;1;1
-30;-44;26;0;1
-30;-44;27;1;1
-30;-44;30;0;1
-30;-44;34;0;1
-30;-44;36;0;1
-30;-44;37;0;1
-30;-44;39;0;1
-30;-44;43;0;1
-30;-44;45;1;1
-30;-44;47;1;1
-30;-43;16;0;1
-30;-43;26;1;1
-30;-43;27;0;1
-30;-43;28;1;1
-30;-43;30;0;1
-30;-43;31;1;1
-30;-43;32;0;1
-30;-43;36;1;1
-30;-43;40;1;1
-30;-43;41;0;1
-30;-43;42;1;1
-30;-43;43;0;1
-30;-43;44;0;1
-30;-43;47;1;1
-30;-42;14;0;1
-30;-42;16;0;1
-30;-42;20;0;1
-30;-42;21;1;1
-30;-42;23;0;1
-30;-42;25;0;1
-30;-42;32;0;1
-30;-42;34;0;1
-30;-42;36;0;1
-30;-42;37;0;1
-30;-42;40;0;1
-30;-42;42;1;1
-30;-42;48;1;1
-30;-41;18;1;1
-30;-41;23;0;1
-30;-41;25;0;1
-30;-41;30;1;1
-30;-41;33;0;1
-30;-41;34;0;1
-30;-41;38;0;1
-30;-41;40;0;1
-30;-41;42;1;1
-30;-41;44;0;1
-30;-40;14;1;1
-30;-40;15;0;1
-30;-40;20;0;1
-30;-40;21;0;1
-30;-40;23;0;1
-30;-40;25;0;1
-30;-40;26;0;1
-30;-40;27;0;1
-30;-40;30;1;1
-30;-40;32;0;1
-30;-40;33;0;1
-30;-40;36;0;1
-30;-40;38;1;1
-30;-40;39;0;1
-30;-40;41;0;1
-30;-40;42;0;1
-30;-40;44;0;1
-30;-40;48;0;1
-30;-39;14;0;1
-30;-39;16;0;1
-30;-39;17;1;1
-30;-39;25;0;1
-30;-39;29;1;1
-30;-39;30;1;1
-30;-39;33;1;1
-30;-39;36;1;1
-30;-39;37;0;1
-30;-39;38;0;1
-30;-39;41;1;1
-30;-39;47;0;1
-30;-39;48;1;1
-30;-39;50;0;1
-30;-38;16;1;1
-30;-38;18;0;1
-30;-38;22;1;1
-30;-38;26;0;1
-30;-38;27;1;1
-30;-38;28;1;1
-30;-38;29;1;1
-30;-38;32;1;1
-30;-38;33;0;1
-30;-38;38;1;1
-30;-38;39;1;1
-30;-38;42;0;1
-30;-38;44;0;1
-30;-38;48;0;1
-30;-38;49;1;1
-30;-37;13;0;1
-30;-37;16;0;1
-30;-37;20;0;1
-30;-37;21;1;1
-30;-37;22;0;1
-30;-37;26;0;1
-30;-37;27;0;1
-30;-37;29;0;1
-30;-37;32;0;1
-30;-37;34;1;1
-30;-37;37;1;1
-30;-37;39;0;1
-30;-37;41;1;1
-30;-37;42;1;1
-30;-37;43;0;1
-30;-37;44;0;1
-30;-37;45;0;1
-30;-37;46;1;1
-30;-37;47;0;1
-30;-37;51;0;1
-30;-36;14;1;1
-30;-36;15;0;1
-30;-36;16;0;1
-30;-36;18;1;1
-30;-36;20;1;1
-30;-36;21;1;1
-30;-36;27;0;1
-30;-36;28;0;1
-30;-36;32;0;1
-30;-36;34;1;1
-30;-36;36;1;1
-30;-36;37;1;1
-30;-36;40;1;1
-30;-36;44;1;1
-30;-36;45;1;1
-30;-36;51;0;1
-30;-36;52;1;1
-30;-36;53;0;1
-30;-35;13;0;1
-30;-35;19;1;1
-30;-35;20;0;1
-30;-35;27;0;1
-30;-35;28;0;1
-30;-35;29;0;1
-30;-35;32;1;1
-30;-35;37;0;1
-30;-35;40;0;1
-30;-35;41;0;1
-30;-35;44;0;1
-30;-35;48;0;1
-30;-35;51;0;1
-30;-35;53;0;1
-30;-34;13;0;1
-30;-34;14;1;1
-30;-34;33;1;1
-30;-34;36;1;1
-30;-34;38;1;1
-30;-34;41;1;1
-30;-34;42;0;1
-30;-34;45;0;1
-30;-34;46;1;1
-30;-34;47;0;1
-30;-34;48;0;1
-30;-34;50;0;1
-30;-34;51;0;1
-30;-33;14;1;1
-30;-33;16;1;1
-30;-33;17;0;1
-30;-33;19;0;1
-30;-33;20;1;1
-30;-33;22;1;1
-30;-33;23;1;1
-30;-33;26;1;1
-30;-33;28;1;1
-30;-33;30;0;1
-30;-33;31;0;1
-30;-33;36;1;1
-30;-33;38;0;1
-30;-33;40;0;1
-30;-33;41;1;1
-30;-32;14;0;1
-30;-32;15;0;1
-30;-32;18;0;1
-30;-32;23;1;1
-30;-32;24;0;1
-30;-32;27;0;1
-30;-32;29;1;1
-30;-32;32;0;1
-30;-32;34;0;1
-30;-32;38;0;1
-30;-32;39;0;1
-30;-32;44;1;1
-30;-32;55;1;1
-30;-31;13;0;1
-30;-31;15;0;1
-30;-31;20;0;1
-30;-31;22;1;1
-30;-31;26;1;1
-30;-31;29;0;1
-30;-31;32;0;1
-30;-31;33;1;1
-30;-31;34;1;1
-30;-31;35;0;1
-30;-31;36;1;1
-30;-31;38;0;1
-30;-31;39;0;1
-30;-31;40;0;1
-30;-31;44;1;1
-30;-31;48;0;1
-30;-31;56;0;1
-30;-30;12;1;1
-30;-30;13;0;1
-30;-30;14;1;1
-30;-30;15;0;1
-30;-30;19;0;1
-30;-30;21;1;1
-30;-30;24;1;1
-30;-30;25;0;1
-30;-30;26;0;1
-30;-30;28;1;1
-30;-30;30;0;1
-30;-30;31;0;1
-30;-30;36;0;1
-30;-30;37;0;1
-30;-30;39;0;1
-30;-30;40;1;1
-30;-30;42;0;1
-30;-30;43;1;1
-30;-30;46;1;1
-30;-30;48;1;1
-30;-30;50;0;1
-30;-30;52;0;1
-30;-30;56;0;1
-30;-29;12;0;1
-30;-29;14;1;1
-30;-29;16;0;1
-30;-29;20;1;1
-30;-29;21;1;1
-30;-29;22;0;1
-30;-29;23;0;1
-30;-29;25;0;1
-30;-29;26;1;1
-30;-29;27;0;1
-30;-29;29;0;1
-30;-29;31;0;1
-30;-29;35;1;1
-30;-29;38;1;1
-30;-29;39;0;1
-30;-29;42;0;1
-30;-29;43;0;1
-30;-29;44;1;1
-30;-29;46;0;1
-30;-29;47;1;1
-30;-29;48;1;1
-30;-29;49;0;1
-30;-29;50;0;1
-30;-29;51;0;1
-30;-29;52;0;1
-30;-29;53;0;1
-30;-29;56;0;1
-30;-29;57;0;1
-30;-28;11;0;1
-30;-28;16;0;1
-30;-28;18;0;1
-30;-28;22;0;1
-30;-28;25;0;1
-30;-28;26;0;1
-30;-28;28;1;1
-30;-28;29;0;1
-30;-28;31;1;1
-30;-28;32;0;1
-30;-28;38;0;1
-30;-28;39;1;1
-30;-28;40;0;1
-30;-28;43;0;1
-30;-28;45;1;1
-30;-28;47;1;1
-30;-28;50;0;1
-30;-28;51;0;1
-30;-28;52;0;1
-30;-28;53;0;1
-30;-28;54;0;1
-30;-27;12;0;1
-30;-27;13;0;1
-30;-27;17;0;1
-30;-27;18;1;1
-30;-27;20;1;1
-30;-27;21;0;1
-30;-27;22;0;1
-30;-27;23;0;1
-30;-27;24;0;1
-30;-27;28;0;1
-30;-27;29;1;1
-30;-27;30;1;1
-30;-27;35;1;1
-30;-27;39;0;1
-30;-27;40;0;1
-30;-27;42;1;1
-30;-27;46;0;1
-30;-27;48;1;1
-30;-27;49;0;1
-30;-27;56;0;1
-30;-27;57;0;1
-30;-26;11;0;1
-30;-26;12;0;1
-30;-26;13;0;1
-30;-26;14;0;1
-30;-26;15;1;1
-30;-26;16;1;1
-30;-26;18;1;1
-30;-26;21;0;1
-30;-26;23;0;1
-30;-26;32;0;1
-30;-26;33;1;1
-30;-26;35;1;1
-30;-26;36;0;1
-30;-26;38;1;1
-30;-26;39;1;1
-30;-26;40;0;1
-30;-26;42;0;1
-30;-26;43;1;1
-30;-26;45;0;1
-30;-26;49;1;1
-30;-26;53;0;1
-30;-26;54;0;1
-30;-25;12;0;1
-30;-25;14;0;1
-30;-25;15;1;1
-30;-25;18;0;1
-30;-25;19;1;1
-30;-25;20;0;1
-30;-25;25;1;1
-30;-25;27;1;1
-30;-25;28;1;1
-30;-25;33;0;1
-30;-25;37;1;1
-30;-25;41;0;1
-30;-25;42;1;1
-30;-25;44;0;1
-30;-25;45;0;1
-30;-25;49;0;1
-30;-25;50;0;1
-30;-25;51;1;1
-30;-25;52;1;1
-30;-25;54;0;1
-30;-25;58;0;1
-30;-24;12;0;1
-30;-24;13;1;1
-30;-24;14;0;1
-30;-24;15;0;1
-30;-24;16;0;1
-30;-24;17;1;1
-30;-24;18;1;1
-30;-24;19;0;1
-30;-24;20;0;1
-30;-24;21;0;1
-30;-24;24;0;1
-30;-24;29;1;1
-30;-24;30;0;1
-30;-24;31;0;1
-30;-24;38;0;1
-30;-24;40;1;1
-30;-24;44;0;1
-30;-24;46;0;1
-30;-24;48;0;1
-30;-24;49;0;1
-30;-24;51;0;1
-30;-24;53;0;1
-30;-24;54;1;1
-30;-24;56;0;1
-30;-24;58;1;1
-30;-24;59;0;1
-30;-23;18;1;1
-30;-23;19;0;1
-30;-23;22;0;1
-30;-23;23;1;1
-30;-23;25;0;1
-30;-23;28;0;1
-30;-23;31;1;1
-30;-23;32;0;1
-30;-23;34;0;1
-30;-23;35;1;1
-30;-23;38;0;1
-30;-23;39;0;1
-30;-23;40;0;1
-30;-23;42;0;1
-30;-23;43;0;1
-30;-23;46;0;1
-30;-23;50;1;1
-30;-23;53;1;1
-30;-23;55;0;1
-30;-23;57;0;1
-30;-22;13;0;1
-30;-22;14;0;1
-30;-22;19;0;1
-30;-22;22;1;1
-30;-22;25;0;1
-30;-22;28;0;1
-30;-22;34;0;1
-30;-22;38;0;1
-30;-22;40;0;1
-30;-22;42;1;1
-30;-22;43;0;1
-30;-22;49;0;1
-30;-22;52;1;1
-30;-22;60;0;1
-30;-21;11;1;1
-30;-21;12;1;1
-30;-21;13;0;1
-30;-21;14;1;1
-30;-21;15;1;1
-30;-21;16;0;1
-30;-21;18;1;1
-30;-21;19;1;1
-30;-21;20;1;1
-30;-21;21;1;1
-30;-21;22;0;1
-30;-21;23;0;1
-30;-21;26;0;1
-30;-21;28;0;1
-30;-21;31;1;1
-30;-21;35;0;1
-30;-21;36;1;1
-30;-21;38;0;1
-30;-21;40;1;1
-30;-21;43;1;1
-30;-21;45;1;1
-30;-21;46;1;1
-30;-21;48;1;1
-30;-21;49;0;1
-30;-21;55;1;1
-30;-21;59;1;1
-30;-20;11;0;1
-30;-20;17;0;1
-30;-20;19;0;1
-30;-20;20;0;1
-30;-20;21;1;1
-30;-20;22;0;1
-30;-20;23;1;1
-30;-20;24;0;1
-30;-20;27;1;1
-30;-20;29;0;1
-30;-20;31;1;1
-30;-20;32;1;1
-30;-20;34;1;1
-30;-20;37;0;1
-30;-20;38;0;1
-30;-20;39;1;1
-30;-20;40;1;1
-30;-20;43;0;1
-30;-20;44;0;1
-30;-20;46;0;1
-30;-20;47;0;1
-30;-20;48;0;1
-30;-20;50;1;1
-30;-20;52;0;1
-30;-20;53;0;1
-30;-20;55;0;1
-30;-20;59;1;1
-30;-20;61;0;1
-30;-19;12;0;1
-30;-19;14;0;1
-30;-19;15;0;1
-30;-19;17;0;1
-30;-19;21;1;1
-30;-19;23;1;1
-30;-19;24;0;1
-30;-19;27;0;1
-30;-19;29;0;1
-30;-19;32;0;1
-30;-19;33;0;1
-30;-19;39;1;1
-30;-19;40;1;1
-30;-19;42;0;1
-30;-19;43;1;1
-30;-19;46;1;1
-30;-19;47;0;1
-30;-19;51;1;1
-30;-19;52;0;1
-30;-19;53;0;1
-30;-19;55;0;1
-30;-19;59;0;1
-30;-19;60;1;1
-30;-19;61;0;1
-30;-18;11;0;1
-30;-18;16;1;1
-30;-18;17;1;1
-30;-18;20;1;1
-30;-18;21;1;1
-30;-18;22;1;1
-30;-18;25;0;1
-30;-18;27;0;1
-30;-18;28;0;1
-30;-18;29;1;1
-30;-18;30;1;1
-30;-18;34;0;1
-30;-18;36;1;1
-30;-18;37;1;1
-30;-18;38;0;1
-30;-18;40;1;1
-30;-18;44;0;1
-30;-18;47;0;1
-30;-18;48;1;1
-30;-18;49;1;1
-30;-18;50;0;1
-30;-18;55;1;1
-30;-18;56;0;1
-30;-18;59;0;1
-30;-18;61;0;1
-30;-17;17;1;1
-30;-17;18;0;1
-30;-17;20;1;1
-30;-17;23;0;1
-30;-17;27;0;1
-30;-17;30;1;1
-30;-17;33;0;1
-30;-17;39;1;1
-30;-17;41;0;1
-30;-17;43;0;1
-30;-17;44;1;1
-30;-17;50;0;1
-30;-17;51;1;1
-30;-17;54;1;1
-30;-17;56;0;1
-30;-17;57;0;1
-30;-17;59;1;1
-30;-17;60;0;1
-30;-16;11;1;1
-30;-16;17;1;1
-30;-16;20;0;1
-30;-16;21;0;1
-30;-16;22;0;1
-30;-16;24;1;1
-30;-16;25;1;1
-30;-16;26;0;1
-30;-16;27;0;1
-30;-16;28;0;1
-30;-16;29;1;1
-30;-16;30;1;1
-30;-16;33;0;1
-30;-16;34;0;1
-30;-16;42;1;1
-30;-16;44;0;1
-30;-16;45;0;1
-30;-16;50;1;1
-30;-16;52;1;1
-30;-16;54;0;1
-30;-16;55;1;1
-30;-16;58;0;1
-30;-16;59;1;1
-30;-16;60;0;1
-30;-15;10;0;1
-30;-15;12;1;1
-30;-15;18;0;1
-30;-15;19;1;1
-30;-15;21;0;1
-30;-15;23;1;1
-30;-15;24;0;1
-30;-15;25;0;1
-30;-15;26;0;1
-30;-15;28;0;1
-30;-15;29;1;1
-30;-15;32;1;1
-30;-15;33;0;1
-30;-15;34;0;1
-30;-15;35;1;1
-30;-15;36;1;1
-30;-15;40;1;1
-30;-15;41;1;1
-30;-15;43;0;1
-30;-15;45;1;1
-30;-15;47;1;1
-30;-15;51;0;1
-30;-15;54;0;1
-30;-15;55;1;1
-30;-15;60;0;1
-30;-14;9;0;1
-30;-14;11;0;1
-30;-14;14;1;1
-30;-14;15;1;1
-30;-14;16;0;1
-30;-14;18;1;1
-30;-14;20;1;1
-30;-14;21;0;1
-30;-14;22;0;1
-30;-14;25;0;1
-30;-14;26;1;1
-30;-14;27;0;1
-30;-14;30;1;1
-30;-14;32;0;1
-30;-14;33;1;1
-30;-14;34;1;1
-30;-14;35;0;1
-30;-14;37;0;1
-30;-14;43;1;1
-30;-14;45;0;1
-30;-14;49;1;1
-30;-14;56;1;1
-30;-14;57;0;1
-30;-14;58;0;1
-30;-14;60;1;1
-30;-13;9;0;1
-30;-13;10;0;1
-30;-13;12;0;1
-30;-13;14;1;1
-30;-13;17;0;1
-30;-13;24;0;1
-30;-13;26;0;1
-30;-13;29;0;1
-30;-13;33;0;1
-30;-13;34;1;1
-30;-13;38;1;1
-30;-13;39;0;1
-30;-13;52;0;1
-30;-13;53;1;1
-30;-13;54;0;1
-30;-13;55;1;1
-30;-13;59;0;1
-30;-12;10;1;1
-30;-12;11;1;1
-30;-12;16;0;1
-30;-12;17;0;1
-30;-12;19;1;1
-30;-12;21;1;1
-30;-12;28;0;1
-30;-12;33;0;1
-30;-12;34;1;1
-30;-12;41;0;1
-30;-12;46;1;1
-30;-12;47;0;1
-30;-12;48;0;1
-30;-12;54;1;1
-30;-12;60;1;1
-30;-11;12;0;1
-30;-11;13;0;1
-30;-11;14;0;1
-30;-11;15;1;1
-30;-11;16;0;1
-30;-11;21;0;1
-30;-11;26;0;1
-30;-11;28;1;1
-30;-11;31;1;1
-30;-11;32;1;1
-30;-11;35;1;1
-30;-11;38;1;1
-30;-11;40;0;1
-30;-11;44;0;1
-30;-11;46;0;1
-30;-11;53;1;1
-30;-11;55;1;1
-30;-11;58;1;1
-30;-11;61;1;1
-30;-10;11;0;1
-30;-10;13;1;1
-30;-10;16;1;1
-30;-10;19;0;1
-30;-10;21;0;1
-30;-10;23;0;1
-30;-10;24;0;1
-30;-10;25;1;1
-30;-10;26;0;1
-30;-10;29;0;1
-30;-10;30;1;1
-30;-10;33;1;1
-30;-10;39;0;1
-30;-10;45;0;1
-30;-10;48;0;1
-30;-10;51;1;1
-30;-10;52;0;1
-30;-10;57;0;1
-30;-10;61;0;1
-30;-10;63;1;1
-30;-9;14;0;1
-30;-9;17;0;1
-30;-9;18;0;1
-30;-9;19;0;1
-30;-9;26;0;1
-30;-9;30;0;1
-30;-9;31;0;1
-30;-9;32;0;1
-30;-9;38;0;1
-30;-9;42;1;1
-30;-9;47;1;1
-30;-9;48;1;1
-30;-9;50;1;1
-30;-9;51;0;1
-30;-9;53;0;1
-30;-9;54;0;1
-30;-9;55;0;1
-30;-9;57;0;1
-30;-9;58;0;1
-30;-9;60;0;1
-30;-9;63;0;1
-30;-8;9;0;1
-30;-8;12;0;1
-30;-8;13;0;1
-30;-8;16;1;1
-30;-8;17;1;1
-30;-8;18;0;1
-30;-8;19;0;1
-30;-8;24;1;1
-30;-8;25;1;1
-30;-8;27;0;1
-30;-8;34;1;1
-30;-8;35;1;1
-30;-8;37;0;1
-30;-8;38;1;1
-30;-8;39;0;1
-30;-8;40;0;1
-30;-8;42;1;1
-30;-8;47;0;1
-30;-8;51;1;1
-30;-8;56;1;1
-30;-8;57;0;1
-30;-8;58;0;1
-30;-8;60;0;1
-30;-7;9;0;1
-30;-7;11;1;1
-30;-7;13;0;1
-30;-7;15;0;1
-30;-7;18;0;1
-30;-7;20;0;1
-30;-7;22;0;1
-30;-7;29;1;1
-30;-7;31;0;1
-30;-7;36;1;1
-30;-7;40;0;1
-30;-7;41;1;1
-30;-7;43;1;1
-30;-7;50;0;1
-30;-7;51;1;1
-30;-7;57;0;1
-30;-7;60;0;1
-30;-6;9;0;1
-30;-6;15;0;1
-30;-6;17;0;1
-30;-6;18;0;1
-30;-6;19;1;1
-30;-6;20;0;1
-30;-6;21;1;1
-30;-6;24;1;1
-30;-6;27;1;1
-30;-6;30;0;1
-30;-6;33;1;1
-30;-6;36;1;1
-30;-6;42;0;1
-30;-6;43;0;1
-30;-6;45;0;1
-30;-6;47;0;1
-30;-6;48;1;1
-30;-6;50;0;1
-30;-6;54;1;1
-30;-6;57;1;1
-30;-6;58;0;1
-30;-6;60;1;1
-30;-6;62;1;1
-30;-6;63;1;1
-30;-6;64;0;1
-30;-5;9;0;1
-30;-5;11;1;1
-30;-5;13;1;1
-30;-5;14;0;1
-30;-5;15;1;1
-30;-5;25;1;1
-30;-5;26;1;1
-30;-5;30;0;1
-30;-5;32;1;1
-30;-5;34;0;1
-30;-5;37;0;1
-30;-5;41;0;1
-30;-5;42;1;1
-30;-5;43;0;1
-30;-5;44;1;1
-30;-5;45;0;1
-30;-5;46;1;1
-30;-5;47;0;1
-30;-5;48;1;1
-30;-5;49;1;1
-30;-5;50;0;1
-30;-5;51;1;1
-30;-5;54;0;1
-30;-5;55;0;1
-30;-5;56;1;1
-30;-5;58;0;1
-30;-5;63;1;1
-30;-4;9;1;1
-30;-4;10;1;1
-30;-4;12;1;1
-30;-4;18;1;1
-30;-4;22;0;1
-30;-4;25;1;1
-30;-4;30;1;1
-30;-4;31;0;1
-30;-4;32;0;1
-30;-4;33;1;1
-30;-4;36;0;1
-30;-4;37;0;1
-30;-4;38;0;1
-30;-4;40;1;1
-30;-4;43;1;1
-30;-4;46;0;1
-30;-4;48;0;1
-30;-4;49;0;1
-30;-4;52;1;1
-30;-4;53;1;1
-30;-4;54;0;1
-30;-4;56;1;1
-30;-4;59;1;1
-30;-4;64;0;1
-30;-3;9;0;1
-30;-3;10;0;1
-30;-3;12;0;1
-30;-3;15;0;1
-30;-3;18;0;1
-30;-3;20;0;1
-30;-3;23;0;1
-30;-3;28;1;1
-30;-3;29;0;1
-30;-3;30;0;1
-30;-3;32;1;1
-30;-3;38;0;1
-30;-3;39;1;1
-30;-3;40;0;1
-30;-3;41;0;1
-30;-3;43;1;1
-30;-3;45;0;1
-30;-3;48;0;1
-30;-3;52;0;1
-30;-3;53;0;1
-30;-3;54;1;1
-30;-3;55;0;1
-30;-3;56;0;1
-30;-3;58;0;1
-30;-3;62;1;1
-30;-3;64;0;1
-30;-2;13;0;1
-30;-2;17;1;1
-30;-2;18;1;1
-30;-2;19;1;1
-30;-2;20;1;1
-30;-2;23;0;1
-30;-2;27;0;1
-30;-2;28;0;1
-30;-2;32;0;1
-30;-2;45;1;1
-30;-2;46;1;1
-30;-2;47;0;1
-30;-2;51;0;1
-30;-2;52;0;1
-30;-2;53;1;1
-30;-2;54;0;1
-30;-2;58;0;1
-30;-2;64;0;1
-30;-1;10;0;1
-30;-1;12;1;1
-30;-1;15;1;1
-30;-1;16;0;1
-30;-1;21;0;1
-30;-1;22;0;1
-30;-1;23;0;1
-30;-1;24;0;1
-30;-1;27;0;1
-30;-1;29;0;1
-30;-1;30;0;1
-30;-1;33;1;1
-30;-1;39;0;1
-30;-1;40;0;1
-30;-1;42;0;1
-30;-1;43;0;1
-30;-1;46;0;1
-30;-1;47;1;1
-30;-1;52;1;1
-30;-1;53;0;1
-30;-1;54;0;1
-30;-1;55;0;1
-30;-1;58;0;1
-30;-1;61;0;1
-30;-1;64;0;1
-30;0;12;0;1
-30;0;13;1;1
-30;0;18;0;1
-30;0;19;1;1
-30;0;21;0;1
-30;0;24;0;1
-30;0;25;0;1
-30;0;27;0;1
-30;0;30;1;1
-30;0;34;1;1
-30;0;36;1;1
-30;0;38;1;1
-30;0;39;0;1
-30;0;42;0;1
-30;0;45;0;1
-30;0;46;1;1
-30;0;49;1;1
-30;0;52;0;1
-30;0;53;0;1
-30;0;55;1;1
-30;0;57;0;1
-30;0;60;1;1
-30;1;11;0;1
-30;1;18;0;1
-30;1;20;0;1
-30;1;27;0;1
-30;1;28;1;1
-30;1;29;1;1
-30;1;31;0;1
-30;1;36;0;1
-30;1;37;0;1
-30;1;46;0;1
-30;1;47;1;1
-30;1;51;0;1
-30;1;55;1;1
-30;1;56;0;1
-30;1;57;0;1
-30;1;58;0;1
-30;1;63;0;1
-30;1;64;0;1
-30;2;11;0;1
-30;2;14;0;1
-30;2;15;0;1
-30;2;16;1;1
-30;2;18;1;1
-30;2;19;0;1
-30;2;20;0;1
-30;2;23;1;1
-30;2;24;1;1
-30;2;25;1;1
-30;2;34;0;1
-30;2;36;0;1
-30;2;41;0;1
-30;2;45;0;1
-30;2;47;0;1
-30;2;51;0;1
-30;2;52;0;1
-30;2;59;0;1
-30;2;62;0;1
-30;2;63;0;1
-30;2;64;0;1
-30;3;10;1;1
-30;3;15;0;1
-30;3;16;0;1
-30;3;18;0;1
-30;3;20;1;1
-30;3;22;0;1
-30;3;27;0;1
-30;3;28;1;1
-30;3;31;1;1
-30;3;32;0;1
-30;3;34;1;1
-30;3;35;1;1
-30;3;37;0;1
-30;3;38;1;1
-30;3;40;1;1
-30;3;41;1;1
-30;3;42;1;1
-30;3;43;0;1
-30;3;44;0;1
-30;3;51;0;1
-30;3;52;0;1
-30;3;55;0;1
-30;3;57;0;1
-30;3;59;0;1
-30;3;60;1;1
-30;3;62;0;1
-30;4;9;0;1
-30;4;14;0;1
-30;4;17;0;1
-30;4;18;0;1
-30;4;19;1;1
-30;4;21;1;1
-30;4;24;0;1
-30;4;26;1;1
-30;4;27;0;1
-30;4;28;0;1
-30;4;31;1;1
-30;4;32;1;1
-30;4;35;1;1
-30;4;41;1;1
-30;4;43;1;1
-30;4;44;0;1
-30;4;48;0;1
-30;4;49;1;1
-30;4;51;1;1
-30;4;52;0;1
-30;4;53;1;1
-30;4;54;0;1
-30;4;58;1;1
-30;4;59;1;1
-30;4;60;0;1
-30;4;61;0;1
-30;4;62;0;1
-30;5;12;0;1
-30;5;16;0;1
-30;5;20;1;1
-30;5;21;0;1
-30;5;23;0;1
-30;5;27;0;1
-30;5;28;0;1
-30;5;31;0;1
-30;5;36;0;1
-30;5;37;0;1
-30;5;40;0;1
-30;5;41;0;1
-30;5;42;0;1
-30;5;43;0;1
-30;5;45;1;1
-30;5;48;0;1
-30;5;49;0;1
-30;5;52;0;1
-30;5;55;0;1
-30;5;56;0;1
-30;5;57;0;1
-30;5;58;0;1
-30;5;62;0;1
-30;6;10;0;1
-30;6;15;1;1
-30;6;19;1;1
-30;6;20;0;1
-30;6;21;0;1
-30;6;22;1;1
-30;6;24;0;1
-30;6;26;0;1
-30;6;27;0;1
-30;6;29;1;1
-30;6;31;0;1
-30;6;32;0;1
-30;6;38;1;1
-30;6;40;0;1
-30;6;41;0;1
-30;6;43;1;1
-30;6;46;1;1
-30;6;50;0;1
-30;6;53;1;1
-30;6;57;1;1
-30;6;60;0;1
-30;6;63;1;1
-30;7;10;1;1
-30;7;11;1;1
-30;7;13;0;1
-30;7;14;0;1
-30;7;15;0;1
-30;7;17;0;1
-30;7;18;1;1
-30;7;22;0;1
-30;7;27;0;1
-30;7;30;1;1
-30;7;31;0;1
-30;7;32;0;1
-30;7;38;0;1
-30;7;39;0;1
-30;7;46;0;1
-30;7;48;0;1
-30;7;50;1;1
-30;7;51;0;1
-30;7;53;0;1
-30;7;56;0;1
-30;7;57;0;1
-30;7;59;0;1
-30;7;62;0;1
-30;7;64;1;1
-30;8;9;1;1
-30;8;12;0;1
-30;8;18;1;1
-30;8;19;1;1
-30;8;22;1;1
-30;8;23;0;1
-30;8;24;1;1
-30;8;26;1;1
-30;8;28;1;1
-30;8;32;1;1
-30;8;40;0;1
-30;8;41;0;1
-30;8;43;0;1
-30;8;45;0;1
-30;8;46;1;1
-30;8;47;0;1
-30;8;49;1;1
-30;8;52;0;1
-30;8;55;1;1
-30;8;56;0;1
-30;8;57;1;1
-30;8;58;0;1
-30;8;60;0;1
-30;8;61;0;1
-30;8;62;0;1
-30;8;63;0;1
-30;9;9;0;1
-30;9;11;0;1
-30;9;13;0;1
-30;9;18;0;1
-30;9;20;1;1
-30;9;21;0;1
-30;9;24;0;1
-30;9;30;0;1
-30;9;32;1;1
-30;9;33;0;1
-30;9;34;1;1
-30;9;38;1;1
-30;9;39;1;1
-30;9;44;1;1
-30;9;45;0;1
-30;9;49;1;1
-30;9;50;0;1
-30;9;51;0;1
-30;9;52;1;1
-30;9;54;1;1
-30;9;55;0;1
-30;9;56;1;1
-30;9;62;0;1
-30;9;63;0;1
-30;10;10;0;1
-30;10;12;0;1
-30;10;15;0;1
-30;10;19;1;1
-30;10;20;1;1
-30;10;24;1;1
-30;10;25;0;1
-30;10;26;0;1
-30;10;31;1;1
-30;10;33;0;1
-30;10;35;1;1
-30;10;36;1;1
-30;10;44;1;1
-30;10;45;1;1
-30;10;46;1;1
-30;10;52;0;1
-30;10;53;0;1
-30;10;54;1;1
-30;10;56;1;1
-30;10;57;1;1
-30;10;60;1;1
-30;10;62;0;1
-30;11;10;0;1
-30;11;11;0;1
-30;11;13;1;1
-30;11;14;0;1
-30;11;15;0;1
-30;11;16;0;1
-30;11;17;0;1
-30;11;19;1;1
-30;11;20;1;1
-30;11;23;0;1
-30;11;24;1;1
-30;11;25;0;1
-30;11;28;0;1
-30;11;29;0;1
-30;11;31;0;1
-30;11;33;1;1
-30;11;35;0;1
-30;11;38;0;1
-30;11;41;1;1
-30;11;43;1;1
-30;11;45;1;1
-30;11;46;0;1
-30;11;47;0;1
-30;11;51;0;1
-30;11;54;0;1
-30;11;59;0;1
-30;11;60;1;1
-30;12;9;0;1
-30;12;10;0;1
-30;12;11;0;1
-30;12;13;1;1
-30;12;16;0;1
-30;12;18;1;1
-30;12;19;1;1
-30;12;22;0;1
-30;12;23;0;1
-30;12;25;0;1
-30;12;33;1;1
-30;12;34;0;1
-30;12;35;0;1
-30;12;36;1;1
-30;12;37;0;1
-30;12;39;0;1
-30;12;41;0;1
-30;12;45;0;1
-30;12;47;0;1
-30;12;53;0;1
-30;12;55;1;1
-30;12;56;0;1
-30;12;58;0;1
-30;12;59;1;1
-30;12;60;1;1
-30;13;10;1;1
-30;13;14;0;1
-30;13;18;0;1
-30;13;20;0;1
-30;13;22;0;1
-30;13;26;1;1
-30;13;33;1;1
-30;13;37;0;1
-30;13;43;0;1
-30;13;46;0;1
-30;13;47;0;1
-30;13;49;1;1
-30;13;51;0;1
-30;13;53;0;1
-30;13;56;1;1
-30;13;58;1;1
-30;13;60;0;1
-30;13;61;0;1
-30;13;63;0;1
-30;14;12;0;1
-30;14;16;0;1
-30;14;17;0;1
-30;14;18;0;1
-30;14;19;0;1
-30;14;21;0;1
-30;14;22;0;1
-30;14;23;0;1
-30;14;27;0;1
-30;14;30;0;1
-30;14;32;1;1
-30;14;35;0;1
-30;14;36;1;1
-30;14;38;0;1
-30;14;41;0;1
-30;14;42;1;1
-30;14;44;0;1
-30;14;46;1;1
-30;14;54;0;1
-30;14;60;1;1
-30;14;61;0;1
-30;15;10;0;1
-30;15;12;0;1
-30;15;14;1;1
-30;15;21;1;1
-30;15;22;1;1
-30;15;23;1;1
-30;15;24;1;1
-30;15;25;1;1
-30;15;31;0;1
-30;15;39;1;1
-30;15;43;0;1
-30;15;44;0;1
-30;15;48;0;1
-30;15;50;0;1
-30;15;52;0;1
-30;15;56;0;1
-30;16;10;0;1
-30;16;11;0;1
-30;16;12;1;1
-30;16;15;1;1
-30;16;18;0;1
-30;16;24;0;1
-30;16;25;0;1
-30;16;28;1;1
-30;16;30;0;1
-30;16;34;1;1
-30;16;35;0;1
-30;16;38;0;1
-30;16;39;0;1
-30;16;42;0;1
-30;16;44;0;1
-30;16;48;0;1
-30;16;51;0;1
-30;16;53;0;1
-30;16;56;0;1
-30;16;57;1;1
-30;16;60;1;1
-30;17;12;0;1
-30;17;15;0;1
-30;17;17;1;1
-30;17;19;1;1
-30;17;20;1;1
-30;17;22;1;1
-30;17;27;0;1
-30;17;30;1;1
-30;17;31;0;1
-30;17;42;1;1
-30;17;44;0;1
-30;17;45;1;1
-30;17;47;0;1
-30;17;49;1;1
-30;17;50;0;1
-30;17;51;1;1
-30;17;53;1;1
-30;17;54;0;1
-30;17;58;1;1
-30;17;59;1;1
-30;17;61;1;1
-30;18;13;0;1
-30;18;14;0;1
-30;18;22;1;1
-30;18;25;0;1
-30;18;26;1;1
-30;18;28;0;1
-30;18;29;0;1
-30;18;31;1;1
-30;18;32;1;1
-30;18;34;0;1
-30;18;36;0;1
-30;18;37;0;1
-30;18;39;0;1
-30;18;41;1;1
-30;18;44;0;1
-30;18;45;0;1
-30;18;47;0;1
-30;18;48;1;1
-30;18;50;1;1
-30;18;52;0;1
-30;18;53;0;1
-30;18;55;1;1
-30;18;61;0;1
-30;19;12;0;1
-30;19;13;0;1
-30;19;14;1;1
-30;19;16;0;1
-30;19;22;0;1
-30;19;23;0;1
-30;19;24;1;1
-30;19;26;0;1
-30;19;30;1;1
-30;19;31;0;1
-30;19;33;0;1
-30;19;34;0;1
-30;19;40;0;1
-30;19;43;1;1
-30;19;44;0;1
-30;19;45;0;1
-30;19;46;0;1
-30;19;56;1;1
-30;19;57;0;1
-30;20;10;0;1
-30;20;12;0;1
-30;20;13;1;1
-30;20;16;0;1
-30;20;19;1;1
-30;20;20;0;1
-30;20;21;0;1
-30;20;25;0;1
-30;20;30;1;1
-30;20;32;1;1
-30;20;35;0;1
-30;20;36;0;1
-30;20;40;0;1
-30;20;44;0;1
-30;20;46;0;1
-30;20;47;0;1
-30;20;51;0;1
-30;20;53;0;1
-30;20;58;0;1
-30;21;10;0;1
-30;21;14;0;1
-30;21;15;0;1
-30;21;19;1;1
-30;21;21;0;1
-30;21;23;1;1
-30;21;24;1;1
-30;21;25;0;1
-30;21;31;1;1
-30;21;32;0;1
-30;21;37;0;1
-30;21;39;1;1
-30;21;41;0;1
-30;21;45;0;1
-30;21;52;0;1
-30;21;53;0;1
-30;21;54;1;1
-30;21;59;0;1
-30;22;10;1;1
-30;22;17;0;1
-30;22;21;0;1
-30;22;23;0;1
-30;22;27;0;1
-30;22;29;1;1
-30;22;33;1;1
-30;22;39;1;1
-30;22;54;0;1
-30;22;55;0;1
-30;22;57;0;1
-30;22;59;0;1
-30;22;60;1;1
-30;23;11;0;1
-30;23;12;1;1
-30;23;18;0;1
-30;23;21;0;1
-30;23;23;1;1
-30;23;27;0;1
-30;23;29;1;1
-30;23;37;0;1
-30;23;40;0;1
-30;23;43;0;1
-30;23;46;1;1
-30;23;48;0;1
-30;23;49;0;1
-30;23;54;0;1
-30;23;55;1;1
-30;23;56;0;1
-30;23;57;0;1
-30;23;60;1;1
-30;24;12;0;1
-30;24;13;0;1
-30;24;20;0;1
-30;24;22;0;1
-30;24;24;0;1
-30;24;26;0;1
-30;24;29;0;1
-30;24;30;1;1
-30;24;38;1;1
-30;24;39;0;1
-30;24;42;0;1
-30;24;47;1;1
-30;24;51;1;1
-30;24;52;1;1
-30;24;54;1;1
-30;25;12;0;1
-30;25;13;0;1
-30;25;15;1;1
-30;25;26;0;1
-30;25;27;0;1
-30;25;29;1;1
-30;25;33;1;1
-30;25;34;0;1
-30;25;35;0;1
-30;25;38;1;1
-30;25;43;1;1
-30;25;46;1;1
-30;25;47;0;1
-30;25;48;1;1
-30;25;49;1;1
-30;25;50;0;1
-30;25;51;1;1
-30;25;53;0;1
-30;25;55;1;1
-30;25;56;0;1
-30;25;58;1;1
-30;26;17;0;1
-30;26;19;0;1
-30;26;21;1;1
-30;26;23;0;1
-30;26;28;0;1
-30;26;29;1;1
-30;26;30;1;1
-30;26;31;0;1
-30;26;32;0;1
-30;26;33;0;1
-30;26;34;1;1
-30;26;41;0;1
-30;26;46;0;1
-30;26;47;1;1
-30;26;48;1;1
-30;26;51;0;1
-30;26;52;1;1
-30;26;53;1;1
-30;26;54;0;1
-30;26;55;0;1
-30;26;58;1;1
-30;27;12;1;1
-30;27;14;1;1
-30;27;16;1;1
-30;27;17;0;1
-30;27;27;0;1
-30;27;30;1;1
-30;27;31;1;1
-30;27;36;0;1
-30;27;38;1;1
-30;27;39;0;1
-30;27;41;1;1
-30;27;44;1;1
-30;27;45;1;1
-30;27;47;1;1
-30;27;49;1;1
-30;27;51;0;1
-30;27;52;0;1
-30;27;54;1;1
-30;27;55;1;1
-30;27;56;1;1
-30;28;11;1;1
-30;28;12;0;1
-30;28;13;0;1
-30;28;17;1;1
-30;28;18;0;1
-30;28;20;0;1
-30;28;21;1;1
-30;28;22;0;1
-30;28;23;0;1
-30;28;27;0;1
-30;28;28;0;1
-30;28;29;0;1
-30;28;33;1;1
-30;28;36;0;1
-30;28;41;0;1
-30;28;52;0;1
-30;28;54;0;1
-30;28;56;0;1
-30;28;57;0;1
-30;29;17;0;1
-30;29;18;1;1
-30;29;19;0;1
-30;29;22;1;1
-30;29;23;0;1
-30;29;25;0;1
-30;29;33;0;1
-30;29;34;0;1
-30;29;38;1;1
-30;29;39;0;1
-30;29;42;1;1
-30;29;43;1;1
-30;29;47;0;1
-30;29;48;0;1
-30;29;50;0;1
-30;29;55;1;1
-30;29;56;0;1
-30;30;12;1;1
-30;30;13;0;1
-30;30;14;0;1
-30;30;15;0;1
-30;30;18;1;1
-30;30;19;0;1
-30;30;21;0;1
-30;30;23;0;1
-30;30;24;0;1
-30;30;26;1;1
-30;30;30;0;1
-30;30;32;0;1
-30;30;33;1;1
-30;30;34;1;1
-30;30;35;1;1
-30;30;37;0;1
-30;30;39;1;1
-30;30;40;0;1
-30;30;41;1;1
-30;30;46;0;1
-30;30;47;0;1
-30;30;49;1;1
-30;30;55;1;1
-30;31;12;0;1
-30;31;13;1;1
-30;31;14;1;1
-30;31;15;0;1
-30;31;17;1;1
-30;31;18;0;1
-30;31;19;0;1
-30;31;22;0;1
-30;31;25;0;1
-30;31;28;0;1
-30;31;30;0;1
-30;31;31;0;1
-30;31;33;1;1
-30;31;36;0;1
-30;31;37;0;1
-30;31;39;0;1
-30;31;40;1;1
-30;31;42;0;1
-30;31;43;0;1
-30;31;44;1;1
-30;31;46;1;1
-30;31;49;1;1
-30;31;50;1;1
-30;31;54;0;1
-30;31;55;1;1
-30;32;12;0;1
-30;32;18;0;1
-30;32;19;1;1
-30;32;22;0;1
-30;32;24;1;1
-30;32;26;1;1
-30;32;28;0;1
-30;32;34;1;1
-30;32;36;1;1
-30;32;40;0;1
-30;32;46;1;1
-30;32;50;1;1
-30;32;51;1;1
-30;32;52;0;1
-30;32;54;0;1
-30;33;13;1;1
-30;33;14;1;1
-30;33;19;1;1
-30;33;22;0;1
-30;33;24;1;1
-30;33;28;0;1
-30;33;29;1;1
-30;33;30;0;1
-30;33;31;0;1
-30;33;38;1;1
-30;33;39;1;1
-30;33;43;1;1
-30;33;45;1;1
-30;33;46;0;1
-30;33;48;0;1
-30;34;13;1;1
-30;34;16;1;1
-30;34;19;0;1
-30;34;26;1;1
-30;34;32;0;1
-30;34;33;1;1
-30;34;35;0;1
-30;34;37;0;1
-30;34;40;1;1
-30;34;41;0;1
-30;34;45;0;1
-30;34;47;0;1
-30;34;48;1;1
-30;34;50;0;1
-30;34;54;0;1
-30;35;13;0;1
-30;35;21;1;1
-30;35;23;0;1
-30;35;27;1;1
-30;35;28;0;1
-30;35;31;0;1
-30;35;33;0;1
-30;35;35;0;1
-30;35;39;0;1
-30;35;41;0;1
-30;35;45;0;1
-30;35;46;1;1
-30;35;52;1;1
-30;36;13;0;1
-30;36;15;0;1
-30;36;17;1;1
-30;36;27;0;1
-30;36;31;1;1
-30;36;33;0;1
-30;36;38;0;1
-30;36;40;1;1
-30;36;43;1;1
-30;36;45;1;1
-30;36;50;1;1
-30;36;51;0;1
-30;36;52;0;1
-30;37;14;1;1
-30;37;15;0;1
-30;37;19;0;1
-30;37;24;0;1
-30;37;26;0;1
-30;37;33;0;1
-30;37;34;0;1
-30;37;36;0;1
-30;37;39;0;1
-30;37;48;0;1
-30;37;50;0;1
-30;38;13;0;1
-30;38;14;0;1
-30;38;15;1;1
-30;38;20;0;1
-30;38;23;0;1
-30;38;24;1;1
-30;38;27;1;1
-30;38;28;0;1
-30;38;29;0;1
-30;38;31;1;1
-30;38;33;0;1
-30;38;42;0;1
-30;38;43;1;1
-30;38;45;0;1
-30;38;51;0;1
-30;39;15;0;1
-30;39;17;0;1
-30;39;18;0;1
-30;39;21;0;1
-30;39;22;1;1
-30;39;24;1;1
-30;39;27;0;1
-30;39;30;0;1
-30;39;33;0;1
-30;39;34;1;1
-30;39;35;0;1
-30;39;37;1;1
-30;39;45;1;1
-30;39;51;0;1
-30;40;14;0;1
-30;40;15;0;1
-30;40;17;1;1
-30;40;21;0;1
-30;40;23;1;1
-30;40;28;0;1
-30;40;30;0;1
-30;40;31;0;1
-30;40;32;0;1
-30;40;36;0;1
-30;40;37;0;1
-30;40;38;1;1
-30;40;40;0;1
-30;40;42;0;1
-30;40;43;0;1
-30;40;44;1;1
-30;40;46;1;1
-30;40;50;0;1
-30;41;17;0;1
-30;41;21;1;1
-30;41;23;1;1
-30;41;24;0;1
-30;41;26;0;1
-30;41;27;0;1
-30;41;38;0;1
-30;41;41;1;1
-30;41;43;1;1
-30;41;45;0;1
-30;41;48;0;1
-30;42;14;0;1
-30;42;16;1;1
-30;42;20;0;1
-30;42;22;0;1
-30;42;23;1;1
-30;42;24;0;1
-30;42;25;0;1
-30;42;28;1;1
-30;42;29;0;1
-30;42;33;1;1
-30;42;37;0;1
-30;42;41;0;1
-30;42;42;0;1
-30;42;45;0;1
-30;42;46;0;1
-30;42;47;0;1
-30;43;16;1;1
-30;43;17;1;1
-30;43;22;0;1
-30;43;26;0;1
-30;43;32;1;1
-30;43;35;1;1
-30;43;39;0;1
-30;43;42;0;1
-30;43;44;1;1
-30;43;45;1;1
-30;43;47;0;1
-30;44;15;0;1
-30;44;18;1;1
-30;44;20;1;1
-30;44;23;0;1
-30;44;28;1;1
-30;44;32;0;1
-30;44;33;0;1
-30;44;37;1;1
-30;44;38;0;1
-30;44;39;0;1
-30;44;40;0;1
-30;44;41;1;1
-30;44;44;1;1
-30;44;45;0;1
-30;44;47;0;1
-30;45;16;0;1
-30;45;18;0;1
-30;45;20;0;1
-30;45;21;0;1
-30;45;23;0;1
-30;45;25;1;1
-30;45;29;0;1
-30;45;34;0;1
-30;45;35;1;1
-30;45;36;1;1
-30;45;41;1;1
-30;45;43;0;1
-30;45;46;0;1
-30;46;15;0;1
-30;46;19;0;1
-30;46;23;0;1
-30;46;25;0;1
-30;46;27;0;1
-30;46;28;0;1
-30;46;29;1;1
-30;46;31;0;1
-30;46;32;0;1
-30;46;33;1;1
-30;46;34;0;1
-30;46;35;1;1
-30;46;38;0;1
-30;46;39;1;1
-30;46;42;0;1
-30;46;44;1;1
-30;46;45;1;1
-30;47;17;0;1
-30;47;19;1;1
-30;47;22;1;1
-30;47;24;0;1
-30;47;28;0;1
-30;47;30;0;1
-30;47;32;1;1
-30;47;33;1;1
-30;47;37;1;1
-30;47;38;1;1
-30;47;39;1;1
-30;47;42;0;1
-30;48;16;1;1
-30;48;17;1;1
-30;48;18;1;1
-30;48;19;0;1
-30;48;20;1;1
-30;48;27;1;1
-30;48;30;0;1
-30;48;32;1;1
-30;48;41;0;1
-30;49;19;1;1
-30;49;21;0;1
-30;49;22;0;1
-30;49;27;1;1
-30;49;28;0;1
-30;49;31;1;1
-30;49;32;1;1
-30;49;35;0;1
-30;49;36;1;1
-30;50;20;1;1
-30;50;27;1;1
-30;50;29;0;1
-30;50;32;0;1
-30;50;35;0;1
-30;50;36;1;1
-30;50;38;0;1
-30;51;17;0;1
-30;51;18;1;1
-30;51;19;0;1
-30;51;22;0;1
-30;51;23;0;1
-30;51;24;1;1
-30;51;28;0;1
-30;51;33;0;1
-30;51;34;1;1
-30;51;36;0;1
-29;-50;20;0;1
-29;-50;25;0;1
-29;-50;29;0;1
-29;-50;30;0;1
-29;-50;36;0;1
-29;-50;37;1;1
-29;-50;41;0;1
-29;-49;17;0;1
-29;-49;22;0;1
-29;-49;23;0;1
-29;-49;25;1;1
-29;-49;32;1;1
-29;-49;33;1;1
-29;-49;34;0;1
-29;-49;35;1;1
-29;-49;36;1;1
-29;-49;41;0;1
-29;-48;16;1;1
-29;-48;18;0;1
-29;-48;21;1;1
-29;-48;25;0;1
-29;-48;27;0;1
-29;-48;30;0;1
-29;-48;43;1;1
-29;-47;15;0;1
-29;-47;17;0;1
-29;-47;19;1;1
-29;-47;21;0;1
-29;-47;23;0;1
-29;-47;25;0;1
-29;-47;28;1;1
-29;-47;29;0;1
-29;-47;31;0;1
-29;-47;32;0;1
-29;-47;36;0;1
-29;-47;38;0;1
-29;-46;16;1;1
-29;-46;20;0;1
-29;-46;22;0;1
-29;-46;26;0;1
-29;-46;27;1;1
-29;-46;28;1;1
-29;-46;37;0;1
-29;-46;38;0;1
-29;-46;39;0;1
-29;-46;41;0;1
-29;-46;43;0;1
-29;-46;44;1;1
-29;-45;16;1;1
-29;-45;18;1;1
-29;-45;19;0;1
-29;-45;23;0;1
-29;-45;25;0;1
-29;-45;27;0;1
-29;-45;28;0;1
-29;-45;34;0;1
-29;-45;35;1;1
-29;-45;36;1;1
-29;-45;37;0;1
-29;-45;40;0;1
-29;-45;43;0;1
-29;-45;44;0;1
-29;-44;17;0;1
-29;-44;19;1;1
-29;-44;20;1;1
-29;-44;23;0;1
-29;-44;25;0;1
-29;-44;28;0;1
-29;-44;35;0;1
-29;-44;39;0;1
-29;-44;42;1;1
-29;-44;43;0;1
-29;-43;15;0;1
-29;-43;18;0;1
-29;-43;20;0;1
-29;-43;22;0;1
-29;-43;26;1;1
-29;-43;27;1;1
-29;-43;28;1;1
-29;-43;29;1;1
-29;-43;30;0;1
-29;-43;33;0;1
-29;-43;34;0;1
-29;-43;36;0;1
-29;-43;37;1;1
-29;-43;40;1;1
-29;-43;42;0;1
-29;-43;46;0;1
-29;-43;47;0;1
-29;-43;48;0;1
-29;-42;15;0;1
-29;-42;16;0;1
-29;-42;17;0;1
-29;-42;21;0;1
-29;-42;25;1;1
-29;-42;27;1;1
-29;-42;29;1;1
-29;-42;30;0;1
-29;-42;31;0;1
-29;-42;40;0;1
-29;-42;41;1;1
-29;-42;43;1;1
-29;-42;44;0;1
-29;-42;45;0;1
-29;-42;46;0;1
-29;-42;47;1;1
-29;-41;14;0;1
-29;-41;15;0;1
-29;-41;17;0;1
-29;-41;18;1;1
-29;-41;21;0;1
-29;-41;26;0;1
-29;-41;27;1;1
-29;-41;28;0;1
-29;-41;32;0;1
-29;-41;35;0;1
-29;-41;46;0;1
-29;-41;48;0;1
-29;-40;18;1;1
-29;-40;19;1;1
-29;-40;20;0;1
-29;-40;22;1;1
-29;-40;23;0;1
-29;-40;24;0;1
-29;-40;25;0;1
-29;-40;28;0;1
-29;-40;30;1;1
-29;-40;32;0;1
-29;-40;33;0;1
-29;-40;42;0;1
-29;-40;46;0;1
-29;-40;49;1;1
-29;-39;14;0;1
-29;-39;16;0;1
-29;-39;17;1;1
-29;-39;20;0;1
-29;-39;25;0;1
-29;-39;27;0;1
-29;-39;32;0;1
-29;-39;37;0;1
-29;-39;39;0;1
-29;-39;40;1;1
-29;-39;41;0;1
-29;-39;42;0;1
-29;-39;44;0;1
-29;-39;45;0;1
-29;-39;46;1;1
-29;-39;47;1;1
-29;-39;51;0;1
-29;-38;13;0;1
-29;-38;15;0;1
-29;-38;16;0;1
-29;-38;17;0;1
-29;-38;18;0;1
-29;-38;25;0;1
-29;-38;28;1;1
-29;-38;30;1;1
-29;-38;38;1;1
-29;-38;39;1;1
-29;-38;40;1;1
-29;-38;43;1;1
-29;-38;45;0;1
-29;-38;46;0;1
-29;-38;48;0;1
-29;-38;49;0;1
-29;-38;51;1;1
-29;-37;16;0;1
-29;-37;21;1;1
-29;-37;22;1;1
-29;-37;26;1;1
-29;-37;27;1;1
-29;-37;28;0;1
-29;-37;31;0;1
-29;-37;32;0;1
-29;-37;35;0;1
-29;-37;36;0;1
-29;-37;37;1;1
-29;-37;38;1;1
-29;-37;41;0;1
-29;-37;44;0;1
-29;-37;48;0;1
-29;-37;50;0;1
-29;-37;51;0;1
-29;-37;53;1;1
-29;-36;13;0;1
-29;-36;15;0;1
-29;-36;16;1;1
-29;-36;18;0;1
-29;-36;23;0;1
-29;-36;27;1;1
-29;-36;31;0;1
-29;-36;32;0;1
-29;-36;33;0;1
-29;-36;35;1;1
-29;-36;38;1;1
-29;-36;39;0;1
-29;-36;43;0;1
-29;-36;53;0;1
-29;-35;18;0;1
-29;-35;19;0;1
-29;-35;21;0;1
-29;-35;25;1;1
-29;-35;30;0;1
-29;-35;31;0;1
-29;-35;35;1;1
-29;-35;39;1;1
-29;-35;41;1;1
-29;-35;43;0;1
-29;-35;44;1;1
-29;-35;46;0;1
-29;-35;48;0;1
-29;-35;49;1;1
-29;-35;50;1;1
-29;-35;52;1;1
-29;-34;12;0;1
-29;-34;16;1;1
-29;-34;18;0;1
-29;-34;22;0;1
-29;-34;25;1;1
-29;-34;29;0;1
-29;-34;30;0;1
-29;-34;31;1;1
-29;-34;32;1;1
-29;-34;41;0;1
-29;-34;42;0;1
-29;-34;43;0;1
-29;-34;44;0;1
-29;-34;50;0;1
-29;-34;52;0;1
-29;-34;54;1;1
-29;-33;13;1;1
-29;-33;14;0;1
-29;-33;17;1;1
-29;-33;25;0;1
-29;-33;27;0;1
-29;-33;28;0;1
-29;-33;31;0;1
-29;-33;34;0;1
-29;-33;36;0;1
-29;-33;39;1;1
-29;-33;40;0;1
-29;-33;41;0;1
-29;-33;42;0;1
-29;-33;44;1;1
-29;-33;46;1;1
-29;-33;49;0;1
-29;-33;51;0;1
-29;-33;52;0;1
-29;-33;54;0;1
-29;-33;55;0;1
-29;-32;12;1;1
-29;-32;13;1;1
-29;-32;14;1;1
-29;-32;15;1;1
-29;-32;18;0;1
-29;-32;24;0;1
-29;-32;26;0;1
-29;-32;31;1;1
-29;-32;33;0;1
-29;-32;34;0;1
-29;-32;39;1;1
-29;-32;42;0;1
-29;-32;43;0;1
-29;-32;44;0;1
-29;-32;49;1;1
-29;-32;51;0;1
-29;-32;55;0;1
-29;-32;56;1;1
-29;-31;13;1;1
-29;-31;17;1;1
-29;-31;18;0;1
-29;-31;20;1;1
-29;-31;21;1;1
-29;-31;24;0;1
-29;-31;27;1;1
-29;-31;31;0;1
-29;-31;32;1;1
-29;-31;33;0;1
-29;-31;34;1;1
-29;-31;38;1;1
-29;-31;39;0;1
-29;-31;42;0;1
-29;-31;45;0;1
-29;-31;47;1;1
-29;-31;49;0;1
-29;-31;51;0;1
-29;-31;52;0;1
-29;-31;56;0;1
-29;-30;13;1;1
-29;-30;14;0;1
-29;-30;16;1;1
-29;-30;17;0;1
-29;-30;20;0;1
-29;-30;21;1;1
-29;-30;22;0;1
-29;-30;27;0;1
-29;-30;33;0;1
-29;-30;35;0;1
-29;-30;36;0;1
-29;-30;40;1;1
-29;-30;42;0;1
-29;-30;49;0;1
-29;-30;51;0;1
-29;-30;52;0;1
-29;-30;53;0;1
-29;-29;13;1;1
-29;-29;15;0;1
-29;-29;18;1;1
-29;-29;20;0;1
-29;-29;22;1;1
-29;-29;23;1;1
-29;-29;25;0;1
-29;-29;27;0;1
-29;-29;28;0;1
-29;-29;29;1;1
-29;-29;31;0;1
-29;-29;32;0;1
-29;-29;36;1;1
-29;-29;39;1;1
-29;-29;40;0;1
-29;-29;41;0;1
-29;-29;43;0;1
-29;-29;44;0;1
-29;-29;48;0;1
-29;-29;50;0;1
-29;-29;56;0;1
-29;-29;57;0;1
-29;-28;12;1;1
-29;-28;17;0;1
-29;-28;21;0;1
-29;-28;22;0;1
-29;-28;25;0;1
-29;-28;27;1;1
-29;-28;28;1;1
-29;-28;31;0;1
-29;-28;34;1;1
-29;-28;44;0;1
-29;-28;46;1;1
-29;-28;47;0;1
-29;-28;48;0;1
-29;-28;49;0;1
-29;-28;50;0;1
-29;-28;51;0;1
-29;-28;54;1;1
-29;-28;55;0;1
-29;-27;11;0;1
-29;-27;12;1;1
-29;-27;14;0;1
-29;-27;16;1;1
-29;-27;19;1;1
-29;-27;20;0;1
-29;-27;25;0;1
-29;-27;26;0;1
-29;-27;27;1;1
-29;-27;34;0;1
-29;-27;36;0;1
-29;-27;38;0;1
-29;-27;39;1;1
-29;-27;41;1;1
-29;-27;44;0;1
-29;-27;45;0;1
-29;-27;46;0;1
-29;-27;50;1;1
-29;-27;51;0;1
-29;-27;54;1;1
-29;-27;57;1;1
-29;-26;13;0;1
-29;-26;17;1;1
-29;-26;19;0;1
-29;-26;21;0;1
-29;-26;23;0;1
-29;-26;24;0;1
-29;-26;29;0;1
-29;-26;32;1;1
-29;-26;33;0;1
-29;-26;35;0;1
-29;-26;38;1;1
-29;-26;39;0;1
-29;-26;43;1;1
-29;-26;46;0;1
-29;-26;49;1;1
-29;-26;52;0;1
-29;-26;53;1;1
-29;-26;54;1;1
-29;-26;56;0;1
-29;-26;58;0;1
-29;-25;11;0;1
-29;-25;14;1;1
-29;-25;17;0;1
-29;-25;19;0;1
-29;-25;20;0;1
-29;-25;26;0;1
-29;-25;28;0;1
-29;-25;30;0;1
-29;-25;35;1;1
-29;-25;36;0;1
-29;-25;37;0;1
-29;-25;39;0;1
-29;-25;43;1;1
-29;-25;45;0;1
-29;-25;49;1;1
-29;-25;54;1;1
-29;-25;55;0;1
-29;-25;56;0;1
-29;-24;11;1;1
-29;-24;13;0;1
-29;-24;15;1;1
-29;-24;17;1;1
-29;-24;18;1;1
-29;-24;20;1;1
-29;-24;21;1;1
-29;-24;23;0;1
-29;-24;24;0;1
-29;-24;25;0;1
-29;-24;27;1;1
-29;-24;30;0;1
-29;-24;35;1;1
-29;-24;36;0;1
-29;-24;39;1;1
-29;-24;40;0;1
-29;-24;42;0;1
-29;-24;44;0;1
-29;-24;45;0;1
-29;-24;46;1;1
-29;-24;47;1;1
-29;-24;48;0;1
-29;-24;53;0;1
-29;-24;56;0;1
-29;-24;58;0;1
-29;-23;14;0;1
-29;-23;19;0;1
-29;-23;22;0;1
-29;-23;24;0;1
-29;-23;25;0;1
-29;-23;30;0;1
-29;-23;34;0;1
-29;-23;35;0;1
-29;-23;41;1;1
-29;-23;46;0;1
-29;-23;48;0;1
-29;-23;49;0;1
-29;-23;50;1;1
-29;-23;53;0;1
-29;-23;54;0;1
-29;-23;60;0;1
-29;-22;11;0;1
-29;-22;12;0;1
-29;-22;14;0;1
-29;-22;15;1;1
-29;-22;16;0;1
-29;-22;22;1;1
-29;-22;23;1;1
-29;-22;27;0;1
-29;-22;28;1;1
-29;-22;34;1;1
-29;-22;35;0;1
-29;-22;37;1;1
-29;-22;39;0;1
-29;-22;40;0;1
-29;-22;42;0;1
-29;-22;44;1;1
-29;-22;47;0;1
-29;-22;49;1;1
-29;-22;50;1;1
-29;-22;57;1;1
-29;-22;58;0;1
-29;-22;59;0;1
-29;-22;60;0;1
-29;-21;11;0;1
-29;-21;14;1;1
-29;-21;18;0;1
-29;-21;22;1;1
-29;-21;24;0;1
-29;-21;25;0;1
-29;-21;26;1;1
-29;-21;30;0;1
-29;-21;33;1;1
-29;-21;35;0;1
-29;-21;36;1;1
-29;-21;39;0;1
-29;-21;40;1;1
-29;-21;41;0;1
-29;-21;47;0;1
-29;-21;48;1;1
-29;-21;50;0;1
-29;-21;51;0;1
-29;-21;52;0;1
-29;-21;53;0;1
-29;-21;54;0;1
-29;-21;57;1;1
-29;-20;13;0;1
-29;-20;15;0;1
-29;-20;18;1;1
-29;-20;21;0;1
-29;-20;25;0;1
-29;-20;30;0;1
-29;-20;33;0;1
-29;-20;37;0;1
-29;-20;40;1;1
-29;-20;42;0;1
-29;-20;45;0;1
-29;-20;47;0;1
-29;-20;48;0;1
-29;-20;51;0;1
-29;-20;57;0;1
-29;-20;60;1;1
-29;-19;10;0;1
-29;-19;18;1;1
-29;-19;19;0;1
-29;-19;20;0;1
-29;-19;21;1;1
-29;-19;22;0;1
-29;-19;24;1;1
-29;-19;25;1;1
-29;-19;26;0;1
-29;-19;27;1;1
-29;-19;32;0;1
-29;-19;34;0;1
-29;-19;36;0;1
-29;-19;42;0;1
-29;-19;44;0;1
-29;-19;45;1;1
-29;-19;49;0;1
-29;-19;53;1;1
-29;-19;57;0;1
-29;-19;61;0;1
-29;-18;11;0;1
-29;-18;13;0;1
-29;-18;18;1;1
-29;-18;19;1;1
-29;-18;20;0;1
-29;-18;21;1;1
-29;-18;22;1;1
-29;-18;24;0;1
-29;-18;27;0;1
-29;-18;28;1;1
-29;-18;31;0;1
-29;-18;32;0;1
-29;-18;33;0;1
-29;-18;36;1;1
-29;-18;38;1;1
-29;-18;41;0;1
-29;-18;46;0;1
-29;-18;49;1;1
-29;-18;51;1;1
-29;-18;53;1;1
-29;-18;54;1;1
-29;-18;55;0;1
-29;-18;60;1;1
-29;-17;10;0;1
-29;-17;15;0;1
-29;-17;19;0;1
-29;-17;22;1;1
-29;-17;23;0;1
-29;-17;24;1;1
-29;-17;25;0;1
-29;-17;27;1;1
-29;-17;30;0;1
-29;-17;31;0;1
-29;-17;35;1;1
-29;-17;36;0;1
-29;-17;37;1;1
-29;-17;47;1;1
-29;-17;49;0;1
-29;-17;51;0;1
-29;-17;52;0;1
-29;-17;53;0;1
-29;-17;55;1;1
-29;-17;56;1;1
-29;-17;61;0;1
-29;-17;62;1;1
-29;-16;9;1;1
-29;-16;11;1;1
-29;-16;14;0;1
-29;-16;16;1;1
-29;-16;17;0;1
-29;-16;18;0;1
-29;-16;19;1;1
-29;-16;22;0;1
-29;-16;23;0;1
-29;-16;29;0;1
-29;-16;34;1;1
-29;-16;35;1;1
-29;-16;37;1;1
-29;-16;38;0;1
-29;-16;39;0;1
-29;-16;41;1;1
-29;-16;43;0;1
-29;-16;57;0;1
-29;-16;60;0;1
-29;-16;61;1;1
-29;-15;11;0;1
-29;-15;19;1;1
-29;-15;20;0;1
-29;-15;21;0;1
-29;-15;23;1;1
-29;-15;31;1;1
-29;-15;32;0;1
-29;-15;36;0;1
-29;-15;37;1;1
-29;-15;39;0;1
-29;-15;42;0;1
-29;-15;43;0;1
-29;-15;47;0;1
-29;-15;51;1;1
-29;-15;52;0;1
-29;-15;54;1;1
-29;-15;55;1;1
-29;-15;59;0;1
-29;-15;60;0;1
-29;-15;61;1;1
-29;-14;13;0;1
-29;-14;17;0;1
-29;-14;21;0;1
-29;-14;24;0;1
-29;-14;26;0;1
-29;-14;28;1;1
-29;-14;30;1;1
-29;-14;32;0;1
-29;-14;39;0;1
-29;-14;40;0;1
-29;-14;41;0;1
-29;-14;45;0;1
-29;-14;46;0;1
-29;-14;47;1;1
-29;-14;48;0;1
-29;-14;50;1;1
-29;-14;51;0;1
-29;-14;52;0;1
-29;-14;53;0;1
-29;-14;54;1;1
-29;-14;57;0;1
-29;-14;61;0;1
-29;-14;62;0;1
-29;-13;11;1;1
-29;-13;18;0;1
-29;-13;23;0;1
-29;-13;25;0;1
-29;-13;28;0;1
-29;-13;30;0;1
-29;-13;33;0;1
-29;-13;36;1;1
-29;-13;45;1;1
-29;-13;47;1;1
-29;-13;51;0;1
-29;-13;56;0;1
-29;-13;58;1;1
-29;-13;60;0;1
-29;-13;61;0;1
-29;-13;63;1;1
-29;-12;14;1;1
-29;-12;18;1;1
-29;-12;19;0;1
-29;-12;20;0;1
-29;-12;21;0;1
-29;-12;24;1;1
-29;-12;37;0;1
-29;-12;38;0;1
-29;-12;39;1;1
-29;-12;40;1;1
-29;-12;46;0;1
-29;-12;47;1;1
-29;-12;50;0;1
-29;-12;53;1;1
-29;-12;57;0;1
-29;-12;58;1;1
-29;-12;59;1;1
-29;-12;60;1;1
-29;-12;62;0;1
-29;-11;15;1;1
-29;-11;16;0;1
-29;-11;19;0;1
-29;-11;20;0;1
-29;-11;21;1;1
-29;-11;23;1;1
-29;-11;27;1;1
-29;-11;29;1;1
-29;-11;33;0;1
-29;-11;36;1;1
-29;-11;45;0;1
-29;-11;47;0;1
-29;-11;48;0;1
-29;-11;50;0;1
-29;-11;55;0;1
-29;-11;57;1;1
-29;-11;58;1;1
-29;-11;60;0;1
-29;-11;63;0;1
-29;-10;10;0;1
-29;-10;13;0;1
-29;-10;14;0;1
-29;-10;17;1;1
-29;-10;22;0;1
-29;-10;25;1;1
-29;-10;26;0;1
-29;-10;27;0;1
-29;-10;35;0;1
-29;-10;36;0;1
-29;-10;38;0;1
-29;-10;39;1;1
-29;-10;40;0;1
-29;-10;42;1;1
-29;-10;44;0;1
-29;-10;49;0;1
-29;-10;51;0;1
-29;-10;56;1;1
-29;-10;57;1;1
-29;-10;64;0;1
-29;-9;10;0;1
-29;-9;14;0;1
-29;-9;17;0;1
-29;-9;19;0;1
-29;-9;20;1;1
-29;-9;22;0;1
-29;-9;24;0;1
-29;-9;26;1;1
-29;-9;27;1;1
-29;-9;28;0;1
-29;-9;30;0;1
-29;-9;36;0;1
-29;-9;42;1;1
-29;-9;45;1;1
-29;-9;47;1;1
-29;-9;52;0;1
-29;-9;55;0;1
-29;-9;56;0;1
-29;-9;58;0;1
-29;-9;60;0;1
-29;-9;64;1;1
-29;-8;14;0;1
-29;-8;16;0;1
-29;-8;19;0;1
-29;-8;20;0;1
-29;-8;21;0;1
-29;-8;22;1;1
-29;-8;24;1;1
-29;-8;25;1;1
-29;-8;27;0;1
-29;-8;30;0;1
-29;-8;31;1;1
-29;-8;37;0;1
-29;-8;39;0;1
-29;-8;40;0;1
-29;-8;43;0;1
-29;-8;45;1;1
-29;-8;49;0;1
-29;-8;50;1;1
-29;-8;52;0;1
-29;-8;53;0;1
-29;-8;55;0;1
-29;-8;56;0;1
-29;-8;58;1;1
-29;-8;63;0;1
-29;-8;64;1;1
-29;-7;9;0;1
-29;-7;11;0;1
-29;-7;13;0;1
-29;-7;15;1;1
-29;-7;19;1;1
-29;-7;20;1;1
-29;-7;21;0;1
-29;-7;22;1;1
-29;-7;23;0;1
-29;-7;24;0;1
-29;-7;25;0;1
-29;-7;27;1;1
-29;-7;28;0;1
-29;-7;30;0;1
-29;-7;32;0;1
-29;-7;34;0;1
-29;-7;35;0;1
-29;-7;36;0;1
-29;-7;37;1;1
-29;-7;40;1;1
-29;-7;49;1;1
-29;-7;50;0;1
-29;-7;51;0;1
-29;-7;54;1;1
-29;-7;56;1;1
-29;-7;58;1;1
-29;-7;59;0;1
-29;-7;61;1;1
-29;-7;63;0;1
-29;-7;64;0;1
-29;-6;8;1;1
-29;-6;9;1;1
-29;-6;24;1;1
-29;-6;26;0;1
-29;-6;27;0;1
-29;-6;28;0;1
-29;-6;29;0;1
-29;-6;30;0;1
-29;-6;31;1;1
-29;-6;35;0;1
-29;-6;37;1;1
-29;-6;42;0;1
-29;-6;43;1;1
-29;-6;46;1;1
-29;-6;48;1;1
-29;-6;50;0;1
-29;-6;54;1;1
-29;-6;56;0;1
-29;-6;57;0;1
-29;-6;61;0;1
-29;-6;62;0;1
-29;-6;64;0;1
-29;-5;8;0;1
-29;-5;9;0;1
-29;-5;10;0;1
-29;-5;14;1;1
-29;-5;16;0;1
-29;-5;18;1;1
-29;-5;19;0;1
-29;-5;20;1;1
-29;-5;21;1;1
-29;-5;28;0;1
-29;-5;32;0;1
-29;-5;34;1;1
-29;-5;35;0;1
-29;-5;38;1;1
-29;-5;40;0;1
-29;-5;41;0;1
-29;-5;42;1;1
-29;-5;45;0;1
-29;-5;46;0;1
-29;-5;51;1;1
-29;-5;57;0;1
-29;-5;60;0;1
-29;-5;64;0;1
-29;-4;8;1;1
-29;-4;11;0;1
-29;-4;13;0;1
-29;-4;15;0;1
-29;-4;18;0;1
-29;-4;19;0;1
-29;-4;20;0;1
-29;-4;21;0;1
-29;-4;22;0;1
-29;-4;30;0;1
-29;-4;33;0;1
-29;-4;34;0;1
-29;-4;36;0;1
-29;-4;39;0;1
-29;-4;41;0;1
-29;-4;45;1;1
-29;-4;49;0;1
-29;-4;51;0;1
-29;-4;52;1;1
-29;-4;53;0;1
-29;-4;57;0;1
-29;-4;62;1;1
-29;-4;63;0;1
-29;-4;64;0;1
-29;-3;15;0;1
-29;-3;17;0;1
-29;-3;21;0;1
-29;-3;23;0;1
-29;-3;24;0;1
-29;-3;25;0;1
-29;-3;27;0;1
-29;-3;28;0;1
-29;-3;30;0;1
-29;-3;36;0;1
-29;-3;39;0;1
-29;-3;42;1;1
-29;-3;44;0;1
-29;-3;45;0;1
-29;-3;46;1;1
-29;-3;48;0;1
-29;-3;49;0;1
-29;-3;53;0;1
-29;-3;54;0;1
-29;-3;55;0;1
-29;-3;56;0;1
-29;-3;57;0;1
-29;-3;58;0;1
-29;-3;61;0;1
-29;-3;62;1;1
-29;-3;63;1;1
-29;-2;8;0;1
-29;-2;12;0;1
-29;-2;14;0;1
-29;-2;20;1;1
-29;-2;27;0;1
-29;-2;28;0;1
-29;-2;29;1;1
-29;-2;34;0;1
-29;-2;35;0;1
-29;-2;36;0;1
-29;-2;38;0;1
-29;-2;41;0;1
-29;-2;42;0;1
-29;-2;47;0;1
-29;-2;48;0;1
-29;-2;49;1;1
-29;-2;50;0;1
-29;-2;52;1;1
-29;-2;57;1;1
-29;-2;59;0;1
-29;-2;60;1;1
-29;-2;62;0;1
-29;-2;63;0;1
-29;-1;8;1;1
-29;-1;9;0;1
-29;-1;10;1;1
-29;-1;11;1;1
-29;-1;18;0;1
-29;-1;23;0;1
-29;-1;24;1;1
-29;-1;28;1;1
-29;-1;29;0;1
-29;-1;31;1;1
-29;-1;40;1;1
-29;-1;41;0;1
-29;-1;45;0;1
-29;-1;47;0;1
-29;-1;52;0;1
-29;-1;53;0;1
-29;-1;62;1;1
-29;-1;63;1;1
-29;-1;64;1;1
-29;0;9;0;1
-29;0;11;0;1
-29;0;14;1;1
-29;0;15;1;1
-29;0;16;0;1
-29;0;19;0;1
-29;0;20;0;1
-29;0;22;0;1
-29;0;26;0;1
-29;0;28;0;1
-29;0;35;0;1
-29;0;36;1;1
-29;0;37;0;1
-29;0;39;0;1
-29;0;42;1;1
-29;0;44;0;1
-29;0;48;0;1
-29;0;51;0;1
-29;0;61;0;1
-29;1;11;0;1
-29;1;14;0;1
-29;1;16;0;1
-29;1;17;0;1
-29;1;23;0;1
-29;1;24;0;1
-29;1;28;0;1
-29;1;32;1;1
-29;1;34;1;1
-29;1;37;1;1
-29;1;38;1;1
-29;1;39;0;1
-29;1;42;1;1
-29;1;49;0;1
-29;1;51;0;1
-29;1;56;1;1
-29;1;58;0;1
-29;1;59;1;1
-29;1;60;1;1
-29;1;61;1;1
-29;1;64;0;1
-29;2;9;0;1
-29;2;12;0;1
-29;2;13;0;1
-29;2;16;0;1
-29;2;18;1;1
-29;2;27;0;1
-29;2;28;1;1
-29;2;30;0;1
-29;2;31;1;1
-29;2;32;0;1
-29;2;34;1;1
-29;2;37;0;1
-29;2;38;0;1
-29;2;40;0;1
-29;2;42;0;1
-29;2;51;0;1
-29;2;52;1;1
-29;2;53;0;1
-29;2;58;1;1
-29;2;60;1;1
-29;2;64;1;1
-29;3;9;1;1
-29;3;14;1;1
-29;3;15;1;1
-29;3;17;0;1
-29;3;20;0;1
-29;3;21;1;1
-29;3;22;0;1
-29;3;23;1;1
-29;3;29;0;1
-29;3;30;0;1
-29;3;31;0;1
-29;3;32;1;1
-29;3;33;1;1
-29;3;34;0;1
-29;3;37;0;1
-29;3;41;0;1
-29;3;42;1;1
-29;3;43;0;1
-29;3;45;0;1
-29;3;46;0;1
-29;3;49;0;1
-29;3;50;0;1
-29;3;51;1;1
-29;3;53;0;1
-29;3;54;0;1
-29;3;55;1;1
-29;3;57;1;1
-29;3;61;0;1
-29;3;62;0;1
-29;3;63;0;1
-29;4;18;1;1
-29;4;20;0;1
-29;4;25;0;1
-29;4;32;1;1
-29;4;34;0;1
-29;4;38;1;1
-29;4;41;0;1
-29;4;44;1;1
-29;4;49;1;1
-29;4;53;1;1
-29;4;55;0;1
-29;4;56;0;1
-29;4;57;0;1
-29;4;59;0;1
-29;4;63;1;1
-29;5;9;0;1
-29;5;10;1;1
-29;5;11;0;1
-29;5;12;0;1
-29;5;14;1;1
-29;5;22;1;1
-29;5;26;0;1
-29;5;30;0;1
-29;5;31;0;1
-29;5;34;0;1
-29;5;39;0;1
-29;5;40;0;1
-29;5;42;0;1
-29;5;43;0;1
-29;5;47;0;1
-29;5;49;0;1
-29;5;50;1;1
-29;5;52;1;1
-29;5;54;1;1
-29;5;55;0;1
-29;5;57;0;1
-29;5;61;1;1
-29;5;64;0;1
-29;6;9;0;1
-29;6;10;0;1
-29;6;11;1;1
-29;6;12;0;1
-29;6;14;0;1
-29;6;15;0;1
-29;6;17;0;1
-29;6;18;0;1
-29;6;21;0;1
-29;6;26;1;1
-29;6;32;1;1
-29;6;33;0;1
-29;6;34;0;1
-29;6;39;0;1
-29;6;40;0;1
-29;6;42;0;1
-29;6;47;0;1
-29;6;48;1;1
-29;6;51;0;1
-29;6;53;1;1
-29;6;57;1;1
-29;6;59;1;1
-29;6;60;0;1
-29;6;61;0;1
-29;7;9;1;1
-29;7;13;0;1
-29;7;15;1;1
-29;7;19;0;1
-29;7;22;1;1
-29;7;28;0;1
-29;7;29;0;1
-29;7;30;0;1
-29;7;31;1;1
-29;7;32;0;1
-29;7;34;1;1
-29;7;36;0;1
-29;7;37;0;1
-29;7;38;1;1
-29;7;39;0;1
-29;7;40;0;1
-29;7;44;0;1
-29;7;48;0;1
-29;7;49;0;1
-29;7;52;0;1
-29;7;54;0;1
-29;7;56;1;1
-29;7;57;1;1
-29;7;58;1;1
-29;7;60;0;1
-29;7;62;1;1
-29;8;11;0;1
-29;8;12;0;1
-29;8;13;0;1
-29;8;15;0;1
-29;8;18;0;1
-29;8;19;1;1
-29;8;20;1;1
-29;8;21;0;1
-29;8;22;1;1
-29;8;24;0;1
-29;8;25;1;1
-29;8;26;1;1
-29;8;27;1;1
-29;8;30;1;1
-29;8;31;1;1
-29;8;34;1;1
-29;8;43;0;1
-29;8;45;1;1
-29;8;47;0;1
-29;8;48;1;1
-29;8;49;1;1
-29;8;53;0;1
-29;8;57;0;1
-29;8;58;0;1
-29;8;59;0;1
-29;8;61;0;1
-29;8;64;0;1
-29;9;10;0;1
-29;9;13;0;1
-29;9;14;0;1
-29;9;15;0;1
-29;9;20;0;1
-29;9;29;1;1
-29;9;31;0;1
-29;9;33;0;1
-29;9;35;1;1
-29;9;36;0;1
-29;9;38;1;1
-29;9;39;0;1
-29;9;40;0;1
-29;9;44;0;1
-29;9;47;0;1
-29;9;51;0;1
-29;9;52;0;1
-29;9;54;0;1
-29;9;56;0;1
-29;9;59;1;1
-29;9;60;0;1
-29;9;63;1;1
-29;9;64;1;1
-29;10;12;0;1
-29;10;16;0;1
-29;10;18;0;1
-29;10;19;0;1
-29;10;21;1;1
-29;10;22;0;1
-29;10;25;1;1
-29;10;26;0;1
-29;10;29;1;1
-29;10;30;1;1
-29;10;33;0;1
-29;10;35;0;1
-29;10;36;0;1
-29;10;37;1;1
-29;10;40;0;1
-29;10;48;1;1
-29;10;57;0;1
-29;10;58;0;1
-29;10;62;1;1
-29;11;12;1;1
-29;11;14;1;1
-29;11;16;0;1
-29;11;19;0;1
-29;11;23;1;1
-29;11;25;1;1
-29;11;28;1;1
-29;11;30;0;1
-29;11;32;1;1
-29;11;36;0;1
-29;11;39;0;1
-29;11;44;0;1
-29;11;48;0;1
-29;11;50;0;1
-29;11;51;1;1
-29;11;54;0;1
-29;11;57;1;1
-29;11;58;1;1
-29;11;60;0;1
-29;11;63;1;1
-29;12;9;0;1
-29;12;10;1;1
-29;12;11;0;1
-29;12;17;0;1
-29;12;19;0;1
-29;12;21;0;1
-29;12;24;0;1
-29;12;26;0;1
-29;12;29;0;1
-29;12;30;0;1
-29;12;32;0;1
-29;12;35;0;1
-29;12;36;0;1
-29;12;39;1;1
-29;12;40;0;1
-29;12;43;1;1
-29;12;51;0;1
-29;12;52;0;1
-29;12;55;0;1
-29;12;56;0;1
-29;12;57;1;1
-29;12;58;0;1
-29;12;60;0;1
-29;13;10;0;1
-29;13;12;1;1
-29;13;13;0;1
-29;13;17;0;1
-29;13;19;0;1
-29;13;22;0;1
-29;13;23;1;1
-29;13;24;0;1
-29;13;25;1;1
-29;13;30;1;1
-29;13;33;0;1
-29;13;38;1;1
-29;13;40;0;1
-29;13;43;1;1
-29;13;44;0;1
-29;13;45;1;1
-29;13;47;1;1
-29;13;51;0;1
-29;13;53;0;1
-29;13;55;1;1
-29;14;9;0;1
-29;14;10;0;1
-29;14;11;0;1
-29;14;13;1;1
-29;14;14;1;1
-29;14;18;1;1
-29;14;26;0;1
-29;14;28;0;1
-29;14;29;1;1
-29;14;30;1;1
-29;14;32;1;1
-29;14;35;1;1
-29;14;37;0;1
-29;14;41;1;1
-29;14;43;1;1
-29;14;47;0;1
-29;14;49;0;1
-29;14;50;0;1
-29;14;51;1;1
-29;14;54;1;1
-29;14;56;1;1
-29;14;57;0;1
-29;14;58;0;1
-29;14;60;1;1
-29;14;61;0;1
-29;15;9;0;1
-29;15;14;0;1
-29;15;15;0;1
-29;15;17;1;1
-29;15;18;1;1
-29;15;21;1;1
-29;15;23;0;1
-29;15;24;0;1
-29;15;25;0;1
-29;15;26;0;1
-29;15;30;1;1
-29;15;35;0;1
-29;15;36;0;1
-29;15;39;0;1
-29;15;45;0;1
-29;15;46;0;1
-29;15;48;0;1
-29;15;51;1;1
-29;15;54;0;1
-29;15;55;0;1
-29;15;59;0;1
-29;15;62;1;1
-29;16;9;0;1
-29;16;10;0;1
-29;16;11;1;1
-29;16;13;0;1
-29;16;15;0;1
-29;16;17;1;1
-29;16;20;0;1
-29;16;21;0;1
-29;16;23;0;1
-29;16;26;1;1
-29;16;30;1;1
-29;16;33;0;1
-29;16;40;0;1
-29;16;41;0;1
-29;16;44;1;1
-29;16;46;1;1
-29;16;51;0;1
-29;16;52;1;1
-29;16;53;1;1
-29;16;54;1;1
-29;16;56;1;1
-29;16;62;1;1
-29;17;15;0;1
-29;17;18;1;1
-29;17;20;0;1
-29;17;22;0;1
-29;17;23;0;1
-29;17;25;0;1
-29;17;29;0;1
-29;17;30;0;1
-29;17;32;1;1
-29;17;34;0;1
-29;17;46;0;1
-29;17;48;0;1
-29;17;50;0;1
-29;17;55;0;1
-29;17;56;1;1
-29;17;58;0;1
-29;17;59;0;1
-29;17;60;0;1
-29;17;61;1;1
-29;18;12;1;1
-29;18;15;0;1
-29;18;26;0;1
-29;18;27;1;1
-29;18;28;0;1
-29;18;31;1;1
-29;18;34;0;1
-29;18;38;0;1
-29;18;42;0;1
-29;18;46;0;1
-29;18;51;0;1
-29;18;52;0;1
-29;18;54;1;1
-29;18;55;0;1
-29;18;57;1;1
-29;18;58;1;1
-29;18;59;0;1
-29;19;11;0;1
-29;19;15;0;1
-29;19;18;0;1
-29;19;20;0;1
-29;19;25;0;1
-29;19;26;1;1
-29;19;30;1;1
-29;19;32;0;1
-29;19;33;1;1
-29;19;35;1;1
-29;19;37;0;1
-29;19;38;0;1
-29;19;39;0;1
-29;19;40;0;1
-29;19;47;0;1
-29;19;48;0;1
-29;19;49;0;1
-29;19;51;0;1
-29;19;52;0;1
-29;19;58;1;1
-29;19;60;1;1
-29;20;11;1;1
-29;20;13;0;1
-29;20;16;1;1
-29;20;19;1;1
-29;20;20;0;1
-29;20;25;1;1
-29;20;30;1;1
-29;20;31;1;1
-29;20;34;1;1
-29;20;36;1;1
-29;20;38;0;1
-29;20;39;0;1
-29;20;46;1;1
-29;20;48;0;1
-29;20;51;0;1
-29;20;55;0;1
-29;20;57;1;1
-29;20;60;0;1
-29;20;61;0;1
-29;21;10;0;1
-29;21;11;1;1
-29;21;12;0;1
-29;21;13;0;1
-29;21;14;1;1
-29;21;15;0;1
-29;21;16;1;1
-29;21;18;0;1
-29;21;19;0;1
-29;21;22;0;1
-29;21;25;0;1
-29;21;26;1;1
-29;21;27;0;1
-29;21;29;0;1
-29;21;31;0;1
-29;21;32;0;1
-29;21;33;0;1
-29;21;34;0;1
-29;21;35;0;1
-29;21;36;0;1
-29;21;38;0;1
-29;21;41;0;1
-29;21;42;0;1
-29;21;45;0;1
-29;21;47;1;1
-29;21;51;0;1
-29;21;52;1;1
-29;21;53;0;1
-29;21;54;1;1
-29;21;55;1;1
-29;21;57;1;1
-29;21;60;1;1
-29;22;12;0;1
-29;22;14;1;1
-29;22;15;1;1
-29;22;17;0;1
-29;22;19;0;1
-29;22;20;0;1
-29;22;25;0;1
-29;22;28;1;1
-29;22;29;0;1
-29;22;32;0;1
-29;22;33;1;1
-29;22;34;0;1
-29;22;35;0;1
-29;22;38;1;1
-29;22;41;0;1
-29;22;42;0;1
-29;22;51;1;1
-29;22;58;0;1
-29;22;59;1;1
-29;23;10;0;1
-29;23;12;0;1
-29;23;15;0;1
-29;23;20;1;1
-29;23;25;1;1
-29;23;26;0;1
-29;23;28;0;1
-29;23;29;0;1
-29;23;34;0;1
-29;23;37;1;1
-29;23;39;0;1
-29;23;40;0;1
-29;23;41;1;1
-29;23;43;1;1
-29;23;46;1;1
-29;23;47;0;1
-29;23;54;0;1
-29;23;59;0;1
-29;24;11;1;1
-29;24;12;1;1
-29;24;14;0;1
-29;24;16;0;1
-29;24;17;0;1
-29;24;24;0;1
-29;24;31;1;1
-29;24;34;0;1
-29;24;35;0;1
-29;24;37;1;1
-29;24;38;0;1
-29;24;44;1;1
-29;24;46;0;1
-29;24;49;0;1
-29;24;50;0;1
-29;24;51;0;1
-29;24;53;0;1
-29;24;55;1;1
-29;24;56;1;1
-29;24;60;0;1
-29;25;13;1;1
-29;25;22;0;1
-29;25;24;0;1
-29;25;25;1;1
-29;25;26;0;1
-29;25;31;1;1
-29;25;32;1;1
-29;25;33;1;1
-29;25;34;0;1
-29;25;35;0;1
-29;25;36;0;1
-29;25;41;0;1
-29;25;42;1;1
-29;25;44;1;1
-29;25;51;0;1
-29;25;52;1;1
-29;25;53;1;1
-29;25;54;0;1
-29;25;58;0;1
-29;25;59;0;1
-29;26;20;0;1
-29;26;25;1;1
-29;26;26;0;1
-29;26;29;0;1
-29;26;32;1;1
-29;26;34;0;1
-29;26;36;0;1
-29;26;37;1;1
-29;26;38;1;1
-29;26;40;0;1
-29;26;42;0;1
-29;26;47;1;1
-29;26;52;0;1
-29;26;55;1;1
-29;26;56;1;1
-29;26;57;1;1
-29;26;59;0;1
-29;27;15;1;1
-29;27;16;1;1
-29;27;19;1;1
-29;27;21;0;1
-29;27;23;1;1
-29;27;25;0;1
-29;27;27;0;1
-29;27;29;0;1
-29;27;31;0;1
-29;27;32;0;1
-29;27;34;0;1
-29;27;35;0;1
-29;27;36;1;1
-29;27;37;0;1
-29;27;41;1;1
-29;27;42;0;1
-29;27;43;0;1
-29;27;44;0;1
-29;27;45;0;1
-29;27;47;0;1
-29;27;48;1;1
-29;27;51;0;1
-29;27;52;0;1
-29;27;56;0;1
-29;27;57;1;1
-29;27;58;1;1
-29;28;11;0;1
-29;28;15;1;1
-29;28;20;1;1
-29;28;21;0;1
-29;28;24;0;1
-29;28;30;0;1
-29;28;32;0;1
-29;28;33;0;1
-29;28;35;1;1
-29;28;39;0;1
-29;28;40;1;1
-29;28;42;0;1
-29;28;45;0;1
-29;28;53;0;1
-29;28;55;0;1
-29;28;56;0;1
-29;28;58;0;1
-29;29;12;1;1
-29;29;15;1;1
-29;29;18;1;1
-29;29;20;1;1
-29;29;21;0;1
-29;29;22;0;1
-29;29;25;0;1
-29;29;28;0;1
-29;29;29;1;1
-29;29;30;0;1
-29;29;33;0;1
-29;29;36;0;1
-29;29;37;0;1
-29;29;38;1;1
-29;29;39;0;1
-29;29;41;0;1
-29;29;44;1;1
-29;29;46;0;1
-29;29;50;1;1
-29;29;52;0;1
-29;29;54;0;1
-29;29;55;0;1
-29;29;57;0;1
-29;29;58;1;1
-29;30;13;0;1
-29;30;15;0;1
-29;30;16;0;1
-29;30;18;0;1
-29;30;21;0;1
-29;30;23;0;1
-29;30;26;1;1
-29;30;27;0;1
-29;30;29;1;1
-29;30;30;0;1
-29;30;31;0;1
-29;30;34;0;1
-29;30;35;1;1
-29;30;37;1;1
-29;30;39;0;1
-29;30;40;1;1
-29;30;42;0;1
-29;30;43;0;1
-29;30;44;1;1
-29;30;47;1;1
-29;30;48;0;1
-29;30;49;1;1
-29;30;50;0;1
-29;30;51;0;1
-29;30;52;1;1
-29;30;53;0;1
-29;30;55;0;1
-29;31;12;1;1
-29;31;13;1;1
-29;31;15;0;1
-29;31;16;0;1
-29;31;19;0;1
-29;31;21;0;1
-29;31;24;0;1
-29;31;28;0;1
-29;31;34;1;1
-29;31;37;1;1
-29;31;38;1;1
-29;31;41;1;1
-29;31;45;1;1
-29;31;46;0;1
-29;31;49;1;1
-29;31;52;0;1
-29;31;55;1;1
-29;31;56;0;1
-29;32;16;1;1
-29;32;17;0;1
-29;32;19;1;1
-29;32;25;0;1
-29;32;26;0;1
-29;32;29;0;1
-29;32;30;0;1
-29;32;33;1;1
-29;32;34;1;1
-29;32;37;1;1
-29;32;41;0;1
-29;32;44;1;1
-29;32;45;0;1
-29;32;47;0;1
-29;32;51;0;1
-29;32;54;1;1
-29;33;16;1;1
-29;33;18;0;1
-29;33;20;0;1
-29;33;21;1;1
-29;33;22;0;1
-29;33;24;1;1
-29;33;26;1;1
-29;33;31;0;1
-29;33;35;0;1
-29;33;36;0;1
-29;33;37;1;1
-29;33;42;0;1
-29;33;44;0;1
-29;33;45;0;1
-29;33;46;0;1
-29;33;48;0;1
-29;33;49;1;1
-29;33;52;0;1
-29;33;53;0;1
-29;33;54;0;1
-29;34;12;0;1
-29;34;13;1;1
-29;34;14;0;1
-29;34;15;0;1
-29;34;17;0;1
-29;34;19;0;1
-29;34;20;1;1
-29;34;21;1;1
-29;34;22;0;1
-29;34;23;0;1
-29;34;24;0;1
-29;34;27;0;1
-29;34;38;0;1
-29;34;46;0;1
-29;34;49;0;1
-29;34;51;0;1
-29;34;52;1;1
-29;34;54;0;1
-29;34;55;0;1
-29;35;14;0;1
-29;35;15;0;1
-29;35;16;0;1
-29;35;17;0;1
-29;35;18;1;1
-29;35;23;0;1
-29;35;25;1;1
-29;35;29;1;1
-29;35;35;0;1
-29;35;41;0;1
-29;35;42;1;1
-29;35;44;1;1
-29;35;46;1;1
-29;35;48;0;1
-29;35;49;0;1
-29;35;51;1;1
-29;35;54;1;1
-29;36;13;0;1
-29;36;22;0;1
-29;36;24;1;1
-29;36;28;0;1
-29;36;29;0;1
-29;36;31;0;1
-29;36;36;1;1
-29;36;41;1;1
-29;36;45;1;1
-29;36;46;1;1
-29;36;47;0;1
-29;36;49;1;1
-29;36;50;1;1
-29;36;51;1;1
-29;37;15;1;1
-29;37;17;1;1
-29;37;19;0;1
-29;37;22;1;1
-29;37;27;0;1
-29;37;29;0;1
-29;37;31;0;1
-29;37;32;0;1
-29;37;35;0;1
-29;37;37;1;1
-29;37;40;0;1
-29;37;44;0;1
-29;37;45;1;1
-29;37;46;0;1
-29;37;49;1;1
-29;37;51;0;1
-29;37;52;0;1
-29;38;13;0;1
-29;38;14;1;1
-29;38;16;1;1
-29;38;18;1;1
-29;38;20;1;1
-29;38;21;0;1
-29;38;23;1;1
-29;38;25;0;1
-29;38;26;0;1
-29;38;30;0;1
-29;38;32;0;1
-29;38;34;0;1
-29;38;36;0;1
-29;38;37;1;1
-29;38;38;0;1
-29;38;39;0;1
-29;38;43;0;1
-29;38;51;0;1
-29;38;52;0;1
-29;39;15;0;1
-29;39;16;1;1
-29;39;20;0;1
-29;39;23;0;1
-29;39;25;1;1
-29;39;26;0;1
-29;39;27;1;1
-29;39;29;1;1
-29;39;30;1;1
-29;39;31;0;1
-29;39;34;1;1
-29;39;35;0;1
-29;39;36;0;1
-29;39;38;0;1
-29;39;40;0;1
-29;39;47;1;1
-29;39;51;1;1
-29;40;16;1;1
-29;40;18;0;1
-29;40;23;0;1
-29;40;33;0;1
-29;40;36;0;1
-29;40;38;0;1
-29;40;39;0;1
-29;40;40;0;1
-29;40;41;1;1
-29;40;43;0;1
-29;40;44;0;1
-29;40;47;0;1
-29;40;48;0;1
-29;41;17;0;1
-29;41;18;1;1
-29;41;21;0;1
-29;41;22;0;1
-29;41;23;0;1
-29;41;24;1;1
-29;41;25;0;1
-29;41;26;0;1
-29;41;27;0;1
-29;41;33;0;1
-29;41;35;0;1
-29;41;36;1;1
-29;41;41;1;1
-29;41;42;1;1
-29;41;44;0;1
-29;41;45;1;1
-29;41;46;1;1
-29;41;49;0;1
-29;42;17;1;1
-29;42;18;0;1
-29;42;19;1;1
-29;42;22;0;1
-29;42;23;1;1
-29;42;25;1;1
-29;42;26;0;1
-29;42;28;1;1
-29;42;31;0;1
-29;42;32;0;1
-29;42;36;1;1
-29;42;39;0;1
-29;42;42;1;1
-29;42;44;1;1
-29;42;46;1;1
-29;42;47;0;1
-29;42;48;0;1
-29;42;49;0;1
-29;43;21;1;1
-29;43;24;0;1
-29;43;25;0;1
-29;43;29;0;1
-29;43;31;0;1
-29;43;32;1;1
-29;43;33;0;1
-29;43;35;0;1
-29;43;39;0;1
-29;43;42;0;1
-29;43;44;1;1
-29;44;15;0;1
-29;44;21;0;1
-29;44;22;0;1
-29;44;25;0;1
-29;44;34;1;1
-29;44;35;1;1
-29;44;37;0;1
-29;44;46;1;1
-29;44;47;0;1
-29;45;15;0;1
-29;45;19;1;1
-29;45;22;0;1
-29;45;24;0;1
-29;45;26;0;1
-29;45;27;0;1
-29;45;28;1;1
-29;45;31;0;1
-29;45;35;0;1
-29;45;36;0;1
-29;45;37;1;1
-29;45;39;0;1
-29;45;41;1;1
-29;45;43;0;1
-29;45;46;1;1
-29;46;16;1;1
-29;46;20;0;1
-29;46;25;1;1
-29;46;26;0;1
-29;46;29;0;1
-29;46;31;0;1
-29;46;33;0;1
-29;46;38;0;1
-29;46;41;1;1
-29;46;42;0;1
-29;46;45;1;1
-29;47;17;0;1
-29;47;20;1;1
-29;47;22;0;1
-29;47;25;0;1
-29;47;28;1;1
-29;47;30;0;1
-29;47;39;1;1
-29;47;40;0;1
-29;47;44;1;1
-29;48;19;1;1
-29;48;20;1;1
-29;48;22;0;1
-29;48;23;1;1
-29;48;24;0;1
-29;48;25;1;1
-29;48;26;1;1
-29;48;27;1;1
-29;48;35;0;1
-29;48;38;1;1
-29;48;40;1;1
-29;48;41;0;1
-29;48;43;0;1
-29;49;16;0;1
-29;49;21;0;1
-29;49;22;0;1
-29;49;23;1;1
-29;49;24;1;1
-29;49;30;1;1
-29;49;32;0;1
-29;49;37;0;1
-29;50;16;1;1
-29;50;17;1;1
-29;50;19;1;1
-29;50;23;0;1
-29;50;25;0;1
-29;50;26;0;1
-29;50;28;0;1
-29;50;30;0;1
-29;50;31;1;1
-29;50;32;0;1
-29;50;34;1;1
-29;50;35;0;1
-29;50;36;1;1
-29;50;37;0;1
-28;-48;17;0;1
-28;-48;19;0;1
-28;-48;20;1;1
-28;-48;23;1;1
-28;-48;24;0;1
-28;-48;25;1;1
-28;-48;28;1;1
-28;-48;32;1;1
-28;-48;38;0;1
-28;-48;41;1;1
-28;-47;15;0;1
-28;-47;17;0;1
-28;-47;19;1;1
-28;-47;22;1;1
-28;-47;23;0;1
-28;-47;26;0;1
-28;-47;33;0;1
-28;-47;40;0;1
-28;-47;44;0;1
-28;-46;16;0;1
-28;-46;18;0;1
-28;-46;21;0;1
-28;-46;22;1;1
-28;-46;23;0;1
-28;-46;27;1;1
-28;-46;32;0;1
-28;-46;34;0;1
-28;-46;35;1;1
-28;-46;37;1;1
-28;-46;39;0;1
-28;-46;41;1;1
-28;-46;42;0;1
-28;-46;43;1;1
-28;-46;44;1;1
-28;-46;46;1;1
-28;-45;17;0;1
-28;-45;19;1;1
-28;-45;22;0;1
-28;-45;23;0;1
-28;-45;26;1;1
-28;-45;27;0;1
-28;-45;30;1;1
-28;-45;31;1;1
-28;-45;33;0;1
-28;-45;35;0;1
-28;-45;37;0;1
-28;-45;38;0;1
-28;-45;39;1;1
-28;-45;40;0;1
-28;-45;45;1;1
-28;-45;46;0;1
-28;-45;47;0;1
-28;-44;15;1;1
-28;-44;18;1;1
-28;-44;19;1;1
-28;-44;22;0;1
-28;-44;24;0;1
-28;-44;25;1;1
-28;-44;26;1;1
-28;-44;27;0;1
-28;-44;29;1;1
-28;-44;30;0;1
-28;-44;33;1;1
-28;-44;34;0;1
-28;-44;36;0;1
-28;-44;39;1;1
-28;-44;41;0;1
-28;-44;42;1;1
-28;-44;46;1;1
-28;-44;48;0;1
-28;-43;14;0;1
-28;-43;16;1;1
-28;-43;19;0;1
-28;-43;23;0;1
-28;-43;25;1;1
-28;-43;28;0;1
-28;-43;36;0;1
-28;-43;37;1;1
-28;-43;45;0;1
-28;-43;46;0;1
-28;-43;47;0;1
-28;-43;49;1;1
-28;-42;16;0;1
-28;-42;18;0;1
-28;-42;19;0;1
-28;-42;21;1;1
-28;-42;22;0;1
-28;-42;24;1;1
-28;-42;27;0;1
-28;-42;28;0;1
-28;-42;38;0;1
-28;-42;40;1;1
-28;-42;45;0;1
-28;-42;47;0;1
-28;-41;15;0;1
-28;-41;17;1;1
-28;-41;18;1;1
-28;-41;20;0;1
-28;-41;23;1;1
-28;-41;24;0;1
-28;-41;26;0;1
-28;-41;28;1;1
-28;-41;34;1;1
-28;-41;39;0;1
-28;-41;40;1;1
-28;-41;43;0;1
-28;-40;14;0;1
-28;-40;16;1;1
-28;-40;17;0;1
-28;-40;19;0;1
-28;-40;22;1;1
-28;-40;23;0;1
-28;-40;26;0;1
-28;-40;27;0;1
-28;-40;28;0;1
-28;-40;30;1;1
-28;-40;36;0;1
-28;-40;37;0;1
-28;-40;47;0;1
-28;-40;49;0;1
-28;-40;50;1;1
-28;-40;51;0;1
-28;-39;14;1;1
-28;-39;18;0;1
-28;-39;20;0;1
-28;-39;23;0;1
-28;-39;26;0;1
-28;-39;28;0;1
-28;-39;33;0;1
-28;-39;34;0;1
-28;-39;37;1;1
-28;-39;39;0;1
-28;-39;40;0;1
-28;-39;41;1;1
-28;-39;44;0;1
-28;-39;46;0;1
-28;-39;47;1;1
-28;-39;48;0;1
-28;-39;50;0;1
-28;-39;52;0;1
-28;-38;16;0;1
-28;-38;18;1;1
-28;-38;21;0;1
-28;-38;22;0;1
-28;-38;23;1;1
-28;-38;24;0;1
-28;-38;26;1;1
-28;-38;28;1;1
-28;-38;30;1;1
-28;-38;31;0;1
-28;-38;33;1;1
-28;-38;34;1;1
-28;-38;36;0;1
-28;-38;38;1;1
-28;-38;41;0;1
-28;-38;44;1;1
-28;-38;48;0;1
-28;-38;49;0;1
-28;-37;16;0;1
-28;-37;17;1;1
-28;-37;20;0;1
-28;-37;22;0;1
-28;-37;25;1;1
-28;-37;28;1;1
-28;-37;31;1;1
-28;-37;32;1;1
-28;-37;35;0;1
-28;-37;42;0;1
-28;-37;45;0;1
-28;-37;46;1;1
-28;-37;47;0;1
-28;-37;48;1;1
-28;-37;49;1;1
-28;-37;51;0;1
-28;-36;14;0;1
-28;-36;15;0;1
-28;-36;16;1;1
-28;-36;22;1;1
-28;-36;23;1;1
-28;-36;24;1;1
-28;-36;25;0;1
-28;-36;26;0;1
-28;-36;33;1;1
-28;-36;38;0;1
-28;-36;40;0;1
-28;-36;45;1;1
-28;-36;47;0;1
-28;-36;49;1;1
-28;-36;51;0;1
-28;-36;53;0;1
-28;-35;16;0;1
-28;-35;19;0;1
-28;-35;22;1;1
-28;-35;25;0;1
-28;-35;27;1;1
-28;-35;30;0;1
-28;-35;33;1;1
-28;-35;37;1;1
-28;-35;38;0;1
-28;-35;40;0;1
-28;-35;42;0;1
-28;-35;43;0;1
-28;-35;44;1;1
-28;-35;52;0;1
-28;-35;55;0;1
-28;-34;18;1;1
-28;-34;19;0;1
-28;-34;20;0;1
-28;-34;22;1;1
-28;-34;24;0;1
-28;-34;27;1;1
-28;-34;29;0;1
-28;-34;30;0;1
-28;-34;31;0;1
-28;-34;32;0;1
-28;-34;34;0;1
-28;-34;35;0;1
-28;-34;37;1;1
-28;-34;40;0;1
-28;-34;46;1;1
-28;-34;48;0;1
-28;-34;50;0;1
-28;-34;51;0;1
-28;-34;54;0;1
-28;-33;13;1;1
-28;-33;15;1;1
-28;-33;16;0;1
-28;-33;19;0;1
-28;-33;20;0;1
-28;-33;22;0;1
-28;-33;24;0;1
-28;-33;25;0;1
-28;-33;30;1;1
-28;-33;34;0;1
-28;-33;35;0;1
-28;-33;37;0;1
-28;-33;42;0;1
-28;-33;43;1;1
-28;-33;45;0;1
-28;-33;46;0;1
-28;-33;48;0;1
-28;-33;49;0;1
-28;-33;50;0;1
-28;-33;53;0;1
-28;-33;56;1;1
-28;-32;12;1;1
-28;-32;17;1;1
-28;-32;18;1;1
-28;-32;20;1;1
-28;-32;22;0;1
-28;-32;25;0;1
-28;-32;28;0;1
-28;-32;29;0;1
-28;-32;32;0;1
-28;-32;34;0;1
-28;-32;35;1;1
-28;-32;36;0;1
-28;-32;38;0;1
-28;-32;39;0;1
-28;-32;41;0;1
-28;-32;42;0;1
-28;-32;43;1;1
-28;-32;46;0;1
-28;-32;47;1;1
-28;-32;50;1;1
-28;-32;56;1;1
-28;-31;14;1;1
-28;-31;16;1;1
-28;-31;19;0;1
-28;-31;24;1;1
-28;-31;26;1;1
-28;-31;27;0;1
-28;-31;29;0;1
-28;-31;31;0;1
-28;-31;32;0;1
-28;-31;33;0;1
-28;-31;34;0;1
-28;-31;35;0;1
-28;-31;36;0;1
-28;-31;37;0;1
-28;-31;38;0;1
-28;-31;39;0;1
-28;-31;42;0;1
-28;-31;47;0;1
-28;-31;53;1;1
-28;-31;54;0;1
-28;-31;56;0;1
-28;-30;11;1;1
-28;-30;14;0;1
-28;-30;15;1;1
-28;-30;16;0;1
-28;-30;27;0;1
-28;-30;31;1;1
-28;-30;32;0;1
-28;-30;35;0;1
-28;-30;36;0;1
-28;-30;41;1;1
-28;-30;42;1;1
-28;-30;45;0;1
-28;-30;47;0;1
-28;-30;48;1;1
-28;-30;50;0;1
-28;-30;53;0;1
-28;-30;54;0;1
-28;-30;55;0;1
-28;-30;56;1;1
-28;-30;57;0;1
-28;-29;14;0;1
-28;-29;18;0;1
-28;-29;24;0;1
-28;-29;25;1;1
-28;-29;29;0;1
-28;-29;32;0;1
-28;-29;34;0;1
-28;-29;35;0;1
-28;-29;38;1;1
-28;-29;41;0;1
-28;-29;44;0;1
-28;-29;46;0;1
-28;-29;50;1;1
-28;-29;52;0;1
-28;-29;53;0;1
-28;-29;58;1;1
-28;-28;12;1;1
-28;-28;15;1;1
-28;-28;16;1;1
-28;-28;17;1;1
-28;-28;20;0;1
-28;-28;26;1;1
-28;-28;27;0;1
-28;-28;29;1;1
-28;-28;32;1;1
-28;-28;36;0;1
-28;-28;39;0;1
-28;-28;40;0;1
-28;-28;46;0;1
-28;-28;50;1;1
-28;-28;52;1;1
-28;-28;56;0;1
-28;-28;58;1;1
-28;-27;11;0;1
-28;-27;14;1;1
-28;-27;20;0;1
-28;-27;24;1;1
-28;-27;26;0;1
-28;-27;27;0;1
-28;-27;31;0;1
-28;-27;35;0;1
-28;-27;37;1;1
-28;-27;38;1;1
-28;-27;42;0;1
-28;-27;46;0;1
-28;-27;52;1;1
-28;-27;54;0;1
-28;-27;57;0;1
-28;-27;58;1;1
-28;-26;13;1;1
-28;-26;15;1;1
-28;-26;18;0;1
-28;-26;20;1;1
-28;-26;24;0;1
-28;-26;25;1;1
-28;-26;26;1;1
-28;-26;28;0;1
-28;-26;31;0;1
-28;-26;32;0;1
-28;-26;34;0;1
-28;-26;35;0;1
-28;-26;36;0;1
-28;-26;39;1;1
-28;-26;40;0;1
-28;-26;42;0;1
-28;-26;46;1;1
-28;-26;47;1;1
-28;-26;48;0;1
-28;-26;51;0;1
-28;-25;11;0;1
-28;-25;12;1;1
-28;-25;14;0;1
-28;-25;15;1;1
-28;-25;16;0;1
-28;-25;17;1;1
-28;-25;18;1;1
-28;-25;20;0;1
-28;-25;25;1;1
-28;-25;26;1;1
-28;-25;28;0;1
-28;-25;30;0;1
-28;-25;31;0;1
-28;-25;32;0;1
-28;-25;33;1;1
-28;-25;36;0;1
-28;-25;42;0;1
-28;-25;46;1;1
-28;-25;49;1;1
-28;-25;50;0;1
-28;-25;54;1;1
-28;-25;58;1;1
-28;-25;60;0;1
-28;-24;11;0;1
-28;-24;15;0;1
-28;-24;16;1;1
-28;-24;17;0;1
-28;-24;19;0;1
-28;-24;25;0;1
-28;-24;26;1;1
-28;-24;28;0;1
-28;-24;29;1;1
-28;-24;31;1;1
-28;-24;32;0;1
-28;-24;36;1;1
-28;-24;38;0;1
-28;-24;39;1;1
-28;-24;40;1;1
-28;-24;45;0;1
-28;-24;48;1;1
-28;-24;51;0;1
-28;-24;53;0;1
-28;-24;55;0;1
-28;-24;56;0;1
-28;-24;59;0;1
-28;-23;10;1;1
-28;-23;13;0;1
-28;-23;15;1;1
-28;-23;16;0;1
-28;-23;17;0;1
-28;-23;22;0;1
-28;-23;23;0;1
-28;-23;25;1;1
-28;-23;27;0;1
-28;-23;28;1;1
-28;-23;29;0;1
-28;-23;31;0;1
-28;-23;32;0;1
-28;-23;33;0;1
-28;-23;35;1;1
-28;-23;38;0;1
-28;-23;39;0;1
-28;-23;40;1;1
-28;-23;42;0;1
-28;-23;43;0;1
-28;-23;44;0;1
-28;-23;46;0;1
-28;-23;50;0;1
-28;-23;51;0;1
-28;-23;53;0;1
-28;-22;10;0;1
-28;-22;12;0;1
-28;-22;15;1;1
-28;-22;20;1;1
-28;-22;21;1;1
-28;-22;25;0;1
-28;-22;26;0;1
-28;-22;30;0;1
-28;-22;31;1;1
-28;-22;34;1;1
-28;-22;39;1;1
-28;-22;40;1;1
-28;-22;41;1;1
-28;-22;42;1;1
-28;-22;45;0;1
-28;-22;49;1;1
-28;-22;50;0;1
-28;-22;52;1;1
-28;-22;58;1;1
-28;-22;59;0;1
-28;-22;60;0;1
-28;-21;11;0;1
-28;-21;14;1;1
-28;-21;19;1;1
-28;-21;22;1;1
-28;-21;23;1;1
-28;-21;27;1;1
-28;-21;28;0;1
-28;-21;29;1;1
-28;-21;34;1;1
-28;-21;36;1;1
-28;-21;39;1;1
-28;-21;41;1;1
-28;-21;42;0;1
-28;-21;43;0;1
-28;-21;44;0;1
-28;-21;46;1;1
-28;-21;47;0;1
-28;-21;49;1;1
-28;-21;50;1;1
-28;-21;53;0;1
-28;-21;54;0;1
-28;-21;57;0;1
-28;-21;60;1;1
-28;-20;11;0;1
-28;-20;13;1;1
-28;-20;19;0;1
-28;-20;22;0;1
-28;-20;23;1;1
-28;-20;24;0;1
-28;-20;25;1;1
-28;-20;27;1;1
-28;-20;29;0;1
-28;-20;31;0;1
-28;-20;32;0;1
-28;-20;33;1;1
-28;-20;34;0;1
-28;-20;36;0;1
-28;-20;37;0;1
-28;-20;38;0;1
-28;-20;40;1;1
-28;-20;43;1;1
-28;-20;45;1;1
-28;-20;48;0;1
-28;-20;52;0;1
-28;-20;53;0;1
-28;-20;58;0;1
-28;-20;59;1;1
-28;-20;61;0;1
-28;-19;10;0;1
-28;-19;11;1;1
-28;-19;16;0;1
-28;-19;18;1;1
-28;-19;19;0;1
-28;-19;20;1;1
-28;-19;22;0;1
-28;-19;23;0;1
-28;-19;24;0;1
-28;-19;25;0;1
-28;-19;26;0;1
-28;-19;27;1;1
-28;-19;29;1;1
-28;-19;30;1;1
-28;-19;31;0;1
-28;-19;38;1;1
-28;-19;42;0;1
-28;-19;44;0;1
-28;-19;46;0;1
-28;-19;49;1;1
-28;-19;52;0;1
-28;-19;53;1;1
-28;-19;54;1;1
-28;-19;56;1;1
-28;-18;13;0;1
-28;-18;14;0;1
-28;-18;17;0;1
-28;-18;21;0;1
-28;-18;22;1;1
-28;-18;25;0;1
-28;-18;29;1;1
-28;-18;30;1;1
-28;-18;31;1;1
-28;-18;33;0;1
-28;-18;34;0;1
-28;-18;35;0;1
-28;-18;37;1;1
-28;-18;39;0;1
-28;-18;43;0;1
-28;-18;47;0;1
-28;-18;54;0;1
-28;-18;55;0;1
-28;-17;16;0;1
-28;-17;19;1;1
-28;-17;22;1;1
-28;-17;24;1;1
-28;-17;26;1;1
-28;-17;29;1;1
-28;-17;36;0;1
-28;-17;49;1;1
-28;-17;50;0;1
-28;-17;52;0;1
-28;-17;54;0;1
-28;-17;57;0;1
-28;-17;58;0;1
-28;-17;59;0;1
-28;-17;61;0;1
-28;-16;12;0;1
-28;-16;13;1;1
-28;-16;16;0;1
-28;-16;17;0;1
-28;-16;19;1;1
-28;-16;20;0;1
-28;-16;21;0;1
-28;-16;23;1;1
-28;-16;24;0;1
-28;-16;27;0;1
-28;-16;28;1;1
-28;-16;30;1;1
-28;-16;31;0;1
-28;-16;35;0;1
-28;-16;36;0;1
-28;-16;41;0;1
-28;-16;44;0;1
-28;-16;45;0;1
-28;-16;46;1;1
-28;-16;47;1;1
-28;-16;48;0;1
-28;-16;49;0;1
-28;-16;50;1;1
-28;-16;51;0;1
-28;-16;53;0;1
-28;-16;54;1;1
-28;-16;56;1;1
-28;-16;57;0;1
-28;-16;58;0;1
-28;-16;59;1;1
-28;-16;60;0;1
-28;-15;9;0;1
-28;-15;12;1;1
-28;-15;14;1;1
-28;-15;21;0;1
-28;-15;22;0;1
-28;-15;25;0;1
-28;-15;27;0;1
-28;-15;31;0;1
-28;-15;35;0;1
-28;-15;36;1;1
-28;-15;37;0;1
-28;-15;38;0;1
-28;-15;43;1;1
-28;-15;44;0;1
-28;-15;50;1;1
-28;-15;51;0;1
-28;-15;53;1;1
-28;-15;54;0;1
-28;-15;56;0;1
-28;-15;57;1;1
-28;-15;63;0;1
-28;-14;9;1;1
-28;-14;11;0;1
-28;-14;12;0;1
-28;-14;15;1;1
-28;-14;18;0;1
-28;-14;20;0;1
-28;-14;23;1;1
-28;-14;26;1;1
-28;-14;28;1;1
-28;-14;31;0;1
-28;-14;34;0;1
-28;-14;41;0;1
-28;-14;44;0;1
-28;-14;45;1;1
-28;-14;46;1;1
-28;-14;48;0;1
-28;-14;53;1;1
-28;-14;55;0;1
-28;-14;56;0;1
-28;-14;61;0;1
-28;-13;10;0;1
-28;-13;11;0;1
-28;-13;14;0;1
-28;-13;15;0;1
-28;-13;16;1;1
-28;-13;18;0;1
-28;-13;19;1;1
-28;-13;20;0;1
-28;-13;23;1;1
-28;-13;26;1;1
-28;-13;30;0;1
-28;-13;31;1;1
-28;-13;33;0;1
-28;-13;35;0;1
-28;-13;41;0;1
-28;-13;43;1;1
-28;-13;45;0;1
-28;-13;50;1;1
-28;-13;51;1;1
-28;-13;52;0;1
-28;-13;53;1;1
-28;-13;54;0;1
-28;-13;55;0;1
-28;-13;56;0;1
-28;-13;57;1;1
-28;-13;58;1;1
-28;-13;62;1;1
-28;-12;9;0;1
-28;-12;10;0;1
-28;-12;11;0;1
-28;-12;15;0;1
-28;-12;18;1;1
-28;-12;19;1;1
-28;-12;20;0;1
-28;-12;21;0;1
-28;-12;22;0;1
-28;-12;25;1;1
-28;-12;26;0;1
-28;-12;29;0;1
-28;-12;31;0;1
-28;-12;32;1;1
-28;-12;33;1;1
-28;-12;34;1;1
-28;-12;38;1;1
-28;-12;40;0;1
-28;-12;43;1;1
-28;-12;44;0;1
-28;-12;45;0;1
-28;-12;46;0;1
-28;-12;47;0;1
-28;-12;53;1;1
-28;-12;56;0;1
-28;-12;58;0;1
-28;-12;60;0;1
-28;-12;61;0;1
-28;-12;63;1;1
-28;-12;64;1;1
-28;-11;9;1;1
-28;-11;10;0;1
-28;-11;12;0;1
-28;-11;15;0;1
-28;-11;16;1;1
-28;-11;17;1;1
-28;-11;22;1;1
-28;-11;23;1;1
-28;-11;25;1;1
-28;-11;29;0;1
-28;-11;31;0;1
-28;-11;34;0;1
-28;-11;35;0;1
-28;-11;36;1;1
-28;-11;41;0;1
-28;-11;47;0;1
-28;-11;49;1;1
-28;-11;51;1;1
-28;-11;55;0;1
-28;-11;57;1;1
-28;-11;62;1;1
-28;-10;8;0;1
-28;-10;9;0;1
-28;-10;11;0;1
-28;-10;12;0;1
-28;-10;16;0;1
-28;-10;17;1;1
-28;-10;18;0;1
-28;-10;19;0;1
-28;-10;20;1;1
-28;-10;21;1;1
-28;-10;22;0;1
-28;-10;29;0;1
-28;-10;32;0;1
-28;-10;34;1;1
-28;-10;35;0;1
-28;-10;38;0;1
-28;-10;41;0;1
-28;-10;45;1;1
-28;-10;46;1;1
-28;-10;47;1;1
-28;-10;49;0;1
-28;-10;51;0;1
-28;-10;52;0;1
-28;-10;59;1;1
-28;-10;60;0;1
-28;-10;64;1;1
-28;-9;8;0;1
-28;-9;16;1;1
-28;-9;18;0;1
-28;-9;21;1;1
-28;-9;22;1;1
-28;-9;24;0;1
-28;-9;25;0;1
-28;-9;26;0;1
-28;-9;28;1;1
-28;-9;29;0;1
-28;-9;31;0;1
-28;-9;33;0;1
-28;-9;35;1;1
-28;-9;36;0;1
-28;-9;38;0;1
-28;-9;39;0;1
-28;-9;41;0;1
-28;-9;42;0;1
-28;-9;43;1;1
-28;-9;45;0;1
-28;-9;48;1;1
-28;-9;49;1;1
-28;-9;50;1;1
-28;-9;56;0;1
-28;-9;58;1;1
-28;-9;63;1;1
-28;-9;64;1;1
-28;-8;9;1;1
-28;-8;12;1;1
-28;-8;13;0;1
-28;-8;14;0;1
-28;-8;18;0;1
-28;-8;19;0;1
-28;-8;23;1;1
-28;-8;24;0;1
-28;-8;29;1;1
-28;-8;32;0;1
-28;-8;33;1;1
-28;-8;35;1;1
-28;-8;36;1;1
-28;-8;37;0;1
-28;-8;39;1;1
-28;-8;42;1;1
-28;-8;44;1;1
-28;-8;45;0;1
-28;-8;47;1;1
-28;-8;48;0;1
-28;-8;52;0;1
-28;-8;54;1;1
-28;-8;58;0;1
-28;-8;59;0;1
-28;-8;60;1;1
-28;-8;63;0;1
-28;-8;64;0;1
-28;-7;8;1;1
-28;-7;9;0;1
-28;-7;12;0;1
-28;-7;16;0;1
-28;-7;17;1;1
-28;-7;18;0;1
-28;-7;19;0;1
-28;-7;33;1;1
-28;-7;34;1;1
-28;-7;41;0;1
-28;-7;42;0;1
-28;-7;54;1;1
-28;-6;9;0;1
-28;-6;10;0;1
-28;-6;13;0;1
-28;-6;16;0;1
-28;-6;19;1;1
-28;-6;28;0;1
-28;-6;29;0;1
-28;-6;32;1;1
-28;-6;35;0;1
-28;-6;41;1;1
-28;-6;49;1;1
-28;-6;51;0;1
-28;-6;52;1;1
-28;-6;54;0;1
-28;-6;57;1;1
-28;-6;60;1;1
-28;-6;61;1;1
-28;-5;8;0;1
-28;-5;11;1;1
-28;-5;13;0;1
-28;-5;17;0;1
-28;-5;19;0;1
-28;-5;21;1;1
-28;-5;22;1;1
-28;-5;25;0;1
-28;-5;26;0;1
-28;-5;34;1;1
-28;-5;40;0;1
-28;-5;42;0;1
-28;-5;43;1;1
-28;-5;48;0;1
-28;-5;49;0;1
-28;-5;52;0;1
-28;-5;56;1;1
-28;-5;59;1;1
-28;-5;60;1;1
-28;-5;65;0;1
-28;-4;10;0;1
-28;-4;12;0;1
-28;-4;15;0;1
-28;-4;20;0;1
-28;-4;24;0;1
-28;-4;25;1;1
-28;-4;26;0;1
-28;-4;28;1;1
-28;-4;29;0;1
-28;-4;30;0;1
-28;-4;35;0;1
-28;-4;38;1;1
-28;-4;41;1;1
-28;-4;42;1;1
-28;-4;43;0;1
-28;-4;45;1;1
-28;-4;50;1;1
-28;-4;52;0;1
-28;-4;53;1;1
-28;-4;55;0;1
-28;-4;58;0;1
-28;-4;59;0;1
-28;-4;62;1;1
-28;-4;63;1;1
-28;-3;9;1;1
-28;-3;10;0;1
-28;-3;11;1;1
-28;-3;12;1;1
-28;-3;13;0;1
-28;-3;15;0;1
-28;-3;17;0;1
-28;-3;20;0;1
-28;-3;21;0;1
-28;-3;22;0;1
-28;-3;24;0;1
-28;-3;26;0;1
-28;-3;27;0;1
-28;-3;29;0;1
-28;-3;31;1;1
-28;-3;35;0;1
-28;-3;36;0;1
-28;-3;42;1;1
-28;-3;43;1;1
-28;-3;44;0;1
-28;-3;47;1;1
-28;-3;50;0;1
-28;-3;54;0;1
-28;-3;56;0;1
-28;-3;58;1;1
-28;-3;60;1;1
-28;-2;10;1;1
-28;-2;11;1;1
-28;-2;13;0;1
-28;-2;14;0;1
-28;-2;15;1;1
-28;-2;18;0;1
-28;-2;22;0;1
-28;-2;23;0;1
-28;-2;28;0;1
-28;-2;29;1;1
-28;-2;30;1;1
-28;-2;33;1;1
-28;-2;34;0;1
-28;-2;37;0;1
-28;-2;40;0;1
-28;-2;42;1;1
-28;-2;47;0;1
-28;-2;48;0;1
-28;-2;53;0;1
-28;-2;54;0;1
-28;-2;56;1;1
-28;-2;57;0;1
-28;-2;61;0;1
-28;-2;63;0;1
-28;-1;8;0;1
-28;-1;10;0;1
-28;-1;11;1;1
-28;-1;13;0;1
-28;-1;19;0;1
-28;-1;20;0;1
-28;-1;21;0;1
-28;-1;23;0;1
-28;-1;25;0;1
-28;-1;27;1;1
-28;-1;30;0;1
-28;-1;35;0;1
-28;-1;36;1;1
-28;-1;37;0;1
-28;-1;39;0;1
-28;-1;45;0;1
-28;-1;47;1;1
-28;-1;52;0;1
-28;-1;53;1;1
-28;-1;54;1;1
-28;-1;55;1;1
-28;-1;56;1;1
-28;-1;57;0;1
-28;-1;58;1;1
-28;-1;59;0;1
-28;-1;60;0;1
-28;-1;61;0;1
-28;-1;62;1;1
-28;-1;63;0;1
-28;-1;64;0;1
-28;0;8;1;1
-28;0;10;0;1
-28;0;15;0;1
-28;0;16;1;1
-28;0;17;0;1
-28;0;20;1;1
-28;0;22;0;1
-28;0;25;0;1
-28;0;28;0;1
-28;0;31;0;1
-28;0;32;0;1
-28;0;33;0;1
-28;0;37;0;1
-28;0;39;0;1
-28;0;43;0;1
-28;0;48;0;1
-28;0;49;0;1
-28;0;50;1;1
-28;0;51;0;1
-28;0;53;0;1
-28;0;59;0;1
-28;0;65;0;1
-28;1;9;1;1
-28;1;13;1;1
-28;1;16;1;1
-28;1;20;1;1
-28;1;21;0;1
-28;1;23;0;1
-28;1;26;0;1
-28;1;28;1;1
-28;1;31;0;1
-28;1;34;0;1
-28;1;35;1;1
-28;1;36;0;1
-28;1;37;1;1
-28;1;49;1;1
-28;1;54;1;1
-28;1;55;0;1
-28;1;56;0;1
-28;1;61;0;1
-28;1;62;0;1
-28;1;63;0;1
-28;1;64;0;1
-28;1;65;1;1
-28;2;9;0;1
-28;2;12;0;1
-28;2;13;0;1
-28;2;14;0;1
-28;2;15;0;1
-28;2;17;0;1
-28;2;21;0;1
-28;2;25;1;1
-28;2;27;0;1
-28;2;28;0;1
-28;2;30;0;1
-28;2;31;1;1
-28;2;33;1;1
-28;2;35;0;1
-28;2;39;0;1
-28;2;44;0;1
-28;2;45;0;1
-28;2;48;0;1
-28;2;49;1;1
-28;2;52;0;1
-28;2;57;0;1
-28;2;59;1;1
-28;2;60;0;1
-28;2;62;0;1
-28;2;64;1;1
-28;3;10;0;1
-28;3;11;0;1
-28;3;15;1;1
-28;3;17;0;1
-28;3;20;0;1
-28;3;21;0;1
-28;3;22;1;1
-28;3;25;0;1
-28;3;29;1;1
-28;3;32;1;1
-28;3;33;0;1
-28;3;34;1;1
-28;3;35;1;1
-28;3;40;1;1
-28;3;41;1;1
-28;3;42;0;1
-28;3;46;0;1
-28;3;48;0;1
-28;3;51;1;1
-28;3;52;0;1
-28;3;53;1;1
-28;3;54;0;1
-28;3;55;1;1
-28;3;58;0;1
-28;3;64;0;1
-28;3;65;0;1
-28;4;12;1;1
-28;4;16;0;1
-28;4;17;1;1
-28;4;18;0;1
-28;4;19;0;1
-28;4;20;1;1
-28;4;21;0;1
-28;4;24;1;1
-28;4;26;0;1
-28;4;27;0;1
-28;4;29;0;1
-28;4;32;1;1
-28;4;34;1;1
-28;4;35;0;1
-28;4;36;0;1
-28;4;39;0;1
-28;4;41;0;1
-28;4;43;1;1
-28;4;45;1;1
-28;4;47;0;1
-28;4;49;0;1
-28;4;51;0;1
-28;4;52;1;1
-28;4;54;1;1
-28;4;59;0;1
-28;4;60;0;1
-28;4;61;0;1
-28;4;63;1;1
-28;4;64;0;1
-28;4;65;0;1
-28;5;8;1;1
-28;5;12;0;1
-28;5;17;0;1
-28;5;23;0;1
-28;5;27;1;1
-28;5;30;1;1
-28;5;33;0;1
-28;5;34;1;1
-28;5;35;0;1
-28;5;36;0;1
-28;5;38;0;1
-28;5;39;0;1
-28;5;41;0;1
-28;5;43;0;1
-28;5;50;0;1
-28;5;56;0;1
-28;6;10;0;1
-28;6;15;0;1
-28;6;20;1;1
-28;6;27;0;1
-28;6;28;0;1
-28;6;29;0;1
-28;6;30;1;1
-28;6;31;0;1
-28;6;34;0;1
-28;6;35;1;1
-28;6;38;0;1
-28;6;42;0;1
-28;6;45;0;1
-28;6;47;0;1
-28;6;49;1;1
-28;6;50;1;1
-28;6;51;1;1
-28;6;52;1;1
-28;6;53;1;1
-28;6;55;0;1
-28;6;59;0;1
-28;6;61;0;1
-28;6;62;1;1
-28;6;64;1;1
-28;7;9;0;1
-28;7;10;1;1
-28;7;11;1;1
-28;7;12;0;1
-28;7;14;1;1
-28;7;16;1;1
-28;7;17;1;1
-28;7;19;1;1
-28;7;20;1;1
-28;7;21;0;1
-28;7;26;0;1
-28;7;30;1;1
-28;7;31;0;1
-28;7;32;1;1
-28;7;39;0;1
-28;7;45;1;1
-28;7;46;0;1
-28;7;49;1;1
-28;7;55;1;1
-28;7;57;1;1
-28;7;59;0;1
-28;7;60;1;1
-28;7;64;1;1
-28;8;11;0;1
-28;8;12;1;1
-28;8;13;0;1
-28;8;17;1;1
-28;8;20;1;1
-28;8;22;0;1
-28;8;24;1;1
-28;8;26;0;1
-28;8;30;1;1
-28;8;31;1;1
-28;8;32;1;1
-28;8;33;1;1
-28;8;34;1;1
-28;8;35;0;1
-28;8;37;0;1
-28;8;40;0;1
-28;8;41;0;1
-28;8;42;0;1
-28;8;44;0;1
-28;8;45;0;1
-28;8;48;0;1
-28;8;51;0;1
-28;8;53;0;1
-28;8;58;1;1
-28;8;62;0;1
-28;9;8;0;1
-28;9;9;1;1
-28;9;11;0;1
-28;9;12;1;1
-28;9;16;0;1
-28;9;17;0;1
-28;9;21;1;1
-28;9;29;0;1
-28;9;32;1;1
-28;9;38;1;1
-28;9;40;0;1
-28;9;42;0;1
-28;9;43;1;1
-28;9;46;0;1
-28;9;49;1;1
-28;9;50;0;1
-28;9;51;0;1
-28;9;56;0;1
-28;9;59;0;1
-28;9;61;1;1
-28;9;63;0;1
-28;10;10;0;1
-28;10;12;1;1
-28;10;16;0;1
-28;10;18;0;1
-28;10;19;0;1
-28;10;21;1;1
-28;10;23;1;1
-28;10;25;0;1
-28;10;29;0;1
-28;10;30;0;1
-28;10;31;0;1
-28;10;34;0;1
-28;10;38;0;1
-28;10;42;0;1
-28;10;45;0;1
-28;10;46;1;1
-28;10;49;0;1
-28;10;50;0;1
-28;10;53;1;1
-28;10;55;0;1
-28;10;60;0;1
-28;10;62;1;1
-28;10;64;0;1
-28;11;9;1;1
-28;11;15;0;1
-28;11;17;0;1
-28;11;21;1;1
-28;11;26;0;1
-28;11;27;0;1
-28;11;32;1;1
-28;11;39;1;1
-28;11;40;1;1
-28;11;44;1;1
-28;11;45;0;1
-28;11;46;1;1
-28;11;48;1;1
-28;11;54;0;1
-28;11;56;1;1
-28;11;59;1;1
-28;11;60;1;1
-28;11;62;0;1
-28;11;64;0;1
-28;12;14;1;1
-28;12;15;0;1
-28;12;18;0;1
-28;12;20;0;1
-28;12;26;0;1
-28;12;27;1;1
-28;12;28;0;1
-28;12;33;0;1
-28;12;35;1;1
-28;12;37;1;1
-28;12;38;1;1
-28;12;48;0;1
-28;12;51;0;1
-28;12;53;1;1
-28;12;55;1;1
-28;12;56;0;1
-28;12;57;0;1
-28;12;59;0;1
-28;13;13;0;1
-28;13;14;0;1
-28;13;17;1;1
-28;13;19;1;1
-28;13;21;0;1
-28;13;24;1;1
-28;13;28;0;1
-28;13;31;0;1
-28;13;34;0;1
-28;13;35;1;1
-28;13;40;0;1
-28;13;42;0;1
-28;13;43;0;1
-28;13;44;1;1
-28;13;45;1;1
-28;13;52;0;1
-28;13;58;1;1
-28;13;59;1;1
-28;13;61;1;1
-28;13;62;1;1
-28;14;14;0;1
-28;14;16;1;1
-28;14;21;0;1
-28;14;22;1;1
-28;14;24;0;1
-28;14;27;0;1
-28;14;28;0;1
-28;14;30;0;1
-28;14;31;1;1
-28;14;34;1;1
-28;14;35;0;1
-28;14;39;0;1
-28;14;41;1;1
-28;14;42;0;1
-28;14;45;1;1
-28;14;49;1;1
-28;14;51;1;1
-28;14;52;0;1
-28;14;57;0;1
-28;14;58;1;1
-28;14;59;0;1
-28;14;61;0;1
-28;15;10;1;1
-28;15;12;0;1
-28;15;16;0;1
-28;15;19;1;1
-28;15;26;0;1
-28;15;28;1;1
-28;15;32;0;1
-28;15;34;1;1
-28;15;37;1;1
-28;15;39;1;1
-28;15;40;0;1
-28;15;49;0;1
-28;15;52;0;1
-28;15;53;0;1
-28;15;54;0;1
-28;15;55;1;1
-28;15;56;0;1
-28;15;57;1;1
-28;15;58;1;1
-28;15;59;0;1
-28;15;63;1;1
-28;16;11;1;1
-28;16;15;0;1
-28;16;18;1;1
-28;16;19;0;1
-28;16;20;1;1
-28;16;21;0;1
-28;16;25;1;1
-28;16;28;1;1
-28;16;30;0;1
-28;16;31;0;1
-28;16;34;0;1
-28;16;35;0;1
-28;16;37;0;1
-28;16;39;1;1
-28;16;42;0;1
-28;16;43;1;1
-28;16;45;1;1
-28;16;46;0;1
-28;16;49;0;1
-28;16;50;1;1
-28;16;51;0;1
-28;16;53;0;1
-28;16;59;0;1
-28;16;62;0;1
-28;16;63;0;1
-28;17;9;0;1
-28;17;10;1;1
-28;17;11;1;1
-28;17;16;0;1
-28;17;17;1;1
-28;17;18;1;1
-28;17;19;1;1
-28;17;20;0;1
-28;17;21;0;1
-28;17;22;0;1
-28;17;23;0;1
-28;17;24;0;1
-28;17;27;1;1
-28;17;31;1;1
-28;17;37;1;1
-28;17;39;0;1
-28;17;40;0;1
-28;17;42;0;1
-28;17;43;0;1
-28;17;46;0;1
-28;17;47;0;1
-28;17;48;1;1
-28;17;49;0;1
-28;17;53;0;1
-28;17;55;0;1
-28;17;58;1;1
-28;17;59;0;1
-28;17;60;0;1
-28;18;11;0;1
-28;18;15;0;1
-28;18;18;0;1
-28;18;19;1;1
-28;18;20;0;1
-28;18;24;0;1
-28;18;25;0;1
-28;18;29;1;1
-28;18;30;0;1
-28;18;31;0;1
-28;18;32;0;1
-28;18;33;0;1
-28;18;37;0;1
-28;18;38;1;1
-28;18;40;0;1
-28;18;43;0;1
-28;18;44;1;1
-28;18;45;1;1
-28;18;46;0;1
-28;18;47;0;1
-28;18;51;0;1
-28;18;52;1;1
-28;18;62;0;1
-28;19;12;0;1
-28;19;15;0;1
-28;19;16;0;1
-28;19;17;0;1
-28;19;21;0;1
-28;19;26;1;1
-28;19;27;1;1
-28;19;30;0;1
-28;19;32;1;1
-28;19;34;0;1
-28;19;35;0;1
-28;19;36;0;1
-28;19;39;0;1
-28;19;40;1;1
-28;19;41;1;1
-28;19;45;0;1
-28;19;48;0;1
-28;19;50;1;1
-28;19;53;1;1
-28;19;54;0;1
-28;19;57;0;1
-28;19;58;0;1
-28;19;59;1;1
-28;19;60;0;1
-28;19;62;1;1
-28;20;11;1;1
-28;20;16;0;1
-28;20;18;0;1
-28;20;19;1;1
-28;20;28;0;1
-28;20;30;0;1
-28;20;32;0;1
-28;20;33;0;1
-28;20;34;0;1
-28;20;38;1;1
-28;20;42;0;1
-28;20;45;0;1
-28;20;50;0;1
-28;20;51;0;1
-28;20;52;0;1
-28;20;57;0;1
-28;20;60;0;1
-28;20;62;1;1
-28;21;11;0;1
-28;21;14;1;1
-28;21;15;0;1
-28;21;19;1;1
-28;21;20;1;1
-28;21;21;0;1
-28;21;24;1;1
-28;21;25;0;1
-28;21;27;0;1
-28;21;31;0;1
-28;21;35;0;1
-28;21;36;1;1
-28;21;37;0;1
-28;21;42;0;1
-28;21;44;0;1
-28;21;45;1;1
-28;21;46;0;1
-28;21;49;1;1
-28;21;50;1;1
-28;21;58;0;1
-28;21;60;0;1
-28;22;10;1;1
-28;22;14;0;1
-28;22;19;0;1
-28;22;23;1;1
-28;22;26;0;1
-28;22;27;0;1
-28;22;28;0;1
-28;22;30;0;1
-28;22;31;1;1
-28;22;33;0;1
-28;22;35;1;1
-28;22;36;0;1
-28;22;38;1;1
-28;22;40;0;1
-28;22;41;1;1
-28;22;44;0;1
-28;22;45;0;1
-28;22;49;0;1
-28;22;55;0;1
-28;22;56;0;1
-28;22;57;0;1
-28;22;59;1;1
-28;23;11;0;1
-28;23;12;0;1
-28;23;16;1;1
-28;23;18;0;1
-28;23;22;1;1
-28;23;27;1;1
-28;23;34;0;1
-28;23;39;0;1
-28;23;41;0;1
-28;23;46;0;1
-28;23;50;1;1
-28;23;51;0;1
-28;23;52;1;1
-28;23;55;0;1
-28;23;58;0;1
-28;23;59;0;1
-28;23;61;0;1
-28;24;12;0;1
-28;24;17;1;1
-28;24;19;0;1
-28;24;20;0;1
-28;24;21;0;1
-28;24;22;1;1
-28;24;23;0;1
-28;24;25;0;1
-28;24;26;1;1
-28;24;27;0;1
-28;24;28;1;1
-28;24;31;1;1
-28;24;35;0;1
-28;24;40;0;1
-28;24;42;0;1
-28;24;43;0;1
-28;24;48;0;1
-28;24;52;1;1
-28;24;53;0;1
-28;24;58;0;1
-28;25;14;1;1
-28;25;20;0;1
-28;25;25;0;1
-28;25;26;1;1
-28;25;27;0;1
-28;25;29;1;1
-28;25;31;1;1
-28;25;34;0;1
-28;25;35;1;1
-28;25;39;0;1
-28;25;40;0;1
-28;25;44;0;1
-28;25;46;0;1
-28;25;48;1;1
-28;25;51;0;1
-28;25;57;0;1
-28;26;13;0;1
-28;26;15;1;1
-28;26;18;0;1
-28;26;24;0;1
-28;26;27;1;1
-28;26;30;1;1
-28;26;32;0;1
-28;26;33;0;1
-28;26;34;1;1
-28;26;35;1;1
-28;26;40;0;1
-28;26;41;1;1
-28;26;47;1;1
-28;26;48;0;1
-28;26;51;0;1
-28;26;53;1;1
-28;26;55;0;1
-28;27;12;0;1
-28;27;16;1;1
-28;27;22;1;1
-28;27;23;1;1
-28;27;28;1;1
-28;27;29;1;1
-28;27;30;1;1
-28;27;31;0;1
-28;27;39;0;1
-28;27;41;0;1
-28;27;44;1;1
-28;27;46;1;1
-28;27;47;0;1
-28;27;49;0;1
-28;27;51;1;1
-28;27;52;1;1
-28;27;53;0;1
-28;27;55;1;1
-28;27;56;0;1
-28;27;59;0;1
-28;28;14;1;1
-28;28;16;0;1
-28;28;18;1;1
-28;28;20;1;1
-28;28;23;1;1
-28;28;24;0;1
-28;28;25;0;1
-28;28;26;1;1
-28;28;27;0;1
-28;28;31;1;1
-28;28;32;0;1
-28;28;37;0;1
-28;28;38;0;1
-28;28;39;1;1
-28;28;44;0;1
-28;28;45;0;1
-28;28;48;0;1
-28;28;50;0;1
-28;28;51;1;1
-28;28;58;0;1
-28;29;11;0;1
-28;29;12;0;1
-28;29;13;1;1
-28;29;19;0;1
-28;29;21;1;1
-28;29;25;0;1
-28;29;26;1;1
-28;29;29;1;1
-28;29;32;0;1
-28;29;33;0;1
-28;29;34;0;1
-28;29;39;0;1
-28;29;44;0;1
-28;29;47;1;1
-28;29;50;0;1
-28;29;51;0;1
-28;29;52;0;1
-28;29;54;0;1
-28;29;56;0;1
-28;29;57;0;1
-28;29;58;0;1
-28;30;12;0;1
-28;30;13;1;1
-28;30;15;0;1
-28;30;17;0;1
-28;30;20;0;1
-28;30;21;0;1
-28;30;25;1;1
-28;30;28;1;1
-28;30;31;0;1
-28;30;38;1;1
-28;30;43;0;1
-28;30;45;0;1
-28;30;46;0;1
-28;30;47;1;1
-28;30;51;0;1
-28;30;54;1;1
-28;31;16;1;1
-28;31;19;1;1
-28;31;26;1;1
-28;31;29;0;1
-28;31;30;0;1
-28;31;37;0;1
-28;31;38;0;1
-28;31;46;0;1
-28;31;47;0;1
-28;31;50;1;1
-28;31;52;0;1
-28;31;54;0;1
-28;31;57;0;1
-28;32;13;1;1
-28;32;18;0;1
-28;32;19;0;1
-28;32;21;0;1
-28;32;25;1;1
-28;32;26;0;1
-28;32;27;1;1
-28;32;32;0;1
-28;32;33;0;1
-28;32;35;1;1
-28;32;38;0;1
-28;32;41;0;1
-28;32;42;0;1
-28;32;44;0;1
-28;32;46;0;1
-28;32;47;1;1
-28;32;48;1;1
-28;32;53;0;1
-28;33;12;1;1
-28;33;13;0;1
-28;33;14;0;1
-28;33;15;0;1
-28;33;19;0;1
-28;33;21;0;1
-28;33;23;1;1
-28;33;24;0;1
-28;33;25;1;1
-28;33;27;0;1
-28;33;30;1;1
-28;33;32;1;1
-28;33;34;0;1
-28;33;37;0;1
-28;33;43;1;1
-28;33;44;0;1
-28;33;45;0;1
-28;33;46;1;1
-28;33;48;0;1
-28;33;50;1;1
-28;33;51;0;1
-28;33;52;0;1
-28;33;53;0;1
-28;33;54;0;1
-28;34;12;0;1
-28;34;14;0;1
-28;34;20;0;1
-28;34;24;0;1
-28;34;25;0;1
-28;34;29;1;1
-28;34;32;1;1
-28;34;34;0;1
-28;34;35;0;1
-28;34;36;0;1
-28;34;38;0;1
-28;34;39;0;1
-28;34;41;0;1
-28;34;42;0;1
-28;34;43;1;1
-28;34;45;0;1
-28;34;46;0;1
-28;34;47;0;1
-28;34;48;0;1
-28;34;49;0;1
-28;34;50;1;1
-28;34;51;1;1
-28;34;55;0;1
-28;35;14;1;1
-28;35;15;1;1
-28;35;17;1;1
-28;35;26;0;1
-28;35;32;0;1
-28;35;39;0;1
-28;35;43;1;1
-28;35;45;0;1
-28;35;52;0;1
-28;35;54;1;1
-28;36;14;1;1
-28;36;15;1;1
-28;36;23;1;1
-28;36;26;0;1
-28;36;28;1;1
-28;36;31;0;1
-28;36;33;0;1
-28;36;36;1;1
-28;36;38;1;1
-28;36;43;0;1
-28;36;44;1;1
-28;36;46;0;1
-28;36;48;0;1
-28;36;50;1;1
-28;36;51;1;1
-28;36;53;0;1
-28;36;54;1;1
-28;37;13;0;1
-28;37;18;0;1
-28;37;22;1;1
-28;37;25;1;1
-28;37;26;1;1
-28;37;29;0;1
-28;37;30;0;1
-28;37;34;0;1
-28;37;37;0;1
-28;37;39;0;1
-28;37;40;1;1
-28;37;46;0;1
-28;37;49;1;1
-28;37;51;1;1
-28;37;53;1;1
-28;38;13;0;1
-28;38;18;0;1
-28;38;19;0;1
-28;38;20;0;1
-28;38;21;1;1
-28;38;25;1;1
-28;38;26;1;1
-28;38;27;0;1
-28;38;28;0;1
-28;38;31;1;1
-28;38;35;0;1
-28;38;36;0;1
-28;38;37;1;1
-28;38;40;0;1
-28;38;43;0;1
-28;38;45;0;1
-28;38;47;0;1
-28;38;53;0;1
-28;39;15;1;1
-28;39;16;0;1
-28;39;18;0;1
-28;39;21;0;1
-28;39;22;1;1
-28;39;23;1;1
-28;39;26;1;1
-28;39;27;0;1
-28;39;29;1;1
-28;39;31;0;1
-28;39;33;1;1
-28;39;38;0;1
-28;39;45;0;1
-28;39;52;1;1
-28;40;14;0;1
-28;40;17;0;1
-28;40;20;0;1
-28;40;26;1;1
-28;40;28;0;1
-28;40;29;1;1
-28;40;30;0;1
-28;40;33;0;1
-28;40;34;0;1
-28;40;35;0;1
-28;40;36;0;1
-28;40;37;0;1
-28;40;38;1;1
-28;40;39;1;1
-28;40;40;0;1
-28;40;42;0;1
-28;40;46;0;1
-28;40;48;1;1
-28;40;49;0;1
-28;40;50;1;1
-28;41;14;0;1
-28;41;15;0;1
-28;41;16;0;1
-28;41;19;0;1
-28;41;20;1;1
-28;41;21;1;1
-28;41;23;0;1
-28;41;24;0;1
-28;41;25;0;1
-28;41;31;0;1
-28;41;33;0;1
-28;41;38;1;1
-28;41;42;1;1
-28;41;43;0;1
-28;41;45;0;1
-28;42;19;0;1
-28;42;22;0;1
-28;42;24;1;1
-28;42;25;0;1
-28;42;27;0;1
-28;42;28;1;1
-28;42;30;0;1
-28;42;31;1;1
-28;42;32;1;1
-28;42;34;0;1
-28;42;35;0;1
-28;42;37;0;1
-28;42;38;0;1
-28;42;40;0;1
-28;42;41;1;1
-28;42;42;0;1
-28;42;43;0;1
-28;43;14;1;1
-28;43;15;0;1
-28;43;23;0;1
-28;43;26;1;1
-28;43;31;0;1
-28;43;32;0;1
-28;43;34;0;1
-28;43;36;0;1
-28;43;37;0;1
-28;43;41;1;1
-28;43;42;1;1
-28;43;43;0;1
-28;43;47;0;1
-28;43;48;1;1
-28;44;19;0;1
-28;44;20;0;1
-28;44;21;0;1
-28;44;25;1;1
-28;44;26;0;1
-28;44;27;1;1
-28;44;30;1;1
-28;44;31;0;1
-28;44;32;0;1
-28;44;33;1;1
-28;44;35;0;1
-28;44;40;0;1
-28;44;41;1;1
-28;44;46;0;1
-28;44;48;1;1
-28;45;15;0;1
-28;45;17;1;1
-28;45;19;1;1
-28;45;21;1;1
-28;45;26;1;1
-28;45;27;1;1
-28;45;29;0;1
-28;45;31;0;1
-28;45;33;0;1
-28;45;36;0;1
-28;45;37;1;1
-28;45;40;1;1
-28;45;41;0;1
-28;45;42;0;1
-28;45;43;1;1
-28;45;44;1;1
-28;45;47;0;1
-28;46;15;0;1
-28;46;20;1;1
-28;46;23;0;1
-28;46;26;0;1
-28;46;27;0;1
-28;46;28;0;1
-28;46;35;0;1
-28;46;36;0;1
-28;46;39;1;1
-28;46;43;1;1
-28;46;44;0;1
-28;46;46;0;1
-28;47;15;0;1
-28;47;22;1;1
-28;47;25;0;1
-28;47;28;1;1
-28;47;29;0;1
-28;47;31;1;1
-28;47;33;0;1
-28;47;34;1;1
-28;47;35;0;1
-28;47;39;0;1
-28;47;41;0;1
-28;47;42;0;1
-28;47;43;1;1
-28;47;44;0;1
-28;48;15;1;1
-28;48;17;1;1
-28;48;20;0;1
-28;48;21;1;1
-28;48;25;0;1
-28;48;26;0;1
-28;48;28;0;1
-28;48;30;1;1
-28;48;34;1;1
-28;48;38;1;1
-28;48;39;1;1
-28;48;41;0;1
-28;48;42;0;1
-28;48;43;1;1
-27;-46;15;0;1
-27;-46;20;0;1
-27;-46;21;0;1
-27;-46;22;0;1
-27;-46;26;0;1
-27;-46;30;1;1
-27;-46;32;1;1
-27;-46;33;0;1
-27;-46;35;0;1
-27;-46;40;0;1
-27;-46;43;1;1
-27;-46;44;1;1
-27;-45;15;0;1
-27;-45;17;0;1
-27;-45;18;0;1
-27;-45;19;0;1
-27;-45;21;0;1
-27;-45;26;0;1
-27;-45;28;1;1
-27;-45;32;1;1
-27;-45;33;1;1
-27;-45;34;0;1
-27;-45;35;0;1
-27;-45;36;1;1
-27;-45;39;1;1
-27;-45;42;1;1
-27;-45;44;0;1
-27;-45;45;0;1
-27;-45;47;0;1
-27;-44;14;1;1
-27;-44;15;1;1
-27;-44;16;1;1
-27;-44;17;1;1
-27;-44;18;0;1
-27;-44;20;0;1
-27;-44;26;0;1
-27;-44;27;0;1
-27;-44;29;1;1
-27;-44;31;0;1
-27;-44;32;1;1
-27;-44;33;1;1
-27;-44;35;1;1
-27;-44;36;1;1
-27;-44;41;1;1
-27;-44;46;0;1
-27;-44;47;1;1
-27;-44;48;0;1
-27;-43;18;0;1
-27;-43;23;1;1
-27;-43;24;0;1
-27;-43;26;0;1
-27;-43;28;1;1
-27;-43;31;0;1
-27;-43;33;1;1
-27;-43;34;0;1
-27;-43;36;0;1
-27;-43;37;0;1
-27;-43;38;1;1
-27;-43;43;1;1
-27;-43;44;0;1
-27;-43;47;0;1
-27;-42;16;0;1
-27;-42;20;0;1
-27;-42;21;1;1
-27;-42;22;0;1
-27;-42;23;0;1
-27;-42;24;0;1
-27;-42;26;1;1
-27;-42;27;0;1
-27;-42;28;1;1
-27;-42;29;0;1
-27;-42;34;0;1
-27;-42;35;1;1
-27;-42;36;0;1
-27;-42;38;1;1
-27;-42;40;1;1
-27;-42;42;0;1
-27;-42;43;0;1
-27;-42;44;1;1
-27;-42;46;0;1
-27;-42;49;0;1
-27;-41;14;1;1
-27;-41;20;1;1
-27;-41;24;0;1
-27;-41;27;0;1
-27;-41;31;0;1
-27;-41;32;1;1
-27;-41;33;1;1
-27;-41;36;0;1
-27;-41;41;0;1
-27;-41;42;0;1
-27;-41;43;0;1
-27;-41;44;0;1
-27;-41;50;0;1
-27;-40;16;0;1
-27;-40;19;0;1
-27;-40;23;0;1
-27;-40;27;0;1
-27;-40;28;0;1
-27;-40;30;0;1
-27;-40;33;0;1
-27;-40;34;0;1
-27;-40;35;0;1
-27;-40;36;1;1
-27;-40;40;0;1
-27;-40;42;0;1
-27;-40;44;1;1
-27;-40;51;1;1
-27;-39;17;0;1
-27;-39;19;0;1
-27;-39;22;1;1
-27;-39;24;1;1
-27;-39;29;0;1
-27;-39;32;1;1
-27;-39;38;0;1
-27;-39;39;1;1
-27;-39;40;0;1
-27;-39;47;0;1
-27;-38;13;0;1
-27;-38;16;1;1
-27;-38;25;0;1
-27;-38;26;1;1
-27;-38;32;1;1
-27;-38;33;0;1
-27;-38;36;1;1
-27;-38;37;0;1
-27;-38;38;0;1
-27;-38;41;1;1
-27;-38;44;0;1
-27;-38;46;1;1
-27;-38;47;1;1
-27;-38;49;0;1
-27;-37;14;0;1
-27;-37;15;1;1
-27;-37;20;0;1
-27;-37;23;1;1
-27;-37;28;0;1
-27;-37;32;0;1
-27;-37;33;1;1
-27;-37;34;0;1
-27;-37;36;0;1
-27;-37;37;1;1
-27;-37;46;1;1
-27;-37;50;0;1
-27;-37;54;0;1
-27;-36;15;0;1
-27;-36;19;0;1
-27;-36;20;0;1
-27;-36;28;0;1
-27;-36;29;0;1
-27;-36;32;1;1
-27;-36;37;0;1
-27;-36;38;1;1
-27;-36;40;1;1
-27;-36;41;1;1
-27;-36;44;1;1
-27;-36;50;1;1
-27;-36;54;0;1
-27;-35;12;0;1
-27;-35;14;1;1
-27;-35;17;0;1
-27;-35;18;0;1
-27;-35;19;0;1
-27;-35;20;1;1
-27;-35;22;1;1
-27;-35;24;0;1
-27;-35;25;1;1
-27;-35;27;1;1
-27;-35;31;1;1
-27;-35;33;1;1
-27;-35;34;0;1
-27;-35;39;0;1
-27;-35;41;1;1
-27;-35;42;0;1
-27;-35;43;0;1
-27;-35;45;0;1
-27;-35;47;1;1
-27;-35;49;0;1
-27;-35;53;1;1
-27;-34;19;0;1
-27;-34;21;1;1
-27;-34;22;1;1
-27;-34;24;1;1
-27;-34;25;0;1
-27;-34;28;0;1
-27;-34;29;0;1
-27;-34;32;0;1
-27;-34;33;1;1
-27;-34;34;0;1
-27;-34;36;0;1
-27;-34;37;0;1
-27;-34;45;0;1
-27;-34;46;0;1
-27;-34;49;0;1
-27;-34;50;1;1
-27;-34;52;1;1
-27;-34;53;0;1
-27;-34;54;1;1
-27;-34;56;0;1
-27;-33;12;0;1
-27;-33;13;0;1
-27;-33;15;0;1
-27;-33;19;0;1
-27;-33;20;0;1
-27;-33;21;0;1
-27;-33;23;1;1
-27;-33;24;0;1
-27;-33;26;1;1
-27;-33;27;0;1
-27;-33;28;0;1
-27;-33;29;0;1
-27;-33;32;0;1
-27;-33;33;1;1
-27;-33;34;1;1
-27;-33;37;1;1
-27;-33;38;0;1
-27;-33;40;1;1
-27;-33;42;0;1
-27;-33;45;0;1
-27;-33;47;0;1
-27;-33;48;1;1
-27;-33;49;1;1
-27;-33;55;0;1
-27;-32;12;0;1
-27;-32;14;1;1
-27;-32;15;0;1
-27;-32;16;0;1
-27;-32;17;0;1
-27;-32;18;0;1
-27;-32;21;0;1
-27;-32;23;0;1
-27;-32;24;1;1
-27;-32;27;0;1
-27;-32;29;0;1
-27;-32;32;1;1
-27;-32;35;1;1
-27;-32;36;0;1
-27;-32;37;1;1
-27;-32;39;0;1
-27;-32;40;0;1
-27;-32;44;0;1
-27;-32;52;0;1
-27;-32;53;1;1
-27;-32;54;0;1
-27;-32;55;0;1
-27;-32;57;0;1
-27;-31;12;0;1
-27;-31;14;0;1
-27;-31;17;0;1
-27;-31;21;0;1
-27;-31;23;0;1
-27;-31;30;1;1
-27;-31;32;0;1
-27;-31;42;0;1
-27;-31;45;1;1
-27;-31;46;1;1
-27;-31;47;1;1
-27;-31;49;0;1
-27;-31;52;0;1
-27;-31;54;1;1
-27;-30;12;1;1
-27;-30;14;1;1
-27;-30;15;1;1
-27;-30;16;0;1
-27;-30;23;0;1
-27;-30;25;0;1
-27;-30;29;1;1
-27;-30;30;1;1
-27;-30;31;0;1
-27;-30;33;0;1
-27;-30;34;0;1
-27;-30;35;0;1
-27;-30;37;0;1
-27;-30;40;1;1
-27;-30;43;1;1
-27;-30;44;0;1
-27;-30;45;0;1
-27;-30;46;0;1
-27;-30;47;1;1
-27;-30;48;1;1
-27;-30;55;0;1
-27;-29;12;0;1
-27;-29;15;0;1
-27;-29;16;0;1
-27;-29;19;0;1
-27;-29;20;0;1
-27;-29;22;0;1
-27;-29;23;1;1
-27;-29;24;0;1
-27;-29;27;0;1
-27;-29;29;0;1
-27;-29;30;0;1
-27;-29;31;0;1
-27;-29;32;0;1
-27;-29;35;0;1
-27;-29;36;1;1
-27;-29;41;0;1
-27;-29;43;0;1
-27;-29;44;1;1
-27;-29;47;1;1
-27;-29;48;0;1
-27;-29;51;0;1
-27;-29;53;0;1
-27;-29;57;0;1
-27;-29;58;1;1
-27;-28;13;0;1
-27;-28;15;0;1
-27;-28;16;0;1
-27;-28;17;0;1
-27;-28;18;1;1
-27;-28;22;1;1
-27;-28;23;1;1
-27;-28;25;0;1
-27;-28;27;0;1
-27;-28;32;0;1
-27;-28;36;1;1
-27;-28;37;0;1
-27;-28;45;1;1
-27;-28;52;0;1
-27;-28;55;0;1
-27;-28;56;1;1
-27;-28;57;1;1
-27;-28;58;0;1
-27;-27;11;0;1
-27;-27;12;0;1
-27;-27;13;0;1
-27;-27;17;0;1
-27;-27;18;0;1
-27;-27;20;0;1
-27;-27;21;1;1
-27;-27;23;0;1
-27;-27;25;0;1
-27;-27;26;1;1
-27;-27;28;0;1
-27;-27;32;1;1
-27;-27;37;0;1
-27;-27;44;0;1
-27;-27;46;0;1
-27;-27;48;0;1
-27;-27;49;1;1
-27;-27;55;0;1
-27;-27;58;1;1
-27;-27;59;0;1
-27;-26;11;0;1
-27;-26;14;0;1
-27;-26;20;0;1
-27;-26;25;0;1
-27;-26;30;0;1
-27;-26;35;1;1
-27;-26;36;1;1
-27;-26;37;0;1
-27;-26;38;0;1
-27;-26;40;0;1
-27;-26;41;1;1
-27;-26;42;0;1
-27;-26;43;1;1
-27;-26;44;1;1
-27;-26;45;0;1
-27;-26;46;1;1
-27;-26;49;1;1
-27;-26;52;0;1
-27;-26;53;0;1
-27;-26;54;1;1
-27;-26;55;1;1
-27;-26;56;0;1
-27;-26;57;0;1
-27;-26;58;0;1
-27;-26;60;0;1
-27;-25;12;0;1
-27;-25;13;1;1
-27;-25;15;1;1
-27;-25;16;1;1
-27;-25;17;0;1
-27;-25;18;0;1
-27;-25;20;0;1
-27;-25;23;1;1
-27;-25;29;0;1
-27;-25;30;1;1
-27;-25;32;1;1
-27;-25;33;1;1
-27;-25;35;0;1
-27;-25;36;0;1
-27;-25;38;0;1
-27;-25;40;1;1
-27;-25;44;0;1
-27;-25;47;1;1
-27;-25;48;0;1
-27;-25;51;1;1
-27;-25;52;1;1
-27;-25;54;0;1
-27;-25;56;1;1
-27;-25;59;1;1
-27;-24;10;0;1
-27;-24;16;0;1
-27;-24;20;0;1
-27;-24;23;0;1
-27;-24;24;0;1
-27;-24;29;1;1
-27;-24;35;0;1
-27;-24;43;1;1
-27;-24;44;0;1
-27;-24;49;0;1
-27;-24;52;0;1
-27;-24;59;0;1
-27;-24;60;1;1
-27;-23;10;0;1
-27;-23;12;1;1
-27;-23;15;0;1
-27;-23;18;1;1
-27;-23;22;0;1
-27;-23;23;0;1
-27;-23;25;0;1
-27;-23;31;0;1
-27;-23;34;0;1
-27;-23;38;0;1
-27;-23;39;0;1
-27;-23;42;0;1
-27;-23;43;1;1
-27;-23;44;0;1
-27;-23;45;0;1
-27;-23;50;1;1
-27;-23;57;0;1
-27;-23;58;1;1
-27;-23;60;1;1
-27;-22;14;1;1
-27;-22;15;0;1
-27;-22;16;0;1
-27;-22;17;0;1
-27;-22;20;0;1
-27;-22;21;0;1
-27;-22;31;1;1
-27;-22;33;0;1
-27;-22;38;1;1
-27;-22;40;0;1
-27;-22;41;0;1
-27;-22;42;1;1
-27;-22;44;0;1
-27;-22;47;1;1
-27;-22;49;0;1
-27;-22;50;0;1
-27;-22;54;0;1
-27;-22;55;0;1
-27;-22;57;0;1
-27;-22;60;1;1
-27;-21;10;0;1
-27;-21;11;1;1
-27;-21;14;0;1
-27;-21;16;0;1
-27;-21;17;1;1
-27;-21;18;1;1
-27;-21;19;1;1
-27;-21;21;0;1
-27;-21;23;1;1
-27;-21;26;0;1
-27;-21;29;0;1
-27;-21;31;1;1
-27;-21;32;0;1
-27;-21;33;0;1
-27;-21;34;0;1
-27;-21;36;1;1
-27;-21;42;1;1
-27;-21;45;1;1
-27;-21;48;1;1
-27;-21;56;0;1
-27;-21;58;0;1
-27;-21;59;1;1
-27;-21;62;0;1
-27;-20;15;0;1
-27;-20;17;0;1
-27;-20;19;1;1
-27;-20;22;1;1
-27;-20;31;0;1
-27;-20;32;0;1
-27;-20;33;0;1
-27;-20;36;1;1
-27;-20;40;0;1
-27;-20;43;0;1
-27;-20;50;0;1
-27;-20;52;0;1
-27;-20;54;0;1
-27;-20;56;0;1
-27;-20;58;0;1
-27;-19;10;0;1
-27;-19;11;0;1
-27;-19;12;1;1
-27;-19;13;1;1
-27;-19;15;0;1
-27;-19;17;0;1
-27;-19;19;1;1
-27;-19;27;0;1
-27;-19;33;0;1
-27;-19;34;0;1
-27;-19;36;0;1
-27;-19;37;0;1
-27;-19;40;1;1
-27;-19;42;1;1
-27;-19;46;0;1
-27;-19;48;0;1
-27;-19;49;1;1
-27;-19;52;1;1
-27;-19;57;1;1
-27;-19;61;0;1
-27;-19;62;0;1
-27;-18;11;0;1
-27;-18;12;0;1
-27;-18;13;0;1
-27;-18;15;1;1
-27;-18;17;0;1
-27;-18;19;1;1
-27;-18;22;0;1
-27;-18;24;1;1
-27;-18;26;0;1
-27;-18;27;1;1
-27;-18;29;1;1
-27;-18;30;0;1
-27;-18;31;1;1
-27;-18;38;0;1
-27;-18;40;0;1
-27;-18;42;0;1
-27;-18;44;1;1
-27;-18;45;1;1
-27;-18;47;1;1
-27;-18;52;1;1
-27;-18;56;0;1
-27;-18;57;0;1
-27;-18;59;0;1
-27;-18;61;0;1
-27;-17;10;0;1
-27;-17;17;1;1
-27;-17;21;0;1
-27;-17;22;0;1
-27;-17;23;0;1
-27;-17;24;0;1
-27;-17;26;1;1
-27;-17;30;1;1
-27;-17;34;0;1
-27;-17;37;0;1
-27;-17;41;1;1
-27;-17;43;0;1
-27;-17;44;0;1
-27;-17;53;0;1
-27;-17;54;1;1
-27;-17;56;0;1
-27;-17;60;0;1
-27;-17;62;1;1
-27;-16;11;0;1
-27;-16;12;0;1
-27;-16;15;0;1
-27;-16;16;0;1
-27;-16;18;0;1
-27;-16;19;0;1
-27;-16;22;1;1
-27;-16;23;0;1
-27;-16;25;0;1
-27;-16;26;0;1
-27;-16;27;0;1
-27;-16;30;0;1
-27;-16;31;0;1
-27;-16;32;0;1
-27;-16;35;0;1
-27;-16;39;0;1
-27;-16;42;0;1
-27;-16;44;0;1
-27;-16;47;1;1
-27;-16;49;1;1
-27;-16;55;0;1
-27;-16;56;0;1
-27;-16;62;0;1
-27;-15;10;0;1
-27;-15;11;1;1
-27;-15;12;1;1
-27;-15;13;0;1
-27;-15;14;1;1
-27;-15;17;0;1
-27;-15;18;1;1
-27;-15;22;0;1
-27;-15;25;0;1
-27;-15;26;0;1
-27;-15;28;1;1
-27;-15;29;1;1
-27;-15;31;1;1
-27;-15;34;0;1
-27;-15;35;0;1
-27;-15;39;0;1
-27;-15;41;1;1
-27;-15;44;0;1
-27;-15;47;0;1
-27;-15;48;0;1
-27;-15;49;0;1
-27;-15;52;0;1
-27;-15;57;0;1
-27;-15;58;0;1
-27;-15;60;0;1
-27;-14;9;1;1
-27;-14;12;1;1
-27;-14;13;0;1
-27;-14;14;0;1
-27;-14;17;0;1
-27;-14;22;1;1
-27;-14;23;1;1
-27;-14;32;0;1
-27;-14;35;0;1
-27;-14;37;0;1
-27;-14;38;0;1
-27;-14;40;0;1
-27;-14;41;0;1
-27;-14;42;0;1
-27;-14;44;0;1
-27;-14;45;1;1
-27;-14;46;0;1
-27;-14;49;0;1
-27;-14;50;0;1
-27;-14;52;1;1
-27;-14;54;0;1
-27;-14;56;0;1
-27;-14;62;1;1
-27;-14;64;0;1
-27;-13;10;0;1
-27;-13;12;0;1
-27;-13;16;0;1
-27;-13;18;0;1
-27;-13;19;0;1
-27;-13;24;0;1
-27;-13;25;0;1
-27;-13;27;1;1
-27;-13;31;0;1
-27;-13;38;0;1
-27;-13;49;1;1
-27;-13;51;0;1
-27;-13;53;0;1
-27;-13;57;0;1
-27;-13;58;0;1
-27;-13;59;0;1
-27;-13;62;0;1
-27;-13;63;0;1
-27;-12;10;1;1
-27;-12;14;0;1
-27;-12;15;0;1
-27;-12;22;0;1
-27;-12;24;0;1
-27;-12;27;0;1
-27;-12;28;0;1
-27;-12;33;0;1
-27;-12;36;1;1
-27;-12;39;1;1
-27;-12;40;1;1
-27;-12;43;0;1
-27;-12;45;1;1
-27;-12;46;1;1
-27;-12;48;1;1
-27;-12;51;1;1
-27;-12;53;1;1
-27;-12;56;0;1
-27;-12;61;0;1
-27;-12;62;1;1
-27;-12;63;0;1
-27;-11;10;1;1
-27;-11;11;0;1
-27;-11;12;0;1
-27;-11;15;0;1
-27;-11;17;0;1
-27;-11;20;0;1
-27;-11;22;0;1
-27;-11;23;1;1
-27;-11;25;0;1
-27;-11;26;0;1
-27;-11;29;0;1
-27;-11;30;0;1
-27;-11;33;0;1
-27;-11;37;0;1
-27;-11;48;0;1
-27;-11;50;1;1
-27;-11;51;0;1
-27;-11;55;0;1
-27;-11;56;1;1
-27;-11;59;0;1
-27;-11;60;0;1
-27;-10;8;0;1
-27;-10;12;0;1
-27;-10;15;0;1
-27;-10;16;1;1
-27;-10;19;0;1
-27;-10;20;0;1
-27;-10;25;0;1
-27;-10;28;0;1
-27;-10;29;0;1
-27;-10;30;1;1
-27;-10;32;1;1
-27;-10;33;0;1
-27;-10;37;1;1
-27;-10;40;0;1
-27;-10;43;0;1
-27;-10;44;1;1
-27;-10;48;0;1
-27;-10;51;0;1
-27;-10;58;1;1
-27;-10;62;0;1
-27;-10;63;0;1
-27;-9;10;0;1
-27;-9;11;0;1
-27;-9;16;0;1
-27;-9;17;0;1
-27;-9;19;0;1
-27;-9;26;0;1
-27;-9;30;0;1
-27;-9;38;0;1
-27;-9;39;1;1
-27;-9;40;0;1
-27;-9;42;0;1
-27;-9;48;1;1
-27;-9;49;1;1
-27;-9;54;0;1
-27;-9;55;0;1
-27;-9;57;1;1
-27;-9;59;0;1
-27;-9;60;1;1
-27;-9;61;1;1
-27;-8;12;0;1
-27;-8;15;1;1
-27;-8;18;0;1
-27;-8;21;0;1
-27;-8;23;0;1
-27;-8;25;0;1
-27;-8;26;1;1
-27;-8;33;0;1
-27;-8;35;0;1
-27;-8;37;0;1
-27;-8;39;0;1
-27;-8;40;0;1
-27;-8;41;0;1
-27;-8;44;0;1
-27;-8;49;0;1
-27;-8;50;1;1
-27;-8;52;1;1
-27;-8;59;0;1
-27;-8;62;0;1
-27;-8;64;1;1
-27;-8;65;1;1
-27;-7;9;0;1
-27;-7;19;0;1
-27;-7;21;1;1
-27;-7;23;0;1
-27;-7;26;0;1
-27;-7;28;0;1
-27;-7;29;1;1
-27;-7;31;1;1
-27;-7;33;0;1
-27;-7;34;1;1
-27;-7;39;0;1
-27;-7;43;0;1
-27;-7;44;1;1
-27;-7;49;1;1
-27;-7;50;1;1
-27;-7;59;1;1
-27;-7;60;1;1
-27;-6;16;0;1
-27;-6;19;0;1
-27;-6;21;1;1
-27;-6;24;0;1
-27;-6;25;0;1
-27;-6;29;0;1
-27;-6;30;0;1
-27;-6;31;0;1
-27;-6;33;1;1
-27;-6;38;1;1
-27;-6;40;0;1
-27;-6;41;0;1
-27;-6;44;0;1
-27;-6;45;1;1
-27;-6;48;1;1
-27;-6;53;0;1
-27;-6;56;1;1
-27;-6;57;0;1
-27;-6;62;1;1
-27;-6;65;0;1
-27;-5;10;1;1
-27;-5;13;1;1
-27;-5;15;0;1
-27;-5;20;1;1
-27;-5;21;0;1
-27;-5;23;1;1
-27;-5;24;1;1
-27;-5;25;1;1
-27;-5;27;0;1
-27;-5;28;0;1
-27;-5;32;0;1
-27;-5;33;1;1
-27;-5;38;1;1
-27;-5;40;1;1
-27;-5;43;1;1
-27;-5;51;0;1
-27;-5;53;1;1
-27;-5;60;0;1
-27;-5;61;0;1
-27;-5;65;0;1
-27;-4;9;0;1
-27;-4;12;0;1
-27;-4;16;0;1
-27;-4;19;1;1
-27;-4;25;0;1
-27;-4;26;1;1
-27;-4;30;0;1
-27;-4;32;0;1
-27;-4;33;1;1
-27;-4;37;0;1
-27;-4;44;0;1
-27;-4;45;1;1
-27;-4;46;1;1
-27;-4;50;0;1
-27;-4;51;0;1
-27;-4;57;0;1
-27;-4;61;0;1
-27;-4;63;1;1
-27;-4;65;0;1
-27;-3;8;1;1
-27;-3;12;0;1
-27;-3;13;1;1
-27;-3;15;0;1
-27;-3;20;0;1
-27;-3;21;1;1
-27;-3;22;0;1
-27;-3;24;0;1
-27;-3;25;0;1
-27;-3;27;1;1
-27;-3;28;0;1
-27;-3;31;1;1
-27;-3;35;0;1
-27;-3;37;0;1
-27;-3;39;0;1
-27;-3;40;0;1
-27;-3;42;1;1
-27;-3;51;0;1
-27;-3;54;0;1
-27;-3;57;0;1
-27;-3;58;0;1
-27;-3;59;1;1
-27;-3;61;0;1
-27;-2;10;0;1
-27;-2;12;0;1
-27;-2;13;0;1
-27;-2;14;0;1
-27;-2;15;1;1
-27;-2;17;1;1
-27;-2;19;0;1
-27;-2;22;1;1
-27;-2;30;0;1
-27;-2;32;0;1
-27;-2;33;0;1
-27;-2;37;1;1
-27;-2;38;0;1
-27;-2;41;0;1
-27;-2;45;1;1
-27;-2;46;0;1
-27;-2;53;0;1
-27;-2;54;0;1
-27;-2;55;0;1
-27;-2;58;0;1
-27;-2;59;0;1
-27;-2;60;0;1
-27;-2;61;0;1
-27;-2;63;1;1
-27;-2;65;0;1
-27;-1;9;0;1
-27;-1;10;0;1
-27;-1;11;1;1
-27;-1;13;0;1
-27;-1;15;0;1
-27;-1;20;0;1
-27;-1;21;0;1
-27;-1;25;0;1
-27;-1;26;0;1
-27;-1;27;1;1
-27;-1;32;0;1
-27;-1;33;0;1
-27;-1;35;0;1
-27;-1;36;0;1
-27;-1;38;1;1
-27;-1;40;0;1
-27;-1;42;0;1
-27;-1;46;1;1
-27;-1;49;0;1
-27;-1;53;0;1
-27;-1;58;0;1
-27;-1;60;0;1
-27;-1;64;0;1
-27;-1;65;0;1
-27;0;8;0;1
-27;0;10;0;1
-27;0;13;1;1
-27;0;18;0;1
-27;0;21;0;1
-27;0;28;1;1
-27;0;29;1;1
-27;0;30;0;1
-27;0;33;0;1
-27;0;34;1;1
-27;0;37;0;1
-27;0;38;1;1
-27;0;39;0;1
-27;0;44;1;1
-27;0;47;1;1
-27;0;49;1;1
-27;0;52;0;1
-27;0;55;0;1
-27;0;59;0;1
-27;0;60;1;1
-27;0;61;0;1
-27;0;63;1;1
-27;0;64;0;1
-27;0;65;1;1
-27;1;11;0;1
-27;1;13;0;1
-27;1;22;0;1
-27;1;26;0;1
-27;1;28;0;1
-27;1;29;1;1
-27;1;30;0;1
-27;1;32;0;1
-27;1;33;0;1
-27;1;35;1;1
-27;1;37;0;1
-27;1;38;1;1
-27;1;44;1;1
-27;1;45;0;1
-27;1;47;1;1
-27;1;50;0;1
-27;1;55;1;1
-27;1;56;1;1
-27;1;59;0;1
-27;1;60;0;1
-27;1;61;0;1
-27;1;64;1;1
-27;1;65;0;1
-27;2;10;0;1
-27;2;13;0;1
-27;2;15;1;1
-27;2;18;1;1
-27;2;20;1;1
-27;2;26;0;1
-27;2;32;0;1
-27;2;35;0;1
-27;2;36;1;1
-27;2;39;0;1
-27;2;41;0;1
-27;2;43;0;1
-27;2;44;0;1
-27;2;49;1;1
-27;2;50;1;1
-27;2;52;0;1
-27;2;55;0;1
-27;2;57;0;1
-27;3;10;0;1
-27;3;14;1;1
-27;3;18;1;1
-27;3;20;0;1
-27;3;21;1;1
-27;3;27;0;1
-27;3;31;1;1
-27;3;32;0;1
-27;3;35;0;1
-27;3;36;0;1
-27;3;38;0;1
-27;3;42;0;1
-27;3;43;1;1
-27;3;55;1;1
-27;3;56;0;1
-27;3;58;0;1
-27;3;59;1;1
-27;3;60;0;1
-27;3;63;0;1
-27;4;8;0;1
-27;4;9;0;1
-27;4;16;0;1
-27;4;17;0;1
-27;4;18;0;1
-27;4;19;1;1
-27;4;20;1;1
-27;4;25;0;1
-27;4;28;0;1
-27;4;29;1;1
-27;4;31;1;1
-27;4;33;0;1
-27;4;35;0;1
-27;4;37;0;1
-27;4;38;1;1
-27;4;46;0;1
-27;4;47;0;1
-27;4;48;0;1
-27;4;49;0;1
-27;4;53;0;1
-27;4;55;0;1
-27;4;60;1;1
-27;5;8;0;1
-27;5;11;0;1
-27;5;20;0;1
-27;5;23;0;1
-27;5;24;1;1
-27;5;25;0;1
-27;5;30;0;1
-27;5;32;0;1
-27;5;33;1;1
-27;5;40;1;1
-27;5;42;1;1
-27;5;50;0;1
-27;5;51;0;1
-27;5;55;0;1
-27;5;61;0;1
-27;6;8;0;1
-27;6;10;1;1
-27;6;11;1;1
-27;6;16;0;1
-27;6;18;1;1
-27;6;21;0;1
-27;6;22;0;1
-27;6;23;1;1
-27;6;27;0;1
-27;6;34;0;1
-27;6;36;0;1
-27;6;37;1;1
-27;6;41;0;1
-27;6;47;0;1
-27;6;48;0;1
-27;6;49;1;1
-27;6;50;0;1
-27;6;52;1;1
-27;6;53;1;1
-27;6;54;0;1
-27;6;57;0;1
-27;6;58;1;1
-27;6;60;0;1
-27;6;61;0;1
-27;6;62;0;1
-27;6;64;0;1
-27;7;8;0;1
-27;7;16;0;1
-27;7;18;1;1
-27;7;21;0;1
-27;7;23;0;1
-27;7;25;0;1
-27;7;26;0;1
-27;7;28;1;1
-27;7;29;1;1
-27;7;32;0;1
-27;7;35;1;1
-27;7;37;0;1
-27;7;43;1;1
-27;7;44;0;1
-27;7;45;1;1
-27;7;47;1;1
-27;7;50;1;1
-27;7;56;0;1
-27;7;63;0;1
-27;7;65;0;1
-27;8;9;0;1
-27;8;10;0;1
-27;8;14;1;1
-27;8;25;0;1
-27;8;31;0;1
-27;8;35;0;1
-27;8;36;0;1
-27;8;37;1;1
-27;8;41;0;1
-27;8;44;0;1
-27;8;49;1;1
-27;8;51;0;1
-27;8;52;1;1
-27;8;57;0;1
-27;8;58;1;1
-27;8;59;0;1
-27;8;61;1;1
-27;8;64;1;1
-27;8;65;1;1
-27;9;9;1;1
-27;9;11;0;1
-27;9;12;1;1
-27;9;16;0;1
-27;9;18;1;1
-27;9;20;0;1
-27;9;30;0;1
-27;9;31;0;1
-27;9;32;0;1
-27;9;33;0;1
-27;9;35;1;1
-27;9;37;0;1
-27;9;39;0;1
-27;9;40;1;1
-27;9;41;0;1
-27;9;42;1;1
-27;9;44;0;1
-27;9;48;0;1
-27;9;51;1;1
-27;9;52;0;1
-27;9;53;1;1
-27;9;56;1;1
-27;9;61;1;1
-27;9;62;0;1
-27;9;64;0;1
-27;9;65;1;1
-27;10;9;0;1
-27;10;10;0;1
-27;10;12;0;1
-27;10;18;1;1
-27;10;20;1;1
-27;10;21;1;1
-27;10;22;0;1
-27;10;23;0;1
-27;10;24;1;1
-27;10;26;0;1
-27;10;27;1;1
-27;10;34;1;1
-27;10;36;1;1
-27;10;39;0;1
-27;10;41;0;1
-27;10;43;1;1
-27;10;45;1;1
-27;10;48;0;1
-27;10;49;1;1
-27;10;51;0;1
-27;10;57;0;1
-27;10;60;0;1
-27;10;61;1;1
-27;11;8;0;1
-27;11;9;1;1
-27;11;19;1;1
-27;11;21;1;1
-27;11;30;1;1
-27;11;32;0;1
-27;11;33;0;1
-27;11;34;0;1
-27;11;36;1;1
-27;11;46;0;1
-27;11;48;0;1
-27;11;50;0;1
-27;11;51;0;1
-27;11;52;0;1
-27;11;56;1;1
-27;11;57;1;1
-27;11;58;0;1
-27;11;59;0;1
-27;11;60;0;1
-27;11;61;0;1
-27;11;62;1;1
-27;11;64;0;1
-27;12;9;1;1
-27;12;13;0;1
-27;12;14;1;1
-27;12;16;0;1
-27;12;20;0;1
-27;12;23;1;1
-27;12;24;0;1
-27;12;25;0;1
-27;12;26;1;1
-27;12;29;0;1
-27;12;30;1;1
-27;12;32;0;1
-27;12;36;1;1
-27;12;37;0;1
-27;12;38;1;1
-27;12;39;1;1
-27;12;41;0;1
-27;12;43;1;1
-27;12;50;0;1
-27;12;52;0;1
-27;12;56;0;1
-27;12;57;0;1
-27;12;58;1;1
-27;12;59;1;1
-27;12;63;1;1
-27;12;64;0;1
-27;13;9;1;1
-27;13;10;0;1
-27;13;12;0;1
-27;13;14;0;1
-27;13;15;1;1
-27;13;16;1;1
-27;13;19;1;1
-27;13;23;0;1
-27;13;25;1;1
-27;13;31;1;1
-27;13;33;1;1
-27;13;36;0;1
-27;13;40;1;1
-27;13;43;0;1
-27;13;45;1;1
-27;13;48;0;1
-27;13;50;0;1
-27;13;51;0;1
-27;13;55;0;1
-27;13;57;0;1
-27;13;58;0;1
-27;13;59;0;1
-27;14;9;0;1
-27;14;10;0;1
-27;14;13;0;1
-27;14;14;0;1
-27;14;15;0;1
-27;14;24;0;1
-27;14;28;0;1
-27;14;38;0;1
-27;14;41;0;1
-27;14;44;0;1
-27;14;48;0;1
-27;14;53;0;1
-27;14;56;0;1
-27;14;57;1;1
-27;14;60;1;1
-27;14;62;1;1
-27;14;64;0;1
-27;15;9;0;1
-27;15;11;1;1
-27;15;12;1;1
-27;15;14;0;1
-27;15;21;0;1
-27;15;24;0;1
-27;15;25;0;1
-27;15;28;1;1
-27;15;29;1;1
-27;15;31;0;1
-27;15;32;0;1
-27;15;35;1;1
-27;15;36;1;1
-27;15;37;0;1
-27;15;42;1;1
-27;15;45;0;1
-27;15;47;1;1
-27;15;50;0;1
-27;15;53;1;1
-27;15;57;0;1
-27;15;58;0;1
-27;16;12;0;1
-27;16;16;0;1
-27;16;18;1;1
-27;16;19;1;1
-27;16;22;1;1
-27;16;24;1;1
-27;16;27;0;1
-27;16;28;0;1
-27;16;30;0;1
-27;16;31;0;1
-27;16;33;0;1
-27;16;35;0;1
-27;16;38;0;1
-27;16;39;0;1
-27;16;41;1;1
-27;16;42;1;1
-27;16;45;1;1
-27;16;48;0;1
-27;16;49;0;1
-27;16;55;0;1
-27;16;56;0;1
-27;16;57;0;1
-27;16;61;0;1
-27;17;13;0;1
-27;17;14;0;1
-27;17;15;0;1
-27;17;23;0;1
-27;17;25;1;1
-27;17;26;1;1
-27;17;32;0;1
-27;17;34;0;1
-27;17;37;1;1
-27;17;39;1;1
-27;17;41;0;1
-27;17;42;1;1
-27;17;43;0;1
-27;17;45;0;1
-27;17;47;1;1
-27;17;52;1;1
-27;17;54;1;1
-27;17;56;0;1
-27;17;59;0;1
-27;17;61;1;1
-27;17;62;0;1
-27;17;63;1;1
-27;18;9;0;1
-27;18;10;0;1
-27;18;12;1;1
-27;18;16;0;1
-27;18;17;1;1
-27;18;19;0;1
-27;18;21;1;1
-27;18;26;0;1
-27;18;27;0;1
-27;18;28;1;1
-27;18;29;0;1
-27;18;34;0;1
-27;18;36;0;1
-27;18;37;1;1
-27;18;40;0;1
-27;18;43;1;1
-27;18;44;0;1
-27;18;45;1;1
-27;18;48;0;1
-27;18;53;1;1
-27;18;56;1;1
-27;18;62;0;1
-27;18;63;0;1
-27;19;9;0;1
-27;19;12;0;1
-27;19;13;0;1
-27;19;15;1;1
-27;19;16;0;1
-27;19;20;1;1
-27;19;23;0;1
-27;19;24;0;1
-27;19;28;0;1
-27;19;34;0;1
-27;19;35;1;1
-27;19;37;0;1
-27;19;41;0;1
-27;19;42;1;1
-27;19;46;0;1
-27;19;47;0;1
-27;19;48;0;1
-27;19;49;0;1
-27;19;52;0;1
-27;19;54;1;1
-27;19;56;0;1
-27;19;59;0;1
-27;20;10;1;1
-27;20;11;1;1
-27;20;12;0;1
-27;20;13;1;1
-27;20;16;1;1
-27;20;21;0;1
-27;20;25;1;1
-27;20;27;1;1
-27;20;33;1;1
-27;20;34;0;1
-27;20;35;0;1
-27;20;38;0;1
-27;20;39;1;1
-27;20;40;0;1
-27;20;43;0;1
-27;20;45;0;1
-27;20;48;0;1
-27;20;51;0;1
-27;20;53;1;1
-27;20;54;0;1
-27;20;55;1;1
-27;20;58;1;1
-27;20;59;1;1
-27;20;62;1;1
-27;21;10;1;1
-27;21;14;0;1
-27;21;16;1;1
-27;21;19;0;1
-27;21;21;0;1
-27;21;22;0;1
-27;21;28;1;1
-27;21;29;0;1
-27;21;30;0;1
-27;21;33;0;1
-27;21;34;1;1
-27;21;36;0;1
-27;21;37;0;1
-27;21;39;1;1
-27;21;48;0;1
-27;21;54;0;1
-27;21;57;0;1
-27;21;58;0;1
-27;21;59;1;1
-27;22;10;0;1
-27;22;13;0;1
-27;22;14;1;1
-27;22;16;0;1
-27;22;18;0;1
-27;22;20;0;1
-27;22;23;0;1
-27;22;26;1;1
-27;22;29;1;1
-27;22;33;0;1
-27;22;34;0;1
-27;22;35;0;1
-27;22;39;0;1
-27;22;40;1;1
-27;22;42;1;1
-27;22;43;0;1
-27;22;44;1;1
-27;22;45;0;1
-27;22;53;1;1
-27;22;54;0;1
-27;22;56;1;1
-27;22;57;0;1
-27;23;10;0;1
-27;23;12;1;1
-27;23;18;0;1
-27;23;19;0;1
-27;23;20;0;1
-27;23;26;0;1
-27;23;27;0;1
-27;23;30;0;1
-27;23;31;1;1
-27;23;32;1;1
-27;23;34;0;1
-27;23;35;0;1
-27;23;40;0;1
-27;23;45;1;1
-27;23;46;0;1
-27;23;47;0;1
-27;23;48;0;1
-27;23;51;0;1
-27;23;52;0;1
-27;23;53;0;1
-27;23;56;1;1
-27;23;57;1;1
-27;23;58;0;1
-27;23;61;0;1
-27;24;13;1;1
-27;24;14;0;1
-27;24;16;0;1
-27;24;17;0;1
-27;24;22;0;1
-27;24;23;1;1
-27;24;25;0;1
-27;24;26;0;1
-27;24;29;0;1
-27;24;32;0;1
-27;24;35;0;1
-27;24;36;1;1
-27;24;39;1;1
-27;24;44;0;1
-27;24;45;0;1
-27;24;46;0;1
-27;24;47;0;1
-27;24;48;1;1
-27;24;52;0;1
-27;24;53;0;1
-27;24;54;1;1
-27;24;55;1;1
-27;24;60;0;1
-27;24;61;0;1
-27;25;11;0;1
-27;25;17;0;1
-27;25;21;1;1
-27;25;22;0;1
-27;25;26;0;1
-27;25;28;1;1
-27;25;32;1;1
-27;25;33;0;1
-27;25;34;1;1
-27;25;37;1;1
-27;25;41;0;1
-27;25;44;0;1
-27;25;48;0;1
-27;25;49;0;1
-27;25;50;0;1
-27;25;53;0;1
-27;25;54;0;1
-27;25;59;1;1
-27;25;60;0;1
-27;26;12;1;1
-27;26;13;0;1
-27;26;18;0;1
-27;26;25;0;1
-27;26;26;0;1
-27;26;32;0;1
-27;26;33;0;1
-27;26;34;0;1
-27;26;35;0;1
-27;26;39;0;1
-27;26;43;0;1
-27;26;44;0;1
-27;26;47;1;1
-27;26;48;1;1
-27;26;49;1;1
-27;26;51;1;1
-27;26;52;0;1
-27;26;53;1;1
-27;26;55;1;1
-27;26;60;1;1
-27;27;12;0;1
-27;27;16;0;1
-27;27;26;0;1
-27;27;29;1;1
-27;27;31;0;1
-27;27;32;1;1
-27;27;34;0;1
-27;27;38;1;1
-27;27;41;1;1
-27;27;42;1;1
-27;27;43;0;1
-27;27;44;0;1
-27;27;46;0;1
-27;27;48;0;1
-27;27;50;0;1
-27;27;52;1;1
-27;27;59;0;1
-27;28;13;0;1
-27;28;18;0;1
-27;28;19;1;1
-27;28;20;0;1
-27;28;21;1;1
-27;28;22;0;1
-27;28;23;0;1
-27;28;25;0;1
-27;28;26;0;1
-27;28;29;0;1
-27;28;30;0;1
-27;28;31;0;1
-27;28;33;0;1
-27;28;34;0;1
-27;28;35;1;1
-27;28;37;0;1
-27;28;38;1;1
-27;28;39;0;1
-27;28;40;0;1
-27;28;42;0;1
-27;28;48;1;1
-27;28;49;0;1
-27;28;54;0;1
-27;28;55;0;1
-27;28;56;0;1
-27;28;57;1;1
-27;29;12;0;1
-27;29;13;0;1
-27;29;14;0;1
-27;29;18;0;1
-27;29;22;1;1
-27;29;24;0;1
-27;29;25;0;1
-27;29;34;0;1
-27;29;35;0;1
-27;29;43;1;1
-27;29;48;1;1
-27;29;50;0;1
-27;29;54;0;1
-27;29;55;0;1
-27;29;57;0;1
-27;30;11;1;1
-27;30;13;0;1
-27;30;16;0;1
-27;30;17;0;1
-27;30;19;0;1
-27;30;25;0;1
-27;30;30;1;1
-27;30;32;1;1
-27;30;35;1;1
-27;30;40;1;1
-27;30;50;0;1
-27;30;51;0;1
-27;30;52;1;1
-27;30;53;0;1
-27;30;55;1;1
-27;30;56;0;1
-27;30;58;0;1
-27;31;14;0;1
-27;31;16;0;1
-27;31;17;0;1
-27;31;20;0;1
-27;31;22;1;1
-27;31;23;1;1
-27;31;24;1;1
-27;31;27;1;1
-27;31;28;0;1
-27;31;30;0;1
-27;31;31;0;1
-27;31;41;0;1
-27;31;47;0;1
-27;31;51;0;1
-27;31;52;0;1
-27;31;54;0;1
-27;31;56;0;1
-27;32;14;0;1
-27;32;15;0;1
-27;32;16;0;1
-27;32;23;0;1
-27;32;30;1;1
-27;32;31;1;1
-27;32;34;1;1
-27;32;40;1;1
-27;32;47;1;1
-27;32;57;0;1
-27;33;16;0;1
-27;33;17;1;1
-27;33;19;1;1
-27;33;26;0;1
-27;33;29;0;1
-27;33;30;0;1
-27;33;33;1;1
-27;33;34;0;1
-27;33;40;0;1
-27;33;44;1;1
-27;33;45;0;1
-27;33;47;0;1
-27;33;48;1;1
-27;33;49;1;1
-27;33;51;0;1
-27;34;14;0;1
-27;34;16;0;1
-27;34;17;1;1
-27;34;19;0;1
-27;34;20;1;1
-27;34;22;0;1
-27;34;24;1;1
-27;34;25;0;1
-27;34;27;1;1
-27;34;29;0;1
-27;34;31;1;1
-27;34;32;1;1
-27;34;34;1;1
-27;34;38;1;1
-27;34;39;0;1
-27;34;42;1;1
-27;34;44;1;1
-27;34;48;0;1
-27;34;49;0;1
-27;34;50;0;1
-27;34;51;0;1
-27;34;53;0;1
-27;34;56;0;1
-27;35;13;1;1
-27;35;19;1;1
-27;35;21;0;1
-27;35;22;0;1
-27;35;24;1;1
-27;35;25;0;1
-27;35;28;0;1
-27;35;32;0;1
-27;35;33;1;1
-27;35;39;1;1
-27;35;44;0;1
-27;35;46;0;1
-27;35;50;0;1
-27;35;51;0;1
-27;35;52;0;1
-27;35;53;1;1
-27;35;54;1;1
-27;36;13;0;1
-27;36;18;0;1
-27;36;19;0;1
-27;36;21;0;1
-27;36;25;1;1
-27;36;30;1;1
-27;36;35;0;1
-27;36;38;0;1
-27;36;39;0;1
-27;36;40;1;1
-27;36;43;0;1
-27;36;45;1;1
-27;36;48;0;1
-27;36;49;0;1
-27;36;51;1;1
-27;37;14;0;1
-27;37;15;0;1
-27;37;20;1;1
-27;37;21;0;1
-27;37;23;0;1
-27;37;25;1;1
-27;37;26;0;1
-27;37;38;0;1
-27;37;39;1;1
-27;37;42;0;1
-27;37;43;1;1
-27;37;44;0;1
-27;37;47;1;1
-27;37;49;0;1
-27;37;50;1;1
-27;37;53;0;1
-27;38;13;0;1
-27;38;14;1;1
-27;38;15;0;1
-27;38;17;0;1
-27;38;19;0;1
-27;38;20;0;1
-27;38;26;1;1
-27;38;32;0;1
-27;38;33;0;1
-27;38;36;1;1
-27;38;37;0;1
-27;38;38;0;1
-27;38;39;0;1
-27;38;41;1;1
-27;38;44;1;1
-27;38;45;0;1
-27;38;48;1;1
-27;38;52;0;1
-27;39;14;0;1
-27;39;16;0;1
-27;39;19;0;1
-27;39;23;0;1
-27;39;25;1;1
-27;39;27;1;1
-27;39;29;1;1
-27;39;33;0;1
-27;39;36;0;1
-27;39;37;1;1
-27;39;38;1;1
-27;39;40;0;1
-27;39;43;0;1
-27;39;44;0;1
-27;39;47;0;1
-27;39;49;0;1
-27;39;51;0;1
-27;39;52;0;1
-27;40;14;1;1
-27;40;16;0;1
-27;40;21;0;1
-27;40;29;1;1
-27;40;30;0;1
-27;40;32;0;1
-27;40;35;1;1
-27;40;42;0;1
-27;41;15;0;1
-27;41;16;0;1
-27;41;18;1;1
-27;41;19;0;1
-27;41;20;0;1
-27;41;25;0;1
-27;41;27;0;1
-27;41;29;0;1
-27;41;32;0;1
-27;41;47;1;1
-27;41;48;1;1
-27;41;49;1;1
-27;41;50;0;1
-27;41;51;0;1
-27;42;14;1;1
-27;42;17;1;1
-27;42;18;0;1
-27;42;22;1;1
-27;42;25;0;1
-27;42;27;0;1
-27;42;28;0;1
-27;42;30;1;1
-27;42;31;0;1
-27;42;34;0;1
-27;42;35;0;1
-27;42;37;0;1
-27;42;40;0;1
-27;42;46;0;1
-27;42;48;0;1
-27;42;49;0;1
-27;43;17;1;1
-27;43;18;1;1
-27;43;19;0;1
-27;43;20;0;1
-27;43;21;0;1
-27;43;22;1;1
-27;43;24;0;1
-27;43;25;0;1
-27;43;29;0;1
-27;43;30;0;1
-27;43;32;0;1
-27;43;34;0;1
-27;43;36;1;1
-27;43;37;0;1
-27;43;39;0;1
-27;43;42;0;1
-27;43;43;0;1
-27;43;45;1;1
-27;43;46;0;1
-27;43;48;1;1
-27;44;15;0;1
-27;44;17;0;1
-27;44;18;1;1
-27;44;20;0;1
-27;44;26;0;1
-27;44;27;0;1
-27;44;29;0;1
-27;44;33;0;1
-27;44;35;1;1
-27;44;37;0;1
-27;44;40;0;1
-27;45;15;0;1
-27;45;16;0;1
-27;45;19;0;1
-27;45;27;1;1
-27;45;28;0;1
-27;45;29;1;1
-27;45;30;1;1
-27;45;31;0;1
-27;45;32;1;1
-27;45;38;0;1
-27;45;39;0;1
-27;45;40;0;1
-27;45;43;0;1
-27;45;44;0;1
-27;46;19;1;1
-27;46;21;0;1
-27;46;24;1;1
-27;46;27;1;1
-27;46;29;0;1
-27;46;31;0;1
-27;46;33;1;1
-27;46;38;0;1
-27;46;40;0;1
-27;46;41;1;1
-27;46;42;0;1
-27;46;45;1;1
-26;-45;14;1;1
-26;-45;15;0;1
-26;-45;17;0;1
-26;-45;18;1;1
-26;-45;19;0;1
-26;-45;20;0;1
-26;-45;22;0;1
-26;-45;24;0;1
-26;-45;25;0;1
-26;-45;32;0;1
-26;-45;33;0;1
-26;-45;35;1;1
-26;-45;36;0;1
-26;-45;37;0;1
-26;-45;39;1;1
-26;-45;44;1;1
-26;-45;45;1;1
-26;-45;47;1;1
-26;-44;17;1;1
-26;-44;25;1;1
-26;-44;28;1;1
-26;-44;30;1;1
-26;-44;31;0;1
-26;-44;34;1;1
-26;-44;35;1;1
-26;-44;40;1;1
-26;-44;45;1;1
-26;-44;48;1;1
-26;-43;14;1;1
-26;-43;18;1;1
-26;-43;20;1;1
-26;-43;23;0;1
-26;-43;24;0;1
-26;-43;25;1;1
-26;-43;26;0;1
-26;-43;29;1;1
-26;-43;30;0;1
-26;-43;31;1;1
-26;-43;32;0;1
-26;-43;33;1;1
-26;-43;34;0;1
-26;-43;37;0;1
-26;-43;39;0;1
-26;-43;44;0;1
-26;-43;45;0;1
-26;-43;49;0;1
-26;-42;14;0;1
-26;-42;15;0;1
-26;-42;17;0;1
-26;-42;19;0;1
-26;-42;23;1;1
-26;-42;25;0;1
-26;-42;29;1;1
-26;-42;32;1;1
-26;-42;35;1;1
-26;-42;36;0;1
-26;-42;38;1;1
-26;-42;40;0;1
-26;-42;43;1;1
-26;-42;45;1;1
-26;-42;46;1;1
-26;-42;47;1;1
-26;-42;48;1;1
-26;-42;49;0;1
-26;-41;14;0;1
-26;-41;19;1;1
-26;-41;23;0;1
-26;-41;26;0;1
-26;-41;29;0;1
-26;-41;32;0;1
-26;-41;33;1;1
-26;-41;38;1;1
-26;-41;44;1;1
-26;-41;46;0;1
-26;-40;16;0;1
-26;-40;17;1;1
-26;-40;18;0;1
-26;-40;23;0;1
-26;-40;25;0;1
-26;-40;26;0;1
-26;-40;30;1;1
-26;-40;32;0;1
-26;-40;35;0;1
-26;-40;40;0;1
-26;-40;41;0;1
-26;-40;45;0;1
-26;-40;46;0;1
-26;-40;48;1;1
-26;-40;50;0;1
-26;-40;52;0;1
-26;-39;19;0;1
-26;-39;27;0;1
-26;-39;28;1;1
-26;-39;31;1;1
-26;-39;32;0;1
-26;-39;33;0;1
-26;-39;36;1;1
-26;-39;41;0;1
-26;-39;42;0;1
-26;-39;43;1;1
-26;-39;44;0;1
-26;-39;47;1;1
-26;-39;49;1;1
-26;-39;50;1;1
-26;-39;51;0;1
-26;-39;52;0;1
-26;-38;13;0;1
-26;-38;14;1;1
-26;-38;17;1;1
-26;-38;18;0;1
-26;-38;19;0;1
-26;-38;23;0;1
-26;-38;25;1;1
-26;-38;26;0;1
-26;-38;28;0;1
-26;-38;30;0;1
-26;-38;33;0;1
-26;-38;40;1;1
-26;-38;41;0;1
-26;-38;44;0;1
-26;-38;45;1;1
-26;-38;46;0;1
-26;-37;14;0;1
-26;-37;15;0;1
-26;-37;16;0;1
-26;-37;22;0;1
-26;-37;23;0;1
-26;-37;24;0;1
-26;-37;26;0;1
-26;-37;27;1;1
-26;-37;29;1;1
-26;-37;31;0;1
-26;-37;32;1;1
-26;-37;34;0;1
-26;-37;35;0;1
-26;-37;37;1;1
-26;-37;38;0;1
-26;-37;40;0;1
-26;-37;42;0;1
-26;-37;48;0;1
-26;-37;50;1;1
-26;-37;52;0;1
-26;-37;53;1;1
-26;-36;12;1;1
-26;-36;16;0;1
-26;-36;18;1;1
-26;-36;19;1;1
-26;-36;20;0;1
-26;-36;26;1;1
-26;-36;28;1;1
-26;-36;31;0;1
-26;-36;34;0;1
-26;-36;37;0;1
-26;-36;41;0;1
-26;-36;43;0;1
-26;-36;44;1;1
-26;-36;45;1;1
-26;-36;47;0;1
-26;-36;51;1;1
-26;-36;53;1;1
-26;-35;13;0;1
-26;-35;16;0;1
-26;-35;17;0;1
-26;-35;18;1;1
-26;-35;19;1;1
-26;-35;22;1;1
-26;-35;24;0;1
-26;-35;27;0;1
-26;-35;28;0;1
-26;-35;31;0;1
-26;-35;33;0;1
-26;-35;40;1;1
-26;-35;46;1;1
-26;-35;47;0;1
-26;-35;48;0;1
-26;-35;51;0;1
-26;-35;52;0;1
-26;-35;54;0;1
-26;-35;56;0;1
-26;-34;16;1;1
-26;-34;17;0;1
-26;-34;18;0;1
-26;-34;19;1;1
-26;-34;20;1;1
-26;-34;21;0;1
-26;-34;22;0;1
-26;-34;23;0;1
-26;-34;28;1;1
-26;-34;31;0;1
-26;-34;32;0;1
-26;-34;33;1;1
-26;-34;34;1;1
-26;-34;36;0;1
-26;-34;37;1;1
-26;-34;38;1;1
-26;-34;40;1;1
-26;-34;41;0;1
-26;-34;45;0;1
-26;-34;46;0;1
-26;-34;53;1;1
-26;-33;12;0;1
-26;-33;19;0;1
-26;-33;24;1;1
-26;-33;27;1;1
-26;-33;29;0;1
-26;-33;30;1;1
-26;-33;33;0;1
-26;-33;34;0;1
-26;-33;37;0;1
-26;-33;41;1;1
-26;-33;44;0;1
-26;-33;45;0;1
-26;-33;47;1;1
-26;-33;49;1;1
-26;-33;50;1;1
-26;-33;51;1;1
-26;-32;13;0;1
-26;-32;16;0;1
-26;-32;18;1;1
-26;-32;25;0;1
-26;-32;26;0;1
-26;-32;27;1;1
-26;-32;29;1;1
-26;-32;30;1;1
-26;-32;31;0;1
-26;-32;32;1;1
-26;-32;33;0;1
-26;-32;39;1;1
-26;-32;46;0;1
-26;-32;47;1;1
-26;-32;49;1;1
-26;-32;50;0;1
-26;-31;12;0;1
-26;-31;14;0;1
-26;-31;17;0;1
-26;-31;18;0;1
-26;-31;19;0;1
-26;-31;20;0;1
-26;-31;21;1;1
-26;-31;34;0;1
-26;-31;36;1;1
-26;-31;39;0;1
-26;-31;43;0;1
-26;-31;44;0;1
-26;-31;45;0;1
-26;-31;46;0;1
-26;-31;49;1;1
-26;-31;58;0;1
-26;-30;12;0;1
-26;-30;19;0;1
-26;-30;20;0;1
-26;-30;22;0;1
-26;-30;23;0;1
-26;-30;27;0;1
-26;-30;30;0;1
-26;-30;35;0;1
-26;-30;36;1;1
-26;-30;38;0;1
-26;-30;39;0;1
-26;-30;40;0;1
-26;-30;48;1;1
-26;-30;49;0;1
-26;-30;51;1;1
-26;-30;52;0;1
-26;-30;53;0;1
-26;-30;55;1;1
-26;-30;58;1;1
-26;-29;12;0;1
-26;-29;13;1;1
-26;-29;23;1;1
-26;-29;30;1;1
-26;-29;34;0;1
-26;-29;35;1;1
-26;-29;38;0;1
-26;-29;42;0;1
-26;-29;43;0;1
-26;-29;50;0;1
-26;-29;51;0;1
-26;-29;52;1;1
-26;-29;53;0;1
-26;-29;55;1;1
-26;-29;58;0;1
-26;-29;59;0;1
-26;-28;12;0;1
-26;-28;14;0;1
-26;-28;21;0;1
-26;-28;22;0;1
-26;-28;24;0;1
-26;-28;26;1;1
-26;-28;27;1;1
-26;-28;28;1;1
-26;-28;29;1;1
-26;-28;38;0;1
-26;-28;39;0;1
-26;-28;42;0;1
-26;-28;43;1;1
-26;-28;46;1;1
-26;-28;50;0;1
-26;-28;51;0;1
-26;-27;12;1;1
-26;-27;14;1;1
-26;-27;15;1;1
-26;-27;19;1;1
-26;-27;20;0;1
-26;-27;23;0;1
-26;-27;25;1;1
-26;-27;27;0;1
-26;-27;30;0;1
-26;-27;33;0;1
-26;-27;35;0;1
-26;-27;38;0;1
-26;-27;39;0;1
-26;-27;41;1;1
-26;-27;44;0;1
-26;-27;45;1;1
-26;-27;48;0;1
-26;-27;51;0;1
-26;-27;53;0;1
-26;-27;55;1;1
-26;-27;57;1;1
-26;-26;13;0;1
-26;-26;14;0;1
-26;-26;15;1;1
-26;-26;19;0;1
-26;-26;23;0;1
-26;-26;25;0;1
-26;-26;29;0;1
-26;-26;30;1;1
-26;-26;33;0;1
-26;-26;34;1;1
-26;-26;36;0;1
-26;-26;38;0;1
-26;-26;40;1;1
-26;-26;46;0;1
-26;-26;47;0;1
-26;-26;48;0;1
-26;-26;49;0;1
-26;-26;51;0;1
-26;-26;52;1;1
-26;-26;54;0;1
-26;-26;55;0;1
-26;-26;56;0;1
-26;-26;57;0;1
-26;-26;58;0;1
-26;-26;59;1;1
-26;-25;12;0;1
-26;-25;16;0;1
-26;-25;20;0;1
-26;-25;21;0;1
-26;-25;22;1;1
-26;-25;23;0;1
-26;-25;26;0;1
-26;-25;28;0;1
-26;-25;29;0;1
-26;-25;30;0;1
-26;-25;31;0;1
-26;-25;34;0;1
-26;-25;39;0;1
-26;-25;45;1;1
-26;-25;46;0;1
-26;-25;49;1;1
-26;-25;50;0;1
-26;-25;51;1;1
-26;-25;59;0;1
-26;-24;10;0;1
-26;-24;11;0;1
-26;-24;12;0;1
-26;-24;13;0;1
-26;-24;14;0;1
-26;-24;16;0;1
-26;-24;20;0;1
-26;-24;21;0;1
-26;-24;22;0;1
-26;-24;23;1;1
-26;-24;24;1;1
-26;-24;27;0;1
-26;-24;31;0;1
-26;-24;34;1;1
-26;-24;35;0;1
-26;-24;37;0;1
-26;-24;38;1;1
-26;-24;40;0;1
-26;-24;47;0;1
-26;-24;48;0;1
-26;-24;49;0;1
-26;-24;51;0;1
-26;-24;55;1;1
-26;-24;56;0;1
-26;-24;57;0;1
-26;-24;58;0;1
-26;-24;61;0;1
-26;-23;12;0;1
-26;-23;13;1;1
-26;-23;17;0;1
-26;-23;20;0;1
-26;-23;22;0;1
-26;-23;23;1;1
-26;-23;26;1;1
-26;-23;27;0;1
-26;-23;28;1;1
-26;-23;29;0;1
-26;-23;32;0;1
-26;-23;34;0;1
-26;-23;35;1;1
-26;-23;36;0;1
-26;-23;39;0;1
-26;-23;40;0;1
-26;-23;41;0;1
-26;-23;43;1;1
-26;-23;44;1;1
-26;-23;45;0;1
-26;-23;46;0;1
-26;-23;47;0;1
-26;-23;48;0;1
-26;-23;49;1;1
-26;-23;52;0;1
-26;-23;53;0;1
-26;-23;55;0;1
-26;-23;57;1;1
-26;-23;58;1;1
-26;-23;61;1;1
-26;-22;14;1;1
-26;-22;15;1;1
-26;-22;17;0;1
-26;-22;18;0;1
-26;-22;20;1;1
-26;-22;21;1;1
-26;-22;23;0;1
-26;-22;24;0;1
-26;-22;25;0;1
-26;-22;27;0;1
-26;-22;29;0;1
-26;-22;32;1;1
-26;-22;36;1;1
-26;-22;37;0;1
-26;-22;39;0;1
-26;-22;44;1;1
-26;-22;46;0;1
-26;-22;47;0;1
-26;-22;48;1;1
-26;-22;50;1;1
-26;-22;51;1;1
-26;-22;52;0;1
-26;-22;53;1;1
-26;-22;57;0;1
-26;-22;58;0;1
-26;-22;61;0;1
-26;-22;62;1;1
-26;-21;10;1;1
-26;-21;13;1;1
-26;-21;17;1;1
-26;-21;18;1;1
-26;-21;20;0;1
-26;-21;26;1;1
-26;-21;28;0;1
-26;-21;29;0;1
-26;-21;30;0;1
-26;-21;31;0;1
-26;-21;36;1;1
-26;-21;37;0;1
-26;-21;40;0;1
-26;-21;42;1;1
-26;-21;44;0;1
-26;-21;45;1;1
-26;-21;49;1;1
-26;-21;51;0;1
-26;-21;55;1;1
-26;-21;59;0;1
-26;-21;60;0;1
-26;-21;61;0;1
-26;-21;62;0;1
-26;-20;11;0;1
-26;-20;18;1;1
-26;-20;21;1;1
-26;-20;22;0;1
-26;-20;23;0;1
-26;-20;24;0;1
-26;-20;25;0;1
-26;-20;28;0;1
-26;-20;31;0;1
-26;-20;33;1;1
-26;-20;37;0;1
-26;-20;38;0;1
-26;-20;42;1;1
-26;-20;45;1;1
-26;-20;48;0;1
-26;-20;51;1;1
-26;-20;52;0;1
-26;-20;55;0;1
-26;-20;56;0;1
-26;-20;61;0;1
-26;-19;9;1;1
-26;-19;10;0;1
-26;-19;13;1;1
-26;-19;14;0;1
-26;-19;15;1;1
-26;-19;16;0;1
-26;-19;18;0;1
-26;-19;20;1;1
-26;-19;21;0;1
-26;-19;23;0;1
-26;-19;24;0;1
-26;-19;25;0;1
-26;-19;28;0;1
-26;-19;31;0;1
-26;-19;32;1;1
-26;-19;36;0;1
-26;-19;38;1;1
-26;-19;41;1;1
-26;-19;43;1;1
-26;-19;45;0;1
-26;-19;46;0;1
-26;-19;49;0;1
-26;-19;50;0;1
-26;-19;52;1;1
-26;-19;56;0;1
-26;-19;57;0;1
-26;-19;58;0;1
-26;-19;59;0;1
-26;-19;60;0;1
-26;-19;61;0;1
-26;-19;63;0;1
-26;-18;12;0;1
-26;-18;13;0;1
-26;-18;17;0;1
-26;-18;18;1;1
-26;-18;21;1;1
-26;-18;26;1;1
-26;-18;29;1;1
-26;-18;32;1;1
-26;-18;33;0;1
-26;-18;35;1;1
-26;-18;36;0;1
-26;-18;37;0;1
-26;-18;38;1;1
-26;-18;41;0;1
-26;-18;42;1;1
-26;-18;47;1;1
-26;-18;48;1;1
-26;-18;51;1;1
-26;-18;52;1;1
-26;-18;55;0;1
-26;-18;57;0;1
-26;-18;58;0;1
-26;-18;59;0;1
-26;-18;62;0;1
-26;-17;9;0;1
-26;-17;10;1;1
-26;-17;18;0;1
-26;-17;24;0;1
-26;-17;29;0;1
-26;-17;32;0;1
-26;-17;34;1;1
-26;-17;36;0;1
-26;-17;37;1;1
-26;-17;38;0;1
-26;-17;41;1;1
-26;-17;43;0;1
-26;-17;49;1;1
-26;-17;55;0;1
-26;-17;57;1;1
-26;-17;62;0;1
-26;-16;9;0;1
-26;-16;12;0;1
-26;-16;15;0;1
-26;-16;17;1;1
-26;-16;19;0;1
-26;-16;20;0;1
-26;-16;22;0;1
-26;-16;24;0;1
-26;-16;25;1;1
-26;-16;29;1;1
-26;-16;31;1;1
-26;-16;32;0;1
-26;-16;35;0;1
-26;-16;36;0;1
-26;-16;37;0;1
-26;-16;42;0;1
-26;-16;45;1;1
-26;-16;46;0;1
-26;-16;53;1;1
-26;-16;54;0;1
-26;-16;55;0;1
-26;-16;57;1;1
-26;-16;61;0;1
-26;-16;62;0;1
-26;-16;63;0;1
-26;-15;9;0;1
-26;-15;11;1;1
-26;-15;12;0;1
-26;-15;15;0;1
-26;-15;18;1;1
-26;-15;19;1;1
-26;-15;23;0;1
-26;-15;25;1;1
-26;-15;26;0;1
-26;-15;28;0;1
-26;-15;32;0;1
-26;-15;34;1;1
-26;-15;37;0;1
-26;-15;42;0;1
-26;-15;43;0;1
-26;-15;44;1;1
-26;-15;46;1;1
-26;-15;47;1;1
-26;-15;48;0;1
-26;-15;49;0;1
-26;-15;51;1;1
-26;-15;53;0;1
-26;-15;54;1;1
-26;-15;56;0;1
-26;-15;57;0;1
-26;-15;58;0;1
-26;-15;59;0;1
-26;-15;63;0;1
-26;-14;9;0;1
-26;-14;12;1;1
-26;-14;15;0;1
-26;-14;16;1;1
-26;-14;20;0;1
-26;-14;22;0;1
-26;-14;26;0;1
-26;-14;27;0;1
-26;-14;29;1;1
-26;-14;31;0;1
-26;-14;33;0;1
-26;-14;35;0;1
-26;-14;36;1;1
-26;-14;40;0;1
-26;-14;43;1;1
-26;-14;45;0;1
-26;-14;46;1;1
-26;-14;50;0;1
-26;-14;54;1;1
-26;-14;56;0;1
-26;-14;57;0;1
-26;-14;59;0;1
-26;-14;62;0;1
-26;-14;64;1;1
-26;-13;11;0;1
-26;-13;13;0;1
-26;-13;15;0;1
-26;-13;16;1;1
-26;-13;17;0;1
-26;-13;19;1;1
-26;-13;20;1;1
-26;-13;22;0;1
-26;-13;24;0;1
-26;-13;25;1;1
-26;-13;28;0;1
-26;-13;32;1;1
-26;-13;37;0;1
-26;-13;40;0;1
-26;-13;41;0;1
-26;-13;42;0;1
-26;-13;43;1;1
-26;-13;45;0;1
-26;-13;47;1;1
-26;-13;48;1;1
-26;-13;50;0;1
-26;-13;51;1;1
-26;-13;52;0;1
-26;-13;54;1;1
-26;-13;55;0;1
-26;-13;57;1;1
-26;-13;58;1;1
-26;-13;62;0;1
-26;-13;63;1;1
-26;-13;64;0;1
-26;-12;10;1;1
-26;-12;11;0;1
-26;-12;13;0;1
-26;-12;16;0;1
-26;-12;20;0;1
-26;-12;28;0;1
-26;-12;29;0;1
-26;-12;33;0;1
-26;-12;34;0;1
-26;-12;37;0;1
-26;-12;38;0;1
-26;-12;39;1;1
-26;-12;40;0;1
-26;-12;44;0;1
-26;-12;45;0;1
-26;-12;49;1;1
-26;-12;58;1;1
-26;-12;62;1;1
-26;-11;9;1;1
-26;-11;14;0;1
-26;-11;16;0;1
-26;-11;17;1;1
-26;-11;22;0;1
-26;-11;23;1;1
-26;-11;26;1;1
-26;-11;28;0;1
-26;-11;30;1;1
-26;-11;33;0;1
-26;-11;35;1;1
-26;-11;36;0;1
-26;-11;37;0;1
-26;-11;41;0;1
-26;-11;42;0;1
-26;-11;44;0;1
-26;-11;45;0;1
-26;-11;46;0;1
-26;-11;52;0;1
-26;-11;58;1;1
-26;-11;64;0;1
-26;-10;8;0;1
-26;-10;9;0;1
-26;-10;13;0;1
-26;-10;15;0;1
-26;-10;16;0;1
-26;-10;18;1;1
-26;-10;19;0;1
-26;-10;20;0;1
-26;-10;21;0;1
-26;-10;24;1;1
-26;-10;25;0;1
-26;-10;27;0;1
-26;-10;29;1;1
-26;-10;32;0;1
-26;-10;36;1;1
-26;-10;37;0;1
-26;-10;38;1;1
-26;-10;41;0;1
-26;-10;42;0;1
-26;-10;44;1;1
-26;-10;48;0;1
-26;-10;49;0;1
-26;-10;53;1;1
-26;-10;59;0;1
-26;-10;62;1;1
-26;-10;63;1;1
-26;-10;65;0;1
-26;-9;8;0;1
-26;-9;9;0;1
-26;-9;14;0;1
-26;-9;16;0;1
-26;-9;18;0;1
-26;-9;19;1;1
-26;-9;23;0;1
-26;-9;24;1;1
-26;-9;28;1;1
-26;-9;29;1;1
-26;-9;31;1;1
-26;-9;33;1;1
-26;-9;36;0;1
-26;-9;48;0;1
-26;-9;49;0;1
-26;-9;54;0;1
-26;-9;55;0;1
-26;-9;59;0;1
-26;-9;60;1;1
-26;-8;8;0;1
-26;-8;10;1;1
-26;-8;13;0;1
-26;-8;15;1;1
-26;-8;16;1;1
-26;-8;17;0;1
-26;-8;18;1;1
-26;-8;22;0;1
-26;-8;28;0;1
-26;-8;31;1;1
-26;-8;35;0;1
-26;-8;36;1;1
-26;-8;38;1;1
-26;-8;49;1;1
-26;-8;51;1;1
-26;-8;56;0;1
-26;-8;57;0;1
-26;-8;58;1;1
-26;-8;61;0;1
-26;-8;64;1;1
-26;-7;10;1;1
-26;-7;12;1;1
-26;-7;13;1;1
-26;-7;14;0;1
-26;-7;15;1;1
-26;-7;18;1;1
-26;-7;20;0;1
-26;-7;28;0;1
-26;-7;30;0;1
-26;-7;32;0;1
-26;-7;33;0;1
-26;-7;34;0;1
-26;-7;38;1;1
-26;-7;39;1;1
-26;-7;41;1;1
-26;-7;42;1;1
-26;-7;43;1;1
-26;-7;46;1;1
-26;-7;50;1;1
-26;-7;52;0;1
-26;-7;55;0;1
-26;-7;59;0;1
-26;-7;63;0;1
-26;-7;65;0;1
-26;-6;9;0;1
-26;-6;11;1;1
-26;-6;19;1;1
-26;-6;21;1;1
-26;-6;22;1;1
-26;-6;23;0;1
-26;-6;25;1;1
-26;-6;27;0;1
-26;-6;31;1;1
-26;-6;33;0;1
-26;-6;38;0;1
-26;-6;39;0;1
-26;-6;43;0;1
-26;-6;48;1;1
-26;-6;50;0;1
-26;-6;52;0;1
-26;-6;56;1;1
-26;-6;58;1;1
-26;-6;60;0;1
-26;-5;8;0;1
-26;-5;9;0;1
-26;-5;11;0;1
-26;-5;12;0;1
-26;-5;13;0;1
-26;-5;14;0;1
-26;-5;15;0;1
-26;-5;17;0;1
-26;-5;19;0;1
-26;-5;27;0;1
-26;-5;28;0;1
-26;-5;36;1;1
-26;-5;37;0;1
-26;-5;39;0;1
-26;-5;40;0;1
-26;-5;41;0;1
-26;-5;43;0;1
-26;-5;44;0;1
-26;-5;47;1;1
-26;-5;55;0;1
-26;-5;56;0;1
-26;-5;57;1;1
-26;-5;59;0;1
-26;-5;61;1;1
-26;-5;63;0;1
-26;-5;64;1;1
-26;-5;65;1;1
-26;-4;8;0;1
-26;-4;10;0;1
-26;-4;13;0;1
-26;-4;14;1;1
-26;-4;16;0;1
-26;-4;19;0;1
-26;-4;22;0;1
-26;-4;25;0;1
-26;-4;26;1;1
-26;-4;33;0;1
-26;-4;37;0;1
-26;-4;41;1;1
-26;-4;46;0;1
-26;-4;48;0;1
-26;-4;49;1;1
-26;-4;51;0;1
-26;-4;56;0;1
-26;-4;57;0;1
-26;-4;60;0;1
-26;-4;65;0;1
-26;-3;8;0;1
-26;-3;11;0;1
-26;-3;12;0;1
-26;-3;14;0;1
-26;-3;18;1;1
-26;-3;20;0;1
-26;-3;23;0;1
-26;-3;26;0;1
-26;-3;27;0;1
-26;-3;28;1;1
-26;-3;30;1;1
-26;-3;31;1;1
-26;-3;33;0;1
-26;-3;34;0;1
-26;-3;35;1;1
-26;-3;39;0;1
-26;-3;40;0;1
-26;-3;42;1;1
-26;-3;44;0;1
-26;-3;45;1;1
-26;-3;46;1;1
-26;-3;55;0;1
-26;-3;56;0;1
-26;-3;61;1;1
-26;-3;62;0;1
-26;-3;66;0;1
-26;-2;8;0;1
-26;-2;10;0;1
-26;-2;11;0;1
-26;-2;12;0;1
-26;-2;15;1;1
-26;-2;16;1;1
-26;-2;18;1;1
-26;-2;19;1;1
-26;-2;28;0;1
-26;-2;29;0;1
-26;-2;31;1;1
-26;-2;32;1;1
-26;-2;33;1;1
-26;-2;34;0;1
-26;-2;37;0;1
-26;-2;38;0;1
-26;-2;44;1;1
-26;-2;46;1;1
-26;-2;49;0;1
-26;-2;52;0;1
-26;-2;54;1;1
-26;-2;55;0;1
-26;-2;57;0;1
-26;-2;58;0;1
-26;-2;59;1;1
-26;-2;66;0;1
-26;-1;9;0;1
-26;-1;10;0;1
-26;-1;11;1;1
-26;-1;14;0;1
-26;-1;16;0;1
-26;-1;20;0;1
-26;-1;23;1;1
-26;-1;34;0;1
-26;-1;37;1;1
-26;-1;39;0;1
-26;-1;42;0;1
-26;-1;45;1;1
-26;-1;49;1;1
-26;-1;61;0;1
-26;-1;63;0;1
-26;-1;66;1;1
-26;0;7;0;1
-26;0;8;0;1
-26;0;9;0;1
-26;0;13;1;1
-26;0;15;1;1
-26;0;19;0;1
-26;0;23;0;1
-26;0;24;0;1
-26;0;25;1;1
-26;0;26;0;1
-26;0;27;0;1
-26;0;33;1;1
-26;0;35;1;1
-26;0;37;1;1
-26;0;38;0;1
-26;0;41;1;1
-26;0;43;1;1
-26;0;45;0;1
-26;0;48;0;1
-26;0;50;0;1
-26;0;53;1;1
-26;0;58;1;1
-26;0;61;1;1
-26;0;64;1;1
-26;0;66;1;1
-26;1;19;0;1
-26;1;20;0;1
-26;1;22;1;1
-26;1;23;1;1
-26;1;25;1;1
-26;1;27;0;1
-26;1;29;0;1
-26;1;31;0;1
-26;1;32;1;1
-26;1;35;1;1
-26;1;37;0;1
-26;1;39;0;1
-26;1;41;1;1
-26;1;42;1;1
-26;1;44;1;1
-26;1;48;0;1
-26;1;49;1;1
-26;1;54;1;1
-26;1;55;0;1
-26;1;56;0;1
-26;1;57;1;1
-26;1;58;1;1
-26;1;60;0;1
-26;1;61;0;1
-26;2;9;0;1
-26;2;11;0;1
-26;2;12;1;1
-26;2;15;0;1
-26;2;19;1;1
-26;2;20;0;1
-26;2;22;1;1
-26;2;24;0;1
-26;2;27;0;1
-26;2;30;1;1
-26;2;31;0;1
-26;2;33;0;1
-26;2;36;0;1
-26;2;38;1;1
-26;2;39;0;1
-26;2;40;0;1
-26;2;42;0;1
-26;2;47;0;1
-26;2;48;1;1
-26;2;52;1;1
-26;2;53;1;1
-26;2;54;0;1
-26;2;55;0;1
-26;2;57;0;1
-26;2;58;0;1
-26;2;65;0;1
-26;3;12;0;1
-26;3;15;0;1
-26;3;16;1;1
-26;3;19;0;1
-26;3;21;0;1
-26;3;25;0;1
-26;3;27;0;1
-26;3;33;0;1
-26;3;36;0;1
-26;3;38;1;1
-26;3;43;0;1
-26;3;49;0;1
-26;3;53;1;1
-26;3;54;0;1
-26;3;56;1;1
-26;3;57;1;1
-26;3;58;0;1
-26;3;59;0;1
-26;3;61;0;1
-26;3;63;1;1
-26;3;64;0;1
-26;3;65;0;1
-26;3;66;1;1
-26;4;10;0;1
-26;4;11;1;1
-26;4;13;0;1
-26;4;15;0;1
-26;4;16;0;1
-26;4;17;1;1
-26;4;18;0;1
-26;4;21;1;1
-26;4;26;0;1
-26;4;28;0;1
-26;4;30;0;1
-26;4;34;1;1
-26;4;35;1;1
-26;4;37;0;1
-26;4;39;0;1
-26;4;40;0;1
-26;4;48;0;1
-26;4;52;0;1
-26;4;53;0;1
-26;4;55;0;1
-26;4;56;1;1
-26;4;57;1;1
-26;4;61;0;1
-26;5;8;0;1
-26;5;11;0;1
-26;5;15;1;1
-26;5;16;1;1
-26;5;17;1;1
-26;5;20;1;1
-26;5;23;1;1
-26;5;24;0;1
-26;5;26;0;1
-26;5;29;0;1
-26;5;30;1;1
-26;5;34;1;1
-26;5;36;0;1
-26;5;38;1;1
-26;5;39;0;1
-26;5;41;0;1
-26;5;43;1;1
-26;5;44;1;1
-26;5;45;1;1
-26;5;46;0;1
-26;5;48;0;1
-26;5;49;0;1
-26;5;52;0;1
-26;5;53;1;1
-26;5;55;0;1
-26;5;56;1;1
-26;5;61;0;1
-26;5;65;0;1
-26;6;9;1;1
-26;6;13;0;1
-26;6;14;1;1
-26;6;18;0;1
-26;6;22;0;1
-26;6;26;1;1
-26;6;27;0;1
-26;6;32;1;1
-26;6;35;0;1
-26;6;37;1;1
-26;6;39;0;1
-26;6;40;1;1
-26;6;42;0;1
-26;6;44;0;1
-26;6;45;0;1
-26;6;50;0;1
-26;6;54;0;1
-26;6;55;0;1
-26;6;57;1;1
-26;6;58;1;1
-26;6;59;0;1
-26;6;61;0;1
-26;7;9;1;1
-26;7;10;1;1
-26;7;11;1;1
-26;7;15;0;1
-26;7;21;0;1
-26;7;22;0;1
-26;7;24;0;1
-26;7;27;1;1
-26;7;33;1;1
-26;7;34;0;1
-26;7;35;0;1
-26;7;42;0;1
-26;7;43;0;1
-26;7;44;0;1
-26;7;45;0;1
-26;7;47;0;1
-26;7;53;0;1
-26;7;55;1;1
-26;7;56;0;1
-26;7;57;1;1
-26;7;59;1;1
-26;7;60;0;1
-26;7;61;0;1
-26;7;64;1;1
-26;8;9;0;1
-26;8;11;1;1
-26;8;12;0;1
-26;8;17;1;1
-26;8;18;0;1
-26;8;19;1;1
-26;8;22;0;1
-26;8;26;0;1
-26;8;29;0;1
-26;8;33;0;1
-26;8;34;0;1
-26;8;36;1;1
-26;8;43;0;1
-26;8;44;1;1
-26;8;45;1;1
-26;8;47;0;1
-26;8;52;0;1
-26;8;54;1;1
-26;8;55;0;1
-26;8;57;0;1
-26;8;60;1;1
-26;8;64;0;1
-26;9;9;1;1
-26;9;10;0;1
-26;9;13;0;1
-26;9;14;0;1
-26;9;15;0;1
-26;9;16;1;1
-26;9;17;0;1
-26;9;20;1;1
-26;9;21;0;1
-26;9;24;1;1
-26;9;29;0;1
-26;9;33;0;1
-26;9;34;0;1
-26;9;35;0;1
-26;9;36;0;1
-26;9;37;1;1
-26;9;47;0;1
-26;9;48;1;1
-26;9;52;0;1
-26;9;61;0;1
-26;9;62;0;1
-26;9;63;1;1
-26;10;10;0;1
-26;10;16;0;1
-26;10;17;0;1
-26;10;18;0;1
-26;10;19;1;1
-26;10;21;1;1
-26;10;24;0;1
-26;10;25;0;1
-26;10;27;0;1
-26;10;35;1;1
-26;10;36;0;1
-26;10;41;0;1
-26;10;43;1;1
-26;10;44;0;1
-26;10;45;0;1
-26;10;51;0;1
-26;10;53;0;1
-26;10;56;0;1
-26;10;57;0;1
-26;10;62;0;1
-26;10;64;0;1
-26;10;65;0;1
-26;11;15;1;1
-26;11;17;0;1
-26;11;20;1;1
-26;11;23;1;1
-26;11;24;0;1
-26;11;25;1;1
-26;11;26;0;1
-26;11;27;0;1
-26;11;29;0;1
-26;11;31;0;1
-26;11;32;0;1
-26;11;34;1;1
-26;11;35;0;1
-26;11;36;0;1
-26;11;37;0;1
-26;11;38;0;1
-26;11;44;0;1
-26;11;50;0;1
-26;11;53;0;1
-26;11;54;1;1
-26;11;56;0;1
-26;11;57;1;1
-26;11;59;0;1
-26;11;61;0;1
-26;11;63;1;1
-26;11;65;0;1
-26;12;8;0;1
-26;12;13;0;1
-26;12;14;0;1
-26;12;15;0;1
-26;12;18;1;1
-26;12;21;0;1
-26;12;23;1;1
-26;12;28;1;1
-26;12;38;0;1
-26;12;42;0;1
-26;12;43;1;1
-26;12;45;1;1
-26;12;46;1;1
-26;12;48;0;1
-26;12;53;1;1
-26;12;54;0;1
-26;12;58;0;1
-26;12;59;1;1
-26;12;60;1;1
-26;12;62;0;1
-26;12;63;0;1
-26;12;65;0;1
-26;13;12;1;1
-26;13;14;1;1
-26;13;18;0;1
-26;13;23;0;1
-26;13;28;0;1
-26;13;29;0;1
-26;13;34;0;1
-26;13;37;1;1
-26;13;41;1;1
-26;13;42;0;1
-26;13;45;0;1
-26;13;46;0;1
-26;13;47;0;1
-26;13;49;0;1
-26;13;50;1;1
-26;13;56;1;1
-26;13;59;0;1
-26;13;63;0;1
-26;13;64;0;1
-26;14;9;0;1
-26;14;14;0;1
-26;14;15;0;1
-26;14;20;1;1
-26;14;23;0;1
-26;14;28;0;1
-26;14;31;1;1
-26;14;32;0;1
-26;14;33;1;1
-26;14;34;0;1
-26;14;36;0;1
-26;14;37;0;1
-26;14;41;1;1
-26;14;44;1;1
-26;14;46;0;1
-26;14;53;0;1
-26;14;56;0;1
-26;14;58;0;1
-26;14;60;0;1
-26;14;61;1;1
-26;15;9;0;1
-26;15;11;1;1
-26;15;12;0;1
-26;15;14;0;1
-26;15;15;1;1
-26;15;16;1;1
-26;15;19;0;1
-26;15;24;1;1
-26;15;26;1;1
-26;15;29;0;1
-26;15;34;1;1
-26;15;37;0;1
-26;15;39;1;1
-26;15;42;1;1
-26;15;46;0;1
-26;15;47;0;1
-26;15;54;0;1
-26;15;57;0;1
-26;15;58;0;1
-26;15;63;1;1
-26;16;11;1;1
-26;16;14;1;1
-26;16;15;0;1
-26;16;18;1;1
-26;16;22;0;1
-26;16;23;0;1
-26;16;28;0;1
-26;16;32;1;1
-26;16;33;1;1
-26;16;35;0;1
-26;16;38;1;1
-26;16;40;0;1
-26;16;41;1;1
-26;16;46;0;1
-26;16;47;0;1
-26;16;48;1;1
-26;16;51;1;1
-26;16;52;1;1
-26;16;53;0;1
-26;16;59;1;1
-26;16;63;0;1
-26;16;64;1;1
-26;17;9;0;1
-26;17;16;0;1
-26;17;25;0;1
-26;17;26;1;1
-26;17;28;1;1
-26;17;29;0;1
-26;17;31;0;1
-26;17;33;0;1
-26;17;34;0;1
-26;17;35;0;1
-26;17;36;1;1
-26;17;41;0;1
-26;17;45;1;1
-26;17;46;0;1
-26;17;48;0;1
-26;17;50;1;1
-26;17;54;1;1
-26;17;60;1;1
-26;18;11;1;1
-26;18;13;1;1
-26;18;14;0;1
-26;18;15;0;1
-26;18;17;1;1
-26;18;18;1;1
-26;18;20;1;1
-26;18;22;0;1
-26;18;24;1;1
-26;18;33;0;1
-26;18;34;1;1
-26;18;39;1;1
-26;18;40;0;1
-26;18;44;0;1
-26;18;46;1;1
-26;18;48;1;1
-26;18;49;1;1
-26;18;50;0;1
-26;18;51;1;1
-26;18;53;0;1
-26;18;61;0;1
-26;18;62;1;1
-26;18;63;0;1
-26;19;12;0;1
-26;19;13;0;1
-26;19;15;1;1
-26;19;17;1;1
-26;19;18;0;1
-26;19;20;1;1
-26;19;23;0;1
-26;19;26;0;1
-26;19;33;0;1
-26;19;34;0;1
-26;19;37;1;1
-26;19;39;1;1
-26;19;40;0;1
-26;19;41;0;1
-26;19;45;1;1
-26;19;47;0;1
-26;19;48;0;1
-26;19;53;0;1
-26;19;59;0;1
-26;19;61;1;1
-26;19;62;1;1
-26;19;63;0;1
-26;20;9;1;1
-26;20;11;1;1
-26;20;12;0;1
-26;20;15;0;1
-26;20;19;0;1
-26;20;27;0;1
-26;20;29;1;1
-26;20;30;1;1
-26;20;31;0;1
-26;20;32;1;1
-26;20;33;1;1
-26;20;39;0;1
-26;20;40;0;1
-26;20;41;0;1
-26;20;42;1;1
-26;20;43;1;1
-26;20;47;0;1
-26;20;49;1;1
-26;20;53;0;1
-26;20;55;0;1
-26;20;56;1;1
-26;20;58;0;1
-26;20;59;1;1
-26;20;61;0;1
-26;21;11;0;1
-26;21;14;1;1
-26;21;17;1;1
-26;21;21;1;1
-26;21;22;0;1
-26;21;23;1;1
-26;21;25;1;1
-26;21;27;1;1
-26;21;29;0;1
-26;21;34;0;1
-26;21;39;0;1
-26;21;40;1;1
-26;21;41;0;1
-26;21;52;0;1
-26;21;58;0;1
-26;22;12;0;1
-26;22;14;1;1
-26;22;16;0;1
-26;22;19;0;1
-26;22;20;0;1
-26;22;24;0;1
-26;22;28;0;1
-26;22;31;0;1
-26;22;33;1;1
-26;22;37;1;1
-26;22;38;0;1
-26;22;39;0;1
-26;22;40;0;1
-26;22;41;0;1
-26;22;44;0;1
-26;22;52;1;1
-26;22;53;1;1
-26;22;54;0;1
-26;22;56;1;1
-26;23;10;1;1
-26;23;11;1;1
-26;23;12;0;1
-26;23;19;1;1
-26;23;20;0;1
-26;23;23;0;1
-26;23;25;1;1
-26;23;27;0;1
-26;23;28;1;1
-26;23;30;0;1
-26;23;33;0;1
-26;23;40;1;1
-26;23;46;0;1
-26;23;49;0;1
-26;23;52;1;1
-26;23;56;0;1
-26;23;57;0;1
-26;23;60;1;1
-26;23;61;1;1
-26;24;10;0;1
-26;24;13;0;1
-26;24;16;1;1
-26;24;20;1;1
-26;24;23;1;1
-26;24;25;0;1
-26;24;33;0;1
-26;24;35;1;1
-26;24;36;1;1
-26;24;40;1;1
-26;24;41;1;1
-26;24;48;0;1
-26;24;53;1;1
-26;24;58;0;1
-26;24;60;0;1
-26;24;61;0;1
-26;25;12;1;1
-26;25;14;0;1
-26;25;17;0;1
-26;25;20;0;1
-26;25;22;1;1
-26;25;23;0;1
-26;25;28;0;1
-26;25;29;0;1
-26;25;30;0;1
-26;25;38;1;1
-26;25;39;0;1
-26;25;42;0;1
-26;25;43;0;1
-26;25;44;0;1
-26;25;45;1;1
-26;25;46;0;1
-26;25;47;1;1
-26;25;49;0;1
-26;25;50;1;1
-26;25;51;0;1
-26;25;52;0;1
-26;25;60;1;1
-26;26;11;0;1
-26;26;12;0;1
-26;26;15;1;1
-26;26;19;1;1
-26;26;20;0;1
-26;26;21;1;1
-26;26;22;1;1
-26;26;23;1;1
-26;26;25;1;1
-26;26;26;0;1
-26;26;27;0;1
-26;26;28;1;1
-26;26;33;0;1
-26;26;36;1;1
-26;26;39;1;1
-26;26;41;0;1
-26;26;43;0;1
-26;26;46;0;1
-26;26;47;0;1
-26;26;48;0;1
-26;26;49;0;1
-26;26;50;0;1
-26;26;52;0;1
-26;26;53;0;1
-26;26;54;0;1
-26;27;11;0;1
-26;27;12;0;1
-26;27;13;1;1
-26;27;18;0;1
-26;27;19;0;1
-26;27;20;0;1
-26;27;21;0;1
-26;27;24;1;1
-26;27;25;0;1
-26;27;27;1;1
-26;27;30;0;1
-26;27;31;0;1
-26;27;32;0;1
-26;27;33;0;1
-26;27;34;0;1
-26;27;35;0;1
-26;27;36;0;1
-26;27;38;0;1
-26;27;40;1;1
-26;27;41;0;1
-26;27;42;0;1
-26;27;46;1;1
-26;27;51;0;1
-26;27;57;0;1
-26;27;59;0;1
-26;28;14;0;1
-26;28;15;1;1
-26;28;16;0;1
-26;28;20;0;1
-26;28;21;0;1
-26;28;24;0;1
-26;28;27;0;1
-26;28;30;0;1
-26;28;31;0;1
-26;28;37;0;1
-26;28;39;0;1
-26;28;42;1;1
-26;28;43;0;1
-26;28;44;1;1
-26;28;47;0;1
-26;28;49;0;1
-26;28;50;1;1
-26;29;12;1;1
-26;29;15;0;1
-26;29;18;0;1
-26;29;20;0;1
-26;29;21;0;1
-26;29;26;0;1
-26;29;27;0;1
-26;29;30;0;1
-26;29;31;0;1
-26;29;32;0;1
-26;29;33;0;1
-26;29;38;0;1
-26;29;39;0;1
-26;29;40;1;1
-26;29;41;0;1
-26;29;43;0;1
-26;29;44;1;1
-26;29;45;1;1
-26;29;46;1;1
-26;29;49;0;1
-26;29;50;0;1
-26;29;55;0;1
-26;29;56;1;1
-26;29;58;0;1
-26;30;11;1;1
-26;30;12;1;1
-26;30;13;0;1
-26;30;14;0;1
-26;30;15;0;1
-26;30;18;0;1
-26;30;19;0;1
-26;30;25;1;1
-26;30;26;0;1
-26;30;28;1;1
-26;30;31;0;1
-26;30;33;1;1
-26;30;34;0;1
-26;30;35;0;1
-26;30;40;1;1
-26;30;41;1;1
-26;30;43;1;1
-26;30;44;1;1
-26;30;46;1;1
-26;30;51;0;1
-26;31;12;1;1
-26;31;13;1;1
-26;31;14;1;1
-26;31;15;0;1
-26;31;16;0;1
-26;31;17;0;1
-26;31;18;1;1
-26;31;24;0;1
-26;31;27;1;1
-26;31;30;1;1
-26;31;34;0;1
-26;31;36;0;1
-26;31;37;0;1
-26;31;38;1;1
-26;31;44;0;1
-26;31;45;1;1
-26;31;46;0;1
-26;31;47;1;1
-26;31;51;0;1
-26;31;52;0;1
-26;31;56;0;1
-26;32;14;1;1
-26;32;18;0;1
-26;32;20;0;1
-26;32;24;0;1
-26;32;30;0;1
-26;32;32;0;1
-26;32;35;1;1
-26;32;36;0;1
-26;32;38;0;1
-26;32;39;1;1
-26;32;40;1;1
-26;32;42;1;1
-26;32;47;0;1
-26;32;50;0;1
-26;32;54;0;1
-26;32;55;0;1
-26;32;56;1;1
-26;33;12;0;1
-26;33;17;0;1
-26;33;20;1;1
-26;33;23;0;1
-26;33;24;1;1
-26;33;25;0;1
-26;33;27;0;1
-26;33;29;0;1
-26;33;32;0;1
-26;33;34;0;1
-26;33;35;0;1
-26;33;36;0;1
-26;33;37;0;1
-26;33;38;1;1
-26;33;42;0;1
-26;33;43;1;1
-26;33;44;0;1
-26;33;48;0;1
-26;33;54;1;1
-26;33;57;0;1
-26;34;12;0;1
-26;34;16;0;1
-26;34;19;0;1
-26;34;20;0;1
-26;34;22;0;1
-26;34;23;1;1
-26;34;24;0;1
-26;34;25;0;1
-26;34;26;0;1
-26;34;29;0;1
-26;34;35;0;1
-26;34;36;1;1
-26;34;37;0;1
-26;34;42;0;1
-26;34;43;1;1
-26;34;44;0;1
-26;34;46;1;1
-26;34;48;0;1
-26;34;50;1;1
-26;34;53;1;1
-26;34;55;0;1
-26;34;56;0;1
-26;35;13;1;1
-26;35;16;0;1
-26;35;20;0;1
-26;35;24;0;1
-26;35;27;0;1
-26;35;28;0;1
-26;35;29;0;1
-26;35;30;1;1
-26;35;34;0;1
-26;35;37;0;1
-26;35;38;1;1
-26;35;40;0;1
-26;35;41;0;1
-26;35;44;0;1
-26;35;45;1;1
-26;35;46;0;1
-26;35;47;0;1
-26;35;49;0;1
-26;35;53;0;1
-26;35;56;1;1
-26;36;13;0;1
-26;36;15;0;1
-26;36;16;0;1
-26;36;17;0;1
-26;36;18;0;1
-26;36;20;0;1
-26;36;24;0;1
-26;36;26;0;1
-26;36;29;0;1
-26;36;30;0;1
-26;36;33;0;1
-26;36;35;0;1
-26;36;36;0;1
-26;36;37;0;1
-26;36;38;1;1
-26;36;39;0;1
-26;36;41;0;1
-26;36;43;1;1
-26;36;46;0;1
-26;36;48;1;1
-26;36;52;1;1
-26;36;54;1;1
-26;36;55;0;1
-26;37;15;1;1
-26;37;16;1;1
-26;37;18;0;1
-26;37;23;0;1
-26;37;25;0;1
-26;37;27;1;1
-26;37;29;0;1
-26;37;31;0;1
-26;37;32;1;1
-26;37;33;0;1
-26;37;36;1;1
-26;37;37;0;1
-26;37;38;1;1
-26;37;43;0;1
-26;37;47;0;1
-26;37;51;1;1
-26;38;13;0;1
-26;38;14;1;1
-26;38;15;0;1
-26;38;21;0;1
-26;38;25;0;1
-26;38;29;0;1
-26;38;31;0;1
-26;38;44;0;1
-26;38;46;0;1
-26;38;48;0;1
-26;38;51;1;1
-26;38;54;1;1
-26;39;13;0;1
-26;39;16;0;1
-26;39;20;0;1
-26;39;22;0;1
-26;39;27;0;1
-26;39;29;0;1
-26;39;31;1;1
-26;39;37;1;1
-26;39;39;0;1
-26;39;40;0;1
-26;39;42;0;1
-26;39;43;1;1
-26;39;46;1;1
-26;39;47;0;1
-26;39;48;0;1
-26;39;52;0;1
-26;40;13;0;1
-26;40;14;1;1
-26;40;17;1;1
-26;40;19;0;1
-26;40;24;0;1
-26;40;25;0;1
-26;40;27;0;1
-26;40;30;1;1
-26;40;31;1;1
-26;40;32;0;1
-26;40;34;0;1
-26;40;35;0;1
-26;40;38;0;1
-26;40;41;0;1
-26;40;43;0;1
-26;40;44;0;1
-26;40;45;0;1
-26;40;46;1;1
-26;40;48;0;1
-26;40;52;0;1
-26;41;14;0;1
-26;41;15;1;1
-26;41;16;1;1
-26;41;18;0;1
-26;41;19;0;1
-26;41;24;1;1
-26;41;25;1;1
-26;41;26;0;1
-26;41;30;0;1
-26;41;32;1;1
-26;41;33;0;1
-26;41;35;1;1
-26;41;37;1;1
-26;41;38;0;1
-26;41;39;0;1
-26;41;41;0;1
-26;41;46;1;1
-26;41;47;1;1
-26;41;51;1;1
-26;42;14;0;1
-26;42;15;0;1
-26;42;20;1;1
-26;42;28;0;1
-26;42;31;0;1
-26;42;43;1;1
-26;42;45;1;1
-26;42;48;0;1
-26;42;49;0;1
-26;43;15;0;1
-26;43;16;0;1
-26;43;18;0;1
-26;43;24;1;1
-26;43;25;0;1
-26;43;31;0;1
-26;43;32;1;1
-26;43;34;0;1
-26;43;35;0;1
-26;43;38;0;1
-26;43;41;1;1
-26;43;45;1;1
-26;43;46;0;1
-26;44;17;0;1
-26;44;18;1;1
-26;44;20;0;1
-26;44;23;0;1
-26;44;25;1;1
-26;44;26;0;1
-26;44;27;0;1
-26;44;36;1;1
-26;44;43;1;1
-26;44;49;1;1
-26;45;15;0;1
-26;45;19;1;1
-26;45;20;0;1
-26;45;23;1;1
-26;45;26;0;1
-26;45;28;0;1
-26;45;30;0;1
-26;45;32;1;1
-26;45;33;1;1
-26;45;36;1;1
-26;45;42;0;1
-26;45;43;1;1
-26;45;44;0;1
-26;45;46;1;1
-26;45;48;1;1
-25;-43;18;0;1
-25;-43;19;0;1
-25;-43;20;0;1
-25;-43;24;0;1
-25;-43;25;1;1
-25;-43;34;0;1
-25;-43;36;0;1
-25;-43;37;0;1
-25;-43;39;0;1
-25;-43;40;0;1
-25;-43;41;1;1
-25;-43;42;0;1
-25;-43;47;1;1
-25;-42;14;1;1
-25;-42;18;1;1
-25;-42;19;0;1
-25;-42;25;1;1
-25;-42;26;0;1
-25;-42;28;0;1
-25;-42;30;0;1
-25;-42;33;0;1
-25;-42;37;0;1
-25;-42;41;0;1
-25;-42;44;0;1
-25;-42;45;0;1
-25;-42;46;0;1
-25;-42;51;0;1
-25;-41;14;0;1
-25;-41;17;0;1
-25;-41;21;0;1
-25;-41;22;0;1
-25;-41;24;0;1
-25;-41;26;0;1
-25;-41;29;0;1
-25;-41;33;1;1
-25;-41;34;1;1
-25;-41;38;0;1
-25;-41;39;0;1
-25;-41;43;0;1
-25;-41;44;0;1
-25;-41;46;0;1
-25;-40;13;0;1
-25;-40;14;1;1
-25;-40;17;0;1
-25;-40;22;0;1
-25;-40;24;0;1
-25;-40;26;0;1
-25;-40;29;0;1
-25;-40;30;1;1
-25;-40;32;0;1
-25;-40;37;0;1
-25;-40;39;1;1
-25;-40;40;1;1
-25;-40;41;1;1
-25;-40;44;0;1
-25;-40;46;0;1
-25;-40;49;0;1
-25;-40;51;0;1
-25;-40;52;0;1
-25;-40;53;0;1
-25;-39;16;1;1
-25;-39;17;1;1
-25;-39;18;0;1
-25;-39;19;0;1
-25;-39;20;0;1
-25;-39;22;0;1
-25;-39;23;0;1
-25;-39;27;0;1
-25;-39;28;0;1
-25;-39;29;0;1
-25;-39;31;0;1
-25;-39;32;0;1
-25;-39;33;0;1
-25;-39;34;1;1
-25;-39;37;0;1
-25;-39;38;0;1
-25;-39;40;1;1
-25;-39;42;1;1
-25;-39;44;1;1
-25;-39;45;1;1
-25;-39;46;1;1
-25;-39;49;0;1
-25;-38;16;1;1
-25;-38;19;1;1
-25;-38;20;0;1
-25;-38;22;1;1
-25;-38;31;0;1
-25;-38;33;1;1
-25;-38;34;1;1
-25;-38;35;0;1
-25;-38;37;0;1
-25;-38;41;1;1
-25;-38;46;1;1
-25;-38;52;1;1
-25;-38;54;0;1
-25;-37;12;1;1
-25;-37;13;1;1
-25;-37;14;0;1
-25;-37;15;1;1
-25;-37;20;0;1
-25;-37;21;1;1
-25;-37;22;0;1
-25;-37;23;1;1
-25;-37;24;0;1
-25;-37;25;0;1
-25;-37;27;1;1
-25;-37;28;0;1
-25;-37;32;1;1
-25;-37;34;0;1
-25;-37;35;1;1
-25;-37;36;0;1
-25;-37;38;0;1
-25;-37;43;0;1
-25;-37;46;1;1
-25;-37;48;0;1
-25;-37;50;0;1
-25;-37;53;0;1
-25;-37;54;1;1
-25;-36;12;0;1
-25;-36;16;0;1
-25;-36;17;0;1
-25;-36;22;0;1
-25;-36;24;0;1
-25;-36;30;0;1
-25;-36;31;0;1
-25;-36;35;1;1
-25;-36;42;0;1
-25;-36;44;0;1
-25;-36;47;0;1
-25;-36;49;0;1
-25;-36;52;1;1
-25;-36;53;0;1
-25;-36;54;0;1
-25;-35;13;1;1
-25;-35;15;0;1
-25;-35;17;0;1
-25;-35;18;0;1
-25;-35;24;0;1
-25;-35;29;0;1
-25;-35;31;1;1
-25;-35;32;0;1
-25;-35;33;1;1
-25;-35;36;0;1
-25;-35;37;0;1
-25;-35;38;0;1
-25;-35;40;0;1
-25;-35;43;0;1
-25;-35;45;0;1
-25;-35;46;0;1
-25;-35;50;0;1
-25;-35;52;1;1
-25;-35;53;0;1
-25;-35;56;0;1
-25;-34;14;0;1
-25;-34;16;0;1
-25;-34;18;0;1
-25;-34;22;0;1
-25;-34;23;1;1
-25;-34;24;1;1
-25;-34;29;0;1
-25;-34;32;0;1
-25;-34;36;1;1
-25;-34;38;0;1
-25;-34;45;0;1
-25;-34;47;1;1
-25;-34;48;0;1
-25;-34;54;0;1
-25;-34;56;1;1
-25;-34;57;0;1
-25;-33;12;0;1
-25;-33;16;1;1
-25;-33;17;0;1
-25;-33;20;1;1
-25;-33;28;1;1
-25;-33;29;0;1
-25;-33;30;0;1
-25;-33;31;1;1
-25;-33;36;0;1
-25;-33;39;1;1
-25;-33;41;1;1
-25;-33;43;0;1
-25;-33;44;0;1
-25;-33;45;0;1
-25;-33;46;0;1
-25;-33;48;1;1
-25;-33;49;0;1
-25;-33;53;0;1
-25;-33;57;0;1
-25;-32;13;1;1
-25;-32;16;0;1
-25;-32;17;1;1
-25;-32;18;0;1
-25;-32;21;0;1
-25;-32;22;0;1
-25;-32;23;0;1
-25;-32;27;1;1
-25;-32;28;0;1
-25;-32;30;0;1
-25;-32;35;0;1
-25;-32;37;1;1
-25;-32;38;0;1
-25;-32;39;0;1
-25;-32;42;0;1
-25;-32;48;0;1
-25;-32;54;1;1
-25;-32;57;1;1
-25;-32;58;1;1
-25;-31;13;0;1
-25;-31;17;1;1
-25;-31;18;1;1
-25;-31;20;0;1
-25;-31;22;1;1
-25;-31;23;0;1
-25;-31;25;1;1
-25;-31;26;0;1
-25;-31;31;0;1
-25;-31;33;0;1
-25;-31;34;1;1
-25;-31;36;0;1
-25;-31;37;0;1
-25;-31;41;1;1
-25;-31;43;1;1
-25;-31;44;0;1
-25;-31;45;0;1
-25;-31;52;0;1
-25;-31;54;1;1
-25;-31;55;1;1
-25;-30;14;1;1
-25;-30;16;1;1
-25;-30;19;0;1
-25;-30;20;0;1
-25;-30;21;1;1
-25;-30;23;0;1
-25;-30;24;0;1
-25;-30;27;0;1
-25;-30;30;0;1
-25;-30;36;1;1
-25;-30;37;0;1
-25;-30;38;1;1
-25;-30;43;0;1
-25;-30;46;1;1
-25;-30;47;0;1
-25;-30;48;1;1
-25;-30;51;1;1
-25;-30;52;1;1
-25;-30;54;0;1
-25;-30;56;1;1
-25;-30;58;1;1
-25;-29;15;0;1
-25;-29;16;1;1
-25;-29;17;0;1
-25;-29;20;1;1
-25;-29;21;0;1
-25;-29;22;1;1
-25;-29;26;1;1
-25;-29;27;0;1
-25;-29;28;0;1
-25;-29;29;1;1
-25;-29;30;1;1
-25;-29;31;0;1
-25;-29;32;1;1
-25;-29;34;1;1
-25;-29;35;1;1
-25;-29;39;1;1
-25;-29;40;0;1
-25;-29;41;0;1
-25;-29;42;0;1
-25;-29;43;0;1
-25;-29;50;0;1
-25;-29;52;1;1
-25;-29;53;1;1
-25;-28;11;0;1
-25;-28;17;0;1
-25;-28;20;1;1
-25;-28;21;0;1
-25;-28;22;0;1
-25;-28;27;0;1
-25;-28;28;0;1
-25;-28;29;1;1
-25;-28;30;0;1
-25;-28;31;1;1
-25;-28;33;1;1
-25;-28;34;0;1
-25;-28;36;0;1
-25;-28;38;0;1
-25;-28;39;0;1
-25;-28;40;0;1
-25;-28;41;1;1
-25;-28;44;1;1
-25;-28;45;0;1
-25;-28;47;0;1
-25;-28;51;0;1
-25;-28;52;0;1
-25;-28;54;0;1
-25;-28;57;1;1
-25;-28;59;0;1
-25;-27;16;0;1
-25;-27;19;0;1
-25;-27;22;0;1
-25;-27;23;1;1
-25;-27;25;0;1
-25;-27;26;1;1
-25;-27;27;0;1
-25;-27;28;1;1
-25;-27;29;1;1
-25;-27;31;0;1
-25;-27;32;0;1
-25;-27;35;1;1
-25;-27;38;0;1
-25;-27;39;1;1
-25;-27;42;1;1
-25;-27;48;1;1
-25;-27;49;0;1
-25;-27;51;0;1
-25;-27;54;1;1
-25;-26;10;0;1
-25;-26;12;0;1
-25;-26;14;1;1
-25;-26;15;1;1
-25;-26;18;0;1
-25;-26;20;0;1
-25;-26;21;0;1
-25;-26;24;0;1
-25;-26;25;0;1
-25;-26;29;0;1
-25;-26;30;0;1
-25;-26;33;1;1
-25;-26;35;0;1
-25;-26;37;0;1
-25;-26;40;1;1
-25;-26;42;0;1
-25;-26;45;1;1
-25;-26;46;0;1
-25;-26;54;1;1
-25;-26;55;0;1
-25;-26;57;0;1
-25;-26;58;0;1
-25;-25;12;1;1
-25;-25;13;1;1
-25;-25;15;0;1
-25;-25;19;0;1
-25;-25;22;0;1
-25;-25;25;1;1
-25;-25;26;1;1
-25;-25;30;0;1
-25;-25;31;1;1
-25;-25;33;1;1
-25;-25;38;0;1
-25;-25;39;1;1
-25;-25;40;1;1
-25;-25;45;1;1
-25;-25;46;1;1
-25;-25;48;1;1
-25;-25;49;1;1
-25;-25;51;1;1
-25;-25;52;0;1
-25;-25;54;0;1
-25;-25;56;0;1
-25;-25;57;0;1
-25;-25;61;0;1
-25;-24;11;0;1
-25;-24;12;1;1
-25;-24;17;0;1
-25;-24;20;1;1
-25;-24;24;1;1
-25;-24;29;1;1
-25;-24;31;0;1
-25;-24;33;0;1
-25;-24;35;0;1
-25;-24;36;1;1
-25;-24;37;1;1
-25;-24;38;0;1
-25;-24;41;0;1
-25;-24;45;1;1
-25;-24;47;0;1
-25;-24;53;1;1
-25;-24;55;0;1
-25;-24;56;0;1
-25;-24;57;0;1
-25;-24;62;0;1
-25;-23;10;1;1
-25;-23;23;1;1
-25;-23;25;0;1
-25;-23;27;0;1
-25;-23;30;0;1
-25;-23;31;1;1
-25;-23;33;0;1
-25;-23;37;1;1
-25;-23;39;1;1
-25;-23;40;1;1
-25;-23;42;0;1
-25;-23;48;0;1
-25;-23;51;1;1
-25;-23;52;0;1
-25;-23;53;1;1
-25;-23;54;0;1
-25;-23;58;0;1
-25;-23;59;0;1
-25;-23;60;1;1
-25;-22;9;0;1
-25;-22;10;0;1
-25;-22;12;0;1
-25;-22;13;0;1
-25;-22;14;0;1
-25;-22;16;0;1
-25;-22;17;1;1
-25;-22;19;0;1
-25;-22;20;1;1
-25;-22;22;0;1
-25;-22;23;0;1
-25;-22;24;0;1
-25;-22;27;0;1
-25;-22;28;1;1
-25;-22;29;0;1
-25;-22;30;0;1
-25;-22;32;1;1
-25;-22;34;0;1
-25;-22;40;1;1
-25;-22;42;1;1
-25;-22;44;0;1
-25;-22;47;0;1
-25;-22;48;1;1
-25;-22;50;0;1
-25;-22;55;0;1
-25;-22;60;1;1
-25;-21;9;1;1
-25;-21;11;1;1
-25;-21;12;0;1
-25;-21;15;0;1
-25;-21;18;0;1
-25;-21;19;1;1
-25;-21;22;1;1
-25;-21;24;0;1
-25;-21;28;0;1
-25;-21;29;0;1
-25;-21;31;0;1
-25;-21;33;0;1
-25;-21;34;1;1
-25;-21;37;0;1
-25;-21;38;1;1
-25;-21;39;0;1
-25;-21;41;0;1
-25;-21;42;0;1
-25;-21;43;1;1
-25;-21;44;1;1
-25;-21;47;0;1
-25;-21;51;1;1
-25;-21;57;1;1
-25;-21;58;1;1
-25;-21;59;0;1
-25;-21;60;1;1
-25;-21;61;0;1
-25;-21;63;1;1
-25;-20;10;0;1
-25;-20;15;0;1
-25;-20;17;0;1
-25;-20;20;0;1
-25;-20;21;0;1
-25;-20;24;1;1
-25;-20;28;0;1
-25;-20;30;0;1
-25;-20;36;1;1
-25;-20;43;0;1
-25;-20;52;0;1
-25;-20;53;0;1
-25;-20;57;0;1
-25;-20;58;1;1
-25;-20;60;0;1
-25;-19;10;0;1
-25;-19;14;0;1
-25;-19;18;1;1
-25;-19;20;0;1
-25;-19;22;1;1
-25;-19;23;1;1
-25;-19;24;0;1
-25;-19;25;1;1
-25;-19;26;1;1
-25;-19;28;0;1
-25;-19;33;1;1
-25;-19;37;1;1
-25;-19;38;0;1
-25;-19;45;0;1
-25;-19;47;0;1
-25;-19;50;0;1
-25;-19;53;0;1
-25;-19;60;0;1
-25;-19;61;1;1
-25;-18;10;1;1
-25;-18;15;0;1
-25;-18;24;1;1
-25;-18;25;0;1
-25;-18;26;1;1
-25;-18;29;0;1
-25;-18;30;0;1
-25;-18;32;0;1
-25;-18;33;0;1
-25;-18;38;0;1
-25;-18;42;0;1
-25;-18;46;0;1
-25;-18;47;1;1
-25;-18;48;0;1
-25;-18;51;0;1
-25;-18;52;0;1
-25;-18;54;0;1
-25;-18;55;0;1
-25;-18;57;0;1
-25;-18;61;0;1
-25;-18;63;0;1
-25;-18;64;1;1
-25;-17;12;1;1
-25;-17;14;1;1
-25;-17;18;0;1
-25;-17;23;1;1
-25;-17;25;0;1
-25;-17;26;1;1
-25;-17;28;0;1
-25;-17;29;1;1
-25;-17;30;0;1
-25;-17;31;1;1
-25;-17;38;0;1
-25;-17;39;0;1
-25;-17;40;0;1
-25;-17;48;1;1
-25;-17;52;1;1
-25;-17;57;1;1
-25;-17;59;0;1
-25;-17;60;1;1
-25;-17;61;0;1
-25;-17;62;0;1
-25;-17;63;1;1
-25;-16;8;1;1
-25;-16;13;0;1
-25;-16;15;1;1
-25;-16;17;1;1
-25;-16;18;1;1
-25;-16;22;0;1
-25;-16;24;0;1
-25;-16;26;0;1
-25;-16;28;1;1
-25;-16;29;0;1
-25;-16;32;0;1
-25;-16;38;0;1
-25;-16;42;1;1
-25;-16;45;0;1
-25;-16;47;0;1
-25;-16;48;1;1
-25;-16;50;0;1
-25;-16;53;0;1
-25;-16;54;0;1
-25;-16;58;1;1
-25;-16;59;1;1
-25;-15;8;0;1
-25;-15;13;1;1
-25;-15;14;0;1
-25;-15;15;0;1
-25;-15;19;0;1
-25;-15;20;0;1
-25;-15;24;0;1
-25;-15;25;0;1
-25;-15;36;0;1
-25;-15;41;1;1
-25;-15;44;0;1
-25;-15;48;0;1
-25;-15;51;0;1
-25;-15;58;1;1
-25;-15;59;0;1
-25;-15;61;0;1
-25;-15;62;0;1
-25;-15;63;1;1
-25;-14;8;1;1
-25;-14;10;0;1
-25;-14;12;0;1
-25;-14;20;0;1
-25;-14;21;0;1
-25;-14;22;0;1
-25;-14;27;0;1
-25;-14;30;0;1
-25;-14;36;0;1
-25;-14;41;0;1
-25;-14;45;0;1
-25;-14;47;0;1
-25;-14;50;0;1
-25;-14;53;0;1
-25;-14;55;0;1
-25;-14;58;0;1
-25;-14;59;0;1
-25;-14;60;0;1
-25;-14;62;1;1
-25;-14;64;0;1
-25;-14;65;0;1
-25;-13;8;0;1
-25;-13;10;0;1
-25;-13;11;0;1
-25;-13;14;1;1
-25;-13;17;0;1
-25;-13;19;1;1
-25;-13;23;1;1
-25;-13;25;0;1
-25;-13;26;0;1
-25;-13;31;0;1
-25;-13;32;1;1
-25;-13;35;0;1
-25;-13;41;0;1
-25;-13;43;0;1
-25;-13;44;0;1
-25;-13;48;0;1
-25;-13;50;0;1
-25;-13;54;0;1
-25;-13;56;1;1
-25;-13;59;0;1
-25;-13;60;0;1
-25;-13;61;0;1
-25;-13;63;1;1
-25;-12;8;1;1
-25;-12;15;1;1
-25;-12;21;1;1
-25;-12;23;0;1
-25;-12;27;0;1
-25;-12;28;1;1
-25;-12;33;0;1
-25;-12;37;1;1
-25;-12;39;0;1
-25;-12;41;0;1
-25;-12;45;0;1
-25;-12;48;0;1
-25;-12;49;0;1
-25;-12;52;1;1
-25;-12;53;1;1
-25;-12;55;1;1
-25;-12;58;0;1
-25;-12;59;0;1
-25;-12;60;1;1
-25;-12;62;0;1
-25;-12;64;0;1
-25;-12;65;1;1
-25;-11;8;1;1
-25;-11;10;1;1
-25;-11;12;0;1
-25;-11;14;0;1
-25;-11;16;1;1
-25;-11;23;1;1
-25;-11;24;1;1
-25;-11;25;0;1
-25;-11;28;1;1
-25;-11;29;1;1
-25;-11;30;0;1
-25;-11;31;1;1
-25;-11;32;0;1
-25;-11;36;0;1
-25;-11;37;0;1
-25;-11;39;0;1
-25;-11;41;0;1
-25;-11;44;1;1
-25;-11;45;1;1
-25;-11;46;0;1
-25;-11;49;0;1
-25;-11;50;0;1
-25;-11;54;1;1
-25;-11;62;0;1
-25;-11;63;0;1
-25;-11;65;0;1
-25;-10;9;1;1
-25;-10;13;0;1
-25;-10;15;1;1
-25;-10;22;1;1
-25;-10;25;0;1
-25;-10;26;1;1
-25;-10;31;0;1
-25;-10;36;0;1
-25;-10;40;0;1
-25;-10;41;0;1
-25;-10;42;0;1
-25;-10;43;0;1
-25;-10;44;0;1
-25;-10;47;0;1
-25;-10;49;1;1
-25;-10;53;0;1
-25;-10;55;0;1
-25;-10;56;0;1
-25;-10;57;0;1
-25;-10;58;0;1
-25;-10;65;1;1
-25;-9;9;0;1
-25;-9;11;0;1
-25;-9;12;1;1
-25;-9;13;1;1
-25;-9;16;0;1
-25;-9;18;0;1
-25;-9;20;1;1
-25;-9;22;0;1
-25;-9;23;0;1
-25;-9;27;0;1
-25;-9;29;0;1
-25;-9;31;0;1
-25;-9;37;0;1
-25;-9;39;0;1
-25;-9;43;0;1
-25;-9;46;0;1
-25;-9;47;1;1
-25;-9;49;1;1
-25;-9;51;0;1
-25;-9;54;0;1
-25;-9;58;1;1
-25;-9;63;0;1
-25;-9;65;0;1
-25;-8;12;0;1
-25;-8;13;1;1
-25;-8;17;0;1
-25;-8;18;0;1
-25;-8;20;0;1
-25;-8;21;0;1
-25;-8;29;0;1
-25;-8;37;0;1
-25;-8;40;0;1
-25;-8;41;0;1
-25;-8;42;1;1
-25;-8;44;0;1
-25;-8;47;0;1
-25;-8;48;1;1
-25;-8;49;1;1
-25;-8;50;0;1
-25;-8;52;0;1
-25;-8;53;0;1
-25;-8;56;0;1
-25;-8;58;0;1
-25;-8;59;1;1
-25;-8;60;1;1
-25;-8;65;0;1
-25;-7;7;0;1
-25;-7;8;0;1
-25;-7;11;0;1
-25;-7;12;1;1
-25;-7;14;0;1
-25;-7;15;0;1
-25;-7;18;0;1
-25;-7;19;0;1
-25;-7;25;1;1
-25;-7;28;0;1
-25;-7;30;0;1
-25;-7;34;0;1
-25;-7;37;1;1
-25;-7;38;0;1
-25;-7;39;1;1
-25;-7;40;0;1
-25;-7;42;0;1
-25;-7;43;0;1
-25;-7;44;0;1
-25;-7;47;1;1
-25;-7;48;1;1
-25;-7;49;1;1
-25;-7;50;0;1
-25;-7;51;1;1
-25;-7;52;0;1
-25;-7;53;0;1
-25;-7;54;0;1
-25;-7;55;0;1
-25;-7;56;0;1
-25;-7;57;0;1
-25;-7;58;0;1
-25;-7;59;0;1
-25;-7;61;0;1
-25;-7;62;1;1
-25;-7;64;0;1
-25;-7;65;0;1
-25;-6;8;0;1
-25;-6;10;1;1
-25;-6;12;0;1
-25;-6;13;1;1
-25;-6;15;0;1
-25;-6;19;0;1
-25;-6;20;0;1
-25;-6;21;0;1
-25;-6;22;0;1
-25;-6;28;1;1
-25;-6;33;0;1
-25;-6;41;0;1
-25;-6;47;1;1
-25;-6;49;1;1
-25;-6;50;1;1
-25;-6;51;0;1
-25;-6;54;0;1
-25;-6;57;1;1
-25;-6;61;1;1
-25;-6;62;1;1
-25;-6;63;0;1
-25;-6;66;0;1
-25;-5;7;0;1
-25;-5;10;0;1
-25;-5;11;0;1
-25;-5;12;0;1
-25;-5;13;1;1
-25;-5;14;0;1
-25;-5;17;0;1
-25;-5;18;0;1
-25;-5;28;0;1
-25;-5;33;1;1
-25;-5;36;1;1
-25;-5;40;0;1
-25;-5;41;1;1
-25;-5;42;0;1
-25;-5;45;0;1
-25;-5;46;0;1
-25;-5;50;1;1
-25;-5;51;0;1
-25;-5;52;1;1
-25;-5;57;1;1
-25;-5;58;0;1
-25;-5;66;0;1
-25;-4;8;0;1
-25;-4;12;1;1
-25;-4;13;0;1
-25;-4;16;0;1
-25;-4;17;1;1
-25;-4;22;0;1
-25;-4;25;1;1
-25;-4;26;0;1
-25;-4;27;0;1
-25;-4;29;1;1
-25;-4;34;0;1
-25;-4;35;1;1
-25;-4;36;0;1
-25;-4;46;0;1
-25;-4;47;0;1
-25;-4;49;0;1
-25;-4;50;0;1
-25;-4;52;0;1
-25;-4;55;0;1
-25;-4;57;1;1
-25;-4;61;1;1
-25;-3;8;1;1
-25;-3;9;0;1
-25;-3;12;0;1
-25;-3;15;0;1
-25;-3;17;0;1
-25;-3;18;0;1
-25;-3;19;0;1
-25;-3;20;0;1
-25;-3;24;0;1
-25;-3;27;0;1
-25;-3;28;0;1
-25;-3;30;0;1
-25;-3;31;0;1
-25;-3;32;1;1
-25;-3;33;0;1
-25;-3;34;0;1
-25;-3;36;1;1
-25;-3;41;1;1
-25;-3;48;1;1
-25;-3;50;0;1
-25;-3;51;0;1
-25;-3;53;0;1
-25;-3;57;1;1
-25;-3;60;0;1
-25;-3;62;1;1
-25;-2;8;1;1
-25;-2;12;1;1
-25;-2;13;0;1
-25;-2;16;1;1
-25;-2;18;1;1
-25;-2;19;1;1
-25;-2;21;0;1
-25;-2;23;0;1
-25;-2;24;1;1
-25;-2;25;1;1
-25;-2;32;0;1
-25;-2;33;0;1
-25;-2;37;1;1
-25;-2;41;0;1
-25;-2;43;0;1
-25;-2;44;0;1
-25;-2;45;0;1
-25;-2;48;1;1
-25;-2;50;0;1
-25;-2;51;1;1
-25;-2;58;0;1
-25;-2;59;1;1
-25;-2;62;0;1
-25;-2;63;1;1
-25;-1;8;1;1
-25;-1;10;0;1
-25;-1;12;1;1
-25;-1;14;0;1
-25;-1;17;0;1
-25;-1;18;1;1
-25;-1;23;0;1
-25;-1;24;1;1
-25;-1;25;0;1
-25;-1;28;0;1
-25;-1;30;0;1
-25;-1;31;1;1
-25;-1;34;0;1
-25;-1;36;0;1
-25;-1;38;0;1
-25;-1;41;0;1
-25;-1;48;0;1
-25;-1;49;0;1
-25;-1;50;0;1
-25;-1;52;0;1
-25;-1;53;1;1
-25;-1;54;1;1
-25;-1;55;0;1
-25;-1;56;0;1
-25;-1;57;1;1
-25;-1;61;0;1
-25;-1;62;1;1
-25;-1;64;1;1
-25;-1;65;1;1
-25;-1;66;0;1
-25;0;7;0;1
-25;0;8;0;1
-25;0;9;0;1
-25;0;11;0;1
-25;0;14;0;1
-25;0;15;0;1
-25;0;17;0;1
-25;0;19;1;1
-25;0;20;0;1
-25;0;21;0;1
-25;0;22;0;1
-25;0;25;0;1
-25;0;26;0;1
-25;0;29;0;1
-25;0;34;1;1
-25;0;38;1;1
-25;0;41;1;1
-25;0;42;0;1
-25;0;43;1;1
-25;0;44;1;1
-25;0;45;1;1
-25;0;47;1;1
-25;0;48;1;1
-25;0;49;0;1
-25;0;54;1;1
-25;0;56;1;1
-25;0;57;1;1
-25;0;58;0;1
-25;0;60;0;1
-25;0;64;1;1
-25;0;66;0;1
-25;1;15;0;1
-25;1;17;1;1
-25;1;21;0;1
-25;1;22;1;1
-25;1;23;0;1
-25;1;24;1;1
-25;1;25;1;1
-25;1;26;0;1
-25;1;27;1;1
-25;1;28;1;1
-25;1;31;0;1
-25;1;33;1;1
-25;1;37;0;1
-25;1;41;0;1
-25;1;42;0;1
-25;1;43;1;1
-25;1;46;0;1
-25;1;48;0;1
-25;1;49;0;1
-25;1;52;0;1
-25;1;54;0;1
-25;1;55;1;1
-25;1;57;0;1
-25;1;58;0;1
-25;1;59;1;1
-25;1;60;1;1
-25;1;64;0;1
-25;2;7;1;1
-25;2;9;0;1
-25;2;10;0;1
-25;2;11;0;1
-25;2;12;1;1
-25;2;13;1;1
-25;2;14;1;1
-25;2;15;0;1
-25;2;19;0;1
-25;2;20;1;1
-25;2;21;0;1
-25;2;22;0;1
-25;2;24;0;1
-25;2;25;0;1
-25;2;26;1;1
-25;2;28;0;1
-25;2;29;0;1
-25;2;30;1;1
-25;2;31;1;1
-25;2;32;0;1
-25;2;33;0;1
-25;2;36;0;1
-25;2;39;0;1
-25;2;42;1;1
-25;2;44;0;1
-25;2;45;0;1
-25;2;47;0;1
-25;2;48;1;1
-25;2;54;1;1
-25;2;56;0;1
-25;2;58;0;1
-25;2;60;1;1
-25;2;61;1;1
-25;2;64;0;1
-25;3;9;0;1
-25;3;10;0;1
-25;3;17;0;1
-25;3;24;0;1
-25;3;25;0;1
-25;3;26;0;1
-25;3;28;0;1
-25;3;29;0;1
-25;3;30;1;1
-25;3;31;0;1
-25;3;32;0;1
-25;3;35;1;1
-25;3;38;0;1
-25;3;40;1;1
-25;3;44;0;1
-25;3;46;0;1
-25;3;51;1;1
-25;3;54;0;1
-25;3;55;0;1
-25;3;58;0;1
-25;3;59;0;1
-25;3;60;0;1
-25;3;66;0;1
-25;4;7;1;1
-25;4;8;0;1
-25;4;13;0;1
-25;4;16;1;1
-25;4;18;0;1
-25;4;19;1;1
-25;4;21;0;1
-25;4;23;1;1
-25;4;24;1;1
-25;4;31;0;1
-25;4;34;1;1
-25;4;36;0;1
-25;4;37;0;1
-25;4;40;1;1
-25;4;42;0;1
-25;4;43;1;1
-25;4;44;0;1
-25;4;47;1;1
-25;4;48;0;1
-25;4;51;0;1
-25;4;52;0;1
-25;4;54;0;1
-25;4;56;1;1
-25;4;58;1;1
-25;4;62;0;1
-25;5;12;0;1
-25;5;15;0;1
-25;5;20;1;1
-25;5;21;1;1
-25;5;22;0;1
-25;5;24;0;1
-25;5;27;0;1
-25;5;33;0;1
-25;5;35;0;1
-25;5;42;0;1
-25;5;43;0;1
-25;5;46;0;1
-25;5;49;1;1
-25;5;51;0;1
-25;5;54;1;1
-25;5;57;1;1
-25;6;7;0;1
-25;6;9;0;1
-25;6;11;1;1
-25;6;19;1;1
-25;6;20;0;1
-25;6;23;0;1
-25;6;26;0;1
-25;6;27;0;1
-25;6;28;0;1
-25;6;29;0;1
-25;6;30;1;1
-25;6;31;0;1
-25;6;32;0;1
-25;6;33;0;1
-25;6;35;1;1
-25;6;40;0;1
-25;6;41;1;1
-25;6;50;0;1
-25;6;51;1;1
-25;6;53;1;1
-25;6;58;1;1
-25;6;60;1;1
-25;6;61;0;1
-25;6;63;1;1
-25;6;64;0;1
-25;6;66;0;1
-25;7;10;0;1
-25;7;14;0;1
-25;7;18;1;1
-25;7;20;0;1
-25;7;26;0;1
-25;7;29;0;1
-25;7;30;0;1
-25;7;32;1;1
-25;7;34;0;1
-25;7;35;0;1
-25;7;37;1;1
-25;7;40;0;1
-25;7;43;1;1
-25;7;48;0;1
-25;7;49;1;1
-25;7;57;0;1
-25;7;60;1;1
-25;7;62;1;1
-25;7;65;0;1
-25;8;9;0;1
-25;8;10;0;1
-25;8;12;0;1
-25;8;14;1;1
-25;8;16;0;1
-25;8;19;1;1
-25;8;21;0;1
-25;8;23;1;1
-25;8;24;0;1
-25;8;32;1;1
-25;8;37;0;1
-25;8;39;1;1
-25;8;41;0;1
-25;8;43;1;1
-25;8;44;0;1
-25;8;45;0;1
-25;8;47;0;1
-25;8;50;0;1
-25;8;54;1;1
-25;8;57;0;1
-25;8;63;1;1
-25;9;9;0;1
-25;9;10;1;1
-25;9;14;1;1
-25;9;16;1;1
-25;9;17;0;1
-25;9;18;0;1
-25;9;19;0;1
-25;9;20;1;1
-25;9;22;0;1
-25;9;23;0;1
-25;9;25;0;1
-25;9;27;1;1
-25;9;30;1;1
-25;9;32;0;1
-25;9;36;0;1
-25;9;38;0;1
-25;9;41;0;1
-25;9;43;1;1
-25;9;44;1;1
-25;9;45;0;1
-25;9;47;0;1
-25;9;53;1;1
-25;9;54;1;1
-25;9;55;1;1
-25;9;56;1;1
-25;9;57;1;1
-25;9;63;0;1
-25;9;64;0;1
-25;9;65;0;1
-25;10;8;0;1
-25;10;9;1;1
-25;10;10;0;1
-25;10;14;1;1
-25;10;16;0;1
-25;10;18;1;1
-25;10;21;0;1
-25;10;27;1;1
-25;10;31;0;1
-25;10;33;0;1
-25;10;34;0;1
-25;10;35;1;1
-25;10;36;0;1
-25;10;39;0;1
-25;10;41;0;1
-25;10;44;1;1
-25;10;52;0;1
-25;10;54;0;1
-25;10;55;0;1
-25;10;57;0;1
-25;10;58;1;1
-25;10;59;0;1
-25;10;60;0;1
-25;10;62;0;1
-25;10;63;0;1
-25;10;64;0;1
-25;11;10;0;1
-25;11;12;0;1
-25;11;13;0;1
-25;11;15;1;1
-25;11;17;1;1
-25;11;19;0;1
-25;11;20;1;1
-25;11;26;0;1
-25;11;27;0;1
-25;11;28;0;1
-25;11;30;1;1
-25;11;31;1;1
-25;11;32;0;1
-25;11;35;1;1
-25;11;37;0;1
-25;11;38;0;1
-25;11;39;0;1
-25;11;40;0;1
-25;11;45;0;1
-25;11;48;0;1
-25;11;49;0;1
-25;11;51;0;1
-25;11;52;0;1
-25;11;53;1;1
-25;11;54;1;1
-25;11;57;1;1
-25;11;63;0;1
-25;11;65;0;1
-25;12;8;0;1
-25;12;9;1;1
-25;12;13;0;1
-25;12;15;1;1
-25;12;18;0;1
-25;12;19;1;1
-25;12;21;1;1
-25;12;25;1;1
-25;12;26;0;1
-25;12;29;0;1
-25;12;30;0;1
-25;12;32;0;1
-25;12;33;1;1
-25;12;34;0;1
-25;12;35;0;1
-25;12;38;0;1
-25;12;41;1;1
-25;12;45;0;1
-25;12;49;0;1
-25;12;51;0;1
-25;12;52;0;1
-25;12;54;1;1
-25;12;62;1;1
-25;12;63;1;1
-25;12;65;0;1
-25;13;10;0;1
-25;13;13;0;1
-25;13;14;0;1
-25;13;15;0;1
-25;13;16;0;1
-25;13;20;0;1
-25;13;23;0;1
-25;13;26;0;1
-25;13;29;0;1
-25;13;34;0;1
-25;13;38;0;1
-25;13;39;1;1
-25;13;41;0;1
-25;13;44;1;1
-25;13;47;1;1
-25;13;50;0;1
-25;13;54;0;1
-25;13;55;1;1
-25;13;56;1;1
-25;13;58;0;1
-25;13;61;1;1
-25;14;9;1;1
-25;14;13;0;1
-25;14;15;0;1
-25;14;20;1;1
-25;14;21;0;1
-25;14;25;0;1
-25;14;29;1;1
-25;14;33;0;1
-25;14;37;1;1
-25;14;38;0;1
-25;14;39;0;1
-25;14;40;0;1
-25;14;41;1;1
-25;14;46;1;1
-25;14;47;0;1
-25;14;48;0;1
-25;14;49;1;1
-25;14;58;1;1
-25;14;59;0;1
-25;14;60;0;1
-25;14;61;0;1
-25;14;65;0;1
-25;15;12;0;1
-25;15;14;0;1
-25;15;17;1;1
-25;15;29;1;1
-25;15;30;1;1
-25;15;32;0;1
-25;15;33;1;1
-25;15;35;1;1
-25;15;36;0;1
-25;15;39;0;1
-25;15;42;0;1
-25;15;43;0;1
-25;15;45;0;1
-25;15;46;0;1
-25;15;53;0;1
-25;15;55;0;1
-25;15;59;0;1
-25;15;60;1;1
-25;15;64;0;1
-25;16;9;0;1
-25;16;10;1;1
-25;16;13;0;1
-25;16;18;1;1
-25;16;20;0;1
-25;16;25;0;1
-25;16;28;0;1
-25;16;32;1;1
-25;16;33;1;1
-25;16;34;0;1
-25;16;42;0;1
-25;16;44;1;1
-25;16;47;0;1
-25;16;51;0;1
-25;16;52;0;1
-25;16;53;0;1
-25;16;54;0;1
-25;16;55;0;1
-25;16;57;0;1
-25;16;58;0;1
-25;16;60;0;1
-25;16;62;1;1
-25;17;9;0;1
-25;17;13;0;1
-25;17;17;0;1
-25;17;21;0;1
-25;17;23;0;1
-25;17;24;0;1
-25;17;25;0;1
-25;17;26;1;1
-25;17;27;1;1
-25;17;29;0;1
-25;17;33;0;1
-25;17;35;1;1
-25;17;37;0;1
-25;17;38;0;1
-25;17;40;0;1
-25;17;45;0;1
-25;17;46;1;1
-25;17;47;0;1
-25;17;49;0;1
-25;17;54;1;1
-25;17;55;1;1
-25;17;59;1;1
-25;18;9;0;1
-25;18;11;0;1
-25;18;14;0;1
-25;18;16;1;1
-25;18;17;1;1
-25;18;18;0;1
-25;18;23;0;1
-25;18;27;1;1
-25;18;32;0;1
-25;18;33;0;1
-25;18;35;0;1
-25;18;36;1;1
-25;18;38;0;1
-25;18;39;0;1
-25;18;40;0;1
-25;18;42;1;1
-25;18;47;0;1
-25;18;56;0;1
-25;18;58;0;1
-25;18;59;0;1
-25;18;60;0;1
-25;18;61;0;1
-25;18;64;1;1
-25;19;12;0;1
-25;19;13;0;1
-25;19;17;1;1
-25;19;21;0;1
-25;19;22;0;1
-25;19;24;0;1
-25;19;25;0;1
-25;19;27;0;1
-25;19;30;1;1
-25;19;33;0;1
-25;19;35;0;1
-25;19;36;0;1
-25;19;38;0;1
-25;19;42;0;1
-25;19;44;0;1
-25;19;45;0;1
-25;19;46;1;1
-25;19;49;0;1
-25;19;52;1;1
-25;19;53;0;1
-25;19;59;1;1
-25;19;61;0;1
-25;19;62;1;1
-25;20;14;0;1
-25;20;18;1;1
-25;20;24;0;1
-25;20;25;1;1
-25;20;26;1;1
-25;20;28;1;1
-25;20;31;0;1
-25;20;32;1;1
-25;20;35;0;1
-25;20;41;0;1
-25;20;42;1;1
-25;20;45;0;1
-25;20;48;0;1
-25;20;49;0;1
-25;20;50;1;1
-25;20;51;0;1
-25;20;52;1;1
-25;20;53;1;1
-25;20;54;0;1
-25;20;56;1;1
-25;20;58;0;1
-25;20;61;0;1
-25;20;63;1;1
-25;21;9;1;1
-25;21;10;0;1
-25;21;11;0;1
-25;21;12;1;1
-25;21;17;0;1
-25;21;24;1;1
-25;21;26;1;1
-25;21;28;0;1
-25;21;32;1;1
-25;21;40;0;1
-25;21;46;0;1
-25;21;54;0;1
-25;21;55;1;1
-25;21;56;1;1
-25;21;59;0;1
-25;21;62;0;1
-25;22;9;0;1
-25;22;13;0;1
-25;22;15;0;1
-25;22;16;0;1
-25;22;23;1;1
-25;22;25;0;1
-25;22;31;0;1
-25;22;32;1;1
-25;22;38;0;1
-25;22;40;0;1
-25;22;48;1;1
-25;22;52;1;1
-25;22;56;0;1
-25;22;59;0;1
-25;22;60;0;1
-25;22;62;0;1
-25;23;20;0;1
-25;23;21;1;1
-25;23;22;0;1
-25;23;24;0;1
-25;23;30;1;1
-25;23;31;1;1
-25;23;32;0;1
-25;23;36;1;1
-25;23;43;1;1
-25;23;47;0;1
-25;23;48;0;1
-25;23;49;0;1
-25;23;51;0;1
-25;23;54;0;1
-25;23;55;0;1
-25;23;60;0;1
-25;24;11;0;1
-25;24;17;1;1
-25;24;18;0;1
-25;24;19;1;1
-25;24;20;0;1
-25;24;24;1;1
-25;24;25;0;1
-25;24;28;0;1
-25;24;29;0;1
-25;24;30;1;1
-25;24;31;1;1
-25;24;32;0;1
-25;24;33;0;1
-25;24;34;0;1
-25;24;35;1;1
-25;24;36;0;1
-25;24;38;0;1
-25;24;42;0;1
-25;24;46;0;1
-25;24;48;0;1
-25;24;49;0;1
-25;24;50;0;1
-25;24;54;1;1
-25;24;55;1;1
-25;24;56;0;1
-25;24;58;1;1
-25;24;61;0;1
-25;25;11;0;1
-25;25;16;0;1
-25;25;20;0;1
-25;25;23;0;1
-25;25;27;0;1
-25;25;28;0;1
-25;25;29;0;1
-25;25;32;0;1
-25;25;35;0;1
-25;25;38;1;1
-25;25;41;1;1
-25;25;42;1;1
-25;25;44;0;1
-25;25;46;0;1
-25;25;47;0;1
-25;25;49;0;1
-25;25;50;0;1
-25;25;52;0;1
-25;25;53;0;1
-25;25;54;0;1
-25;25;55;0;1
-25;25;58;0;1
-25;25;60;0;1
-25;25;61;1;1
-25;26;11;1;1
-25;26;14;1;1
-25;26;15;1;1
-25;26;16;0;1
-25;26;17;0;1
-25;26;18;1;1
-25;26;19;1;1
-25;26;20;0;1
-25;26;22;0;1
-25;26;28;0;1
-25;26;30;1;1
-25;26;31;1;1
-25;26;42;0;1
-25;26;46;0;1
-25;26;49;1;1
-25;26;50;0;1
-25;26;51;1;1
-25;26;52;0;1
-25;26;57;1;1
-25;26;61;1;1
-25;27;10;0;1
-25;27;11;1;1
-25;27;12;0;1
-25;27;13;0;1
-25;27;15;0;1
-25;27;16;0;1
-25;27;21;1;1
-25;27;22;1;1
-25;27;24;1;1
-25;27;26;0;1
-25;27;29;0;1
-25;27;31;1;1
-25;27;32;0;1
-25;27;41;0;1
-25;27;42;0;1
-25;27;43;0;1
-25;27;44;0;1
-25;27;46;0;1
-25;27;51;0;1
-25;27;52;0;1
-25;27;54;1;1
-25;27;59;1;1
-25;27;60;0;1
-25;28;12;1;1
-25;28;14;0;1
-25;28;16;1;1
-25;28;18;0;1
-25;28;24;0;1
-25;28;25;0;1
-25;28;26;0;1
-25;28;28;0;1
-25;28;29;1;1
-25;28;34;0;1
-25;28;35;1;1
-25;28;37;0;1
-25;28;41;0;1
-25;28;42;0;1
-25;28;44;1;1
-25;28;45;0;1
-25;28;46;1;1
-25;28;49;0;1
-25;28;51;0;1
-25;28;55;0;1
-25;28;58;0;1
-25;29;11;1;1
-25;29;13;0;1
-25;29;14;0;1
-25;29;18;0;1
-25;29;21;1;1
-25;29;33;1;1
-25;29;40;1;1
-25;29;43;0;1
-25;29;45;0;1
-25;29;48;0;1
-25;29;49;1;1
-25;29;52;0;1
-25;29;54;0;1
-25;29;58;0;1
-25;30;11;0;1
-25;30;14;0;1
-25;30;20;0;1
-25;30;21;0;1
-25;30;26;0;1
-25;30;30;0;1
-25;30;31;0;1
-25;30;32;0;1
-25;30;33;0;1
-25;30;39;0;1
-25;30;40;1;1
-25;30;41;1;1
-25;30;42;0;1
-25;30;46;0;1
-25;30;50;1;1
-25;30;52;0;1
-25;30;54;0;1
-25;30;56;0;1
-25;30;59;1;1
-25;31;13;0;1
-25;31;14;1;1
-25;31;16;0;1
-25;31;19;1;1
-25;31;21;1;1
-25;31;22;0;1
-25;31;24;1;1
-25;31;25;0;1
-25;31;27;1;1
-25;31;31;0;1
-25;31;33;0;1
-25;31;35;0;1
-25;31;36;1;1
-25;31;38;0;1
-25;31;39;0;1
-25;31;40;0;1
-25;31;41;1;1
-25;31;42;0;1
-25;31;44;1;1
-25;31;51;0;1
-25;31;58;1;1
-25;32;16;0;1
-25;32;17;0;1
-25;32;21;0;1
-25;32;22;1;1
-25;32;23;1;1
-25;32;24;1;1
-25;32;26;0;1
-25;32;27;1;1
-25;32;29;1;1
-25;32;34;0;1
-25;32;39;1;1
-25;32;40;0;1
-25;32;44;1;1
-25;32;47;1;1
-25;32;48;0;1
-25;32;49;1;1
-25;32;50;0;1
-25;32;56;0;1
-25;33;13;0;1
-25;33;16;1;1
-25;33;19;0;1
-25;33;21;0;1
-25;33;24;0;1
-25;33;28;1;1
-25;33;29;1;1
-25;33;34;0;1
-25;33;35;0;1
-25;33;37;0;1
-25;33;40;0;1
-25;33;41;0;1
-25;33;42;0;1
-25;33;46;0;1
-25;33;50;0;1
-25;33;51;0;1
-25;33;52;0;1
-25;33;55;1;1
-25;33;56;1;1
-25;33;57;1;1
-25;34;14;1;1
-25;34;17;0;1
-25;34;22;0;1
-25;34;23;1;1
-25;34;24;0;1
-25;34;26;0;1
-25;34;41;1;1
-25;34;44;1;1
-25;34;46;0;1
-25;34;48;1;1
-25;34;49;1;1
-25;34;50;0;1
-25;34;51;1;1
-25;34;55;0;1
-25;34;57;0;1
-25;35;12;1;1
-25;35;14;0;1
-25;35;17;0;1
-25;35;21;0;1
-25;35;22;1;1
-25;35;25;0;1
-25;35;28;1;1
-25;35;29;0;1
-25;35;32;1;1
-25;35;35;1;1
-25;35;39;0;1
-25;35;42;1;1
-25;35;43;0;1
-25;35;45;1;1
-25;35;48;0;1
-25;35;50;1;1
-25;35;53;0;1
-25;35;55;0;1
-25;36;12;1;1
-25;36;14;0;1
-25;36;15;0;1
-25;36;20;0;1
-25;36;23;0;1
-25;36;25;1;1
-25;36;26;0;1
-25;36;36;0;1
-25;36;37;0;1
-25;36;38;0;1
-25;36;39;0;1
-25;36;40;0;1
-25;36;42;1;1
-25;36;44;0;1
-25;36;45;0;1
-25;36;46;0;1
-25;36;50;1;1
-25;36;52;0;1
-25;36;54;0;1
-25;37;13;1;1
-25;37;15;0;1
-25;37;16;1;1
-25;37;17;0;1
-25;37;22;0;1
-25;37;24;1;1
-25;37;27;0;1
-25;37;30;1;1
-25;37;31;0;1
-25;37;33;0;1
-25;37;34;0;1
-25;37;35;0;1
-25;37;36;0;1
-25;37;37;1;1
-25;37;39;0;1
-25;37;41;1;1
-25;37;44;0;1
-25;37;47;0;1
-25;37;50;1;1
-25;37;52;0;1
-25;37;54;0;1
-25;37;55;1;1
-25;38;14;0;1
-25;38;16;1;1
-25;38;19;0;1
-25;38;21;0;1
-25;38;23;0;1
-25;38;25;1;1
-25;38;26;0;1
-25;38;27;0;1
-25;38;29;0;1
-25;38;31;0;1
-25;38;32;1;1
-25;38;33;0;1
-25;38;39;1;1
-25;38;42;1;1
-25;38;46;0;1
-25;38;47;0;1
-25;38;53;1;1
-25;38;54;1;1
-25;39;16;0;1
-25;39;18;1;1
-25;39;20;1;1
-25;39;21;0;1
-25;39;25;0;1
-25;39;26;0;1
-25;39;28;0;1
-25;39;30;1;1
-25;39;31;1;1
-25;39;34;0;1
-25;39;37;0;1
-25;39;39;0;1
-25;39;42;0;1
-25;39;44;1;1
-25;39;47;0;1
-25;39;48;1;1
-25;39;52;0;1
-25;40;16;0;1
-25;40;18;0;1
-25;40;19;1;1
-25;40;20;0;1
-25;40;21;1;1
-25;40;24;0;1
-25;40;25;0;1
-25;40;26;1;1
-25;40;28;1;1
-25;40;29;0;1
-25;40;33;0;1
-25;40;36;1;1
-25;40;37;0;1
-25;40;39;1;1
-25;40;46;1;1
-25;40;48;0;1
-25;40;49;1;1
-25;40;50;0;1
-25;41;15;0;1
-25;41;18;1;1
-25;41;19;0;1
-25;41;21;1;1
-25;41;24;0;1
-25;41;27;0;1
-25;41;30;0;1
-25;41;32;0;1
-25;41;34;0;1
-25;41;35;0;1
-25;41;36;0;1
-25;41;38;1;1
-25;41;39;0;1
-25;41;40;1;1
-25;41;41;0;1
-25;41;43;0;1
-25;41;47;1;1
-25;41;49;0;1
-25;42;15;0;1
-25;42;19;0;1
-25;42;23;1;1
-25;42;26;1;1
-25;42;32;0;1
-25;42;37;1;1
-25;42;39;1;1
-25;42;41;1;1
-25;42;47;1;1
-25;42;48;1;1
-25;42;51;0;1
-25;43;15;0;1
-25;43;21;0;1
-25;43;24;1;1
-25;43;25;0;1
-25;43;27;0;1
-25;43;29;1;1
-25;43;30;0;1
-25;43;31;0;1
-25;43;33;1;1
-25;43;38;0;1
-25;43;43;1;1
-25;43;44;0;1
-25;43;48;0;1
-25;43;49;0;1
-24;-41;17;0;1
-24;-41;19;0;1
-24;-41;21;0;1
-24;-41;24;1;1
-24;-41;27;0;1
-24;-41;33;1;1
-24;-41;34;0;1
-24;-41;35;0;1
-24;-41;39;1;1
-24;-41;43;0;1
-24;-41;44;0;1
-24;-41;52;0;1
-24;-40;18;0;1
-24;-40;24;1;1
-24;-40;25;1;1
-24;-40;28;0;1
-24;-40;29;1;1
-24;-40;30;0;1
-24;-40;31;1;1
-24;-40;34;0;1
-24;-40;35;0;1
-24;-40;36;1;1
-24;-40;38;1;1
-24;-40;40;0;1
-24;-40;43;0;1
-24;-40;46;0;1
-24;-40;47;0;1
-24;-40;48;0;1
-24;-40;49;0;1
-24;-40;52;0;1
-24;-40;53;0;1
-24;-39;13;0;1
-24;-39;14;1;1
-24;-39;16;1;1
-24;-39;22;0;1
-24;-39;23;1;1
-24;-39;28;0;1
-24;-39;30;0;1
-24;-39;32;0;1
-24;-39;34;0;1
-24;-39;39;0;1
-24;-39;41;1;1
-24;-39;43;0;1
-24;-39;44;0;1
-24;-39;49;0;1
-24;-39;51;1;1
-24;-38;14;0;1
-24;-38;16;1;1
-24;-38;18;0;1
-24;-38;20;0;1
-24;-38;23;0;1
-24;-38;25;0;1
-24;-38;30;1;1
-24;-38;35;0;1
-24;-38;36;0;1
-24;-38;37;0;1
-24;-38;38;1;1
-24;-38;39;0;1
-24;-38;41;0;1
-24;-38;42;0;1
-24;-38;44;1;1
-24;-38;45;0;1
-24;-38;46;1;1
-24;-38;50;1;1
-24;-38;52;0;1
-24;-38;55;1;1
-24;-37;16;1;1
-24;-37;17;1;1
-24;-37;20;1;1
-24;-37;21;0;1
-24;-37;25;1;1
-24;-37;26;0;1
-24;-37;27;0;1
-24;-37;28;1;1
-24;-37;31;1;1
-24;-37;33;0;1
-24;-37;38;0;1
-24;-37;39;1;1
-24;-37;43;1;1
-24;-37;47;0;1
-24;-37;49;0;1
-24;-37;54;1;1
-24;-36;12;1;1
-24;-36;14;0;1
-24;-36;16;1;1
-24;-36;27;1;1
-24;-36;28;1;1
-24;-36;29;1;1
-24;-36;30;0;1
-24;-36;32;0;1
-24;-36;33;0;1
-24;-36;36;0;1
-24;-36;37;1;1
-24;-36;38;0;1
-24;-36;40;0;1
-24;-36;41;1;1
-24;-36;42;0;1
-24;-36;45;1;1
-24;-36;47;0;1
-24;-36;48;0;1
-24;-36;50;1;1
-24;-36;51;0;1
-24;-36;54;0;1
-24;-35;12;1;1
-24;-35;13;0;1
-24;-35;14;1;1
-24;-35;15;0;1
-24;-35;21;0;1
-24;-35;24;0;1
-24;-35;26;1;1
-24;-35;27;1;1
-24;-35;28;0;1
-24;-35;31;0;1
-24;-35;32;1;1
-24;-35;36;1;1
-24;-35;41;1;1
-24;-35;44;0;1
-24;-35;45;1;1
-24;-35;46;0;1
-24;-35;47;1;1
-24;-35;48;1;1
-24;-35;49;0;1
-24;-34;14;0;1
-24;-34;16;1;1
-24;-34;19;0;1
-24;-34;20;0;1
-24;-34;21;1;1
-24;-34;28;0;1
-24;-34;29;1;1
-24;-34;38;0;1
-24;-34;40;0;1
-24;-34;42;0;1
-24;-34;43;1;1
-24;-34;44;1;1
-24;-34;46;1;1
-24;-34;48;0;1
-24;-34;52;0;1
-24;-34;53;1;1
-24;-34;55;1;1
-24;-34;56;0;1
-24;-33;12;0;1
-24;-33;13;0;1
-24;-33;15;0;1
-24;-33;17;0;1
-24;-33;18;0;1
-24;-33;20;0;1
-24;-33;21;0;1
-24;-33;22;1;1
-24;-33;25;0;1
-24;-33;28;1;1
-24;-33;31;1;1
-24;-33;32;1;1
-24;-33;33;1;1
-24;-33;36;0;1
-24;-33;37;0;1
-24;-33;38;0;1
-24;-33;40;0;1
-24;-33;42;1;1
-24;-33;43;0;1
-24;-33;45;1;1
-24;-33;47;0;1
-24;-33;48;1;1
-24;-33;50;0;1
-24;-33;51;0;1
-24;-32;12;1;1
-24;-32;16;0;1
-24;-32;18;0;1
-24;-32;21;0;1
-24;-32;27;0;1
-24;-32;29;0;1
-24;-32;35;0;1
-24;-32;36;1;1
-24;-32;43;0;1
-24;-32;44;0;1
-24;-32;47;0;1
-24;-32;48;1;1
-24;-32;54;0;1
-24;-31;17;1;1
-24;-31;19;0;1
-24;-31;20;0;1
-24;-31;22;1;1
-24;-31;23;0;1
-24;-31;25;0;1
-24;-31;26;0;1
-24;-31;30;0;1
-24;-31;33;1;1
-24;-31;38;0;1
-24;-31;40;0;1
-24;-31;44;0;1
-24;-31;46;0;1
-24;-31;47;1;1
-24;-31;48;0;1
-24;-31;49;0;1
-24;-31;52;0;1
-24;-31;53;0;1
-24;-30;13;0;1
-24;-30;15;0;1
-24;-30;17;0;1
-24;-30;18;0;1
-24;-30;19;0;1
-24;-30;22;1;1
-24;-30;28;0;1
-24;-30;30;0;1
-24;-30;31;0;1
-24;-30;35;1;1
-24;-30;37;0;1
-24;-30;41;1;1
-24;-30;47;1;1
-24;-30;48;1;1
-24;-30;51;0;1
-24;-30;56;0;1
-24;-29;11;0;1
-24;-29;18;1;1
-24;-29;20;1;1
-24;-29;21;1;1
-24;-29;22;0;1
-24;-29;23;1;1
-24;-29;24;1;1
-24;-29;25;0;1
-24;-29;28;1;1
-24;-29;29;0;1
-24;-29;31;0;1
-24;-29;33;0;1
-24;-29;37;0;1
-24;-29;43;1;1
-24;-29;48;1;1
-24;-29;49;1;1
-24;-29;51;1;1
-24;-29;53;1;1
-24;-29;55;0;1
-24;-28;10;0;1
-24;-28;11;0;1
-24;-28;18;1;1
-24;-28;20;1;1
-24;-28;24;0;1
-24;-28;27;0;1
-24;-28;38;1;1
-24;-28;43;1;1
-24;-28;45;1;1
-24;-28;48;0;1
-24;-28;54;1;1
-24;-28;55;1;1
-24;-28;56;1;1
-24;-27;11;0;1
-24;-27;16;0;1
-24;-27;18;0;1
-24;-27;19;0;1
-24;-27;24;1;1
-24;-27;25;1;1
-24;-27;26;0;1
-24;-27;29;0;1
-24;-27;30;1;1
-24;-27;31;0;1
-24;-27;33;1;1
-24;-27;39;0;1
-24;-27;42;0;1
-24;-27;43;0;1
-24;-27;44;1;1
-24;-27;45;0;1
-24;-27;49;0;1
-24;-27;50;0;1
-24;-27;52;1;1
-24;-27;53;0;1
-24;-27;54;1;1
-24;-27;55;0;1
-24;-27;59;0;1
-24;-27;60;0;1
-24;-26;11;1;1
-24;-26;13;1;1
-24;-26;15;0;1
-24;-26;18;1;1
-24;-26;26;0;1
-24;-26;32;0;1
-24;-26;34;0;1
-24;-26;35;1;1
-24;-26;36;0;1
-24;-26;38;1;1
-24;-26;40;0;1
-24;-26;42;0;1
-24;-26;45;0;1
-24;-26;46;0;1
-24;-26;48;0;1
-24;-26;49;1;1
-24;-26;50;0;1
-24;-26;51;1;1
-24;-26;53;1;1
-24;-26;56;0;1
-24;-26;60;0;1
-24;-25;12;0;1
-24;-25;14;0;1
-24;-25;16;0;1
-24;-25;18;1;1
-24;-25;21;0;1
-24;-25;27;0;1
-24;-25;32;1;1
-24;-25;33;1;1
-24;-25;36;1;1
-24;-25;37;0;1
-24;-25;40;0;1
-24;-25;42;1;1
-24;-25;43;0;1
-24;-25;44;1;1
-24;-25;45;0;1
-24;-25;46;1;1
-24;-25;47;1;1
-24;-25;48;1;1
-24;-25;49;1;1
-24;-25;50;0;1
-24;-25;51;1;1
-24;-25;52;0;1
-24;-25;53;0;1
-24;-25;54;0;1
-24;-25;56;1;1
-24;-25;57;1;1
-24;-25;58;0;1
-24;-25;59;1;1
-24;-25;62;0;1
-24;-24;10;0;1
-24;-24;12;0;1
-24;-24;13;1;1
-24;-24;14;1;1
-24;-24;21;0;1
-24;-24;26;0;1
-24;-24;36;1;1
-24;-24;37;0;1
-24;-24;40;1;1
-24;-24;42;0;1
-24;-24;45;1;1
-24;-24;47;1;1
-24;-24;56;1;1
-24;-24;57;0;1
-24;-24;59;0;1
-24;-24;60;0;1
-24;-24;62;0;1
-24;-23;9;0;1
-24;-23;10;0;1
-24;-23;16;1;1
-24;-23;18;1;1
-24;-23;21;0;1
-24;-23;23;0;1
-24;-23;28;0;1
-24;-23;30;0;1
-24;-23;31;1;1
-24;-23;33;0;1
-24;-23;38;0;1
-24;-23;40;0;1
-24;-23;43;0;1
-24;-23;45;0;1
-24;-23;46;1;1
-24;-23;49;1;1
-24;-23;50;1;1
-24;-23;52;0;1
-24;-23;54;0;1
-24;-23;56;1;1
-24;-23;57;0;1
-24;-23;58;0;1
-24;-23;60;0;1
-24;-22;9;1;1
-24;-22;10;0;1
-24;-22;12;1;1
-24;-22;19;0;1
-24;-22;22;0;1
-24;-22;24;0;1
-24;-22;25;1;1
-24;-22;29;1;1
-24;-22;32;0;1
-24;-22;33;0;1
-24;-22;34;1;1
-24;-22;35;1;1
-24;-22;39;0;1
-24;-22;41;0;1
-24;-22;42;1;1
-24;-22;46;0;1
-24;-22;50;0;1
-24;-22;51;0;1
-24;-22;53;0;1
-24;-22;58;0;1
-24;-22;59;0;1
-24;-22;60;0;1
-24;-22;61;1;1
-24;-21;9;0;1
-24;-21;11;0;1
-24;-21;17;0;1
-24;-21;19;0;1
-24;-21;22;0;1
-24;-21;28;0;1
-24;-21;31;0;1
-24;-21;35;1;1
-24;-21;36;0;1
-24;-21;39;0;1
-24;-21;40;1;1
-24;-21;42;0;1
-24;-21;45;0;1
-24;-21;49;0;1
-24;-21;51;1;1
-24;-21;53;0;1
-24;-21;54;0;1
-24;-21;55;0;1
-24;-21;58;1;1
-24;-21;62;1;1
-24;-20;9;1;1
-24;-20;11;1;1
-24;-20;12;0;1
-24;-20;13;0;1
-24;-20;14;0;1
-24;-20;17;1;1
-24;-20;21;0;1
-24;-20;23;0;1
-24;-20;26;0;1
-24;-20;27;0;1
-24;-20;28;0;1
-24;-20;32;1;1
-24;-20;35;1;1
-24;-20;36;0;1
-24;-20;39;1;1
-24;-20;40;1;1
-24;-20;49;0;1
-24;-20;52;0;1
-24;-20;54;0;1
-24;-20;55;0;1
-24;-20;58;0;1
-24;-20;60;0;1
-24;-19;9;0;1
-24;-19;10;0;1
-24;-19;12;0;1
-24;-19;14;0;1
-24;-19;17;0;1
-24;-19;18;1;1
-24;-19;21;0;1
-24;-19;22;1;1
-24;-19;26;0;1
-24;-19;27;0;1
-24;-19;28;0;1
-24;-19;30;0;1
-24;-19;36;1;1
-24;-19;41;1;1
-24;-19;46;1;1
-24;-19;48;1;1
-24;-19;50;0;1
-24;-19;53;0;1
-24;-19;56;0;1
-24;-19;57;0;1
-24;-19;61;0;1
-24;-19;64;0;1
-24;-18;10;0;1
-24;-18;11;0;1
-24;-18;12;0;1
-24;-18;13;0;1
-24;-18;14;0;1
-24;-18;19;1;1
-24;-18;20;0;1
-24;-18;23;0;1
-24;-18;24;0;1
-24;-18;25;0;1
-24;-18;30;0;1
-24;-18;31;1;1
-24;-18;32;1;1
-24;-18;37;1;1
-24;-18;39;0;1
-24;-18;40;1;1
-24;-18;41;0;1
-24;-18;45;1;1
-24;-18;46;0;1
-24;-18;49;0;1
-24;-18;53;1;1
-24;-18;54;0;1
-24;-18;57;1;1
-24;-18;58;0;1
-24;-18;60;1;1
-24;-17;12;0;1
-24;-17;14;0;1
-24;-17;17;1;1
-24;-17;18;0;1
-24;-17;22;1;1
-24;-17;23;0;1
-24;-17;25;0;1
-24;-17;26;0;1
-24;-17;27;0;1
-24;-17;32;1;1
-24;-17;33;1;1
-24;-17;34;0;1
-24;-17;35;0;1
-24;-17;36;0;1
-24;-17;37;1;1
-24;-17;40;0;1
-24;-17;41;0;1
-24;-17;43;0;1
-24;-17;45;0;1
-24;-17;47;1;1
-24;-17;49;1;1
-24;-17;50;0;1
-24;-17;51;0;1
-24;-17;57;0;1
-24;-17;58;0;1
-24;-17;59;0;1
-24;-17;60;1;1
-24;-16;15;1;1
-24;-16;17;0;1
-24;-16;18;0;1
-24;-16;19;0;1
-24;-16;20;0;1
-24;-16;24;0;1
-24;-16;26;0;1
-24;-16;30;1;1
-24;-16;31;0;1
-24;-16;35;0;1
-24;-16;36;0;1
-24;-16;41;0;1
-24;-16;43;1;1
-24;-16;44;0;1
-24;-16;46;1;1
-24;-16;51;0;1
-24;-16;57;0;1
-24;-15;8;0;1
-24;-15;15;1;1
-24;-15;19;0;1
-24;-15;21;0;1
-24;-15;22;0;1
-24;-15;24;0;1
-24;-15;26;0;1
-24;-15;27;1;1
-24;-15;31;0;1
-24;-15;37;0;1
-24;-15;41;0;1
-24;-15;42;0;1
-24;-15;44;0;1
-24;-15;46;0;1
-24;-15;47;1;1
-24;-15;51;0;1
-24;-15;53;1;1
-24;-15;55;0;1
-24;-15;56;0;1
-24;-15;57;0;1
-24;-15;58;0;1
-24;-15;60;0;1
-24;-15;63;0;1
-24;-15;65;1;1
-24;-14;9;1;1
-24;-14;11;0;1
-24;-14;13;1;1
-24;-14;17;0;1
-24;-14;18;1;1
-24;-14;19;1;1
-24;-14;22;0;1
-24;-14;24;1;1
-24;-14;25;0;1
-24;-14;26;0;1
-24;-14;28;1;1
-24;-14;29;0;1
-24;-14;32;0;1
-24;-14;36;0;1
-24;-14;37;1;1
-24;-14;40;0;1
-24;-14;43;0;1
-24;-14;48;1;1
-24;-14;49;1;1
-24;-14;50;0;1
-24;-14;54;1;1
-24;-14;57;0;1
-24;-14;61;0;1
-24;-14;62;1;1
-24;-14;64;0;1
-24;-13;10;1;1
-24;-13;18;1;1
-24;-13;29;0;1
-24;-13;32;0;1
-24;-13;36;0;1
-24;-13;38;0;1
-24;-13;42;1;1
-24;-13;43;0;1
-24;-13;44;0;1
-24;-13;50;1;1
-24;-13;51;0;1
-24;-13;55;0;1
-24;-13;56;0;1
-24;-13;60;0;1
-24;-13;61;1;1
-24;-13;64;0;1
-24;-13;65;0;1
-24;-12;8;1;1
-24;-12;10;1;1
-24;-12;11;0;1
-24;-12;12;0;1
-24;-12;22;0;1
-24;-12;24;0;1
-24;-12;25;0;1
-24;-12;27;1;1
-24;-12;28;0;1
-24;-12;31;1;1
-24;-12;35;0;1
-24;-12;36;1;1
-24;-12;38;0;1
-24;-12;39;0;1
-24;-12;41;1;1
-24;-12;44;0;1
-24;-12;47;0;1
-24;-12;49;0;1
-24;-12;51;0;1
-24;-12;52;0;1
-24;-12;54;1;1
-24;-12;58;0;1
-24;-12;59;0;1
-24;-12;61;0;1
-24;-12;65;1;1
-24;-11;8;0;1
-24;-11;11;1;1
-24;-11;20;1;1
-24;-11;21;0;1
-24;-11;25;1;1
-24;-11;26;0;1
-24;-11;27;1;1
-24;-11;28;0;1
-24;-11;36;1;1
-24;-11;39;1;1
-24;-11;40;1;1
-24;-11;43;0;1
-24;-11;48;1;1
-24;-11;50;1;1
-24;-11;53;1;1
-24;-11;60;0;1
-24;-11;62;0;1
-24;-11;63;1;1
-24;-10;9;0;1
-24;-10;13;0;1
-24;-10;15;0;1
-24;-10;16;0;1
-24;-10;17;1;1
-24;-10;18;0;1
-24;-10;22;1;1
-24;-10;24;0;1
-24;-10;25;1;1
-24;-10;26;1;1
-24;-10;29;0;1
-24;-10;30;1;1
-24;-10;31;1;1
-24;-10;35;0;1
-24;-10;37;1;1
-24;-10;38;0;1
-24;-10;41;0;1
-24;-10;43;1;1
-24;-10;49;0;1
-24;-10;50;1;1
-24;-10;51;0;1
-24;-10;55;0;1
-24;-10;58;0;1
-24;-10;60;1;1
-24;-10;62;0;1
-24;-10;63;0;1
-24;-10;65;1;1
-24;-10;66;0;1
-24;-9;7;0;1
-24;-9;8;1;1
-24;-9;9;0;1
-24;-9;11;0;1
-24;-9;14;0;1
-24;-9;16;0;1
-24;-9;20;0;1
-24;-9;26;0;1
-24;-9;28;0;1
-24;-9;29;0;1
-24;-9;33;1;1
-24;-9;34;0;1
-24;-9;37;0;1
-24;-9;38;1;1
-24;-9;40;0;1
-24;-9;41;0;1
-24;-9;42;0;1
-24;-9;43;0;1
-24;-9;46;0;1
-24;-9;50;0;1
-24;-9;51;0;1
-24;-9;53;0;1
-24;-9;57;0;1
-24;-9;58;0;1
-24;-9;61;0;1
-24;-9;65;0;1
-24;-8;10;0;1
-24;-8;11;0;1
-24;-8;12;0;1
-24;-8;13;0;1
-24;-8;18;0;1
-24;-8;19;1;1
-24;-8;20;0;1
-24;-8;23;0;1
-24;-8;24;1;1
-24;-8;27;0;1
-24;-8;28;1;1
-24;-8;30;0;1
-24;-8;36;0;1
-24;-8;37;0;1
-24;-8;39;0;1
-24;-8;40;0;1
-24;-8;46;1;1
-24;-8;47;0;1
-24;-8;49;0;1
-24;-8;50;0;1
-24;-8;54;1;1
-24;-8;55;0;1
-24;-8;58;0;1
-24;-8;59;1;1
-24;-8;60;0;1
-24;-8;65;1;1
-24;-7;8;0;1
-24;-7;9;0;1
-24;-7;10;1;1
-24;-7;20;1;1
-24;-7;21;0;1
-24;-7;26;0;1
-24;-7;31;0;1
-24;-7;32;0;1
-24;-7;33;0;1
-24;-7;36;1;1
-24;-7;37;0;1
-24;-7;41;0;1
-24;-7;42;0;1
-24;-7;44;1;1
-24;-7;45;0;1
-24;-7;47;1;1
-24;-7;51;0;1
-24;-7;52;0;1
-24;-7;53;0;1
-24;-7;54;0;1
-24;-7;55;0;1
-24;-7;58;0;1
-24;-7;59;0;1
-24;-7;60;0;1
-24;-7;61;0;1
-24;-7;62;0;1
-24;-7;63;0;1
-24;-7;64;0;1
-24;-7;65;0;1
-24;-6;7;0;1
-24;-6;11;0;1
-24;-6;12;0;1
-24;-6;13;0;1
-24;-6;16;0;1
-24;-6;17;1;1
-24;-6;22;1;1
-24;-6;28;1;1
-24;-6;34;0;1
-24;-6;35;0;1
-24;-6;36;0;1
-24;-6;37;0;1
-24;-6;38;1;1
-24;-6;40;1;1
-24;-6;42;0;1
-24;-6;45;0;1
-24;-6;46;1;1
-24;-6;51;0;1
-24;-6;52;0;1
-24;-6;53;0;1
-24;-6;55;1;1
-24;-6;56;0;1
-24;-6;58;0;1
-24;-6;64;1;1
-24;-6;66;0;1
-24;-5;7;0;1
-24;-5;12;0;1
-24;-5;15;0;1
-24;-5;17;0;1
-24;-5;18;1;1
-24;-5;19;1;1
-24;-5;21;1;1
-24;-5;29;1;1
-24;-5;33;1;1
-24;-5;36;0;1
-24;-5;37;0;1
-24;-5;39;0;1
-24;-5;40;0;1
-24;-5;41;0;1
-24;-5;44;1;1
-24;-5;49;0;1
-24;-5;50;0;1
-24;-5;56;0;1
-24;-5;58;1;1
-24;-5;61;0;1
-24;-5;62;0;1
-24;-5;66;0;1
-24;-4;9;1;1
-24;-4;15;0;1
-24;-4;16;1;1
-24;-4;19;0;1
-24;-4;20;0;1
-24;-4;21;0;1
-24;-4;23;1;1
-24;-4;24;0;1
-24;-4;26;0;1
-24;-4;27;0;1
-24;-4;29;0;1
-24;-4;30;0;1
-24;-4;32;0;1
-24;-4;33;0;1
-24;-4;40;1;1
-24;-4;41;0;1
-24;-4;43;0;1
-24;-4;49;0;1
-24;-4;52;0;1
-24;-4;57;0;1
-24;-4;58;1;1
-24;-4;65;1;1
-24;-3;7;1;1
-24;-3;13;1;1
-24;-3;17;0;1
-24;-3;22;0;1
-24;-3;23;0;1
-24;-3;24;1;1
-24;-3;27;0;1
-24;-3;30;1;1
-24;-3;31;1;1
-24;-3;32;0;1
-24;-3;36;1;1
-24;-3;39;1;1
-24;-3;45;1;1
-24;-3;47;0;1
-24;-3;48;1;1
-24;-3;49;0;1
-24;-3;52;0;1
-24;-3;54;1;1
-24;-3;55;0;1
-24;-3;57;1;1
-24;-3;61;0;1
-24;-3;63;1;1
-24;-3;64;0;1
-24;-3;66;0;1
-24;-2;8;1;1
-24;-2;9;1;1
-24;-2;11;0;1
-24;-2;13;0;1
-24;-2;14;0;1
-24;-2;15;0;1
-24;-2;20;1;1
-24;-2;24;1;1
-24;-2;25;0;1
-24;-2;27;0;1
-24;-2;29;1;1
-24;-2;31;0;1
-24;-2;32;1;1
-24;-2;34;1;1
-24;-2;36;1;1
-24;-2;37;0;1
-24;-2;41;1;1
-24;-2;45;1;1
-24;-2;47;0;1
-24;-2;51;0;1
-24;-2;57;1;1
-24;-2;60;0;1
-24;-2;61;1;1
-24;-2;66;0;1
-24;-1;7;1;1
-24;-1;8;0;1
-24;-1;16;0;1
-24;-1;19;0;1
-24;-1;20;1;1
-24;-1;21;0;1
-24;-1;22;1;1
-24;-1;23;1;1
-24;-1;24;0;1
-24;-1;28;0;1
-24;-1;30;0;1
-24;-1;32;0;1
-24;-1;33;0;1
-24;-1;34;0;1
-24;-1;36;0;1
-24;-1;39;0;1
-24;-1;41;0;1
-24;-1;43;0;1
-24;-1;47;0;1
-24;-1;52;1;1
-24;-1;54;0;1
-24;-1;57;0;1
-24;-1;60;0;1
-24;-1;61;0;1
-24;-1;63;1;1
-24;-1;64;0;1
-24;0;7;0;1
-24;0;9;0;1
-24;0;10;0;1
-24;0;13;1;1
-24;0;14;0;1
-24;0;16;0;1
-24;0;17;0;1
-24;0;18;0;1
-24;0;19;0;1
-24;0;24;0;1
-24;0;30;0;1
-24;0;31;0;1
-24;0;34;1;1
-24;0;36;1;1
-24;0;38;0;1
-24;0;41;0;1
-24;0;53;0;1
-24;0;56;1;1
-24;0;61;0;1
-24;0;62;0;1
-24;1;9;0;1
-24;1;10;0;1
-24;1;13;1;1
-24;1;17;1;1
-24;1;19;1;1
-24;1;21;1;1
-24;1;22;0;1
-24;1;23;0;1
-24;1;24;1;1
-24;1;27;0;1
-24;1;28;0;1
-24;1;30;1;1
-24;1;32;0;1
-24;1;33;0;1
-24;1;34;0;1
-24;1;35;1;1
-24;1;36;1;1
-24;1;38;0;1
-24;1;42;0;1
-24;1;43;0;1
-24;1;45;1;1
-24;1;50;1;1
-24;1;53;0;1
-24;1;55;0;1
-24;1;59;1;1
-24;1;61;0;1
-24;2;7;1;1
-24;2;8;0;1
-24;2;17;1;1
-24;2;18;0;1
-24;2;19;0;1
-24;2;21;0;1
-24;2;28;1;1
-24;2;30;1;1
-24;2;31;1;1
-24;2;32;1;1
-24;2;36;0;1
-24;2;39;1;1
-24;2;40;0;1
-24;2;43;1;1
-24;2;47;1;1
-24;2;50;0;1
-24;2;51;0;1
-24;2;53;0;1
-24;2;55;0;1
-24;2;56;0;1
-24;2;57;1;1
-24;2;64;1;1
-24;2;65;1;1
-24;2;66;0;1
-24;3;10;0;1
-24;3;12;0;1
-24;3;16;0;1
-24;3;17;1;1
-24;3;19;0;1
-24;3;20;0;1
-24;3;21;1;1
-24;3;23;0;1
-24;3;25;0;1
-24;3;26;0;1
-24;3;28;0;1
-24;3;29;0;1
-24;3;30;0;1
-24;3;33;0;1
-24;3;37;0;1
-24;3;39;1;1
-24;3;41;0;1
-24;3;44;0;1
-24;3;45;0;1
-24;3;46;0;1
-24;3;48;0;1
-24;3;50;1;1
-24;3;51;1;1
-24;3;52;0;1
-24;3;53;0;1
-24;3;54;1;1
-24;3;55;0;1
-24;3;58;0;1
-24;3;59;0;1
-24;3;60;1;1
-24;3;65;1;1
-24;4;7;0;1
-24;4;10;1;1
-24;4;11;1;1
-24;4;14;0;1
-24;4;18;0;1
-24;4;19;1;1
-24;4;21;0;1
-24;4;23;0;1
-24;4;24;0;1
-24;4;25;0;1
-24;4;27;0;1
-24;4;29;0;1
-24;4;32;0;1
-24;4;34;0;1
-24;4;38;0;1
-24;4;41;1;1
-24;4;43;0;1
-24;4;47;0;1
-24;4;48;0;1
-24;4;49;0;1
-24;4;50;0;1
-24;4;53;0;1
-24;4;58;0;1
-24;4;60;0;1
-24;5;7;0;1
-24;5;9;0;1
-24;5;15;0;1
-24;5;18;0;1
-24;5;20;0;1
-24;5;21;0;1
-24;5;25;0;1
-24;5;29;1;1
-24;5;32;1;1
-24;5;34;0;1
-24;5;36;1;1
-24;5;38;1;1
-24;5;40;0;1
-24;5;41;1;1
-24;5;43;1;1
-24;5;44;0;1
-24;5;46;0;1
-24;5;47;0;1
-24;5;49;0;1
-24;5;54;0;1
-24;5;55;1;1
-24;5;57;0;1
-24;5;58;0;1
-24;5;61;1;1
-24;5;65;0;1
-24;5;66;0;1
-24;6;8;0;1
-24;6;11;0;1
-24;6;12;1;1
-24;6;14;0;1
-24;6;17;1;1
-24;6;22;0;1
-24;6;23;1;1
-24;6;25;0;1
-24;6;27;0;1
-24;6;28;1;1
-24;6;30;1;1
-24;6;32;0;1
-24;6;35;0;1
-24;6;39;1;1
-24;6;42;1;1
-24;6;44;0;1
-24;6;48;0;1
-24;6;49;0;1
-24;6;51;0;1
-24;6;52;1;1
-24;6;55;0;1
-24;6;56;0;1
-24;6;62;0;1
-24;7;7;1;1
-24;7;13;0;1
-24;7;15;1;1
-24;7;25;0;1
-24;7;28;0;1
-24;7;36;1;1
-24;7;38;0;1
-24;7;44;0;1
-24;7;47;0;1
-24;7;48;1;1
-24;7;52;0;1
-24;7;56;0;1
-24;7;58;0;1
-24;7;60;0;1
-24;7;63;0;1
-24;7;64;0;1
-24;8;7;0;1
-24;8;8;0;1
-24;8;11;0;1
-24;8;14;0;1
-24;8;16;1;1
-24;8;18;0;1
-24;8;19;0;1
-24;8;25;0;1
-24;8;35;0;1
-24;8;36;0;1
-24;8;37;0;1
-24;8;39;1;1
-24;8;42;0;1
-24;8;43;0;1
-24;8;48;1;1
-24;8;50;0;1
-24;8;52;0;1
-24;8;54;1;1
-24;8;55;1;1
-24;8;57;0;1
-24;8;59;0;1
-24;8;61;1;1
-24;8;64;0;1
-24;8;65;1;1
-24;8;66;1;1
-24;9;9;1;1
-24;9;11;0;1
-24;9;12;0;1
-24;9;13;0;1
-24;9;16;0;1
-24;9;17;0;1
-24;9;18;1;1
-24;9;19;0;1
-24;9;24;1;1
-24;9;28;1;1
-24;9;31;0;1
-24;9;32;0;1
-24;9;38;0;1
-24;9;39;0;1
-24;9;43;0;1
-24;9;44;0;1
-24;9;51;0;1
-24;9;52;0;1
-24;9;53;0;1
-24;9;57;0;1
-24;9;58;0;1
-24;9;61;1;1
-24;9;65;0;1
-24;9;66;0;1
-24;10;12;1;1
-24;10;14;0;1
-24;10;28;0;1
-24;10;31;0;1
-24;10;34;0;1
-24;10;42;0;1
-24;10;43;1;1
-24;10;44;1;1
-24;10;48;1;1
-24;10;50;1;1
-24;10;56;1;1
-24;10;60;0;1
-24;10;66;1;1
-24;11;8;0;1
-24;11;9;0;1
-24;11;15;0;1
-24;11;18;1;1
-24;11;19;1;1
-24;11;22;0;1
-24;11;23;0;1
-24;11;29;0;1
-24;11;31;0;1
-24;11;32;0;1
-24;11;33;0;1
-24;11;36;1;1
-24;11;41;1;1
-24;11;42;0;1
-24;11;43;1;1
-24;11;44;0;1
-24;11;45;1;1
-24;11;49;1;1
-24;11;51;0;1
-24;11;53;1;1
-24;11;59;0;1
-24;11;62;0;1
-24;11;63;1;1
-24;11;65;0;1
-24;12;12;0;1
-24;12;13;0;1
-24;12;16;0;1
-24;12;19;1;1
-24;12;21;0;1
-24;12;22;0;1
-24;12;23;0;1
-24;12;30;0;1
-24;12;32;0;1
-24;12;33;1;1
-24;12;36;0;1
-24;12;41;1;1
-24;12;44;0;1
-24;12;45;0;1
-24;12;46;1;1
-24;12;48;0;1
-24;12;50;0;1
-24;12;52;1;1
-24;12;55;1;1
-24;12;56;1;1
-24;12;58;0;1
-24;12;59;1;1
-24;12;60;0;1
-24;13;8;1;1
-24;13;10;0;1
-24;13;12;0;1
-24;13;14;1;1
-24;13;18;0;1
-24;13;25;1;1
-24;13;29;0;1
-24;13;30;0;1
-24;13;37;1;1
-24;13;39;0;1
-24;13;40;0;1
-24;13;42;0;1
-24;13;44;0;1
-24;13;46;0;1
-24;13;48;1;1
-24;13;56;1;1
-24;13;59;1;1
-24;13;61;1;1
-24;13;62;0;1
-24;13;63;0;1
-24;13;64;0;1
-24;13;65;0;1
-24;14;8;1;1
-24;14;11;0;1
-24;14;16;0;1
-24;14;18;0;1
-24;14;22;1;1
-24;14;25;1;1
-24;14;28;0;1
-24;14;29;0;1
-24;14;35;0;1
-24;14;38;0;1
-24;14;39;1;1
-24;14;40;0;1
-24;14;43;1;1
-24;14;44;0;1
-24;14;45;1;1
-24;14;55;1;1
-24;14;60;1;1
-24;14;61;0;1
-24;14;62;0;1
-24;14;63;0;1
-24;14;65;1;1
-24;15;10;0;1
-24;15;11;0;1
-24;15;13;0;1
-24;15;18;0;1
-24;15;20;1;1
-24;15;21;1;1
-24;15;25;1;1
-24;15;30;1;1
-24;15;31;1;1
-24;15;36;0;1
-24;15;37;1;1
-24;15;41;0;1
-24;15;42;1;1
-24;15;43;0;1
-24;15;46;1;1
-24;15;47;0;1
-24;15;50;0;1
-24;15;55;0;1
-24;15;56;1;1
-24;15;57;1;1
-24;15;58;1;1
-24;15;59;1;1
-24;15;61;1;1
-24;15;62;1;1
-24;15;64;1;1
-24;15;65;0;1
-24;16;9;1;1
-24;16;10;0;1
-24;16;13;0;1
-24;16;14;0;1
-24;16;17;0;1
-24;16;19;0;1
-24;16;23;0;1
-24;16;25;0;1
-24;16;26;0;1
-24;16;33;0;1
-24;16;35;1;1
-24;16;37;0;1
-24;16;47;1;1
-24;16;54;1;1
-24;16;57;1;1
-24;16;59;1;1
-24;16;62;1;1
-24;16;63;0;1
-24;17;8;0;1
-24;17;11;0;1
-24;17;13;0;1
-24;17;17;0;1
-24;17;20;0;1
-24;17;21;0;1
-24;17;23;1;1
-24;17;26;0;1
-24;17;32;1;1
-24;17;35;0;1
-24;17;36;1;1
-24;17;38;1;1
-24;17;41;0;1
-24;17;43;0;1
-24;17;44;0;1
-24;17;46;0;1
-24;17;47;1;1
-24;17;48;0;1
-24;17;50;0;1
-24;17;54;0;1
-24;17;61;0;1
-24;17;62;1;1
-24;18;11;1;1
-24;18;15;0;1
-24;18;16;1;1
-24;18;19;1;1
-24;18;21;0;1
-24;18;22;0;1
-24;18;23;0;1
-24;18;24;1;1
-24;18;28;0;1
-24;18;29;0;1
-24;18;30;0;1
-24;18;33;0;1
-24;18;35;0;1
-24;18;40;0;1
-24;18;48;1;1
-24;18;49;0;1
-24;18;51;0;1
-24;18;53;0;1
-24;18;56;0;1
-24;18;59;0;1
-24;18;60;1;1
-24;18;63;0;1
-24;18;64;0;1
-24;19;9;1;1
-24;19;10;1;1
-24;19;12;1;1
-24;19;17;0;1
-24;19;26;0;1
-24;19;29;0;1
-24;19;34;0;1
-24;19;35;0;1
-24;19;39;0;1
-24;19;40;1;1
-24;19;41;0;1
-24;19;44;1;1
-24;19;45;0;1
-24;19;52;0;1
-24;19;54;1;1
-24;19;56;0;1
-24;19;58;0;1
-24;19;59;0;1
-24;19;63;0;1
-24;20;9;0;1
-24;20;10;0;1
-24;20;11;1;1
-24;20;14;1;1
-24;20;17;1;1
-24;20;23;1;1
-24;20;24;1;1
-24;20;26;0;1
-24;20;28;0;1
-24;20;32;0;1
-24;20;34;0;1
-24;20;39;0;1
-24;20;41;1;1
-24;20;42;0;1
-24;20;43;0;1
-24;20;46;1;1
-24;20;47;1;1
-24;20;50;0;1
-24;20;53;1;1
-24;20;54;0;1
-24;20;55;0;1
-24;20;56;0;1
-24;20;57;1;1
-24;20;59;1;1
-24;20;60;0;1
-24;20;61;0;1
-24;20;62;0;1
-24;21;11;1;1
-24;21;13;0;1
-24;21;14;0;1
-24;21;17;0;1
-24;21;19;1;1
-24;21;20;1;1
-24;21;21;1;1
-24;21;22;1;1
-24;21;31;1;1
-24;21;40;0;1
-24;21;41;1;1
-24;21;43;0;1
-24;21;45;0;1
-24;21;46;0;1
-24;21;51;0;1
-24;21;57;1;1
-24;21;58;0;1
-24;21;60;1;1
-24;21;61;0;1
-24;21;63;0;1
-24;22;9;0;1
-24;22;13;1;1
-24;22;15;0;1
-24;22;16;0;1
-24;22;19;1;1
-24;22;22;0;1
-24;22;23;0;1
-24;22;32;0;1
-24;22;34;0;1
-24;22;35;0;1
-24;22;38;1;1
-24;22;43;0;1
-24;22;45;1;1
-24;22;48;0;1
-24;22;49;0;1
-24;22;50;0;1
-24;22;54;0;1
-24;22;57;0;1
-24;22;60;0;1
-24;22;61;0;1
-24;23;9;0;1
-24;23;13;0;1
-24;23;16;0;1
-24;23;18;0;1
-24;23;23;0;1
-24;23;26;1;1
-24;23;29;0;1
-24;23;30;0;1
-24;23;32;1;1
-24;23;35;1;1
-24;23;36;0;1
-24;23;37;0;1
-24;23;39;0;1
-24;23;41;0;1
-24;23;44;1;1
-24;23;45;1;1
-24;23;46;1;1
-24;23;48;0;1
-24;23;50;0;1
-24;23;52;0;1
-24;23;53;0;1
-24;23;58;0;1
-24;24;10;1;1
-24;24;11;1;1
-24;24;16;1;1
-24;24;18;0;1
-24;24;19;1;1
-24;24;20;0;1
-24;24;21;0;1
-24;24;22;1;1
-24;24;23;1;1
-24;24;24;1;1
-24;24;31;0;1
-24;24;32;1;1
-24;24;34;0;1
-24;24;38;0;1
-24;24;41;0;1
-24;24;43;0;1
-24;24;45;0;1
-24;24;46;0;1
-24;24;48;0;1
-24;24;51;1;1
-24;24;52;0;1
-24;24;54;1;1
-24;24;55;0;1
-24;24;57;1;1
-24;24;61;1;1
-24;24;62;0;1
-24;25;10;1;1
-24;25;12;0;1
-24;25;13;1;1
-24;25;16;0;1
-24;25;18;0;1
-24;25;23;0;1
-24;25;24;0;1
-24;25;27;0;1
-24;25;31;0;1
-24;25;32;0;1
-24;25;33;0;1
-24;25;34;0;1
-24;25;36;1;1
-24;25;40;0;1
-24;25;44;1;1
-24;25;46;1;1
-24;25;48;1;1
-24;25;53;1;1
-24;25;55;0;1
-24;25;59;0;1
-24;25;60;0;1
-24;25;61;1;1
-24;25;62;0;1
-24;26;10;1;1
-24;26;11;0;1
-24;26;14;0;1
-24;26;17;1;1
-24;26;24;0;1
-24;26;25;0;1
-24;26;26;0;1
-24;26;27;1;1
-24;26;28;0;1
-24;26;30;0;1
-24;26;32;0;1
-24;26;34;0;1
-24;26;38;1;1
-24;26;40;1;1
-24;26;47;0;1
-24;26;49;1;1
-24;26;51;0;1
-24;26;52;0;1
-24;26;53;1;1
-24;26;54;1;1
-24;27;10;0;1
-24;27;14;0;1
-24;27;17;1;1
-24;27;22;1;1
-24;27;23;1;1
-24;27;24;1;1
-24;27;25;0;1
-24;27;30;0;1
-24;27;31;0;1
-24;27;40;0;1
-24;27;43;0;1
-24;27;48;0;1
-24;27;49;0;1
-24;27;51;0;1
-24;27;53;1;1
-24;27;55;1;1
-24;27;60;1;1
-24;27;61;1;1
-24;28;10;1;1
-24;28;11;0;1
-24;28;12;0;1
-24;28;13;0;1
-24;28;16;0;1
-24;28;19;1;1
-24;28;23;1;1
-24;28;33;1;1
-24;28;39;0;1
-24;28;40;0;1
-24;28;41;0;1
-24;28;42;1;1
-24;28;43;0;1
-24;28;44;0;1
-24;28;47;0;1
-24;28;48;0;1
-24;28;49;0;1
-24;28;51;0;1
-24;28;53;1;1
-24;28;55;1;1
-24;28;58;0;1
-24;28;59;1;1
-24;29;11;0;1
-24;29;12;0;1
-24;29;15;0;1
-24;29;17;1;1
-24;29;18;1;1
-24;29;20;0;1
-24;29;21;1;1
-24;29;25;0;1
-24;29;26;1;1
-24;29;30;0;1
-24;29;38;1;1
-24;29;39;1;1
-24;29;40;1;1
-24;29;41;0;1
-24;29;44;0;1
-24;29;48;1;1
-24;29;49;1;1
-24;29;51;0;1
-24;29;53;0;1
-24;29;57;0;1
-24;30;11;0;1
-24;30;12;0;1
-24;30;14;0;1
-24;30;15;0;1
-24;30;16;0;1
-24;30;18;0;1
-24;30;19;1;1
-24;30;21;1;1
-24;30;23;0;1
-24;30;24;0;1
-24;30;32;0;1
-24;30;33;0;1
-24;30;36;0;1
-24;30;39;0;1
-24;30;41;0;1
-24;30;42;0;1
-24;30;43;0;1
-24;30;46;0;1
-24;30;48;1;1
-24;30;49;0;1
-24;30;53;0;1
-24;30;54;0;1
-24;30;57;0;1
-24;30;59;1;1
-24;31;11;0;1
-24;31;12;1;1
-24;31;13;0;1
-24;31;14;0;1
-24;31;17;1;1
-24;31;18;0;1
-24;31;20;0;1
-24;31;30;1;1
-24;31;32;0;1
-24;31;35;0;1
-24;31;36;0;1
-24;31;37;0;1
-24;31;40;1;1
-24;31;43;1;1
-24;31;45;0;1
-24;31;46;0;1
-24;31;52;0;1
-24;31;53;0;1
-24;31;55;1;1
-24;31;57;0;1
-24;32;12;1;1
-24;32;13;0;1
-24;32;14;0;1
-24;32;20;0;1
-24;32;22;0;1
-24;32;24;0;1
-24;32;27;0;1
-24;32;31;0;1
-24;32;32;0;1
-24;32;33;0;1
-24;32;34;0;1
-24;32;37;1;1
-24;32;38;1;1
-24;32;43;1;1
-24;32;46;0;1
-24;32;48;1;1
-24;32;49;0;1
-24;32;52;0;1
-24;32;55;0;1
-24;32;57;1;1
-24;33;13;0;1
-24;33;15;0;1
-24;33;16;0;1
-24;33;17;1;1
-24;33;18;1;1
-24;33;19;0;1
-24;33;23;1;1
-24;33;24;0;1
-24;33;28;0;1
-24;33;33;0;1
-24;33;34;1;1
-24;33;36;0;1
-24;33;39;0;1
-24;33;42;0;1
-24;33;44;0;1
-24;33;47;1;1
-24;33;48;1;1
-24;33;49;0;1
-24;33;50;1;1
-24;33;52;1;1
-24;33;53;1;1
-24;33;54;0;1
-24;33;56;0;1
-24;33;58;0;1
-24;34;13;1;1
-24;34;17;1;1
-24;34;25;1;1
-24;34;26;0;1
-24;34;27;0;1
-24;34;29;1;1
-24;34;31;1;1
-24;34;33;1;1
-24;34;36;0;1
-24;34;37;1;1
-24;34;40;0;1
-24;34;41;0;1
-24;34;43;0;1
-24;34;44;0;1
-24;34;45;1;1
-24;34;49;1;1
-24;34;57;0;1
-24;35;15;1;1
-24;35;18;0;1
-24;35;20;0;1
-24;35;21;0;1
-24;35;24;0;1
-24;35;25;0;1
-24;35;28;1;1
-24;35;34;0;1
-24;35;35;1;1
-24;35;36;1;1
-24;35;39;0;1
-24;35;43;1;1
-24;35;47;0;1
-24;35;54;0;1
-24;35;55;1;1
-24;36;14;0;1
-24;36;17;0;1
-24;36;18;0;1
-24;36;20;1;1
-24;36;22;1;1
-24;36;23;0;1
-24;36;25;1;1
-24;36;26;0;1
-24;36;27;0;1
-24;36;37;0;1
-24;36;43;1;1
-24;36;45;1;1
-24;36;47;0;1
-24;36;49;1;1
-24;36;50;0;1
-24;36;54;1;1
-24;36;56;0;1
-24;37;12;0;1
-24;37;13;1;1
-24;37;15;0;1
-24;37;16;0;1
-24;37;18;0;1
-24;37;19;0;1
-24;37;22;0;1
-24;37;24;0;1
-24;37;25;0;1
-24;37;29;1;1
-24;37;33;1;1
-24;37;34;0;1
-24;37;35;1;1
-24;37;40;0;1
-24;37;42;0;1
-24;37;43;0;1
-24;37;44;0;1
-24;37;46;0;1
-24;37;48;0;1
-24;37;49;1;1
-24;37;52;0;1
-24;37;55;0;1
-24;38;13;1;1
-24;38;14;0;1
-24;38;15;1;1
-24;38;17;1;1
-24;38;23;0;1
-24;38;24;0;1
-24;38;31;1;1
-24;38;38;1;1
-24;38;39;0;1
-24;38;40;1;1
-24;38;41;1;1
-24;38;45;0;1
-24;38;46;0;1
-24;38;47;1;1
-24;38;48;0;1
-24;38;53;0;1
-24;38;55;0;1
-24;39;15;1;1
-24;39;18;0;1
-24;39;21;1;1
-24;39;22;1;1
-24;39;24;1;1
-24;39;25;0;1
-24;39;27;0;1
-24;39;29;1;1
-24;39;31;0;1
-24;39;32;1;1
-24;39;34;1;1
-24;39;42;0;1
-24;39;44;0;1
-24;39;46;0;1
-24;39;49;0;1
-24;39;50;0;1
-24;40;13;0;1
-24;40;18;0;1
-24;40;19;1;1
-24;40;23;1;1
-24;40;25;0;1
-24;40;27;0;1
-24;40;30;0;1
-24;40;35;1;1
-24;40;36;1;1
-24;40;37;1;1
-24;40;41;1;1
-24;40;45;0;1
-24;40;47;0;1
-24;40;48;1;1
-24;40;51;1;1
-24;40;53;1;1
-24;41;13;1;1
-24;41;14;1;1
-24;41;16;1;1
-24;41;18;1;1
-24;41;19;0;1
-24;41;22;1;1
-24;41;24;0;1
-24;41;26;0;1
-24;41;28;0;1
-24;41;29;0;1
-24;41;30;1;1
-24;41;31;0;1
-24;41;36;0;1
-24;41;38;0;1
-24;41;41;0;1
-24;41;43;0;1
-24;41;45;1;1
-24;41;48;1;1
-24;41;49;1;1
-23;-39;16;0;1
-23;-39;18;0;1
-23;-39;23;1;1
-23;-39;24;0;1
-23;-39;25;0;1
-23;-39;26;0;1
-23;-39;27;0;1
-23;-39;28;0;1
-23;-39;29;1;1
-23;-39;30;1;1
-23;-39;33;0;1
-23;-39;34;0;1
-23;-39;35;0;1
-23;-39;38;0;1
-23;-39;39;0;1
-23;-39;44;0;1
-23;-39;45;1;1
-23;-39;50;0;1
-23;-38;12;1;1
-23;-38;14;0;1
-23;-38;15;1;1
-23;-38;19;1;1
-23;-38;24;0;1
-23;-38;32;0;1
-23;-38;33;0;1
-23;-38;35;0;1
-23;-38;36;0;1
-23;-38;38;1;1
-23;-38;40;0;1
-23;-38;42;0;1
-23;-38;45;1;1
-23;-38;48;0;1
-23;-38;50;1;1
-23;-38;51;0;1
-23;-37;12;1;1
-23;-37;13;1;1
-23;-37;14;1;1
-23;-37;15;1;1
-23;-37;18;1;1
-23;-37;20;1;1
-23;-37;21;0;1
-23;-37;23;0;1
-23;-37;24;0;1
-23;-37;27;0;1
-23;-37;29;0;1
-23;-37;31;0;1
-23;-37;37;1;1
-23;-37;39;1;1
-23;-37;43;0;1
-23;-37;46;1;1
-23;-37;49;1;1
-23;-37;50;0;1
-23;-37;55;0;1
-23;-36;12;1;1
-23;-36;13;0;1
-23;-36;14;0;1
-23;-36;15;1;1
-23;-36;17;0;1
-23;-36;18;0;1
-23;-36;23;1;1
-23;-36;24;1;1
-23;-36;33;0;1
-23;-36;40;0;1
-23;-36;41;1;1
-23;-36;42;0;1
-23;-36;49;0;1
-23;-36;50;0;1
-23;-36;53;0;1
-23;-36;54;0;1
-23;-35;13;0;1
-23;-35;16;0;1
-23;-35;30;0;1
-23;-35;31;0;1
-23;-35;34;0;1
-23;-35;35;0;1
-23;-35;37;0;1
-23;-35;38;1;1
-23;-35;43;0;1
-23;-35;44;1;1
-23;-35;47;0;1
-23;-35;49;1;1
-23;-35;54;0;1
-23;-35;57;0;1
-23;-34;13;0;1
-23;-34;15;0;1
-23;-34;16;1;1
-23;-34;18;0;1
-23;-34;19;1;1
-23;-34;25;1;1
-23;-34;27;1;1
-23;-34;28;0;1
-23;-34;30;1;1
-23;-34;37;0;1
-23;-34;39;0;1
-23;-34;40;0;1
-23;-34;46;1;1
-23;-34;48;0;1
-23;-34;50;0;1
-23;-34;54;1;1
-23;-34;55;0;1
-23;-34;57;0;1
-23;-33;14;1;1
-23;-33;17;1;1
-23;-33;18;0;1
-23;-33;19;0;1
-23;-33;20;1;1
-23;-33;21;1;1
-23;-33;22;0;1
-23;-33;23;0;1
-23;-33;28;0;1
-23;-33;30;1;1
-23;-33;31;1;1
-23;-33;32;0;1
-23;-33;33;1;1
-23;-33;38;1;1
-23;-33;39;0;1
-23;-33;41;0;1
-23;-33;42;0;1
-23;-33;43;1;1
-23;-33;45;0;1
-23;-33;47;1;1
-23;-33;55;0;1
-23;-32;11;0;1
-23;-32;13;1;1
-23;-32;14;0;1
-23;-32;15;0;1
-23;-32;19;1;1
-23;-32;20;1;1
-23;-32;21;0;1
-23;-32;22;1;1
-23;-32;25;0;1
-23;-32;28;0;1
-23;-32;29;0;1
-23;-32;31;1;1
-23;-32;33;0;1
-23;-32;34;0;1
-23;-32;35;0;1
-23;-32;37;1;1
-23;-32;38;1;1
-23;-32;40;1;1
-23;-32;43;0;1
-23;-32;48;0;1
-23;-32;49;0;1
-23;-32;51;0;1
-23;-32;54;1;1
-23;-32;58;0;1
-23;-31;11;0;1
-23;-31;12;1;1
-23;-31;13;0;1
-23;-31;15;0;1
-23;-31;17;0;1
-23;-31;22;1;1
-23;-31;25;0;1
-23;-31;27;0;1
-23;-31;28;0;1
-23;-31;30;0;1
-23;-31;33;0;1
-23;-31;35;0;1
-23;-31;36;0;1
-23;-31;38;0;1
-23;-31;43;0;1
-23;-31;44;1;1
-23;-31;45;1;1
-23;-31;47;0;1
-23;-31;49;0;1
-23;-31;50;0;1
-23;-31;56;0;1
-23;-31;58;1;1
-23;-30;14;0;1
-23;-30;15;1;1
-23;-30;16;1;1
-23;-30;17;1;1
-23;-30;21;1;1
-23;-30;25;1;1
-23;-30;26;1;1
-23;-30;34;0;1
-23;-30;35;0;1
-23;-30;37;1;1
-23;-30;40;0;1
-23;-30;42;1;1
-23;-30;43;0;1
-23;-30;46;1;1
-23;-30;48;0;1
-23;-30;50;1;1
-23;-30;51;1;1
-23;-30;52;0;1
-23;-30;54;0;1
-23;-30;57;0;1
-23;-29;13;0;1
-23;-29;14;0;1
-23;-29;17;0;1
-23;-29;18;0;1
-23;-29;19;0;1
-23;-29;23;1;1
-23;-29;24;0;1
-23;-29;29;0;1
-23;-29;31;1;1
-23;-29;32;0;1
-23;-29;34;0;1
-23;-29;37;0;1
-23;-29;38;1;1
-23;-29;41;0;1
-23;-29;42;0;1
-23;-29;44;0;1
-23;-29;45;0;1
-23;-29;46;1;1
-23;-29;47;0;1
-23;-29;49;0;1
-23;-29;54;1;1
-23;-29;56;1;1
-23;-29;59;0;1
-23;-28;10;0;1
-23;-28;13;0;1
-23;-28;14;0;1
-23;-28;15;0;1
-23;-28;16;1;1
-23;-28;17;1;1
-23;-28;20;1;1
-23;-28;21;0;1
-23;-28;22;1;1
-23;-28;31;0;1
-23;-28;33;0;1
-23;-28;35;1;1
-23;-28;36;1;1
-23;-28;38;0;1
-23;-28;39;0;1
-23;-28;40;1;1
-23;-28;42;1;1
-23;-28;44;0;1
-23;-28;45;1;1
-23;-28;46;0;1
-23;-28;47;0;1
-23;-28;48;0;1
-23;-28;50;1;1
-23;-28;51;0;1
-23;-28;61;0;1
-23;-27;13;0;1
-23;-27;15;0;1
-23;-27;18;0;1
-23;-27;20;0;1
-23;-27;23;0;1
-23;-27;24;0;1
-23;-27;33;0;1
-23;-27;35;0;1
-23;-27;36;1;1
-23;-27;37;0;1
-23;-27;39;0;1
-23;-27;41;0;1
-23;-27;43;0;1
-23;-27;46;1;1
-23;-27;48;0;1
-23;-27;53;0;1
-23;-27;55;0;1
-23;-27;57;0;1
-23;-27;58;0;1
-23;-27;61;0;1
-23;-26;11;1;1
-23;-26;16;1;1
-23;-26;17;1;1
-23;-26;18;0;1
-23;-26;19;0;1
-23;-26;20;0;1
-23;-26;22;1;1
-23;-26;23;1;1
-23;-26;24;1;1
-23;-26;26;0;1
-23;-26;27;0;1
-23;-26;35;1;1
-23;-26;37;0;1
-23;-26;41;1;1
-23;-26;43;0;1
-23;-26;49;1;1
-23;-26;58;0;1
-23;-26;59;0;1
-23;-26;60;1;1
-23;-26;61;0;1
-23;-25;17;0;1
-23;-25;18;1;1
-23;-25;19;0;1
-23;-25;21;1;1
-23;-25;23;0;1
-23;-25;24;0;1
-23;-25;26;0;1
-23;-25;27;0;1
-23;-25;28;1;1
-23;-25;29;0;1
-23;-25;30;0;1
-23;-25;31;1;1
-23;-25;32;1;1
-23;-25;33;0;1
-23;-25;34;0;1
-23;-25;36;0;1
-23;-25;40;1;1
-23;-25;42;0;1
-23;-25;43;1;1
-23;-25;45;0;1
-23;-25;46;1;1
-23;-25;47;0;1
-23;-25;48;1;1
-23;-25;49;0;1
-23;-25;50;0;1
-23;-25;52;1;1
-23;-25;54;1;1
-23;-25;59;0;1
-23;-25;62;0;1
-23;-24;11;0;1
-23;-24;17;0;1
-23;-24;18;0;1
-23;-24;20;0;1
-23;-24;23;0;1
-23;-24;24;1;1
-23;-24;25;0;1
-23;-24;26;0;1
-23;-24;27;1;1
-23;-24;30;0;1
-23;-24;32;1;1
-23;-24;35;0;1
-23;-24;36;0;1
-23;-24;37;0;1
-23;-24;38;0;1
-23;-24;39;1;1
-23;-24;40;0;1
-23;-24;41;0;1
-23;-24;45;0;1
-23;-24;46;0;1
-23;-24;48;1;1
-23;-24;51;0;1
-23;-24;52;0;1
-23;-24;57;0;1
-23;-24;58;0;1
-23;-24;60;1;1
-23;-24;61;0;1
-23;-23;10;0;1
-23;-23;16;1;1
-23;-23;17;0;1
-23;-23;21;0;1
-23;-23;22;0;1
-23;-23;23;0;1
-23;-23;26;1;1
-23;-23;27;1;1
-23;-23;31;0;1
-23;-23;36;0;1
-23;-23;38;0;1
-23;-23;40;0;1
-23;-23;45;0;1
-23;-23;47;1;1
-23;-23;48;1;1
-23;-23;50;0;1
-23;-23;52;1;1
-23;-23;54;1;1
-23;-23;56;1;1
-23;-23;61;1;1
-23;-23;63;0;1
-23;-22;10;1;1
-23;-22;12;1;1
-23;-22;14;0;1
-23;-22;19;0;1
-23;-22;20;0;1
-23;-22;24;0;1
-23;-22;29;0;1
-23;-22;31;1;1
-23;-22;32;1;1
-23;-22;34;1;1
-23;-22;38;0;1
-23;-22;39;1;1
-23;-22;48;1;1
-23;-22;49;1;1
-23;-22;54;0;1
-23;-22;56;1;1
-23;-22;57;0;1
-23;-22;60;1;1
-23;-22;61;1;1
-23;-21;23;0;1
-23;-21;24;0;1
-23;-21;26;0;1
-23;-21;27;0;1
-23;-21;32;0;1
-23;-21;33;0;1
-23;-21;35;0;1
-23;-21;37;0;1
-23;-21;40;0;1
-23;-21;45;1;1
-23;-21;46;1;1
-23;-21;50;0;1
-23;-21;53;0;1
-23;-21;55;0;1
-23;-21;57;1;1
-23;-21;58;1;1
-23;-21;59;0;1
-23;-21;60;0;1
-23;-21;61;1;1
-23;-21;63;0;1
-23;-20;12;0;1
-23;-20;15;1;1
-23;-20;16;1;1
-23;-20;18;0;1
-23;-20;19;1;1
-23;-20;23;0;1
-23;-20;27;0;1
-23;-20;28;0;1
-23;-20;33;0;1
-23;-20;38;1;1
-23;-20;40;0;1
-23;-20;41;0;1
-23;-20;42;1;1
-23;-20;44;0;1
-23;-20;48;0;1
-23;-20;49;0;1
-23;-20;51;1;1
-23;-20;52;1;1
-23;-20;54;0;1
-23;-20;55;0;1
-23;-20;58;0;1
-23;-20;60;0;1
-23;-20;63;0;1
-23;-19;8;0;1
-23;-19;11;0;1
-23;-19;14;1;1
-23;-19;18;0;1
-23;-19;19;0;1
-23;-19;20;0;1
-23;-19;21;1;1
-23;-19;24;1;1
-23;-19;25;0;1
-23;-19;27;1;1
-23;-19;29;0;1
-23;-19;35;1;1
-23;-19;38;0;1
-23;-19;39;0;1
-23;-19;47;1;1
-23;-19;48;0;1
-23;-19;50;1;1
-23;-19;59;1;1
-23;-19;60;0;1
-23;-19;61;0;1
-23;-19;62;0;1
-23;-19;64;0;1
-23;-18;12;1;1
-23;-18;14;1;1
-23;-18;19;0;1
-23;-18;20;0;1
-23;-18;21;0;1
-23;-18;23;0;1
-23;-18;30;0;1
-23;-18;31;0;1
-23;-18;35;0;1
-23;-18;36;0;1
-23;-18;37;1;1
-23;-18;40;0;1
-23;-18;50;0;1
-23;-18;52;0;1
-23;-18;54;0;1
-23;-18;57;0;1
-23;-18;58;1;1
-23;-18;59;0;1
-23;-18;60;0;1
-23;-17;8;0;1
-23;-17;10;0;1
-23;-17;14;0;1
-23;-17;25;0;1
-23;-17;26;0;1
-23;-17;29;0;1
-23;-17;30;0;1
-23;-17;32;0;1
-23;-17;34;0;1
-23;-17;35;0;1
-23;-17;37;1;1
-23;-17;38;0;1
-23;-17;39;1;1
-23;-17;43;1;1
-23;-17;46;0;1
-23;-17;48;1;1
-23;-17;50;0;1
-23;-17;53;0;1
-23;-17;54;0;1
-23;-17;55;0;1
-23;-17;58;1;1
-23;-17;59;0;1
-23;-17;61;1;1
-23;-17;62;0;1
-23;-17;63;1;1
-23;-17;64;1;1
-23;-16;8;1;1
-23;-16;9;0;1
-23;-16;10;1;1
-23;-16;11;0;1
-23;-16;16;0;1
-23;-16;17;0;1
-23;-16;18;1;1
-23;-16;20;1;1
-23;-16;24;0;1
-23;-16;25;0;1
-23;-16;26;1;1
-23;-16;30;1;1
-23;-16;38;1;1
-23;-16;42;0;1
-23;-16;43;0;1
-23;-16;57;1;1
-23;-16;59;1;1
-23;-16;60;0;1
-23;-16;61;1;1
-23;-16;65;1;1
-23;-15;9;0;1
-23;-15;12;0;1
-23;-15;13;0;1
-23;-15;15;0;1
-23;-15;23;0;1
-23;-15;25;0;1
-23;-15;26;0;1
-23;-15;28;0;1
-23;-15;29;0;1
-23;-15;30;0;1
-23;-15;34;0;1
-23;-15;35;1;1
-23;-15;38;0;1
-23;-15;39;1;1
-23;-15;45;0;1
-23;-15;46;1;1
-23;-15;48;1;1
-23;-15;50;0;1
-23;-15;53;0;1
-23;-15;57;0;1
-23;-15;58;1;1
-23;-15;59;0;1
-23;-15;64;0;1
-23;-15;65;0;1
-23;-14;9;0;1
-23;-14;10;1;1
-23;-14;15;0;1
-23;-14;17;0;1
-23;-14;18;0;1
-23;-14;19;0;1
-23;-14;20;0;1
-23;-14;23;1;1
-23;-14;24;0;1
-23;-14;25;0;1
-23;-14;26;0;1
-23;-14;29;0;1
-23;-14;32;1;1
-23;-14;33;0;1
-23;-14;38;0;1
-23;-14;44;0;1
-23;-14;45;0;1
-23;-14;48;0;1
-23;-14;50;0;1
-23;-14;53;0;1
-23;-14;54;1;1
-23;-14;55;1;1
-23;-14;56;0;1
-23;-14;61;1;1
-23;-13;9;1;1
-23;-13;11;0;1
-23;-13;12;1;1
-23;-13;15;1;1
-23;-13;16;1;1
-23;-13;20;0;1
-23;-13;21;0;1
-23;-13;22;0;1
-23;-13;28;1;1
-23;-13;29;0;1
-23;-13;30;0;1
-23;-13;33;0;1
-23;-13;38;0;1
-23;-13;39;1;1
-23;-13;42;0;1
-23;-13;44;0;1
-23;-13;46;0;1
-23;-13;47;1;1
-23;-13;50;0;1
-23;-13;55;0;1
-23;-13;58;0;1
-23;-13;61;0;1
-23;-13;62;1;1
-23;-12;7;1;1
-23;-12;10;1;1
-23;-12;11;0;1
-23;-12;16;0;1
-23;-12;17;1;1
-23;-12;22;0;1
-23;-12;27;0;1
-23;-12;30;1;1
-23;-12;34;0;1
-23;-12;38;0;1
-23;-12;48;0;1
-23;-12;50;0;1
-23;-12;52;0;1
-23;-12;54;1;1
-23;-12;56;0;1
-23;-12;59;0;1
-23;-12;64;1;1
-23;-12;65;0;1
-23;-11;8;0;1
-23;-11;10;0;1
-23;-11;13;1;1
-23;-11;14;1;1
-23;-11;17;1;1
-23;-11;24;0;1
-23;-11;25;0;1
-23;-11;28;0;1
-23;-11;33;0;1
-23;-11;34;1;1
-23;-11;36;0;1
-23;-11;47;0;1
-23;-11;48;0;1
-23;-11;49;1;1
-23;-11;50;0;1
-23;-11;52;0;1
-23;-11;55;0;1
-23;-11;58;0;1
-23;-11;62;0;1
-23;-11;63;1;1
-23;-11;64;0;1
-23;-11;65;1;1
-23;-10;7;0;1
-23;-10;9;1;1
-23;-10;10;1;1
-23;-10;12;0;1
-23;-10;13;1;1
-23;-10;19;1;1
-23;-10;20;0;1
-23;-10;23;1;1
-23;-10;31;0;1
-23;-10;32;1;1
-23;-10;33;1;1
-23;-10;39;1;1
-23;-10;42;0;1
-23;-10;43;0;1
-23;-10;44;0;1
-23;-10;45;1;1
-23;-10;46;1;1
-23;-10;48;1;1
-23;-10;51;0;1
-23;-10;58;0;1
-23;-10;60;1;1
-23;-10;61;1;1
-23;-10;66;0;1
-23;-9;12;0;1
-23;-9;15;0;1
-23;-9;16;0;1
-23;-9;18;0;1
-23;-9;21;0;1
-23;-9;22;0;1
-23;-9;23;0;1
-23;-9;24;0;1
-23;-9;25;0;1
-23;-9;29;1;1
-23;-9;30;0;1
-23;-9;32;0;1
-23;-9;33;0;1
-23;-9;34;0;1
-23;-9;35;0;1
-23;-9;40;0;1
-23;-9;44;1;1
-23;-9;46;1;1
-23;-9;47;0;1
-23;-9;49;1;1
-23;-9;52;1;1
-23;-9;54;0;1
-23;-9;55;0;1
-23;-9;57;0;1
-23;-9;59;0;1
-23;-9;61;0;1
-23;-9;62;1;1
-23;-9;64;0;1
-23;-9;65;1;1
-23;-8;10;0;1
-23;-8;12;0;1
-23;-8;18;0;1
-23;-8;22;0;1
-23;-8;23;1;1
-23;-8;27;0;1
-23;-8;31;1;1
-23;-8;32;0;1
-23;-8;33;1;1
-23;-8;35;1;1
-23;-8;36;1;1
-23;-8;37;1;1
-23;-8;38;0;1
-23;-8;40;0;1
-23;-8;42;1;1
-23;-8;46;0;1
-23;-8;49;0;1
-23;-8;50;1;1
-23;-8;51;1;1
-23;-8;53;0;1
-23;-8;57;1;1
-23;-8;61;0;1
-23;-8;66;1;1
-23;-7;8;0;1
-23;-7;10;0;1
-23;-7;13;1;1
-23;-7;14;0;1
-23;-7;16;1;1
-23;-7;18;0;1
-23;-7;20;0;1
-23;-7;21;0;1
-23;-7;25;0;1
-23;-7;28;0;1
-23;-7;29;0;1
-23;-7;34;1;1
-23;-7;39;0;1
-23;-7;41;0;1
-23;-7;42;0;1
-23;-7;44;0;1
-23;-7;45;0;1
-23;-7;48;0;1
-23;-7;57;0;1
-23;-7;58;0;1
-23;-7;59;1;1
-23;-7;63;0;1
-23;-6;7;1;1
-23;-6;11;0;1
-23;-6;12;1;1
-23;-6;16;0;1
-23;-6;17;1;1
-23;-6;26;0;1
-23;-6;31;1;1
-23;-6;32;0;1
-23;-6;33;0;1
-23;-6;38;1;1
-23;-6;43;0;1
-23;-6;44;0;1
-23;-6;45;1;1
-23;-6;51;0;1
-23;-6;52;0;1
-23;-6;53;0;1
-23;-6;55;0;1
-23;-6;57;1;1
-23;-6;58;1;1
-23;-6;61;1;1
-23;-5;8;1;1
-23;-5;10;0;1
-23;-5;20;1;1
-23;-5;21;0;1
-23;-5;22;0;1
-23;-5;23;0;1
-23;-5;28;0;1
-23;-5;30;0;1
-23;-5;42;0;1
-23;-5;46;0;1
-23;-5;48;0;1
-23;-5;50;0;1
-23;-5;51;0;1
-23;-5;53;1;1
-23;-5;54;1;1
-23;-5;56;0;1
-23;-5;58;0;1
-23;-5;61;0;1
-23;-5;64;0;1
-23;-4;9;1;1
-23;-4;12;0;1
-23;-4;14;0;1
-23;-4;16;0;1
-23;-4;21;1;1
-23;-4;22;0;1
-23;-4;23;1;1
-23;-4;26;1;1
-23;-4;28;1;1
-23;-4;32;0;1
-23;-4;33;0;1
-23;-4;35;0;1
-23;-4;36;0;1
-23;-4;40;0;1
-23;-4;44;0;1
-23;-4;51;1;1
-23;-4;53;1;1
-23;-4;54;0;1
-23;-4;57;0;1
-23;-4;58;0;1
-23;-4;59;1;1
-23;-4;60;0;1
-23;-3;10;0;1
-23;-3;16;1;1
-23;-3;17;1;1
-23;-3;22;1;1
-23;-3;26;1;1
-23;-3;29;1;1
-23;-3;31;0;1
-23;-3;32;1;1
-23;-3;33;0;1
-23;-3;37;0;1
-23;-3;39;1;1
-23;-3;40;0;1
-23;-3;43;0;1
-23;-3;46;1;1
-23;-3;48;1;1
-23;-3;49;0;1
-23;-3;55;1;1
-23;-2;8;0;1
-23;-2;10;0;1
-23;-2;11;0;1
-23;-2;13;0;1
-23;-2;14;0;1
-23;-2;17;0;1
-23;-2;18;0;1
-23;-2;19;1;1
-23;-2;20;1;1
-23;-2;27;0;1
-23;-2;29;0;1
-23;-2;30;0;1
-23;-2;36;0;1
-23;-2;37;0;1
-23;-2;40;1;1
-23;-2;41;1;1
-23;-2;42;0;1
-23;-2;43;0;1
-23;-2;45;1;1
-23;-2;48;0;1
-23;-2;52;0;1
-23;-2;54;0;1
-23;-2;56;0;1
-23;-2;58;1;1
-23;-2;63;0;1
-23;-1;12;1;1
-23;-1;14;0;1
-23;-1;15;0;1
-23;-1;20;1;1
-23;-1;26;1;1
-23;-1;27;1;1
-23;-1;28;1;1
-23;-1;29;0;1
-23;-1;31;0;1
-23;-1;32;0;1
-23;-1;33;0;1
-23;-1;36;0;1
-23;-1;41;0;1
-23;-1;42;0;1
-23;-1;48;0;1
-23;-1;52;1;1
-23;-1;60;0;1
-23;0;9;0;1
-23;0;14;0;1
-23;0;17;0;1
-23;0;19;1;1
-23;0;22;0;1
-23;0;25;0;1
-23;0;29;1;1
-23;0;30;0;1
-23;0;34;0;1
-23;0;35;0;1
-23;0;36;1;1
-23;0;37;0;1
-23;0;42;0;1
-23;0;44;1;1
-23;0;45;0;1
-23;0;48;1;1
-23;0;49;0;1
-23;0;50;0;1
-23;0;51;0;1
-23;0;52;1;1
-23;0;55;0;1
-23;0;57;0;1
-23;0;60;1;1
-23;0;61;1;1
-23;0;62;0;1
-23;1;9;0;1
-23;1;12;1;1
-23;1;13;0;1
-23;1;14;1;1
-23;1;16;0;1
-23;1;20;0;1
-23;1;21;0;1
-23;1;22;0;1
-23;1;27;0;1
-23;1;29;0;1
-23;1;31;1;1
-23;1;32;1;1
-23;1;35;1;1
-23;1;39;0;1
-23;1;43;0;1
-23;1;44;0;1
-23;1;51;0;1
-23;1;53;1;1
-23;1;59;1;1
-23;1;61;0;1
-23;2;8;0;1
-23;2;10;1;1
-23;2;17;1;1
-23;2;19;0;1
-23;2;23;1;1
-23;2;26;0;1
-23;2;27;1;1
-23;2;31;0;1
-23;2;38;1;1
-23;2;41;0;1
-23;2;42;0;1
-23;2;46;0;1
-23;2;48;1;1
-23;2;49;0;1
-23;2;50;0;1
-23;2;51;0;1
-23;2;53;1;1
-23;2;54;0;1
-23;2;55;0;1
-23;2;56;0;1
-23;2;58;0;1
-23;2;60;0;1
-23;2;62;0;1
-23;3;8;0;1
-23;3;10;1;1
-23;3;11;1;1
-23;3;12;1;1
-23;3;13;0;1
-23;3;14;0;1
-23;3;18;0;1
-23;3;20;1;1
-23;3;29;0;1
-23;3;30;0;1
-23;3;33;0;1
-23;3;35;1;1
-23;3;38;1;1
-23;3;41;0;1
-23;3;44;0;1
-23;3;47;1;1
-23;3;48;1;1
-23;3;50;0;1
-23;3;51;1;1
-23;3;55;1;1
-23;3;56;1;1
-23;3;57;1;1
-23;3;58;1;1
-23;3;61;0;1
-23;4;8;0;1
-23;4;11;0;1
-23;4;12;0;1
-23;4;20;0;1
-23;4;23;1;1
-23;4;24;0;1
-23;4;25;0;1
-23;4;27;0;1
-23;4;30;0;1
-23;4;31;0;1
-23;4;32;0;1
-23;4;33;0;1
-23;4;38;0;1
-23;4;39;1;1
-23;4;40;0;1
-23;4;42;0;1
-23;4;44;1;1
-23;4;45;1;1
-23;4;49;1;1
-23;4;50;0;1
-23;4;52;0;1
-23;4;53;0;1
-23;4;54;1;1
-23;4;57;0;1
-23;4;61;0;1
-23;4;63;0;1
-23;5;8;1;1
-23;5;12;0;1
-23;5;15;1;1
-23;5;16;0;1
-23;5;17;0;1
-23;5;20;1;1
-23;5;21;0;1
-23;5;22;0;1
-23;5;27;0;1
-23;5;30;0;1
-23;5;32;0;1
-23;5;33;0;1
-23;5;34;0;1
-23;5;37;0;1
-23;5;38;1;1
-23;5;40;0;1
-23;5;41;0;1
-23;5;47;0;1
-23;5;53;1;1
-23;5;54;1;1
-23;5;55;0;1
-23;5;57;0;1
-23;5;64;0;1
-23;6;8;0;1
-23;6;11;0;1
-23;6;13;0;1
-23;6;14;0;1
-23;6;16;0;1
-23;6;17;0;1
-23;6;26;0;1
-23;6;28;0;1
-23;6;29;0;1
-23;6;31;1;1
-23;6;34;0;1
-23;6;38;1;1
-23;6;43;1;1
-23;6;45;1;1
-23;6;48;0;1
-23;6;50;0;1
-23;6;57;1;1
-23;6;59;1;1
-23;6;60;0;1
-23;6;64;0;1
-23;6;65;0;1
-23;7;12;0;1
-23;7;13;1;1
-23;7;15;1;1
-23;7;16;0;1
-23;7;18;0;1
-23;7;23;1;1
-23;7;24;0;1
-23;7;28;0;1
-23;7;30;0;1
-23;7;32;1;1
-23;7;37;0;1
-23;7;38;1;1
-23;7;39;0;1
-23;7;40;0;1
-23;7;41;1;1
-23;7;44;1;1
-23;7;48;0;1
-23;7;51;0;1
-23;7;53;1;1
-23;7;54;1;1
-23;7;57;0;1
-23;7;66;0;1
-23;8;8;1;1
-23;8;9;0;1
-23;8;10;1;1
-23;8;15;1;1
-23;8;17;1;1
-23;8;18;0;1
-23;8;21;1;1
-23;8;22;1;1
-23;8;23;0;1
-23;8;24;1;1
-23;8;28;0;1
-23;8;30;0;1
-23;8;31;0;1
-23;8;33;1;1
-23;8;36;1;1
-23;8;37;0;1
-23;8;38;0;1
-23;8;39;1;1
-23;8;40;1;1
-23;8;43;0;1
-23;8;45;0;1
-23;8;46;1;1
-23;8;51;0;1
-23;8;52;0;1
-23;8;56;0;1
-23;8;58;1;1
-23;8;59;0;1
-23;8;60;0;1
-23;8;61;1;1
-23;8;64;0;1
-23;8;66;1;1
-23;9;8;1;1
-23;9;12;0;1
-23;9;13;0;1
-23;9;17;1;1
-23;9;18;1;1
-23;9;21;0;1
-23;9;22;0;1
-23;9;23;0;1
-23;9;24;1;1
-23;9;26;0;1
-23;9;27;0;1
-23;9;28;0;1
-23;9;29;1;1
-23;9;35;0;1
-23;9;36;0;1
-23;9;38;1;1
-23;9;43;0;1
-23;9;44;0;1
-23;9;45;1;1
-23;9;49;1;1
-23;9;53;1;1
-23;9;56;0;1
-23;9;60;0;1
-23;9;61;1;1
-23;9;62;1;1
-23;9;64;0;1
-23;9;65;0;1
-23;10;7;0;1
-23;10;9;1;1
-23;10;13;1;1
-23;10;14;0;1
-23;10;16;0;1
-23;10;21;0;1
-23;10;22;1;1
-23;10;26;0;1
-23;10;29;1;1
-23;10;31;0;1
-23;10;37;1;1
-23;10;40;1;1
-23;10;45;1;1
-23;10;47;0;1
-23;10;51;1;1
-23;10;52;0;1
-23;10;54;0;1
-23;10;55;1;1
-23;10;56;1;1
-23;10;57;0;1
-23;10;59;0;1
-23;10;64;1;1
-23;11;8;0;1
-23;11;9;0;1
-23;11;13;0;1
-23;11;14;0;1
-23;11;17;1;1
-23;11;25;0;1
-23;11;31;0;1
-23;11;33;0;1
-23;11;36;0;1
-23;11;39;0;1
-23;11;40;0;1
-23;11;41;1;1
-23;11;42;0;1
-23;11;43;0;1
-23;11;45;0;1
-23;11;47;1;1
-23;11;48;1;1
-23;11;53;0;1
-23;11;54;0;1
-23;11;59;1;1
-23;11;60;0;1
-23;11;61;0;1
-23;11;62;0;1
-23;11;65;1;1
-23;12;9;0;1
-23;12;13;0;1
-23;12;14;0;1
-23;12;16;0;1
-23;12;17;1;1
-23;12;18;1;1
-23;12;20;0;1
-23;12;23;1;1
-23;12;27;0;1
-23;12;30;1;1
-23;12;31;1;1
-23;12;32;0;1
-23;12;37;0;1
-23;12;40;0;1
-23;12;43;0;1
-23;12;48;0;1
-23;12;49;0;1
-23;12;50;0;1
-23;12;51;1;1
-23;12;52;1;1
-23;12;55;0;1
-23;12;57;0;1
-23;12;58;1;1
-23;12;62;0;1
-23;12;66;0;1
-23;13;9;0;1
-23;13;10;0;1
-23;13;12;1;1
-23;13;13;1;1
-23;13;17;0;1
-23;13;19;1;1
-23;13;20;1;1
-23;13;23;0;1
-23;13;24;1;1
-23;13;25;1;1
-23;13;26;1;1
-23;13;27;0;1
-23;13;28;0;1
-23;13;30;1;1
-23;13;31;1;1
-23;13;39;1;1
-23;13;41;0;1
-23;13;43;1;1
-23;13;44;1;1
-23;13;48;0;1
-23;13;51;0;1
-23;13;54;1;1
-23;13;56;0;1
-23;13;57;0;1
-23;13;58;0;1
-23;13;60;1;1
-23;13;61;1;1
-23;13;62;0;1
-23;14;9;0;1
-23;14;11;0;1
-23;14;13;0;1
-23;14;14;0;1
-23;14;16;1;1
-23;14;20;1;1
-23;14;24;1;1
-23;14;25;0;1
-23;14;28;0;1
-23;14;29;0;1
-23;14;31;1;1
-23;14;32;1;1
-23;14;33;1;1
-23;14;41;0;1
-23;14;43;0;1
-23;14;46;0;1
-23;14;48;0;1
-23;14;51;0;1
-23;14;53;1;1
-23;14;57;1;1
-23;14;63;1;1
-23;15;16;1;1
-23;15;20;0;1
-23;15;21;0;1
-23;15;22;1;1
-23;15;23;0;1
-23;15;24;1;1
-23;15;25;0;1
-23;15;26;1;1
-23;15;28;0;1
-23;15;29;1;1
-23;15;31;0;1
-23;15;35;1;1
-23;15;41;1;1
-23;15;43;1;1
-23;15;46;0;1
-23;15;47;1;1
-23;15;49;1;1
-23;15;50;0;1
-23;15;52;0;1
-23;15;54;0;1
-23;15;56;0;1
-23;15;65;0;1
-23;16;8;0;1
-23;16;15;1;1
-23;16;16;0;1
-23;16;21;0;1
-23;16;25;1;1
-23;16;28;1;1
-23;16;29;0;1
-23;16;31;1;1
-23;16;34;0;1
-23;16;37;1;1
-23;16;38;0;1
-23;16;40;0;1
-23;16;42;0;1
-23;16;47;0;1
-23;16;49;0;1
-23;16;50;1;1
-23;16;51;1;1
-23;16;53;0;1
-23;16;54;1;1
-23;16;55;0;1
-23;16;57;1;1
-23;16;58;0;1
-23;16;59;1;1
-23;16;63;0;1
-23;16;64;1;1
-23;17;10;0;1
-23;17;12;1;1
-23;17;16;1;1
-23;17;22;0;1
-23;17;23;0;1
-23;17;28;1;1
-23;17;30;0;1
-23;17;31;1;1
-23;17;32;0;1
-23;17;33;0;1
-23;17;36;1;1
-23;17;38;0;1
-23;17;41;0;1
-23;17;43;0;1
-23;17;45;1;1
-23;17;46;1;1
-23;17;47;0;1
-23;17;48;0;1
-23;17;51;0;1
-23;17;52;1;1
-23;17;53;1;1
-23;17;58;0;1
-23;17;60;0;1
-23;17;61;0;1
-23;17;64;1;1
-23;17;65;0;1
-23;18;10;0;1
-23;18;12;1;1
-23;18;17;0;1
-23;18;25;0;1
-23;18;26;0;1
-23;18;28;0;1
-23;18;30;1;1
-23;18;33;0;1
-23;18;34;1;1
-23;18;35;0;1
-23;18;40;0;1
-23;18;42;0;1
-23;18;45;1;1
-23;18;46;1;1
-23;18;47;1;1
-23;18;48;0;1
-23;18;49;0;1
-23;18;58;1;1
-23;18;61;0;1
-23;18;62;0;1
-23;18;64;1;1
-23;19;9;0;1
-23;19;11;0;1
-23;19;14;0;1
-23;19;17;1;1
-23;19;22;0;1
-23;19;27;0;1
-23;19;28;0;1
-23;19;35;1;1
-23;19;36;0;1
-23;19;38;1;1
-23;19;40;1;1
-23;19;51;1;1
-23;19;54;0;1
-23;19;55;0;1
-23;19;56;0;1
-23;19;60;1;1
-23;19;64;0;1
-23;20;9;0;1
-23;20;11;0;1
-23;20;12;0;1
-23;20;29;1;1
-23;20;30;0;1
-23;20;32;0;1
-23;20;33;0;1
-23;20;38;0;1
-23;20;40;1;1
-23;20;41;0;1
-23;20;42;0;1
-23;20;43;0;1
-23;20;45;0;1
-23;20;48;0;1
-23;20;49;0;1
-23;20;53;0;1
-23;20;56;0;1
-23;20;59;0;1
-23;20;60;0;1
-23;20;63;0;1
-23;21;9;0;1
-23;21;15;0;1
-23;21;20;0;1
-23;21;23;0;1
-23;21;24;1;1
-23;21;25;0;1
-23;21;26;0;1
-23;21;28;1;1
-23;21;29;0;1
-23;21;31;1;1
-23;21;35;0;1
-23;21;38;0;1
-23;21;39;1;1
-23;21;42;0;1
-23;21;46;0;1
-23;21;49;0;1
-23;21;51;1;1
-23;21;53;1;1
-23;21;56;0;1
-23;21;60;0;1
-23;21;63;1;1
-23;22;10;0;1
-23;22;15;0;1
-23;22;16;0;1
-23;22;17;0;1
-23;22;19;0;1
-23;22;20;0;1
-23;22;22;0;1
-23;22;23;0;1
-23;22;24;0;1
-23;22;25;1;1
-23;22;28;0;1
-23;22;29;1;1
-23;22;31;0;1
-23;22;33;0;1
-23;22;34;0;1
-23;22;35;1;1
-23;22;36;1;1
-23;22;46;0;1
-23;22;47;0;1
-23;22;49;0;1
-23;22;55;1;1
-23;22;59;1;1
-23;22;61;1;1
-23;23;10;0;1
-23;23;14;0;1
-23;23;16;0;1
-23;23;17;1;1
-23;23;21;1;1
-23;23;22;1;1
-23;23;29;1;1
-23;23;31;0;1
-23;23;34;0;1
-23;23;35;1;1
-23;23;36;1;1
-23;23;37;0;1
-23;23;38;0;1
-23;23;40;1;1
-23;23;41;0;1
-23;23;43;1;1
-23;23;44;0;1
-23;23;50;1;1
-23;23;53;0;1
-23;23;58;0;1
-23;23;60;1;1
-23;23;61;0;1
-23;23;63;0;1
-23;24;11;0;1
-23;24;13;0;1
-23;24;14;0;1
-23;24;19;1;1
-23;24;20;0;1
-23;24;26;0;1
-23;24;27;0;1
-23;24;28;1;1
-23;24;30;0;1
-23;24;31;0;1
-23;24;34;0;1
-23;24;35;0;1
-23;24;40;0;1
-23;24;41;1;1
-23;24;42;0;1
-23;24;44;1;1
-23;24;48;1;1
-23;24;49;1;1
-23;24;52;1;1
-23;24;57;0;1
-23;24;58;1;1
-23;24;59;1;1
-23;24;60;0;1
-23;24;61;0;1
-23;24;62;0;1
-23;25;10;0;1
-23;25;13;0;1
-23;25;17;0;1
-23;25;22;0;1
-23;25;25;0;1
-23;25;26;1;1
-23;25;27;0;1
-23;25;28;0;1
-23;25;29;0;1
-23;25;35;1;1
-23;25;39;0;1
-23;25;42;0;1
-23;25;45;0;1
-23;25;47;1;1
-23;25;49;0;1
-23;25;53;0;1
-23;25;55;0;1
-23;26;10;1;1
-23;26;11;0;1
-23;26;12;1;1
-23;26;14;0;1
-23;26;15;0;1
-23;26;21;1;1
-23;26;22;1;1
-23;26;28;0;1
-23;26;29;0;1
-23;26;30;0;1
-23;26;31;0;1
-23;26;33;0;1
-23;26;34;1;1
-23;26;35;0;1
-23;26;40;0;1
-23;26;42;0;1
-23;26;43;1;1
-23;26;44;1;1
-23;26;45;1;1
-23;26;48;1;1
-23;26;55;0;1
-23;26;59;0;1
-23;27;10;0;1
-23;27;11;1;1
-23;27;12;1;1
-23;27;17;1;1
-23;27;18;1;1
-23;27;20;1;1
-23;27;21;0;1
-23;27;24;1;1
-23;27;25;1;1
-23;27;26;0;1
-23;27;27;1;1
-23;27;29;0;1
-23;27;33;0;1
-23;27;34;0;1
-23;27;35;1;1
-23;27;38;1;1
-23;27;43;0;1
-23;27;48;0;1
-23;27;52;0;1
-23;27;55;0;1
-23;27;57;0;1
-23;27;59;0;1
-23;27;60;0;1
-23;27;61;1;1
-23;28;10;1;1
-23;28;13;0;1
-23;28;15;1;1
-23;28;19;0;1
-23;28;22;0;1
-23;28;24;1;1
-23;28;26;0;1
-23;28;29;1;1
-23;28;36;0;1
-23;28;43;0;1
-23;28;46;0;1
-23;28;47;1;1
-23;28;51;0;1
-23;28;52;0;1
-23;28;53;1;1
-23;28;56;0;1
-23;28;61;0;1
-23;29;11;0;1
-23;29;14;1;1
-23;29;15;0;1
-23;29;17;1;1
-23;29;18;0;1
-23;29;19;0;1
-23;29;20;1;1
-23;29;24;1;1
-23;29;27;0;1
-23;29;29;0;1
-23;29;30;0;1
-23;29;31;1;1
-23;29;32;1;1
-23;29;33;0;1
-23;29;38;0;1
-23;29;39;1;1
-23;29;42;0;1
-23;29;43;1;1
-23;29;46;0;1
-23;29;47;0;1
-23;29;48;0;1
-23;29;50;1;1
-23;29;54;0;1
-23;29;59;1;1
-23;29;60;1;1
-23;30;11;0;1
-23;30;12;0;1
-23;30;14;1;1
-23;30;15;1;1
-23;30;16;0;1
-23;30;17;1;1
-23;30;23;1;1
-23;30;24;0;1
-23;30;28;1;1
-23;30;30;0;1
-23;30;32;1;1
-23;30;35;0;1
-23;30;37;1;1
-23;30;42;0;1
-23;30;43;0;1
-23;30;50;1;1
-23;30;51;0;1
-23;30;52;0;1
-23;30;54;1;1
-23;30;55;0;1
-23;31;11;0;1
-23;31;12;0;1
-23;31;17;1;1
-23;31;20;1;1
-23;31;22;1;1
-23;31;23;0;1
-23;31;28;0;1
-23;31;33;1;1
-23;31;35;1;1
-23;31;36;1;1
-23;31;40;1;1
-23;31;42;0;1
-23;31;43;0;1
-23;31;44;0;1
-23;31;45;0;1
-23;31;47;1;1
-23;31;49;1;1
-23;31;51;0;1
-23;31;53;1;1
-23;31;56;1;1
-23;32;11;1;1
-23;32;15;1;1
-23;32;17;1;1
-23;32;19;0;1
-23;32;21;0;1
-23;32;23;0;1
-23;32;34;0;1
-23;32;35;0;1
-23;32;38;0;1
-23;32;40;0;1
-23;32;43;1;1
-23;32;45;0;1
-23;32;46;1;1
-23;32;47;0;1
-23;32;50;0;1
-23;32;51;0;1
-23;32;52;0;1
-23;32;53;0;1
-23;32;56;0;1
-23;32;58;0;1
-23;32;59;0;1
-23;33;15;0;1
-23;33;16;1;1
-23;33;19;1;1
-23;33;21;0;1
-23;33;23;0;1
-23;33;25;1;1
-23;33;29;0;1
-23;33;32;0;1
-23;33;38;1;1
-23;33;40;1;1
-23;33;44;1;1
-23;33;47;0;1
-23;33;48;1;1
-23;33;51;1;1
-23;33;53;1;1
-23;33;54;0;1
-23;33;56;0;1
-23;33;58;0;1
-23;34;13;0;1
-23;34;15;1;1
-23;34;20;0;1
-23;34;25;0;1
-23;34;30;1;1
-23;34;34;0;1
-23;34;35;0;1
-23;34;39;0;1
-23;34;43;0;1
-23;34;44;1;1
-23;34;45;0;1
-23;34;50;0;1
-23;35;12;0;1
-23;35;13;0;1
-23;35;14;1;1
-23;35;15;0;1
-23;35;16;1;1
-23;35;17;1;1
-23;35;19;1;1
-23;35;22;1;1
-23;35;23;0;1
-23;35;26;0;1
-23;35;31;1;1
-23;35;34;1;1
-23;35;37;1;1
-23;35;40;0;1
-23;35;43;1;1
-23;35;47;1;1
-23;35;49;0;1
-23;35;50;1;1
-23;35;53;1;1
-23;36;12;0;1
-23;36;13;0;1
-23;36;14;0;1
-23;36;16;1;1
-23;36;17;0;1
-23;36;20;0;1
-23;36;22;1;1
-23;36;27;0;1
-23;36;31;1;1
-23;36;32;1;1
-23;36;33;1;1
-23;36;34;0;1
-23;36;40;1;1
-23;36;42;0;1
-23;36;45;0;1
-23;36;48;1;1
-23;36;54;1;1
-23;36;56;0;1
-23;37;12;1;1
-23;37;13;0;1
-23;37;17;0;1
-23;37;18;1;1
-23;37;19;1;1
-23;37;25;1;1
-23;37;28;0;1
-23;37;34;0;1
-23;37;42;0;1
-23;37;43;1;1
-23;37;44;0;1
-23;37;45;0;1
-23;37;46;0;1
-23;37;54;0;1
-23;37;56;0;1
-23;38;18;1;1
-23;38;20;1;1
-23;38;22;1;1
-23;38;24;0;1
-23;38;25;0;1
-23;38;30;0;1
-23;38;33;0;1
-23;38;36;0;1
-23;38;39;0;1
-23;38;45;0;1
-23;38;46;0;1
-23;38;49;1;1
-23;38;53;1;1
-23;39;17;0;1
-23;39;18;1;1
-23;39;31;1;1
-23;39;33;1;1
-23;39;34;1;1
-23;39;36;0;1
-23;39;39;0;1
-23;39;40;1;1
-23;39;45;0;1
-23;39;46;0;1
-23;39;50;1;1
-22;-38;12;0;1
-22;-38;13;1;1
-22;-38;16;0;1
-22;-38;17;0;1
-22;-38;18;1;1
-22;-38;21;1;1
-22;-38;24;1;1
-22;-38;25;1;1
-22;-38;26;0;1
-22;-38;27;0;1
-22;-38;33;0;1
-22;-38;36;0;1
-22;-38;40;0;1
-22;-38;42;0;1
-22;-38;44;1;1
-22;-38;46;1;1
-22;-38;47;0;1
-22;-38;49;0;1
-22;-38;50;0;1
-22;-38;52;0;1
-22;-37;13;0;1
-22;-37;14;0;1
-22;-37;16;1;1
-22;-37;17;0;1
-22;-37;18;0;1
-22;-37;21;0;1
-22;-37;23;0;1
-22;-37;24;0;1
-22;-37;25;0;1
-22;-37;27;1;1
-22;-37;30;0;1
-22;-37;31;0;1
-22;-37;39;0;1
-22;-37;41;1;1
-22;-37;46;0;1
-22;-37;47;1;1
-22;-37;48;0;1
-22;-37;49;0;1
-22;-37;52;1;1
-22;-37;55;0;1
-22;-37;56;1;1
-22;-36;13;1;1
-22;-36;14;1;1
-22;-36;15;1;1
-22;-36;19;0;1
-22;-36;20;0;1
-22;-36;25;0;1
-22;-36;28;0;1
-22;-36;30;0;1
-22;-36;32;1;1
-22;-36;34;1;1
-22;-36;35;0;1
-22;-36;40;0;1
-22;-36;41;0;1
-22;-36;44;0;1
-22;-36;46;1;1
-22;-36;49;1;1
-22;-36;51;1;1
-22;-36;56;0;1
-22;-35;17;1;1
-22;-35;19;0;1
-22;-35;28;1;1
-22;-35;29;0;1
-22;-35;30;0;1
-22;-35;32;0;1
-22;-35;34;0;1
-22;-35;36;1;1
-22;-35;44;0;1
-22;-35;45;0;1
-22;-35;46;1;1
-22;-35;47;0;1
-22;-35;51;0;1
-22;-35;52;0;1
-22;-35;53;1;1
-22;-35;54;0;1
-22;-34;14;0;1
-22;-34;16;1;1
-22;-34;19;0;1
-22;-34;22;1;1
-22;-34;25;0;1
-22;-34;28;0;1
-22;-34;29;0;1
-22;-34;31;0;1
-22;-34;33;0;1
-22;-34;35;1;1
-22;-34;37;0;1
-22;-34;38;1;1
-22;-34;44;0;1
-22;-34;50;1;1
-22;-34;51;1;1
-22;-34;57;0;1
-22;-33;11;0;1
-22;-33;12;0;1
-22;-33;15;0;1
-22;-33;19;0;1
-22;-33;20;0;1
-22;-33;23;1;1
-22;-33;24;0;1
-22;-33;26;1;1
-22;-33;27;0;1
-22;-33;30;0;1
-22;-33;31;0;1
-22;-33;35;0;1
-22;-33;38;0;1
-22;-33;44;1;1
-22;-33;48;0;1
-22;-33;50;0;1
-22;-33;51;0;1
-22;-33;54;0;1
-22;-33;55;0;1
-22;-32;11;0;1
-22;-32;13;1;1
-22;-32;15;1;1
-22;-32;16;1;1
-22;-32;17;0;1
-22;-32;19;0;1
-22;-32;23;0;1
-22;-32;24;0;1
-22;-32;26;1;1
-22;-32;33;0;1
-22;-32;34;0;1
-22;-32;35;0;1
-22;-32;38;1;1
-22;-32;39;0;1
-22;-32;40;0;1
-22;-32;42;1;1
-22;-32;46;0;1
-22;-32;49;1;1
-22;-32;50;0;1
-22;-32;52;0;1
-22;-32;53;0;1
-22;-32;54;0;1
-22;-32;55;1;1
-22;-32;59;0;1
-22;-31;11;1;1
-22;-31;13;0;1
-22;-31;14;0;1
-22;-31;18;0;1
-22;-31;21;0;1
-22;-31;22;0;1
-22;-31;26;0;1
-22;-31;27;1;1
-22;-31;28;0;1
-22;-31;31;1;1
-22;-31;33;1;1
-22;-31;34;0;1
-22;-31;39;0;1
-22;-31;42;1;1
-22;-31;44;0;1
-22;-31;45;1;1
-22;-31;48;0;1
-22;-31;49;0;1
-22;-31;50;1;1
-22;-31;51;0;1
-22;-31;55;0;1
-22;-31;59;0;1
-22;-30;11;0;1
-22;-30;15;0;1
-22;-30;16;0;1
-22;-30;17;1;1
-22;-30;18;0;1
-22;-30;19;1;1
-22;-30;21;0;1
-22;-30;23;0;1
-22;-30;24;0;1
-22;-30;25;0;1
-22;-30;29;1;1
-22;-30;30;1;1
-22;-30;32;1;1
-22;-30;33;1;1
-22;-30;35;0;1
-22;-30;36;1;1
-22;-30;37;0;1
-22;-30;38;1;1
-22;-30;40;0;1
-22;-30;42;1;1
-22;-30;43;0;1
-22;-30;44;1;1
-22;-30;46;0;1
-22;-30;47;0;1
-22;-30;50;1;1
-22;-30;56;0;1
-22;-30;59;0;1
-22;-29;14;1;1
-22;-29;19;0;1
-22;-29;20;0;1
-22;-29;23;0;1
-22;-29;27;1;1
-22;-29;28;1;1
-22;-29;30;0;1
-22;-29;31;0;1
-22;-29;34;0;1
-22;-29;40;1;1
-22;-29;41;1;1
-22;-29;42;1;1
-22;-29;43;1;1
-22;-29;47;0;1
-22;-29;49;1;1
-22;-29;50;0;1
-22;-29;51;0;1
-22;-29;52;0;1
-22;-29;53;0;1
-22;-29;54;1;1
-22;-29;59;0;1
-22;-29;61;0;1
-22;-28;15;0;1
-22;-28;17;1;1
-22;-28;22;0;1
-22;-28;24;0;1
-22;-28;26;1;1
-22;-28;31;1;1
-22;-28;34;1;1
-22;-28;35;1;1
-22;-28;39;0;1
-22;-28;40;0;1
-22;-28;41;1;1
-22;-28;42;0;1
-22;-28;43;0;1
-22;-28;46;0;1
-22;-28;49;0;1
-22;-28;50;0;1
-22;-28;52;0;1
-22;-28;54;1;1
-22;-28;55;1;1
-22;-27;11;0;1
-22;-27;12;1;1
-22;-27;16;0;1
-22;-27;18;0;1
-22;-27;19;1;1
-22;-27;24;0;1
-22;-27;26;0;1
-22;-27;32;1;1
-22;-27;34;1;1
-22;-27;37;0;1
-22;-27;40;0;1
-22;-27;43;1;1
-22;-27;44;0;1
-22;-27;45;0;1
-22;-27;52;0;1
-22;-27;53;1;1
-22;-27;54;0;1
-22;-27;58;0;1
-22;-27;61;0;1
-22;-26;10;0;1
-22;-26;11;1;1
-22;-26;15;0;1
-22;-26;16;1;1
-22;-26;18;1;1
-22;-26;19;1;1
-22;-26;20;0;1
-22;-26;21;1;1
-22;-26;24;0;1
-22;-26;29;0;1
-22;-26;30;1;1
-22;-26;34;0;1
-22;-26;43;1;1
-22;-26;45;1;1
-22;-26;50;0;1
-22;-26;51;1;1
-22;-26;52;1;1
-22;-26;62;0;1
-22;-25;10;1;1
-22;-25;11;0;1
-22;-25;12;1;1
-22;-25;13;1;1
-22;-25;15;0;1
-22;-25;16;0;1
-22;-25;19;0;1
-22;-25;25;0;1
-22;-25;28;0;1
-22;-25;29;1;1
-22;-25;32;0;1
-22;-25;33;1;1
-22;-25;37;0;1
-22;-25;39;1;1
-22;-25;42;1;1
-22;-25;44;0;1
-22;-25;45;0;1
-22;-25;47;0;1
-22;-25;55;1;1
-22;-25;56;0;1
-22;-25;61;0;1
-22;-25;62;0;1
-22;-24;11;1;1
-22;-24;15;1;1
-22;-24;17;0;1
-22;-24;18;0;1
-22;-24;22;1;1
-22;-24;23;1;1
-22;-24;28;1;1
-22;-24;30;0;1
-22;-24;31;1;1
-22;-24;33;0;1
-22;-24;35;0;1
-22;-24;38;1;1
-22;-24;40;1;1
-22;-24;43;0;1
-22;-24;47;0;1
-22;-24;55;0;1
-22;-24;57;1;1
-22;-24;59;0;1
-22;-24;60;1;1
-22;-24;61;0;1
-22;-24;62;0;1
-22;-24;63;1;1
-22;-23;11;0;1
-22;-23;12;1;1
-22;-23;14;1;1
-22;-23;17;0;1
-22;-23;19;0;1
-22;-23;20;1;1
-22;-23;22;0;1
-22;-23;26;0;1
-22;-23;29;1;1
-22;-23;31;1;1
-22;-23;33;0;1
-22;-23;34;1;1
-22;-23;35;0;1
-22;-23;36;0;1
-22;-23;38;1;1
-22;-23;41;1;1
-22;-23;43;0;1
-22;-23;45;0;1
-22;-23;49;0;1
-22;-23;54;0;1
-22;-23;57;1;1
-22;-23;58;0;1
-22;-23;59;1;1
-22;-22;11;0;1
-22;-22;17;0;1
-22;-22;19;0;1
-22;-22;25;0;1
-22;-22;30;1;1
-22;-22;32;1;1
-22;-22;44;1;1
-22;-22;53;0;1
-22;-22;54;0;1
-22;-22;55;0;1
-22;-22;57;0;1
-22;-22;58;0;1
-22;-22;59;0;1
-22;-22;61;1;1
-22;-22;62;1;1
-22;-21;10;0;1
-22;-21;11;0;1
-22;-21;16;0;1
-22;-21;17;0;1
-22;-21;18;0;1
-22;-21;19;1;1
-22;-21;20;1;1
-22;-21;22;0;1
-22;-21;26;0;1
-22;-21;27;0;1
-22;-21;28;1;1
-22;-21;31;0;1
-22;-21;37;0;1
-22;-21;40;0;1
-22;-21;41;0;1
-22;-21;43;1;1
-22;-21;46;1;1
-22;-21;48;0;1
-22;-21;52;0;1
-22;-21;54;0;1
-22;-21;55;0;1
-22;-21;62;1;1
-22;-21;63;1;1
-22;-21;64;0;1
-22;-20;10;1;1
-22;-20;12;1;1
-22;-20;13;0;1
-22;-20;14;0;1
-22;-20;28;0;1
-22;-20;31;1;1
-22;-20;37;0;1
-22;-20;41;0;1
-22;-20;43;0;1
-22;-20;45;1;1
-22;-20;46;0;1
-22;-20;47;0;1
-22;-20;52;0;1
-22;-20;57;0;1
-22;-20;61;1;1
-22;-19;8;1;1
-22;-19;12;0;1
-22;-19;13;1;1
-22;-19;18;0;1
-22;-19;19;0;1
-22;-19;22;0;1
-22;-19;24;0;1
-22;-19;27;0;1
-22;-19;30;0;1
-22;-19;35;1;1
-22;-19;44;0;1
-22;-19;47;0;1
-22;-19;48;0;1
-22;-19;51;1;1
-22;-19;54;1;1
-22;-19;61;0;1
-22;-19;63;0;1
-22;-19;64;0;1
-22;-18;8;1;1
-22;-18;10;1;1
-22;-18;13;1;1
-22;-18;22;1;1
-22;-18;24;1;1
-22;-18;25;0;1
-22;-18;34;0;1
-22;-18;35;0;1
-22;-18;36;0;1
-22;-18;37;0;1
-22;-18;42;1;1
-22;-18;44;0;1
-22;-18;45;0;1
-22;-18;47;0;1
-22;-18;48;1;1
-22;-18;51;1;1
-22;-18;52;1;1
-22;-18;53;1;1
-22;-18;55;1;1
-22;-18;58;0;1
-22;-18;60;1;1
-22;-18;62;0;1
-22;-18;64;0;1
-22;-17;9;0;1
-22;-17;10;0;1
-22;-17;13;0;1
-22;-17;14;1;1
-22;-17;15;0;1
-22;-17;18;0;1
-22;-17;20;1;1
-22;-17;21;0;1
-22;-17;23;1;1
-22;-17;27;0;1
-22;-17;34;1;1
-22;-17;38;1;1
-22;-17;39;0;1
-22;-17;41;1;1
-22;-17;43;0;1
-22;-17;45;1;1
-22;-17;46;0;1
-22;-17;49;0;1
-22;-17;50;1;1
-22;-17;51;0;1
-22;-17;57;0;1
-22;-17;64;0;1
-22;-17;65;0;1
-22;-16;8;0;1
-22;-16;9;1;1
-22;-16;10;0;1
-22;-16;14;0;1
-22;-16;15;1;1
-22;-16;16;1;1
-22;-16;17;0;1
-22;-16;19;1;1
-22;-16;20;1;1
-22;-16;22;1;1
-22;-16;25;1;1
-22;-16;26;0;1
-22;-16;27;1;1
-22;-16;30;0;1
-22;-16;33;1;1
-22;-16;35;0;1
-22;-16;37;1;1
-22;-16;38;1;1
-22;-16;40;0;1
-22;-16;42;0;1
-22;-16;43;0;1
-22;-16;46;1;1
-22;-16;49;0;1
-22;-16;52;1;1
-22;-16;53;1;1
-22;-16;58;0;1
-22;-16;59;1;1
-22;-16;60;0;1
-22;-16;61;0;1
-22;-16;62;1;1
-22;-16;63;1;1
-22;-15;12;1;1
-22;-15;13;1;1
-22;-15;14;0;1
-22;-15;16;1;1
-22;-15;17;0;1
-22;-15;18;0;1
-22;-15;21;1;1
-22;-15;22;0;1
-22;-15;26;0;1
-22;-15;32;0;1
-22;-15;33;0;1
-22;-15;38;1;1
-22;-15;42;0;1
-22;-15;46;0;1
-22;-15;49;0;1
-22;-15;52;0;1
-22;-15;53;0;1
-22;-15;56;1;1
-22;-15;61;1;1
-22;-15;62;0;1
-22;-15;63;0;1
-22;-15;64;0;1
-22;-14;14;1;1
-22;-14;15;0;1
-22;-14;17;0;1
-22;-14;19;0;1
-22;-14;20;1;1
-22;-14;22;0;1
-22;-14;26;1;1
-22;-14;27;1;1
-22;-14;28;1;1
-22;-14;34;0;1
-22;-14;38;0;1
-22;-14;40;1;1
-22;-14;42;0;1
-22;-14;44;0;1
-22;-14;52;0;1
-22;-14;58;1;1
-22;-14;59;0;1
-22;-14;60;0;1
-22;-14;61;0;1
-22;-14;65;1;1
-22;-14;66;0;1
-22;-13;12;1;1
-22;-13;14;1;1
-22;-13;15;1;1
-22;-13;17;0;1
-22;-13;20;1;1
-22;-13;21;0;1
-22;-13;23;0;1
-22;-13;25;1;1
-22;-13;27;0;1
-22;-13;29;0;1
-22;-13;30;0;1
-22;-13;33;1;1
-22;-13;34;1;1
-22;-13;36;1;1
-22;-13;37;0;1
-22;-13;39;0;1
-22;-13;40;0;1
-22;-13;44;0;1
-22;-13;46;1;1
-22;-13;49;1;1
-22;-13;52;0;1
-22;-13;53;1;1
-22;-13;54;0;1
-22;-13;56;0;1
-22;-13;57;0;1
-22;-13;59;0;1
-22;-13;63;1;1
-22;-12;9;0;1
-22;-12;10;1;1
-22;-12;13;0;1
-22;-12;19;1;1
-22;-12;22;0;1
-22;-12;29;0;1
-22;-12;30;1;1
-22;-12;34;0;1
-22;-12;35;0;1
-22;-12;39;0;1
-22;-12;43;0;1
-22;-12;44;1;1
-22;-12;46;0;1
-22;-12;48;1;1
-22;-12;56;0;1
-22;-12;58;0;1
-22;-12;59;1;1
-22;-12;64;1;1
-22;-12;66;0;1
-22;-11;12;0;1
-22;-11;13;0;1
-22;-11;16;0;1
-22;-11;19;1;1
-22;-11;21;1;1
-22;-11;24;0;1
-22;-11;28;0;1
-22;-11;29;1;1
-22;-11;32;0;1
-22;-11;34;1;1
-22;-11;35;1;1
-22;-11;46;1;1
-22;-11;48;0;1
-22;-11;50;0;1
-22;-11;52;1;1
-22;-11;55;0;1
-22;-11;56;0;1
-22;-11;57;0;1
-22;-11;60;0;1
-22;-11;63;0;1
-22;-10;11;1;1
-22;-10;13;1;1
-22;-10;17;1;1
-22;-10;21;0;1
-22;-10;22;1;1
-22;-10;26;0;1
-22;-10;27;1;1
-22;-10;28;0;1
-22;-10;37;1;1
-22;-10;42;0;1
-22;-10;43;1;1
-22;-10;46;0;1
-22;-10;50;1;1
-22;-10;51;0;1
-22;-10;54;0;1
-22;-10;58;0;1
-22;-10;59;1;1
-22;-10;62;0;1
-22;-10;63;1;1
-22;-10;64;1;1
-22;-9;7;0;1
-22;-9;8;1;1
-22;-9;9;1;1
-22;-9;12;1;1
-22;-9;15;1;1
-22;-9;17;1;1
-22;-9;20;1;1
-22;-9;23;0;1
-22;-9;24;1;1
-22;-9;26;0;1
-22;-9;28;0;1
-22;-9;30;1;1
-22;-9;34;1;1
-22;-9;37;0;1
-22;-9;39;0;1
-22;-9;41;1;1
-22;-9;44;1;1
-22;-9;45;0;1
-22;-9;47;0;1
-22;-9;48;1;1
-22;-9;49;1;1
-22;-9;50;0;1
-22;-9;51;1;1
-22;-9;53;0;1
-22;-9;55;1;1
-22;-9;56;0;1
-22;-9;58;0;1
-22;-9;64;1;1
-22;-9;65;0;1
-22;-8;8;0;1
-22;-8;16;1;1
-22;-8;17;0;1
-22;-8;19;0;1
-22;-8;20;1;1
-22;-8;21;1;1
-22;-8;25;1;1
-22;-8;27;0;1
-22;-8;33;0;1
-22;-8;36;1;1
-22;-8;37;1;1
-22;-8;38;0;1
-22;-8;39;0;1
-22;-8;40;1;1
-22;-8;41;0;1
-22;-8;44;1;1
-22;-8;45;1;1
-22;-8;46;1;1
-22;-8;48;0;1
-22;-8;50;0;1
-22;-8;52;0;1
-22;-8;54;0;1
-22;-8;56;1;1
-22;-8;59;0;1
-22;-7;8;1;1
-22;-7;9;0;1
-22;-7;14;1;1
-22;-7;15;0;1
-22;-7;17;1;1
-22;-7;19;0;1
-22;-7;20;1;1
-22;-7;22;0;1
-22;-7;24;0;1
-22;-7;25;0;1
-22;-7;27;1;1
-22;-7;30;1;1
-22;-7;31;0;1
-22;-7;34;0;1
-22;-7;35;0;1
-22;-7;36;0;1
-22;-7;38;1;1
-22;-7;42;1;1
-22;-7;43;0;1
-22;-7;45;0;1
-22;-7;46;0;1
-22;-7;48;0;1
-22;-7;49;0;1
-22;-7;51;1;1
-22;-7;52;0;1
-22;-7;54;0;1
-22;-7;57;1;1
-22;-7;58;0;1
-22;-7;59;0;1
-22;-7;60;1;1
-22;-7;62;0;1
-22;-6;10;0;1
-22;-6;14;0;1
-22;-6;18;1;1
-22;-6;19;1;1
-22;-6;22;0;1
-22;-6;26;1;1
-22;-6;27;0;1
-22;-6;28;1;1
-22;-6;30;1;1
-22;-6;34;0;1
-22;-6;38;0;1
-22;-6;41;0;1
-22;-6;47;0;1
-22;-6;48;1;1
-22;-6;50;1;1
-22;-6;51;1;1
-22;-6;54;0;1
-22;-6;55;0;1
-22;-6;56;1;1
-22;-6;57;0;1
-22;-6;60;0;1
-22;-5;11;1;1
-22;-5;15;0;1
-22;-5;16;0;1
-22;-5;17;0;1
-22;-5;26;1;1
-22;-5;29;0;1
-22;-5;31;1;1
-22;-5;32;0;1
-22;-5;33;1;1
-22;-5;35;1;1
-22;-5;36;1;1
-22;-5;38;0;1
-22;-5;40;1;1
-22;-5;43;0;1
-22;-5;46;0;1
-22;-5;49;1;1
-22;-5;55;1;1
-22;-5;56;0;1
-22;-5;58;0;1
-22;-5;60;0;1
-22;-4;10;0;1
-22;-4;11;0;1
-22;-4;12;1;1
-22;-4;19;1;1
-22;-4;20;0;1
-22;-4;22;0;1
-22;-4;23;0;1
-22;-4;25;0;1
-22;-4;26;0;1
-22;-4;27;1;1
-22;-4;28;0;1
-22;-4;33;1;1
-22;-4;35;0;1
-22;-4;40;1;1
-22;-4;41;0;1
-22;-4;42;0;1
-22;-4;43;0;1
-22;-4;45;1;1
-22;-4;47;1;1
-22;-4;52;0;1
-22;-4;54;0;1
-22;-4;55;0;1
-22;-4;57;0;1
-22;-4;58;0;1
-22;-4;59;0;1
-22;-4;60;0;1
-22;-3;11;0;1
-22;-3;14;0;1
-22;-3;16;0;1
-22;-3;19;0;1
-22;-3;22;1;1
-22;-3;28;1;1
-22;-3;30;0;1
-22;-3;33;0;1
-22;-3;34;0;1
-22;-3;36;1;1
-22;-3;41;1;1
-22;-3;47;1;1
-22;-3;48;0;1
-22;-3;50;0;1
-22;-3;51;1;1
-22;-3;56;1;1
-22;-3;58;0;1
-22;-2;11;0;1
-22;-2;14;0;1
-22;-2;16;0;1
-22;-2;18;1;1
-22;-2;19;1;1
-22;-2;22;0;1
-22;-2;26;0;1
-22;-2;27;0;1
-22;-2;28;0;1
-22;-2;30;1;1
-22;-2;34;0;1
-22;-2;37;0;1
-22;-2;41;0;1
-22;-2;43;1;1
-22;-2;45;0;1
-22;-2;47;0;1
-22;-2;49;1;1
-22;-2;51;1;1
-22;-2;54;0;1
-22;-2;55;0;1
-22;-2;57;0;1
-22;-2;58;0;1
-22;-1;12;0;1
-22;-1;13;0;1
-22;-1;19;0;1
-22;-1;22;0;1
-22;-1;24;0;1
-22;-1;26;0;1
-22;-1;27;0;1
-22;-1;34;1;1
-22;-1;39;0;1
-22;-1;44;0;1
-22;-1;48;1;1
-22;-1;49;1;1
-22;-1;50;0;1
-22;-1;51;0;1
-22;-1;54;1;1
-22;-1;55;0;1
-22;-1;56;0;1
-22;-1;57;1;1
-22;0;14;0;1
-22;0;15;1;1
-22;0;20;1;1
-22;0;21;1;1
-22;0;32;0;1
-22;0;36;1;1
-22;0;37;0;1
-22;0;38;1;1
-22;0;39;0;1
-22;0;40;0;1
-22;0;41;1;1
-22;0;49;0;1
-22;0;51;0;1
-22;0;54;0;1
-22;0;55;0;1
-22;0;56;1;1
-22;0;57;1;1
-22;0;58;0;1
-22;0;60;1;1
-22;1;12;1;1
-22;1;13;0;1
-22;1;17;1;1
-22;1;19;0;1
-22;1;21;1;1
-22;1;22;0;1
-22;1;23;0;1
-22;1;27;1;1
-22;1;29;0;1
-22;1;32;0;1
-22;1;33;1;1
-22;1;36;0;1
-22;1;39;0;1
-22;1;41;1;1
-22;1;45;0;1
-22;1;48;1;1
-22;1;52;0;1
-22;1;53;1;1
-22;1;55;0;1
-22;1;59;0;1
-22;1;60;0;1
-22;2;13;0;1
-22;2;14;1;1
-22;2;18;0;1
-22;2;21;0;1
-22;2;23;1;1
-22;2;25;0;1
-22;2;26;0;1
-22;2;31;0;1
-22;2;35;0;1
-22;2;37;1;1
-22;2;38;0;1
-22;2;48;0;1
-22;2;52;1;1
-22;2;53;1;1
-22;2;55;1;1
-22;3;11;0;1
-22;3;14;0;1
-22;3;16;1;1
-22;3;18;1;1
-22;3;19;0;1
-22;3;20;0;1
-22;3;21;1;1
-22;3;23;1;1
-22;3;25;0;1
-22;3;27;0;1
-22;3;28;1;1
-22;3;29;0;1
-22;3;30;0;1
-22;3;31;0;1
-22;3;32;1;1
-22;3;33;0;1
-22;3;38;0;1
-22;3;43;0;1
-22;3;45;0;1
-22;3;49;1;1
-22;3;51;0;1
-22;3;54;0;1
-22;3;56;0;1
-22;3;57;0;1
-22;3;59;0;1
-22;3;60;0;1
-22;3;61;0;1
-22;4;17;0;1
-22;4;19;0;1
-22;4;21;0;1
-22;4;24;0;1
-22;4;34;1;1
-22;4;35;0;1
-22;4;36;0;1
-22;4;37;0;1
-22;4;40;1;1
-22;4;54;0;1
-22;4;57;0;1
-22;4;58;0;1
-22;4;59;0;1
-22;4;61;0;1
-22;5;10;1;1
-22;5;12;0;1
-22;5;14;0;1
-22;5;15;0;1
-22;5;21;0;1
-22;5;22;1;1
-22;5;23;1;1
-22;5;26;1;1
-22;5;33;1;1
-22;5;37;0;1
-22;5;38;0;1
-22;5;41;1;1
-22;5;47;1;1
-22;5;49;0;1
-22;5;52;1;1
-22;5;53;1;1
-22;5;54;0;1
-22;5;55;1;1
-22;5;57;0;1
-22;5;58;0;1
-22;5;59;0;1
-22;6;10;0;1
-22;6;12;0;1
-22;6;14;1;1
-22;6;17;0;1
-22;6;22;0;1
-22;6;23;1;1
-22;6;29;0;1
-22;6;33;1;1
-22;6;35;1;1
-22;6;37;1;1
-22;6;38;1;1
-22;6;39;1;1
-22;6;41;1;1
-22;6;45;0;1
-22;6;46;0;1
-22;6;48;0;1
-22;6;52;0;1
-22;6;55;0;1
-22;6;58;1;1
-22;6;59;0;1
-22;6;62;0;1
-22;7;10;1;1
-22;7;17;0;1
-22;7;20;1;1
-22;7;21;1;1
-22;7;22;1;1
-22;7;27;1;1
-22;7;29;1;1
-22;7;30;0;1
-22;7;39;1;1
-22;7;41;0;1
-22;7;45;0;1
-22;7;46;1;1
-22;7;48;0;1
-22;7;50;0;1
-22;7;52;0;1
-22;7;54;1;1
-22;7;58;0;1
-22;7;63;0;1
-22;8;7;1;1
-22;8;8;0;1
-22;8;9;0;1
-22;8;10;1;1
-22;8;12;0;1
-22;8;13;0;1
-22;8;14;0;1
-22;8;15;1;1
-22;8;17;1;1
-22;8;18;1;1
-22;8;22;0;1
-22;8;27;1;1
-22;8;28;1;1
-22;8;30;0;1
-22;8;34;0;1
-22;8;37;0;1
-22;8;42;1;1
-22;8;43;0;1
-22;8;44;1;1
-22;8;45;1;1
-22;8;47;0;1
-22;8;48;1;1
-22;8;49;1;1
-22;8;52;1;1
-22;8;55;0;1
-22;8;57;0;1
-22;8;58;0;1
-22;9;7;0;1
-22;9;13;0;1
-22;9;18;0;1
-22;9;19;0;1
-22;9;21;0;1
-22;9;22;0;1
-22;9;27;0;1
-22;9;29;1;1
-22;9;31;1;1
-22;9;32;0;1
-22;9;33;1;1
-22;9;34;0;1
-22;9;36;1;1
-22;9;49;0;1
-22;9;50;1;1
-22;9;51;1;1
-22;9;54;1;1
-22;9;55;1;1
-22;9;56;1;1
-22;9;57;0;1
-22;9;59;1;1
-22;9;63;0;1
-22;10;9;1;1
-22;10;11;1;1
-22;10;14;0;1
-22;10;20;0;1
-22;10;23;0;1
-22;10;26;0;1
-22;10;29;0;1
-22;10;30;0;1
-22;10;32;0;1
-22;10;36;0;1
-22;10;38;1;1
-22;10;43;0;1
-22;10;55;1;1
-22;10;57;0;1
-22;10;60;0;1
-22;10;64;0;1
-22;10;65;0;1
-22;10;66;0;1
-22;11;9;0;1
-22;11;10;1;1
-22;11;11;0;1
-22;11;12;1;1
-22;11;17;0;1
-22;11;18;1;1
-22;11;25;0;1
-22;11;26;0;1
-22;11;27;1;1
-22;11;28;0;1
-22;11;29;0;1
-22;11;30;1;1
-22;11;35;1;1
-22;11;36;1;1
-22;11;40;1;1
-22;11;42;1;1
-22;11;45;0;1
-22;11;46;0;1
-22;11;48;1;1
-22;11;49;1;1
-22;11;50;0;1
-22;11;55;0;1
-22;11;58;0;1
-22;11;59;0;1
-22;11;62;0;1
-22;11;63;0;1
-22;11;64;1;1
-22;11;66;0;1
-22;12;7;0;1
-22;12;10;1;1
-22;12;12;0;1
-22;12;13;0;1
-22;12;14;0;1
-22;12;15;0;1
-22;12;16;0;1
-22;12;19;0;1
-22;12;21;0;1
-22;12;23;0;1
-22;12;25;1;1
-22;12;26;1;1
-22;12;27;0;1
-22;12;29;1;1
-22;12;30;1;1
-22;12;33;1;1
-22;12;35;0;1
-22;12;42;0;1
-22;12;43;0;1
-22;12;44;0;1
-22;12;46;1;1
-22;12;47;0;1
-22;12;49;0;1
-22;12;50;0;1
-22;12;51;0;1
-22;12;56;1;1
-22;12;57;1;1
-22;12;60;1;1
-22;12;62;0;1
-22;12;64;0;1
-22;12;65;1;1
-22;13;7;0;1
-22;13;9;0;1
-22;13;11;1;1
-22;13;14;0;1
-22;13;17;1;1
-22;13;24;0;1
-22;13;25;0;1
-22;13;27;1;1
-22;13;33;0;1
-22;13;34;0;1
-22;13;36;1;1
-22;13;37;0;1
-22;13;40;0;1
-22;13;46;0;1
-22;13;47;0;1
-22;13;53;1;1
-22;13;54;1;1
-22;13;55;1;1
-22;13;57;0;1
-22;13;58;1;1
-22;13;59;0;1
-22;13;61;0;1
-22;13;63;0;1
-22;13;64;0;1
-22;13;66;0;1
-22;14;8;0;1
-22;14;9;1;1
-22;14;13;0;1
-22;14;15;1;1
-22;14;17;1;1
-22;14;19;1;1
-22;14;22;0;1
-22;14;23;0;1
-22;14;24;0;1
-22;14;27;0;1
-22;14;29;1;1
-22;14;32;0;1
-22;14;33;0;1
-22;14;36;0;1
-22;14;41;0;1
-22;14;43;0;1
-22;14;49;1;1
-22;14;50;1;1
-22;14;51;1;1
-22;14;53;0;1
-22;14;56;0;1
-22;14;59;1;1
-22;14;62;1;1
-22;14;63;1;1
-22;14;65;1;1
-22;15;9;1;1
-22;15;15;1;1
-22;15;16;1;1
-22;15;17;0;1
-22;15;18;0;1
-22;15;24;0;1
-22;15;25;0;1
-22;15;26;0;1
-22;15;27;1;1
-22;15;30;0;1
-22;15;31;1;1
-22;15;33;1;1
-22;15;34;0;1
-22;15;36;1;1
-22;15;38;1;1
-22;15;39;0;1
-22;15;40;0;1
-22;15;51;0;1
-22;15;54;0;1
-22;15;59;1;1
-22;16;8;0;1
-22;16;12;1;1
-22;16;13;0;1
-22;16;17;0;1
-22;16;18;1;1
-22;16;19;0;1
-22;16;25;1;1
-22;16;26;1;1
-22;16;27;1;1
-22;16;29;0;1
-22;16;31;0;1
-22;16;32;1;1
-22;16;33;0;1
-22;16;36;0;1
-22;16;38;0;1
-22;16;40;0;1
-22;16;41;1;1
-22;16;42;0;1
-22;16;45;1;1
-22;16;46;0;1
-22;16;47;0;1
-22;16;48;1;1
-22;16;52;0;1
-22;16;53;0;1
-22;16;54;0;1
-22;16;56;1;1
-22;16;57;0;1
-22;16;59;1;1
-22;16;60;0;1
-22;16;64;0;1
-22;16;65;0;1
-22;17;11;0;1
-22;17;13;1;1
-22;17;14;1;1
-22;17;18;0;1
-22;17;19;0;1
-22;17;21;1;1
-22;17;23;1;1
-22;17;26;1;1
-22;17;28;0;1
-22;17;30;1;1
-22;17;39;0;1
-22;17;41;0;1
-22;17;42;0;1
-22;17;43;0;1
-22;17;44;0;1
-22;17;47;1;1
-22;17;50;0;1
-22;17;52;0;1
-22;17;55;0;1
-22;17;58;1;1
-22;17;59;1;1
-22;17;60;0;1
-22;17;62;0;1
-22;17;64;0;1
-22;17;65;0;1
-22;18;9;1;1
-22;18;11;0;1
-22;18;12;0;1
-22;18;14;1;1
-22;18;15;0;1
-22;18;16;0;1
-22;18;17;1;1
-22;18;18;0;1
-22;18;20;0;1
-22;18;24;0;1
-22;18;31;1;1
-22;18;32;0;1
-22;18;33;0;1
-22;18;34;1;1
-22;18;35;1;1
-22;18;38;1;1
-22;18;39;0;1
-22;18;41;0;1
-22;18;42;0;1
-22;18;44;0;1
-22;18;47;1;1
-22;18;53;0;1
-22;18;58;0;1
-22;18;59;1;1
-22;18;61;0;1
-22;18;62;1;1
-22;19;8;1;1
-22;19;12;0;1
-22;19;14;1;1
-22;19;15;0;1
-22;19;16;0;1
-22;19;21;0;1
-22;19;22;0;1
-22;19;26;0;1
-22;19;28;1;1
-22;19;35;0;1
-22;19;43;0;1
-22;19;45;1;1
-22;19;46;1;1
-22;19;47;0;1
-22;19;50;0;1
-22;19;53;1;1
-22;19;55;0;1
-22;20;8;0;1
-22;20;9;1;1
-22;20;11;0;1
-22;20;13;0;1
-22;20;14;0;1
-22;20;16;0;1
-22;20;20;0;1
-22;20;21;0;1
-22;20;25;1;1
-22;20;26;0;1
-22;20;28;1;1
-22;20;29;0;1
-22;20;30;0;1
-22;20;35;1;1
-22;20;36;0;1
-22;20;37;0;1
-22;20;38;1;1
-22;20;48;0;1
-22;20;49;0;1
-22;20;50;1;1
-22;20;51;1;1
-22;20;56;0;1
-22;20;58;0;1
-22;21;9;0;1
-22;21;11;1;1
-22;21;12;1;1
-22;21;17;1;1
-22;21;20;0;1
-22;21;21;1;1
-22;21;23;1;1
-22;21;26;0;1
-22;21;27;0;1
-22;21;29;1;1
-22;21;30;0;1
-22;21;35;1;1
-22;21;36;0;1
-22;21;37;0;1
-22;21;39;0;1
-22;21;41;0;1
-22;21;42;1;1
-22;21;43;1;1
-22;21;47;1;1
-22;21;52;1;1
-22;21;53;0;1
-22;21;56;1;1
-22;21;59;0;1
-22;21;60;0;1
-22;21;61;0;1
-22;21;62;0;1
-22;22;9;1;1
-22;22;10;0;1
-22;22;12;1;1
-22;22;18;0;1
-22;22;19;1;1
-22;22;21;0;1
-22;22;23;0;1
-22;22;26;0;1
-22;22;28;1;1
-22;22;29;1;1
-22;22;30;1;1
-22;22;35;1;1
-22;22;37;0;1
-22;22;38;0;1
-22;22;39;0;1
-22;22;41;1;1
-22;22;46;0;1
-22;22;49;1;1
-22;22;50;0;1
-22;22;52;0;1
-22;22;54;0;1
-22;22;56;1;1
-22;22;58;0;1
-22;22;59;1;1
-22;22;60;1;1
-22;23;9;0;1
-22;23;10;0;1
-22;23;11;0;1
-22;23;15;0;1
-22;23;16;1;1
-22;23;19;1;1
-22;23;21;1;1
-22;23;23;0;1
-22;23;24;0;1
-22;23;26;0;1
-22;23;27;0;1
-22;23;29;1;1
-22;23;31;1;1
-22;23;36;1;1
-22;23;42;1;1
-22;23;44;1;1
-22;23;49;1;1
-22;23;51;0;1
-22;23;54;1;1
-22;23;55;1;1
-22;23;58;1;1
-22;23;59;0;1
-22;23;61;0;1
-22;23;62;1;1
-22;24;9;0;1
-22;24;11;1;1
-22;24;15;0;1
-22;24;23;0;1
-22;24;24;0;1
-22;24;29;0;1
-22;24;30;0;1
-22;24;31;1;1
-22;24;33;1;1
-22;24;39;0;1
-22;24;41;0;1
-22;24;46;0;1
-22;24;47;0;1
-22;24;49;0;1
-22;24;51;1;1
-22;24;56;0;1
-22;24;58;0;1
-22;24;59;0;1
-22;24;61;1;1
-22;24;62;1;1
-22;25;9;0;1
-22;25;10;0;1
-22;25;11;0;1
-22;25;16;0;1
-22;25;18;0;1
-22;25;22;0;1
-22;25;24;1;1
-22;25;25;1;1
-22;25;28;1;1
-22;25;29;0;1
-22;25;30;0;1
-22;25;33;0;1
-22;25;34;0;1
-22;25;35;0;1
-22;25;36;1;1
-22;25;38;0;1
-22;25;40;0;1
-22;25;43;0;1
-22;25;45;0;1
-22;25;46;1;1
-22;25;48;0;1
-22;25;49;0;1
-22;25;55;1;1
-22;25;57;1;1
-22;25;62;1;1
-22;26;11;1;1
-22;26;12;0;1
-22;26;13;1;1
-22;26;14;0;1
-22;26;18;0;1
-22;26;19;0;1
-22;26;24;1;1
-22;26;27;0;1
-22;26;29;1;1
-22;26;32;0;1
-22;26;33;1;1
-22;26;35;0;1
-22;26;36;1;1
-22;26;37;1;1
-22;26;39;0;1
-22;26;43;0;1
-22;26;45;0;1
-22;26;46;0;1
-22;26;49;0;1
-22;26;53;1;1
-22;26;54;0;1
-22;26;56;1;1
-22;27;10;1;1
-22;27;11;0;1
-22;27;15;1;1
-22;27;19;1;1
-22;27;20;0;1
-22;27;21;0;1
-22;27;22;0;1
-22;27;23;0;1
-22;27;24;0;1
-22;27;25;0;1
-22;27;26;0;1
-22;27;29;1;1
-22;27;33;0;1
-22;27;34;0;1
-22;27;37;0;1
-22;27;40;1;1
-22;27;43;1;1
-22;27;48;0;1
-22;27;49;1;1
-22;27;50;0;1
-22;27;51;1;1
-22;27;56;1;1
-22;27;59;0;1
-22;27;60;0;1
-22;28;10;0;1
-22;28;11;0;1
-22;28;16;0;1
-22;28;21;0;1
-22;28;22;0;1
-22;28;23;0;1
-22;28;25;0;1
-22;28;26;0;1
-22;28;27;0;1
-22;28;29;1;1
-22;28;32;0;1
-22;28;33;0;1
-22;28;34;0;1
-22;28;38;1;1
-22;28;39;0;1
-22;28;41;1;1
-22;28;46;1;1
-22;28;47;0;1
-22;28;49;0;1
-22;28;50;0;1
-22;28;51;0;1
-22;28;52;0;1
-22;28;55;1;1
-22;28;57;0;1
-22;28;58;0;1
-22;28;60;0;1
-22;28;61;0;1
-22;29;11;0;1
-22;29;12;1;1
-22;29;14;0;1
-22;29;16;1;1
-22;29;17;1;1
-22;29;19;0;1
-22;29;20;0;1
-22;29;21;0;1
-22;29;25;0;1
-22;29;26;0;1
-22;29;31;1;1
-22;29;33;0;1
-22;29;38;1;1
-22;29;40;1;1
-22;29;43;0;1
-22;29;47;1;1
-22;29;49;0;1
-22;29;51;0;1
-22;29;52;1;1
-22;30;11;0;1
-22;30;15;0;1
-22;30;16;0;1
-22;30;20;1;1
-22;30;21;0;1
-22;30;23;0;1
-22;30;24;0;1
-22;30;27;0;1
-22;30;31;1;1
-22;30;32;1;1
-22;30;33;0;1
-22;30;34;1;1
-22;30;35;0;1
-22;30;37;1;1
-22;30;42;0;1
-22;30;43;0;1
-22;30;44;1;1
-22;30;45;0;1
-22;30;47;1;1
-22;30;48;0;1
-22;30;57;0;1
-22;30;59;0;1
-22;31;12;0;1
-22;31;13;0;1
-22;31;14;1;1
-22;31;18;0;1
-22;31;22;0;1
-22;31;25;0;1
-22;31;26;1;1
-22;31;28;0;1
-22;31;29;1;1
-22;31;31;1;1
-22;31;32;0;1
-22;31;34;0;1
-22;31;36;1;1
-22;31;37;1;1
-22;31;49;0;1
-22;31;50;1;1
-22;31;51;0;1
-22;31;52;1;1
-22;31;55;0;1
-22;31;58;0;1
-22;31;59;0;1
-22;32;13;0;1
-22;32;16;0;1
-22;32;17;1;1
-22;32;19;0;1
-22;32;20;1;1
-22;32;24;1;1
-22;32;25;0;1
-22;32;26;0;1
-22;32;27;0;1
-22;32;29;1;1
-22;32;30;1;1
-22;32;33;0;1
-22;32;34;1;1
-22;32;36;1;1
-22;32;37;0;1
-22;32;38;0;1
-22;32;42;0;1
-22;32;54;1;1
-22;32;57;1;1
-22;33;12;0;1
-22;33;13;0;1
-22;33;14;0;1
-22;33;15;1;1
-22;33;16;0;1
-22;33;22;1;1
-22;33;23;0;1
-22;33;24;1;1
-22;33;25;0;1
-22;33;31;0;1
-22;33;34;1;1
-22;33;35;0;1
-22;33;39;0;1
-22;33;40;0;1
-22;33;41;1;1
-22;33;44;0;1
-22;33;48;1;1
-22;33;49;0;1
-22;33;51;0;1
-22;33;55;1;1
-22;33;57;1;1
-22;34;16;1;1
-22;34;20;0;1
-22;34;24;1;1
-22;34;26;0;1
-22;34;27;0;1
-22;34;29;0;1
-22;34;30;1;1
-22;34;35;1;1
-22;34;38;1;1
-22;34;41;1;1
-22;34;46;1;1
-22;34;47;0;1
-22;34;49;0;1
-22;34;51;0;1
-22;34;52;1;1
-22;34;55;1;1
-22;34;57;0;1
-22;34;58;0;1
-22;35;15;0;1
-22;35;16;0;1
-22;35;20;1;1
-22;35;24;1;1
-22;35;30;0;1
-22;35;31;0;1
-22;35;33;1;1
-22;35;34;1;1
-22;35;36;0;1
-22;35;37;0;1
-22;35;38;0;1
-22;35;40;0;1
-22;35;50;0;1
-22;35;53;0;1
-22;35;55;0;1
-22;36;21;0;1
-22;36;24;1;1
-22;36;28;1;1
-22;36;32;1;1
-22;36;38;0;1
-22;36;39;1;1
-22;36;44;1;1
-22;36;50;0;1
-22;36;51;1;1
-22;36;52;0;1
-22;36;56;0;1
-22;37;12;1;1
-22;37;15;0;1
-22;37;16;1;1
-22;37;18;0;1
-22;37;19;1;1
-22;37;20;0;1
-22;37;21;1;1
-22;37;22;0;1
-22;37;23;1;1
-22;37;30;1;1
-22;37;31;0;1
-22;37;32;0;1
-22;37;33;0;1
-22;37;35;0;1
-22;37;36;0;1
-22;37;38;1;1
-22;37;42;0;1
-22;37;44;0;1
-22;37;48;0;1
-22;37;49;0;1
-22;37;50;0;1
-22;37;51;1;1
-22;37;52;0;1
-22;37;56;1;1
-22;38;12;0;1
-22;38;14;0;1
-22;38;15;0;1
-22;38;16;0;1
-22;38;17;0;1
-22;38;18;1;1
-22;38;23;1;1
-22;38;24;1;1
-22;38;26;0;1
-22;38;28;0;1
-22;38;33;0;1
-22;38;38;1;1
-22;38;40;1;1
-22;38;42;1;1
-22;38;46;1;1
-22;38;47;1;1
-22;38;48;0;1
-22;38;50;0;1
-22;38;51;0;1
-22;38;52;1;1
-22;38;53;0;1
-22;38;54;1;1
-21;-36;13;0;1
-21;-36;14;1;1
-21;-36;19;0;1
-21;-36;21;0;1
-21;-36;25;0;1
-21;-36;26;1;1
-21;-36;28;1;1
-21;-36;29;1;1
-21;-36;30;0;1
-21;-36;31;0;1
-21;-36;33;0;1
-21;-36;35;0;1
-21;-36;38;0;1
-21;-36;40;0;1
-21;-36;41;0;1
-21;-36;43;1;1
-21;-36;44;0;1
-21;-36;49;0;1
-21;-36;50;0;1
-21;-36;52;0;1
-21;-36;57;1;1
-21;-35;11;1;1
-21;-35;12;0;1
-21;-35;13;1;1
-21;-35;14;0;1
-21;-35;17;0;1
-21;-35;22;0;1
-21;-35;23;0;1
-21;-35;25;0;1
-21;-35;29;1;1
-21;-35;31;0;1
-21;-35;32;0;1
-21;-35;33;0;1
-21;-35;35;0;1
-21;-35;36;0;1
-21;-35;38;0;1
-21;-35;39;1;1
-21;-35;40;1;1
-21;-35;42;0;1
-21;-35;44;1;1
-21;-35;45;1;1
-21;-35;48;0;1
-21;-35;50;0;1
-21;-35;51;0;1
-21;-35;53;1;1
-21;-35;55;0;1
-21;-35;56;0;1
-21;-35;58;0;1
-21;-34;11;1;1
-21;-34;14;0;1
-21;-34;16;0;1
-21;-34;17;0;1
-21;-34;18;0;1
-21;-34;21;1;1
-21;-34;24;0;1
-21;-34;27;1;1
-21;-34;29;1;1
-21;-34;32;1;1
-21;-34;36;0;1
-21;-34;39;1;1
-21;-34;40;0;1
-21;-34;42;0;1
-21;-34;44;0;1
-21;-34;45;1;1
-21;-34;46;0;1
-21;-34;47;0;1
-21;-34;51;1;1
-21;-34;53;0;1
-21;-34;54;0;1
-21;-34;55;0;1
-21;-34;58;0;1
-21;-33;11;0;1
-21;-33;13;1;1
-21;-33;15;0;1
-21;-33;17;1;1
-21;-33;19;0;1
-21;-33;20;0;1
-21;-33;27;1;1
-21;-33;35;0;1
-21;-33;37;0;1
-21;-33;38;1;1
-21;-33;39;0;1
-21;-33;40;0;1
-21;-33;41;1;1
-21;-33;42;1;1
-21;-33;47;0;1
-21;-33;50;1;1
-21;-33;51;0;1
-21;-33;53;0;1
-21;-33;54;0;1
-21;-33;57;0;1
-21;-32;11;1;1
-21;-32;12;0;1
-21;-32;14;0;1
-21;-32;17;0;1
-21;-32;23;1;1
-21;-32;26;0;1
-21;-32;35;0;1
-21;-32;37;0;1
-21;-32;44;0;1
-21;-32;45;0;1
-21;-32;53;0;1
-21;-32;55;0;1
-21;-32;56;0;1
-21;-31;12;1;1
-21;-31;13;1;1
-21;-31;18;0;1
-21;-31;20;0;1
-21;-31;21;0;1
-21;-31;26;1;1
-21;-31;27;0;1
-21;-31;29;1;1
-21;-31;31;1;1
-21;-31;33;0;1
-21;-31;34;0;1
-21;-31;35;1;1
-21;-31;41;0;1
-21;-31;44;0;1
-21;-31;46;1;1
-21;-31;48;0;1
-21;-31;54;1;1
-21;-31;57;0;1
-21;-31;58;0;1
-21;-30;10;1;1
-21;-30;12;0;1
-21;-30;15;0;1
-21;-30;17;0;1
-21;-30;19;1;1
-21;-30;20;1;1
-21;-30;23;0;1
-21;-30;24;0;1
-21;-30;28;1;1
-21;-30;29;1;1
-21;-30;31;1;1
-21;-30;34;1;1
-21;-30;35;0;1
-21;-30;36;1;1
-21;-30;38;0;1
-21;-30;40;1;1
-21;-30;42;0;1
-21;-30;45;0;1
-21;-30;46;0;1
-21;-30;47;1;1
-21;-30;52;0;1
-21;-30;54;1;1
-21;-30;57;1;1
-21;-29;15;0;1
-21;-29;24;0;1
-21;-29;27;0;1
-21;-29;28;0;1
-21;-29;32;0;1
-21;-29;37;0;1
-21;-29;42;0;1
-21;-29;44;0;1
-21;-29;45;0;1
-21;-29;48;1;1
-21;-29;49;1;1
-21;-29;52;1;1
-21;-29;54;0;1
-21;-29;60;0;1
-21;-28;11;1;1
-21;-28;13;0;1
-21;-28;16;1;1
-21;-28;18;0;1
-21;-28;21;0;1
-21;-28;24;0;1
-21;-28;25;0;1
-21;-28;26;0;1
-21;-28;31;0;1
-21;-28;32;0;1
-21;-28;34;0;1
-21;-28;40;1;1
-21;-28;41;0;1
-21;-28;49;0;1
-21;-28;51;0;1
-21;-28;52;0;1
-21;-28;53;1;1
-21;-28;54;0;1
-21;-28;56;0;1
-21;-28;61;0;1
-21;-27;10;1;1
-21;-27;12;0;1
-21;-27;14;0;1
-21;-27;18;0;1
-21;-27;20;0;1
-21;-27;21;0;1
-21;-27;23;1;1
-21;-27;24;0;1
-21;-27;25;0;1
-21;-27;29;0;1
-21;-27;30;1;1
-21;-27;36;0;1
-21;-27;38;0;1
-21;-27;39;0;1
-21;-27;42;0;1
-21;-27;46;1;1
-21;-27;47;1;1
-21;-27;51;1;1
-21;-27;53;0;1
-21;-27;56;0;1
-21;-27;59;1;1
-21;-26;9;1;1
-21;-26;10;0;1
-21;-26;14;0;1
-21;-26;15;0;1
-21;-26;20;0;1
-21;-26;23;1;1
-21;-26;24;0;1
-21;-26;25;0;1
-21;-26;27;1;1
-21;-26;29;1;1
-21;-26;30;1;1
-21;-26;33;0;1
-21;-26;34;0;1
-21;-26;36;1;1
-21;-26;38;0;1
-21;-26;39;0;1
-21;-26;43;1;1
-21;-26;44;0;1
-21;-26;45;1;1
-21;-26;48;0;1
-21;-26;52;0;1
-21;-26;59;0;1
-21;-26;61;0;1
-21;-26;62;0;1
-21;-25;16;1;1
-21;-25;17;0;1
-21;-25;21;0;1
-21;-25;22;0;1
-21;-25;26;0;1
-21;-25;27;1;1
-21;-25;28;0;1
-21;-25;29;0;1
-21;-25;30;1;1
-21;-25;35;0;1
-21;-25;36;0;1
-21;-25;38;0;1
-21;-25;40;0;1
-21;-25;41;1;1
-21;-25;45;1;1
-21;-25;46;0;1
-21;-25;47;0;1
-21;-25;48;0;1
-21;-25;51;0;1
-21;-25;53;1;1
-21;-25;54;0;1
-21;-25;55;0;1
-21;-25;57;0;1
-21;-25;59;0;1
-21;-25;61;0;1
-21;-25;62;0;1
-21;-24;9;0;1
-21;-24;10;0;1
-21;-24;14;0;1
-21;-24;15;0;1
-21;-24;17;1;1
-21;-24;18;1;1
-21;-24;26;1;1
-21;-24;27;0;1
-21;-24;28;0;1
-21;-24;33;0;1
-21;-24;34;0;1
-21;-24;35;0;1
-21;-24;40;1;1
-21;-24;42;1;1
-21;-24;43;1;1
-21;-24;44;1;1
-21;-24;47;0;1
-21;-24;49;1;1
-21;-24;57;0;1
-21;-24;58;0;1
-21;-24;59;0;1
-21;-23;9;1;1
-21;-23;11;0;1
-21;-23;13;1;1
-21;-23;14;0;1
-21;-23;15;1;1
-21;-23;16;1;1
-21;-23;17;0;1
-21;-23;23;0;1
-21;-23;24;1;1
-21;-23;26;0;1
-21;-23;30;1;1
-21;-23;33;0;1
-21;-23;35;0;1
-21;-23;47;1;1
-21;-23;50;0;1
-21;-23;53;1;1
-21;-23;54;0;1
-21;-23;55;1;1
-21;-23;59;0;1
-21;-23;60;0;1
-21;-23;61;1;1
-21;-22;9;0;1
-21;-22;10;0;1
-21;-22;11;1;1
-21;-22;14;0;1
-21;-22;17;1;1
-21;-22;21;1;1
-21;-22;28;0;1
-21;-22;31;1;1
-21;-22;32;0;1
-21;-22;34;1;1
-21;-22;36;0;1
-21;-22;37;0;1
-21;-22;38;1;1
-21;-22;43;0;1
-21;-22;44;0;1
-21;-22;49;1;1
-21;-22;50;1;1
-21;-22;54;0;1
-21;-22;55;1;1
-21;-22;56;0;1
-21;-22;61;0;1
-21;-22;62;1;1
-21;-22;63;0;1
-21;-22;64;0;1
-21;-21;11;1;1
-21;-21;13;1;1
-21;-21;19;1;1
-21;-21;20;1;1
-21;-21;21;0;1
-21;-21;29;0;1
-21;-21;31;1;1
-21;-21;32;1;1
-21;-21;33;0;1
-21;-21;35;1;1
-21;-21;37;0;1
-21;-21;40;1;1
-21;-21;41;1;1
-21;-21;44;0;1
-21;-21;47;1;1
-21;-21;53;0;1
-21;-21;59;0;1
-21;-21;60;0;1
-21;-21;63;1;1
-21;-20;11;1;1
-21;-20;12;1;1
-21;-20;14;1;1
-21;-20;16;0;1
-21;-20;19;1;1
-21;-20;20;0;1
-21;-20;23;1;1
-21;-20;34;1;1
-21;-20;36;0;1
-21;-20;37;1;1
-21;-20;44;1;1
-21;-20;46;0;1
-21;-20;47;0;1
-21;-20;49;1;1
-21;-20;53;0;1
-21;-20;55;1;1
-21;-20;56;1;1
-21;-20;62;0;1
-21;-20;63;0;1
-21;-19;12;1;1
-21;-19;14;1;1
-21;-19;15;1;1
-21;-19;17;0;1
-21;-19;19;0;1
-21;-19;20;1;1
-21;-19;23;1;1
-21;-19;24;1;1
-21;-19;29;0;1
-21;-19;31;1;1
-21;-19;34;0;1
-21;-19;35;0;1
-21;-19;42;0;1
-21;-19;43;1;1
-21;-19;47;0;1
-21;-19;49;0;1
-21;-19;50;1;1
-21;-19;56;1;1
-21;-19;59;1;1
-21;-19;61;0;1
-21;-18;10;1;1
-21;-18;12;0;1
-21;-18;15;0;1
-21;-18;16;0;1
-21;-18;17;0;1
-21;-18;18;1;1
-21;-18;21;0;1
-21;-18;22;1;1
-21;-18;24;0;1
-21;-18;26;0;1
-21;-18;27;1;1
-21;-18;28;0;1
-21;-18;29;0;1
-21;-18;36;1;1
-21;-18;37;1;1
-21;-18;40;1;1
-21;-18;45;1;1
-21;-18;46;0;1
-21;-18;48;0;1
-21;-18;49;0;1
-21;-18;50;0;1
-21;-18;51;1;1
-21;-18;57;0;1
-21;-18;58;0;1
-21;-18;60;1;1
-21;-18;62;0;1
-21;-17;16;1;1
-21;-17;17;0;1
-21;-17;19;0;1
-21;-17;22;0;1
-21;-17;27;1;1
-21;-17;32;0;1
-21;-17;34;1;1
-21;-17;38;1;1
-21;-17;39;0;1
-21;-17;40;0;1
-21;-17;42;0;1
-21;-17;43;0;1
-21;-17;47;0;1
-21;-17;50;1;1
-21;-17;51;0;1
-21;-17;54;1;1
-21;-17;56;0;1
-21;-17;57;0;1
-21;-17;60;1;1
-21;-17;61;0;1
-21;-17;65;1;1
-21;-16;12;0;1
-21;-16;14;0;1
-21;-16;16;0;1
-21;-16;19;0;1
-21;-16;20;0;1
-21;-16;21;0;1
-21;-16;24;0;1
-21;-16;26;0;1
-21;-16;27;0;1
-21;-16;28;0;1
-21;-16;29;0;1
-21;-16;36;0;1
-21;-16;37;1;1
-21;-16;38;1;1
-21;-16;39;0;1
-21;-16;41;1;1
-21;-16;42;0;1
-21;-16;44;0;1
-21;-16;47;0;1
-21;-16;49;1;1
-21;-16;53;0;1
-21;-16;59;1;1
-21;-16;62;0;1
-21;-15;9;0;1
-21;-15;10;1;1
-21;-15;12;0;1
-21;-15;14;1;1
-21;-15;18;0;1
-21;-15;19;0;1
-21;-15;22;0;1
-21;-15;23;0;1
-21;-15;27;1;1
-21;-15;28;0;1
-21;-15;32;0;1
-21;-15;34;0;1
-21;-15;37;1;1
-21;-15;38;1;1
-21;-15;40;0;1
-21;-15;41;0;1
-21;-15;44;0;1
-21;-15;48;0;1
-21;-15;49;1;1
-21;-15;53;1;1
-21;-15;55;0;1
-21;-15;57;1;1
-21;-15;61;0;1
-21;-15;62;1;1
-21;-15;63;0;1
-21;-15;66;0;1
-21;-14;8;0;1
-21;-14;12;0;1
-21;-14;13;0;1
-21;-14;22;0;1
-21;-14;23;0;1
-21;-14;26;0;1
-21;-14;28;1;1
-21;-14;29;1;1
-21;-14;36;0;1
-21;-14;39;0;1
-21;-14;42;0;1
-21;-14;43;0;1
-21;-14;44;0;1
-21;-14;45;0;1
-21;-14;47;0;1
-21;-14;49;0;1
-21;-14;51;0;1
-21;-14;64;0;1
-21;-14;65;0;1
-21;-13;8;0;1
-21;-13;15;0;1
-21;-13;16;1;1
-21;-13;20;0;1
-21;-13;25;0;1
-21;-13;28;0;1
-21;-13;31;0;1
-21;-13;32;0;1
-21;-13;34;0;1
-21;-13;48;0;1
-21;-13;49;0;1
-21;-13;59;0;1
-21;-13;60;1;1
-21;-13;63;1;1
-21;-13;65;1;1
-21;-13;66;0;1
-21;-12;7;0;1
-21;-12;10;0;1
-21;-12;19;1;1
-21;-12;22;1;1
-21;-12;25;0;1
-21;-12;26;1;1
-21;-12;27;0;1
-21;-12;30;0;1
-21;-12;31;1;1
-21;-12;32;1;1
-21;-12;33;0;1
-21;-12;39;0;1
-21;-12;41;0;1
-21;-12;42;0;1
-21;-12;43;0;1
-21;-12;50;1;1
-21;-12;54;0;1
-21;-12;56;1;1
-21;-12;57;1;1
-21;-12;62;0;1
-21;-12;63;1;1
-21;-12;65;1;1
-21;-11;9;1;1
-21;-11;14;0;1
-21;-11;16;0;1
-21;-11;18;0;1
-21;-11;21;1;1
-21;-11;23;0;1
-21;-11;24;1;1
-21;-11;28;1;1
-21;-11;32;0;1
-21;-11;35;0;1
-21;-11;36;0;1
-21;-11;37;1;1
-21;-11;49;0;1
-21;-11;51;0;1
-21;-11;55;1;1
-21;-11;58;1;1
-21;-11;59;1;1
-21;-11;61;0;1
-21;-10;8;1;1
-21;-10;12;0;1
-21;-10;14;0;1
-21;-10;16;1;1
-21;-10;18;0;1
-21;-10;20;0;1
-21;-10;21;0;1
-21;-10;25;0;1
-21;-10;26;1;1
-21;-10;27;1;1
-21;-10;30;0;1
-21;-10;31;0;1
-21;-10;32;0;1
-21;-10;35;1;1
-21;-10;39;1;1
-21;-10;40;1;1
-21;-10;44;0;1
-21;-10;45;1;1
-21;-10;47;1;1
-21;-10;49;1;1
-21;-10;52;1;1
-21;-10;53;0;1
-21;-10;54;0;1
-21;-10;55;0;1
-21;-10;59;0;1
-21;-10;60;0;1
-21;-10;62;1;1
-21;-9;12;0;1
-21;-9;14;0;1
-21;-9;15;1;1
-21;-9;17;0;1
-21;-9;20;0;1
-21;-9;21;1;1
-21;-9;22;1;1
-21;-9;26;0;1
-21;-9;30;0;1
-21;-9;31;0;1
-21;-9;34;0;1
-21;-9;35;0;1
-21;-9;38;0;1
-21;-9;40;0;1
-21;-9;48;1;1
-21;-9;50;1;1
-21;-9;52;0;1
-21;-9;56;0;1
-21;-9;58;0;1
-21;-9;61;1;1
-21;-9;62;0;1
-21;-8;10;1;1
-21;-8;11;0;1
-21;-8;13;0;1
-21;-8;18;0;1
-21;-8;19;1;1
-21;-8;21;1;1
-21;-8;23;1;1
-21;-8;27;0;1
-21;-8;31;1;1
-21;-8;32;0;1
-21;-8;40;1;1
-21;-8;46;0;1
-21;-8;47;0;1
-21;-8;50;1;1
-21;-8;52;1;1
-21;-8;53;1;1
-21;-8;56;0;1
-21;-8;57;0;1
-21;-7;11;0;1
-21;-7;15;0;1
-21;-7;16;1;1
-21;-7;19;1;1
-21;-7;21;0;1
-21;-7;22;1;1
-21;-7;31;0;1
-21;-7;32;0;1
-21;-7;33;1;1
-21;-7;34;1;1
-21;-7;42;1;1
-21;-7;46;1;1
-21;-7;50;0;1
-21;-7;54;0;1
-21;-7;56;1;1
-21;-7;59;0;1
-21;-7;60;0;1
-21;-6;12;0;1
-21;-6;13;0;1
-21;-6;14;0;1
-21;-6;18;0;1
-21;-6;21;0;1
-21;-6;23;0;1
-21;-6;24;0;1
-21;-6;26;0;1
-21;-6;29;0;1
-21;-6;30;0;1
-21;-6;34;1;1
-21;-6;37;1;1
-21;-6;41;1;1
-21;-6;42;0;1
-21;-6;43;1;1
-21;-6;44;1;1
-21;-6;47;0;1
-21;-6;49;0;1
-21;-6;52;1;1
-21;-6;53;0;1
-21;-6;54;1;1
-21;-6;58;0;1
-21;-6;60;0;1
-21;-5;14;1;1
-21;-5;18;0;1
-21;-5;19;0;1
-21;-5;21;0;1
-21;-5;22;0;1
-21;-5;26;1;1
-21;-5;30;0;1
-21;-5;34;1;1
-21;-5;35;0;1
-21;-5;39;0;1
-21;-5;41;0;1
-21;-5;42;0;1
-21;-5;43;1;1
-21;-5;45;0;1
-21;-5;48;0;1
-21;-5;51;0;1
-21;-5;53;0;1
-21;-5;55;1;1
-21;-5;58;0;1
-21;-4;12;0;1
-21;-4;14;0;1
-21;-4;15;1;1
-21;-4;16;1;1
-21;-4;17;0;1
-21;-4;27;0;1
-21;-4;32;1;1
-21;-4;33;0;1
-21;-4;36;0;1
-21;-4;37;0;1
-21;-4;38;1;1
-21;-4;40;0;1
-21;-4;42;0;1
-21;-4;48;1;1
-21;-4;52;0;1
-21;-4;53;1;1
-21;-4;54;1;1
-21;-4;56;0;1
-21;-4;57;0;1
-21;-4;58;1;1
-21;-3;13;1;1
-21;-3;14;0;1
-21;-3;15;0;1
-21;-3;16;1;1
-21;-3;23;0;1
-21;-3;25;0;1
-21;-3;26;0;1
-21;-3;27;0;1
-21;-3;37;1;1
-21;-3;38;0;1
-21;-3;41;0;1
-21;-3;44;0;1
-21;-3;46;1;1
-21;-3;50;0;1
-21;-3;51;0;1
-21;-3;52;0;1
-21;-3;55;0;1
-21;-2;18;1;1
-21;-2;23;1;1
-21;-2;26;0;1
-21;-2;31;1;1
-21;-2;32;0;1
-21;-2;34;1;1
-21;-2;40;0;1
-21;-2;44;1;1
-21;-2;50;0;1
-21;-2;53;0;1
-21;-2;54;0;1
-21;-2;55;0;1
-21;-1;13;1;1
-21;-1;14;1;1
-21;-1;15;1;1
-21;-1;17;0;1
-21;-1;29;0;1
-21;-1;30;0;1
-21;-1;31;1;1
-21;-1;34;0;1
-21;-1;37;0;1
-21;-1;38;0;1
-21;-1;39;0;1
-21;-1;40;0;1
-21;-1;43;0;1
-21;-1;45;0;1
-21;-1;46;1;1
-21;-1;51;1;1
-21;-1;52;0;1
-21;-1;55;1;1
-21;0;13;0;1
-21;0;15;1;1
-21;0;16;0;1
-21;0;17;1;1
-21;0;18;1;1
-21;0;19;1;1
-21;0;21;0;1
-21;0;22;1;1
-21;0;26;1;1
-21;0;27;0;1
-21;0;28;0;1
-21;0;30;0;1
-21;0;33;1;1
-21;0;36;0;1
-21;0;37;1;1
-21;0;40;0;1
-21;0;44;0;1
-21;0;48;0;1
-21;0;49;0;1
-21;0;50;0;1
-21;0;53;0;1
-21;0;54;0;1
-21;1;16;0;1
-21;1;18;0;1
-21;1;19;0;1
-21;1;20;1;1
-21;1;21;0;1
-21;1;23;0;1
-21;1;27;1;1
-21;1;28;1;1
-21;1;30;0;1
-21;1;31;0;1
-21;1;36;1;1
-21;1;38;0;1
-21;1;40;1;1
-21;1;41;1;1
-21;1;46;1;1
-21;1;47;1;1
-21;1;51;0;1
-21;1;53;0;1
-21;1;54;0;1
-21;1;55;0;1
-21;2;13;0;1
-21;2;17;0;1
-21;2;18;1;1
-21;2;20;0;1
-21;2;22;0;1
-21;2;24;0;1
-21;2;29;1;1
-21;2;30;1;1
-21;2;35;0;1
-21;2;37;0;1
-21;2;39;0;1
-21;2;41;0;1
-21;2;42;0;1
-21;2;45;0;1
-21;2;52;1;1
-21;2;55;0;1
-21;3;13;0;1
-21;3;14;0;1
-21;3;16;0;1
-21;3;17;1;1
-21;3;18;1;1
-21;3;19;1;1
-21;3;25;1;1
-21;3;27;0;1
-21;3;32;0;1
-21;3;37;0;1
-21;3;39;1;1
-21;3;40;0;1
-21;3;44;0;1
-21;3;46;0;1
-21;3;50;0;1
-21;3;51;0;1
-21;3;53;0;1
-21;3;55;0;1
-21;3;56;0;1
-21;4;15;0;1
-21;4;16;0;1
-21;4;21;1;1
-21;4;22;1;1
-21;4;23;1;1
-21;4;25;0;1
-21;4;27;0;1
-21;4;28;0;1
-21;4;31;0;1
-21;4;32;0;1
-21;4;34;0;1
-21;4;38;0;1
-21;4;39;1;1
-21;4;40;0;1
-21;4;46;0;1
-21;4;49;0;1
-21;4;50;1;1
-21;4;51;0;1
-21;4;52;0;1
-21;4;53;0;1
-21;4;56;1;1
-21;5;16;1;1
-21;5;19;0;1
-21;5;24;0;1
-21;5;25;0;1
-21;5;33;0;1
-21;5;34;1;1
-21;5;35;0;1
-21;5;36;1;1
-21;5;37;1;1
-21;5;38;1;1
-21;5;41;0;1
-21;5;43;0;1
-21;5;44;0;1
-21;5;45;0;1
-21;5;47;0;1
-21;5;48;0;1
-21;5;54;1;1
-21;5;56;0;1
-21;5;57;1;1
-21;5;58;0;1
-21;5;59;1;1
-21;6;11;0;1
-21;6;12;0;1
-21;6;14;0;1
-21;6;17;0;1
-21;6;18;1;1
-21;6;20;0;1
-21;6;21;1;1
-21;6;24;0;1
-21;6;25;0;1
-21;6;27;1;1
-21;6;28;0;1
-21;6;30;1;1
-21;6;32;0;1
-21;6;36;0;1
-21;6;38;0;1
-21;6;39;0;1
-21;6;41;0;1
-21;6;42;0;1
-21;6;44;0;1
-21;6;45;0;1
-21;6;46;0;1
-21;6;52;0;1
-21;6;53;1;1
-21;6;58;1;1
-21;6;59;1;1
-21;7;11;0;1
-21;7;14;1;1
-21;7;16;1;1
-21;7;19;1;1
-21;7;20;0;1
-21;7;21;1;1
-21;7;23;0;1
-21;7;25;1;1
-21;7;28;0;1
-21;7;30;1;1
-21;7;31;0;1
-21;7;32;0;1
-21;7;37;0;1
-21;7;38;1;1
-21;7;39;1;1
-21;7;40;1;1
-21;7;46;0;1
-21;7;48;1;1
-21;7;49;1;1
-21;7;53;0;1
-21;7;58;0;1
-21;7;60;0;1
-21;8;11;1;1
-21;8;12;0;1
-21;8;16;0;1
-21;8;18;0;1
-21;8;19;0;1
-21;8;20;0;1
-21;8;23;0;1
-21;8;24;1;1
-21;8;25;1;1
-21;8;29;0;1
-21;8;31;0;1
-21;8;32;0;1
-21;8;36;0;1
-21;8;39;0;1
-21;8;42;0;1
-21;8;44;0;1
-21;8;45;1;1
-21;8;46;0;1
-21;8;53;0;1
-21;8;55;1;1
-21;8;59;0;1
-21;8;61;0;1
-21;9;9;1;1
-21;9;12;0;1
-21;9;13;0;1
-21;9;14;0;1
-21;9;15;0;1
-21;9;16;1;1
-21;9;18;0;1
-21;9;19;0;1
-21;9;21;0;1
-21;9;24;1;1
-21;9;25;1;1
-21;9;27;0;1
-21;9;29;0;1
-21;9;31;1;1
-21;9;34;1;1
-21;9;41;0;1
-21;9;47;0;1
-21;9;48;0;1
-21;9;49;0;1
-21;9;54;1;1
-21;9;55;1;1
-21;9;58;0;1
-21;9;62;0;1
-21;10;19;1;1
-21;10;21;0;1
-21;10;22;0;1
-21;10;28;0;1
-21;10;30;1;1
-21;10;31;0;1
-21;10;33;1;1
-21;10;36;1;1
-21;10;37;0;1
-21;10;42;0;1
-21;10;44;1;1
-21;10;47;0;1
-21;10;50;1;1
-21;10;52;0;1
-21;10;54;0;1
-21;10;58;0;1
-21;10;59;0;1
-21;10;61;0;1
-21;11;10;0;1
-21;11;13;0;1
-21;11;16;1;1
-21;11;24;0;1
-21;11;25;1;1
-21;11;26;1;1
-21;11;29;1;1
-21;11;32;1;1
-21;11;34;0;1
-21;11;37;1;1
-21;11;40;0;1
-21;11;43;0;1
-21;11;45;1;1
-21;11;46;0;1
-21;11;49;0;1
-21;11;56;0;1
-21;11;60;0;1
-21;11;65;1;1
-21;12;12;1;1
-21;12;16;1;1
-21;12;21;0;1
-21;12;22;1;1
-21;12;25;0;1
-21;12;27;1;1
-21;12;28;1;1
-21;12;29;1;1
-21;12;37;1;1
-21;12;38;0;1
-21;12;39;0;1
-21;12;40;0;1
-21;12;41;0;1
-21;12;42;0;1
-21;12;43;1;1
-21;12;45;1;1
-21;12;48;0;1
-21;12;59;0;1
-21;12;60;0;1
-21;12;62;1;1
-21;12;66;0;1
-21;13;11;0;1
-21;13;13;1;1
-21;13;15;0;1
-21;13;18;0;1
-21;13;19;0;1
-21;13;21;0;1
-21;13;22;0;1
-21;13;23;0;1
-21;13;25;0;1
-21;13;27;1;1
-21;13;28;0;1
-21;13;31;0;1
-21;13;33;0;1
-21;13;35;0;1
-21;13;38;0;1
-21;13;40;0;1
-21;13;41;1;1
-21;13;42;1;1
-21;13;43;0;1
-21;13;45;0;1
-21;13;46;0;1
-21;13;47;0;1
-21;13;53;0;1
-21;13;56;0;1
-21;13;60;0;1
-21;13;62;0;1
-21;13;63;0;1
-21;13;64;0;1
-21;14;7;1;1
-21;14;10;1;1
-21;14;12;1;1
-21;14;14;1;1
-21;14;17;0;1
-21;14;22;0;1
-21;14;23;0;1
-21;14;26;1;1
-21;14;27;1;1
-21;14;32;1;1
-21;14;33;0;1
-21;14;35;1;1
-21;14;40;0;1
-21;14;42;1;1
-21;14;43;1;1
-21;14;45;0;1
-21;14;48;0;1
-21;14;49;1;1
-21;14;50;1;1
-21;14;55;0;1
-21;14;56;0;1
-21;14;57;1;1
-21;14;59;0;1
-21;14;66;0;1
-21;15;8;0;1
-21;15;9;0;1
-21;15;10;0;1
-21;15;12;0;1
-21;15;13;0;1
-21;15;14;1;1
-21;15;16;0;1
-21;15;17;1;1
-21;15;20;0;1
-21;15;22;0;1
-21;15;23;0;1
-21;15;24;1;1
-21;15;25;0;1
-21;15;28;0;1
-21;15;30;1;1
-21;15;32;1;1
-21;15;40;0;1
-21;15;41;0;1
-21;15;42;0;1
-21;15;44;1;1
-21;15;46;0;1
-21;15;48;1;1
-21;15;49;1;1
-21;15;50;0;1
-21;15;53;0;1
-21;15;57;0;1
-21;15;63;1;1
-21;15;64;0;1
-21;16;9;0;1
-21;16;14;0;1
-21;16;15;0;1
-21;16;16;0;1
-21;16;17;0;1
-21;16;21;0;1
-21;16;22;0;1
-21;16;23;0;1
-21;16;27;0;1
-21;16;28;1;1
-21;16;31;0;1
-21;16;32;0;1
-21;16;37;1;1
-21;16;39;0;1
-21;16;41;1;1
-21;16;43;1;1
-21;16;46;0;1
-21;16;48;0;1
-21;16;49;1;1
-21;16;51;0;1
-21;16;52;0;1
-21;16;54;0;1
-21;16;55;0;1
-21;16;59;0;1
-21;16;61;0;1
-21;17;8;0;1
-21;17;14;1;1
-21;17;15;0;1
-21;17;17;1;1
-21;17;18;1;1
-21;17;19;1;1
-21;17;22;1;1
-21;17;24;1;1
-21;17;26;0;1
-21;17;28;0;1
-21;17;31;1;1
-21;17;33;0;1
-21;17;35;0;1
-21;17;36;0;1
-21;17;37;0;1
-21;17;43;0;1
-21;17;46;0;1
-21;17;50;1;1
-21;17;61;1;1
-21;17;64;0;1
-21;18;9;1;1
-21;18;10;0;1
-21;18;17;0;1
-21;18;20;1;1
-21;18;21;1;1
-21;18;30;1;1
-21;18;32;0;1
-21;18;33;0;1
-21;18;38;0;1
-21;18;40;0;1
-21;18;44;1;1
-21;18;48;1;1
-21;18;49;0;1
-21;18;52;1;1
-21;18;53;0;1
-21;18;54;1;1
-21;18;55;0;1
-21;18;57;0;1
-21;18;58;0;1
-21;18;60;0;1
-21;18;62;0;1
-21;18;63;1;1
-21;18;64;0;1
-21;19;8;1;1
-21;19;9;1;1
-21;19;12;0;1
-21;19;13;0;1
-21;19;21;0;1
-21;19;22;0;1
-21;19;23;0;1
-21;19;27;0;1
-21;19;28;1;1
-21;19;33;0;1
-21;19;34;1;1
-21;19;35;1;1
-21;19;37;1;1
-21;19;38;0;1
-21;19;45;0;1
-21;19;47;0;1
-21;19;49;0;1
-21;19;50;1;1
-21;19;52;1;1
-21;19;54;1;1
-21;19;55;1;1
-21;19;60;0;1
-21;19;63;0;1
-21;20;9;1;1
-21;20;10;0;1
-21;20;15;1;1
-21;20;16;0;1
-21;20;19;1;1
-21;20;26;1;1
-21;20;28;0;1
-21;20;31;0;1
-21;20;32;0;1
-21;20;33;0;1
-21;20;38;0;1
-21;20;40;0;1
-21;20;43;1;1
-21;20;45;1;1
-21;20;46;0;1
-21;20;48;0;1
-21;20;51;0;1
-21;20;56;0;1
-21;20;57;1;1
-21;20;58;1;1
-21;20;59;1;1
-21;20;60;1;1
-21;20;61;1;1
-21;20;63;0;1
-21;20;64;0;1
-21;21;9;0;1
-21;21;11;0;1
-21;21;12;0;1
-21;21;15;0;1
-21;21;17;0;1
-21;21;19;0;1
-21;21;21;0;1
-21;21;25;1;1
-21;21;30;0;1
-21;21;32;1;1
-21;21;34;0;1
-21;21;36;1;1
-21;21;37;1;1
-21;21;38;1;1
-21;21;39;0;1
-21;21;40;0;1
-21;21;41;0;1
-21;21;44;0;1
-21;21;46;0;1
-21;21;50;0;1
-21;21;52;0;1
-21;21;55;0;1
-21;21;56;0;1
-21;21;62;1;1
-21;21;63;0;1
-21;22;9;0;1
-21;22;10;0;1
-21;22;11;1;1
-21;22;12;0;1
-21;22;13;1;1
-21;22;19;0;1
-21;22;38;0;1
-21;22;41;1;1
-21;22;44;0;1
-21;22;45;1;1
-21;22;46;0;1
-21;22;48;0;1
-21;22;51;0;1
-21;22;55;1;1
-21;22;59;0;1
-21;22;60;0;1
-21;23;9;1;1
-21;23;10;1;1
-21;23;11;0;1
-21;23;16;0;1
-21;23;17;1;1
-21;23;19;1;1
-21;23;21;1;1
-21;23;23;1;1
-21;23;24;0;1
-21;23;29;1;1
-21;23;30;1;1
-21;23;34;0;1
-21;23;37;0;1
-21;23;38;1;1
-21;23;40;1;1
-21;23;41;0;1
-21;23;42;0;1
-21;23;46;0;1
-21;23;48;1;1
-21;23;49;0;1
-21;23;50;1;1
-21;23;52;1;1
-21;23;56;1;1
-21;23;57;1;1
-21;23;61;1;1
-21;23;62;1;1
-21;23;63;0;1
-21;24;9;1;1
-21;24;11;0;1
-21;24;14;0;1
-21;24;18;1;1
-21;24;19;1;1
-21;24;23;0;1
-21;24;24;0;1
-21;24;26;0;1
-21;24;28;0;1
-21;24;32;1;1
-21;24;34;0;1
-21;24;35;0;1
-21;24;38;0;1
-21;24;40;1;1
-21;24;45;0;1
-21;24;48;0;1
-21;24;49;1;1
-21;24;50;1;1
-21;24;52;0;1
-21;24;53;1;1
-21;24;54;0;1
-21;24;56;0;1
-21;24;61;1;1
-21;25;14;1;1
-21;25;15;1;1
-21;25;18;0;1
-21;25;20;0;1
-21;25;22;0;1
-21;25;24;0;1
-21;25;25;0;1
-21;25;26;0;1
-21;25;28;0;1
-21;25;31;1;1
-21;25;40;0;1
-21;25;41;1;1
-21;25;43;1;1
-21;25;44;1;1
-21;25;45;0;1
-21;25;46;0;1
-21;25;52;1;1
-21;25;53;1;1
-21;25;55;0;1
-21;25;57;0;1
-21;25;60;0;1
-21;26;10;0;1
-21;26;12;0;1
-21;26;15;0;1
-21;26;16;0;1
-21;26;17;1;1
-21;26;18;0;1
-21;26;20;0;1
-21;26;22;1;1
-21;26;23;0;1
-21;26;24;0;1
-21;26;27;1;1
-21;26;29;1;1
-21;26;31;1;1
-21;26;32;0;1
-21;26;35;1;1
-21;26;37;1;1
-21;26;38;0;1
-21;26;40;1;1
-21;26;41;0;1
-21;26;43;1;1
-21;26;46;0;1
-21;26;52;0;1
-21;26;54;0;1
-21;26;56;0;1
-21;26;59;0;1
-21;26;62;0;1
-21;27;13;1;1
-21;27;16;0;1
-21;27;18;0;1
-21;27;22;1;1
-21;27;24;0;1
-21;27;26;1;1
-21;27;27;1;1
-21;27;28;0;1
-21;27;29;0;1
-21;27;35;0;1
-21;27;39;1;1
-21;27;43;0;1
-21;27;49;0;1
-21;27;50;0;1
-21;27;54;0;1
-21;27;57;1;1
-21;27;62;0;1
-21;28;10;1;1
-21;28;11;1;1
-21;28;12;0;1
-21;28;13;0;1
-21;28;17;0;1
-21;28;20;1;1
-21;28;27;0;1
-21;28;29;1;1
-21;28;32;0;1
-21;28;33;1;1
-21;28;34;0;1
-21;28;37;0;1
-21;28;38;0;1
-21;28;39;0;1
-21;28;40;0;1
-21;28;42;0;1
-21;28;46;0;1
-21;28;47;0;1
-21;28;49;1;1
-21;28;51;0;1
-21;28;56;0;1
-21;28;59;0;1
-21;29;10;0;1
-21;29;14;1;1
-21;29;15;0;1
-21;29;16;1;1
-21;29;18;0;1
-21;29;20;1;1
-21;29;21;1;1
-21;29;23;0;1
-21;29;27;1;1
-21;29;31;0;1
-21;29;32;1;1
-21;29;36;0;1
-21;29;37;0;1
-21;29;41;1;1
-21;29;43;1;1
-21;29;44;1;1
-21;29;46;0;1
-21;29;47;1;1
-21;29;49;1;1
-21;29;50;1;1
-21;29;51;0;1
-21;29;54;1;1
-21;29;55;1;1
-21;29;61;0;1
-21;30;14;1;1
-21;30;17;0;1
-21;30;18;0;1
-21;30;20;0;1
-21;30;21;0;1
-21;30;24;0;1
-21;30;26;0;1
-21;30;27;0;1
-21;30;29;1;1
-21;30;32;1;1
-21;30;33;1;1
-21;30;34;0;1
-21;30;35;0;1
-21;30;37;0;1
-21;30;39;0;1
-21;30;44;0;1
-21;30;46;0;1
-21;30;51;0;1
-21;30;52;0;1
-21;30;53;0;1
-21;30;54;0;1
-21;30;56;0;1
-21;30;57;1;1
-21;30;58;0;1
-21;30;60;1;1
-21;31;11;0;1
-21;31;14;0;1
-21;31;15;0;1
-21;31;19;0;1
-21;31;20;1;1
-21;31;23;1;1
-21;31;24;1;1
-21;31;28;1;1
-21;31;29;1;1
-21;31;31;0;1
-21;31;34;1;1
-21;31;41;0;1
-21;31;46;1;1
-21;31;48;0;1
-21;31;51;1;1
-21;31;54;0;1
-21;31;58;0;1
-21;31;60;0;1
-21;32;14;0;1
-21;32;15;0;1
-21;32;16;1;1
-21;32;20;1;1
-21;32;21;1;1
-21;32;23;1;1
-21;32;26;1;1
-21;32;28;0;1
-21;32;30;0;1
-21;32;31;0;1
-21;32;32;1;1
-21;32;34;0;1
-21;32;35;1;1
-21;32;37;0;1
-21;32;40;0;1
-21;32;42;1;1
-21;32;47;1;1
-21;32;52;1;1
-21;32;53;1;1
-21;32;54;0;1
-21;32;56;0;1
-21;32;59;0;1
-21;33;12;0;1
-21;33;15;1;1
-21;33;17;0;1
-21;33;18;1;1
-21;33;23;1;1
-21;33;24;0;1
-21;33;26;1;1
-21;33;40;0;1
-21;33;41;0;1
-21;33;42;0;1
-21;33;46;0;1
-21;33;47;0;1
-21;33;48;1;1
-21;33;50;0;1
-21;33;51;0;1
-21;33;53;1;1
-21;33;57;0;1
-21;33;59;0;1
-21;34;12;0;1
-21;34;14;0;1
-21;34;16;0;1
-21;34;18;0;1
-21;34;20;0;1
-21;34;21;0;1
-21;34;23;0;1
-21;34;25;0;1
-21;34;31;1;1
-21;34;35;0;1
-21;34;39;0;1
-21;34;40;1;1
-21;34;42;0;1
-21;34;48;1;1
-21;34;55;0;1
-21;34;58;0;1
-21;35;13;0;1
-21;35;15;0;1
-21;35;17;0;1
-21;35;18;0;1
-21;35;19;0;1
-21;35;20;0;1
-21;35;23;0;1
-21;35;24;0;1
-21;35;29;1;1
-21;35;31;0;1
-21;35;32;0;1
-21;35;33;0;1
-21;35;34;0;1
-21;35;35;0;1
-21;35;37;0;1
-21;35;38;0;1
-21;35;41;0;1
-21;35;43;0;1
-21;35;44;0;1
-21;35;46;0;1
-21;35;48;0;1
-21;35;49;1;1
-21;35;52;0;1
-21;35;53;0;1
-21;35;54;0;1
-21;35;55;1;1
-21;35;56;1;1
-21;36;16;1;1
-21;36;17;1;1
-21;36;19;0;1
-21;36;21;1;1
-21;36;22;0;1
-21;36;25;0;1
-21;36;26;0;1
-21;36;27;0;1
-21;36;31;1;1
-21;36;45;1;1
-21;36;46;1;1
-21;36;48;0;1
-21;36;50;0;1
-21;36;53;1;1
-21;36;54;0;1
-21;36;56;1;1
-20;-34;18;0;1
-20;-34;24;1;1
-20;-34;27;0;1
-20;-34;29;0;1
-20;-34;30;1;1
-20;-34;34;0;1
-20;-34;35;1;1
-20;-34;36;0;1
-20;-34;44;0;1
-20;-34;47;0;1
-20;-34;48;0;1
-20;-34;51;1;1
-20;-34;54;1;1
-20;-34;56;0;1
-20;-34;58;0;1
-20;-33;11;0;1
-20;-33;12;1;1
-20;-33;13;1;1
-20;-33;14;1;1
-20;-33;17;0;1
-20;-33;19;1;1
-20;-33;20;0;1
-20;-33;21;1;1
-20;-33;23;0;1
-20;-33;24;1;1
-20;-33;26;0;1
-20;-33;29;0;1
-20;-33;34;0;1
-20;-33;40;0;1
-20;-33;43;0;1
-20;-33;44;1;1
-20;-33;47;1;1
-20;-33;50;0;1
-20;-33;52;1;1
-20;-33;53;1;1
-20;-33;55;1;1
-20;-33;58;0;1
-20;-33;59;0;1
-20;-32;17;0;1
-20;-32;18;0;1
-20;-32;19;1;1
-20;-32;24;0;1
-20;-32;25;0;1
-20;-32;27;0;1
-20;-32;30;0;1
-20;-32;37;0;1
-20;-32;38;0;1
-20;-32;39;0;1
-20;-32;40;0;1
-20;-32;43;0;1
-20;-32;45;0;1
-20;-32;47;0;1
-20;-32;49;0;1
-20;-32;50;0;1
-20;-32;53;0;1
-20;-32;55;1;1
-20;-32;59;0;1
-20;-31;11;1;1
-20;-31;12;1;1
-20;-31;14;1;1
-20;-31;17;0;1
-20;-31;18;0;1
-20;-31;19;0;1
-20;-31;24;0;1
-20;-31;27;1;1
-20;-31;28;1;1
-20;-31;29;0;1
-20;-31;30;0;1
-20;-31;31;0;1
-20;-31;34;1;1
-20;-31;36;0;1
-20;-31;38;1;1
-20;-31;40;0;1
-20;-31;41;1;1
-20;-31;42;0;1
-20;-31;44;1;1
-20;-31;47;0;1
-20;-31;50;1;1
-20;-31;56;0;1
-20;-31;57;1;1
-20;-30;10;1;1
-20;-30;12;0;1
-20;-30;15;0;1
-20;-30;18;1;1
-20;-30;19;1;1
-20;-30;20;0;1
-20;-30;21;0;1
-20;-30;23;1;1
-20;-30;24;0;1
-20;-30;28;0;1
-20;-30;30;0;1
-20;-30;31;0;1
-20;-30;35;0;1
-20;-30;42;1;1
-20;-30;44;1;1
-20;-30;48;1;1
-20;-30;49;1;1
-20;-30;56;1;1
-20;-30;57;1;1
-20;-30;58;0;1
-20;-30;60;1;1
-20;-30;61;0;1
-20;-29;10;1;1
-20;-29;12;1;1
-20;-29;13;0;1
-20;-29;16;0;1
-20;-29;19;0;1
-20;-29;20;0;1
-20;-29;23;0;1
-20;-29;28;1;1
-20;-29;29;1;1
-20;-29;32;1;1
-20;-29;33;0;1
-20;-29;38;0;1
-20;-29;39;0;1
-20;-29;42;0;1
-20;-29;43;0;1
-20;-29;45;0;1
-20;-29;46;0;1
-20;-29;48;0;1
-20;-29;50;0;1
-20;-29;51;1;1
-20;-29;56;0;1
-20;-29;59;1;1
-20;-29;60;1;1
-20;-28;10;0;1
-20;-28;11;1;1
-20;-28;14;0;1
-20;-28;16;0;1
-20;-28;19;0;1
-20;-28;21;0;1
-20;-28;25;0;1
-20;-28;26;1;1
-20;-28;28;1;1
-20;-28;29;0;1
-20;-28;30;1;1
-20;-28;34;0;1
-20;-28;35;0;1
-20;-28;38;1;1
-20;-28;39;1;1
-20;-28;40;0;1
-20;-28;41;1;1
-20;-28;43;0;1
-20;-28;48;0;1
-20;-28;52;0;1
-20;-28;53;0;1
-20;-28;55;1;1
-20;-28;56;1;1
-20;-28;59;0;1
-20;-28;61;1;1
-20;-27;10;0;1
-20;-27;11;0;1
-20;-27;13;0;1
-20;-27;14;0;1
-20;-27;17;1;1
-20;-27;20;1;1
-20;-27;21;0;1
-20;-27;22;0;1
-20;-27;23;0;1
-20;-27;30;0;1
-20;-27;32;1;1
-20;-27;33;0;1
-20;-27;35;0;1
-20;-27;36;1;1
-20;-27;37;1;1
-20;-27;38;1;1
-20;-27;42;0;1
-20;-27;47;0;1
-20;-27;48;1;1
-20;-27;49;0;1
-20;-27;51;1;1
-20;-27;54;1;1
-20;-27;56;0;1
-20;-27;61;1;1
-20;-26;11;0;1
-20;-26;13;0;1
-20;-26;14;1;1
-20;-26;16;0;1
-20;-26;17;0;1
-20;-26;20;0;1
-20;-26;22;1;1
-20;-26;26;1;1
-20;-26;27;0;1
-20;-26;29;0;1
-20;-26;32;1;1
-20;-26;35;0;1
-20;-26;37;0;1
-20;-26;38;0;1
-20;-26;42;0;1
-20;-26;43;0;1
-20;-26;45;0;1
-20;-26;46;1;1
-20;-26;48;1;1
-20;-26;53;1;1
-20;-26;54;0;1
-20;-26;56;0;1
-20;-26;57;0;1
-20;-26;58;0;1
-20;-26;60;0;1
-20;-26;62;0;1
-20;-25;11;1;1
-20;-25;13;1;1
-20;-25;14;0;1
-20;-25;15;0;1
-20;-25;17;0;1
-20;-25;18;0;1
-20;-25;19;1;1
-20;-25;22;0;1
-20;-25;23;0;1
-20;-25;24;1;1
-20;-25;25;1;1
-20;-25;27;0;1
-20;-25;28;1;1
-20;-25;31;1;1
-20;-25;34;0;1
-20;-25;36;0;1
-20;-25;37;0;1
-20;-25;38;1;1
-20;-25;41;0;1
-20;-25;42;1;1
-20;-25;43;0;1
-20;-25;44;1;1
-20;-25;45;0;1
-20;-25;47;0;1
-20;-25;54;1;1
-20;-25;56;0;1
-20;-25;61;1;1
-20;-25;63;0;1
-20;-24;9;0;1
-20;-24;10;0;1
-20;-24;18;1;1
-20;-24;22;1;1
-20;-24;26;1;1
-20;-24;27;0;1
-20;-24;28;0;1
-20;-24;33;0;1
-20;-24;36;0;1
-20;-24;37;0;1
-20;-24;39;0;1
-20;-24;43;1;1
-20;-24;49;0;1
-20;-24;53;1;1
-20;-24;55;0;1
-20;-24;57;0;1
-20;-24;59;1;1
-20;-24;60;1;1
-20;-24;63;1;1
-20;-23;9;0;1
-20;-23;10;0;1
-20;-23;11;0;1
-20;-23;15;0;1
-20;-23;16;0;1
-20;-23;17;0;1
-20;-23;18;0;1
-20;-23;20;0;1
-20;-23;29;1;1
-20;-23;32;0;1
-20;-23;33;1;1
-20;-23;36;1;1
-20;-23;37;1;1
-20;-23;40;0;1
-20;-23;48;0;1
-20;-23;49;0;1
-20;-23;53;1;1
-20;-23;56;0;1
-20;-23;58;0;1
-20;-23;60;1;1
-20;-23;62;1;1
-20;-23;64;1;1
-20;-22;10;0;1
-20;-22;13;0;1
-20;-22;14;0;1
-20;-22;15;0;1
-20;-22;16;0;1
-20;-22;22;0;1
-20;-22;24;1;1
-20;-22;29;0;1
-20;-22;30;1;1
-20;-22;35;0;1
-20;-22;39;0;1
-20;-22;40;1;1
-20;-22;41;1;1
-20;-22;43;1;1
-20;-22;45;0;1
-20;-22;50;1;1
-20;-22;58;1;1
-20;-22;59;1;1
-20;-22;60;0;1
-20;-22;63;0;1
-20;-22;64;1;1
-20;-21;8;1;1
-20;-21;9;0;1
-20;-21;12;0;1
-20;-21;15;1;1
-20;-21;16;1;1
-20;-21;17;1;1
-20;-21;22;1;1
-20;-21;26;1;1
-20;-21;28;0;1
-20;-21;30;1;1
-20;-21;32;0;1
-20;-21;34;0;1
-20;-21;35;0;1
-20;-21;36;1;1
-20;-21;41;1;1
-20;-21;43;1;1
-20;-21;44;0;1
-20;-21;45;0;1
-20;-21;46;1;1
-20;-21;49;0;1
-20;-21;50;0;1
-20;-21;54;1;1
-20;-21;55;0;1
-20;-21;56;0;1
-20;-21;57;0;1
-20;-21;60;0;1
-20;-21;61;1;1
-20;-20;9;0;1
-20;-20;12;0;1
-20;-20;14;0;1
-20;-20;16;0;1
-20;-20;17;0;1
-20;-20;19;0;1
-20;-20;24;0;1
-20;-20;25;1;1
-20;-20;27;0;1
-20;-20;30;1;1
-20;-20;31;0;1
-20;-20;37;1;1
-20;-20;38;1;1
-20;-20;39;0;1
-20;-20;43;0;1
-20;-20;48;0;1
-20;-20;49;0;1
-20;-20;54;0;1
-20;-20;60;0;1
-20;-20;63;1;1
-20;-20;64;1;1
-20;-19;8;1;1
-20;-19;11;1;1
-20;-19;23;0;1
-20;-19;25;0;1
-20;-19;27;0;1
-20;-19;30;0;1
-20;-19;31;0;1
-20;-19;32;1;1
-20;-19;33;0;1
-20;-19;42;1;1
-20;-19;44;0;1
-20;-19;46;0;1
-20;-19;48;0;1
-20;-19;51;0;1
-20;-19;52;0;1
-20;-19;54;0;1
-20;-19;56;1;1
-20;-19;59;0;1
-20;-19;60;1;1
-20;-19;63;0;1
-20;-19;64;0;1
-20;-18;9;1;1
-20;-18;11;1;1
-20;-18;12;0;1
-20;-18;16;0;1
-20;-18;19;0;1
-20;-18;20;0;1
-20;-18;22;0;1
-20;-18;24;1;1
-20;-18;27;1;1
-20;-18;31;0;1
-20;-18;33;1;1
-20;-18;36;1;1
-20;-18;37;1;1
-20;-18;44;1;1
-20;-18;48;0;1
-20;-18;49;0;1
-20;-18;52;0;1
-20;-18;55;0;1
-20;-18;56;0;1
-20;-18;58;0;1
-20;-18;59;1;1
-20;-17;8;1;1
-20;-17;9;0;1
-20;-17;12;0;1
-20;-17;14;1;1
-20;-17;15;0;1
-20;-17;23;1;1
-20;-17;26;0;1
-20;-17;27;1;1
-20;-17;30;0;1
-20;-17;32;0;1
-20;-17;33;0;1
-20;-17;34;0;1
-20;-17;37;0;1
-20;-17;41;0;1
-20;-17;43;1;1
-20;-17;47;0;1
-20;-17;48;0;1
-20;-17;56;0;1
-20;-17;63;1;1
-20;-17;66;0;1
-20;-16;7;0;1
-20;-16;9;0;1
-20;-16;12;1;1
-20;-16;14;0;1
-20;-16;19;1;1
-20;-16;20;1;1
-20;-16;22;0;1
-20;-16;25;0;1
-20;-16;27;1;1
-20;-16;29;0;1
-20;-16;31;1;1
-20;-16;36;1;1
-20;-16;39;1;1
-20;-16;40;0;1
-20;-16;42;0;1
-20;-16;43;1;1
-20;-16;45;0;1
-20;-16;50;0;1
-20;-16;51;0;1
-20;-16;53;1;1
-20;-16;59;0;1
-20;-15;10;0;1
-20;-15;14;0;1
-20;-15;15;1;1
-20;-15;17;0;1
-20;-15;18;0;1
-20;-15;19;0;1
-20;-15;20;1;1
-20;-15;24;0;1
-20;-15;25;1;1
-20;-15;28;1;1
-20;-15;37;1;1
-20;-15;38;0;1
-20;-15;42;0;1
-20;-15;47;1;1
-20;-15;49;0;1
-20;-15;50;1;1
-20;-15;55;1;1
-20;-15;57;1;1
-20;-15;62;0;1
-20;-15;63;0;1
-20;-15;64;0;1
-20;-15;66;1;1
-20;-14;8;0;1
-20;-14;12;0;1
-20;-14;13;0;1
-20;-14;15;0;1
-20;-14;16;0;1
-20;-14;18;0;1
-20;-14;20;0;1
-20;-14;21;0;1
-20;-14;22;1;1
-20;-14;23;0;1
-20;-14;28;0;1
-20;-14;32;0;1
-20;-14;34;0;1
-20;-14;35;0;1
-20;-14;36;1;1
-20;-14;42;0;1
-20;-14;45;1;1
-20;-14;46;0;1
-20;-14;47;0;1
-20;-14;48;1;1
-20;-14;49;0;1
-20;-14;51;0;1
-20;-14;53;0;1
-20;-14;54;0;1
-20;-14;56;0;1
-20;-14;61;0;1
-20;-14;64;1;1
-20;-14;66;1;1
-20;-13;10;1;1
-20;-13;16;0;1
-20;-13;19;0;1
-20;-13;20;0;1
-20;-13;21;0;1
-20;-13;23;1;1
-20;-13;24;1;1
-20;-13;25;0;1
-20;-13;26;0;1
-20;-13;28;0;1
-20;-13;29;0;1
-20;-13;32;0;1
-20;-13;33;0;1
-20;-13;36;0;1
-20;-13;37;1;1
-20;-13;40;1;1
-20;-13;43;0;1
-20;-13;45;0;1
-20;-13;50;1;1
-20;-13;52;0;1
-20;-13;53;0;1
-20;-13;56;0;1
-20;-13;59;0;1
-20;-13;61;0;1
-20;-13;63;1;1
-20;-13;65;1;1
-20;-12;8;1;1
-20;-12;9;0;1
-20;-12;17;0;1
-20;-12;19;0;1
-20;-12;20;0;1
-20;-12;22;0;1
-20;-12;24;0;1
-20;-12;27;0;1
-20;-12;29;0;1
-20;-12;37;1;1
-20;-12;40;1;1
-20;-12;41;1;1
-20;-12;43;1;1
-20;-12;47;0;1
-20;-12;48;0;1
-20;-12;49;0;1
-20;-12;50;0;1
-20;-12;52;0;1
-20;-12;58;1;1
-20;-12;64;0;1
-20;-11;9;0;1
-20;-11;14;0;1
-20;-11;20;1;1
-20;-11;21;0;1
-20;-11;22;1;1
-20;-11;24;1;1
-20;-11;29;1;1
-20;-11;32;1;1
-20;-11;34;0;1
-20;-11;35;0;1
-20;-11;40;0;1
-20;-11;42;0;1
-20;-11;46;0;1
-20;-11;47;0;1
-20;-11;48;1;1
-20;-11;49;0;1
-20;-11;50;0;1
-20;-11;51;1;1
-20;-11;53;0;1
-20;-11;54;0;1
-20;-11;61;0;1
-20;-11;62;1;1
-20;-10;10;0;1
-20;-10;13;0;1
-20;-10;14;1;1
-20;-10;16;0;1
-20;-10;18;1;1
-20;-10;19;0;1
-20;-10;21;0;1
-20;-10;28;1;1
-20;-10;29;0;1
-20;-10;30;0;1
-20;-10;33;1;1
-20;-10;34;0;1
-20;-10;37;0;1
-20;-10;39;1;1
-20;-10;40;0;1
-20;-10;43;0;1
-20;-10;45;0;1
-20;-10;47;1;1
-20;-10;49;1;1
-20;-10;51;0;1
-20;-10;54;1;1
-20;-10;55;1;1
-20;-10;56;1;1
-20;-10;57;0;1
-20;-10;58;0;1
-20;-10;59;0;1
-20;-10;61;0;1
-20;-9;13;0;1
-20;-9;14;0;1
-20;-9;15;1;1
-20;-9;17;0;1
-20;-9;18;0;1
-20;-9;20;0;1
-20;-9;22;0;1
-20;-9;26;0;1
-20;-9;27;1;1
-20;-9;28;0;1
-20;-9;32;1;1
-20;-9;37;1;1
-20;-9;38;0;1
-20;-9;39;0;1
-20;-9;42;0;1
-20;-9;43;0;1
-20;-9;44;1;1
-20;-9;45;0;1
-20;-9;46;0;1
-20;-9;48;0;1
-20;-9;55;0;1
-20;-9;57;0;1
-20;-8;16;0;1
-20;-8;17;0;1
-20;-8;20;0;1
-20;-8;21;1;1
-20;-8;23;0;1
-20;-8;24;1;1
-20;-8;25;1;1
-20;-8;26;0;1
-20;-8;30;1;1
-20;-8;31;1;1
-20;-8;32;0;1
-20;-8;35;1;1
-20;-8;36;0;1
-20;-8;37;1;1
-20;-8;41;0;1
-20;-8;53;1;1
-20;-8;55;1;1
-20;-8;58;1;1
-20;-7;13;0;1
-20;-7;16;1;1
-20;-7;18;1;1
-20;-7;21;0;1
-20;-7;22;0;1
-20;-7;26;1;1
-20;-7;29;0;1
-20;-7;35;0;1
-20;-7;36;1;1
-20;-7;38;0;1
-20;-7;41;1;1
-20;-7;42;0;1
-20;-7;47;1;1
-20;-7;52;1;1
-20;-7;53;0;1
-20;-7;54;0;1
-20;-7;55;1;1
-20;-6;13;0;1
-20;-6;17;0;1
-20;-6;18;0;1
-20;-6;20;0;1
-20;-6;25;1;1
-20;-6;28;1;1
-20;-6;34;0;1
-20;-6;37;1;1
-20;-6;39;0;1
-20;-6;42;0;1
-20;-6;43;1;1
-20;-6;45;0;1
-20;-6;47;1;1
-20;-6;50;0;1
-20;-6;54;1;1
-20;-5;14;0;1
-20;-5;16;0;1
-20;-5;21;0;1
-20;-5;28;1;1
-20;-5;33;1;1
-20;-5;34;0;1
-20;-5;35;0;1
-20;-5;38;1;1
-20;-5;40;1;1
-20;-5;41;1;1
-20;-5;42;0;1
-20;-5;43;0;1
-20;-5;44;0;1
-20;-5;45;0;1
-20;-5;47;0;1
-20;-5;51;0;1
-20;-5;52;0;1
-20;-5;53;0;1
-20;-5;54;1;1
-20;-5;55;0;1
-20;-4;15;0;1
-20;-4;16;0;1
-20;-4;17;0;1
-20;-4;19;0;1
-20;-4;21;1;1
-20;-4;23;1;1
-20;-4;27;1;1
-20;-4;29;0;1
-20;-4;33;1;1
-20;-4;38;0;1
-20;-4;40;1;1
-20;-4;41;0;1
-20;-4;42;0;1
-20;-4;44;0;1
-20;-4;45;0;1
-20;-4;50;0;1
-20;-4;52;0;1
-20;-3;17;1;1
-20;-3;26;0;1
-20;-3;32;0;1
-20;-3;34;0;1
-20;-3;36;0;1
-20;-3;42;0;1
-20;-3;43;0;1
-20;-3;45;0;1
-20;-3;48;1;1
-20;-3;50;1;1
-20;-3;52;0;1
-20;-3;54;0;1
-20;-2;15;1;1
-20;-2;20;1;1
-20;-2;21;1;1
-20;-2;23;0;1
-20;-2;24;0;1
-20;-2;26;0;1
-20;-2;28;0;1
-20;-2;29;1;1
-20;-2;32;0;1
-20;-2;33;0;1
-20;-2;37;1;1
-20;-2;38;0;1
-20;-2;42;0;1
-20;-2;43;0;1
-20;-2;44;0;1
-20;-2;45;0;1
-20;-2;48;0;1
-20;-2;52;0;1
-20;-2;54;1;1
-20;-1;14;1;1
-20;-1;17;1;1
-20;-1;20;0;1
-20;-1;22;1;1
-20;-1;24;0;1
-20;-1;25;0;1
-20;-1;26;0;1
-20;-1;29;0;1
-20;-1;30;1;1
-20;-1;31;0;1
-20;-1;35;0;1
-20;-1;36;1;1
-20;-1;37;0;1
-20;-1;39;0;1
-20;-1;41;0;1
-20;-1;43;0;1
-20;-1;49;0;1
-20;-1;52;1;1
-20;-1;55;0;1
-20;0;16;1;1
-20;0;17;0;1
-20;0;19;0;1
-20;0;21;0;1
-20;0;24;1;1
-20;0;26;0;1
-20;0;27;0;1
-20;0;29;0;1
-20;0;33;0;1
-20;0;36;0;1
-20;0;42;0;1
-20;0;44;0;1
-20;0;50;1;1
-20;0;52;0;1
-20;0;53;0;1
-20;1;14;0;1
-20;1;15;1;1
-20;1;16;1;1
-20;1;19;1;1
-20;1;20;1;1
-20;1;22;0;1
-20;1;24;0;1
-20;1;25;0;1
-20;1;27;0;1
-20;1;28;1;1
-20;1;31;0;1
-20;1;33;0;1
-20;1;34;0;1
-20;1;35;0;1
-20;1;37;0;1
-20;1;38;0;1
-20;1;39;0;1
-20;1;47;1;1
-20;1;50;0;1
-20;1;51;0;1
-20;1;54;1;1
-20;1;55;0;1
-20;2;14;1;1
-20;2;17;0;1
-20;2;20;0;1
-20;2;21;0;1
-20;2;24;1;1
-20;2;27;1;1
-20;2;29;0;1
-20;2;30;0;1
-20;2;34;0;1
-20;2;35;1;1
-20;2;37;0;1
-20;2;41;0;1
-20;2;49;0;1
-20;2;50;1;1
-20;2;55;0;1
-20;3;14;0;1
-20;3;16;0;1
-20;3;17;0;1
-20;3;19;1;1
-20;3;21;0;1
-20;3;23;0;1
-20;3;26;0;1
-20;3;27;0;1
-20;3;30;0;1
-20;3;31;0;1
-20;3;32;0;1
-20;3;40;0;1
-20;3;41;1;1
-20;3;42;1;1
-20;3;44;1;1
-20;3;46;0;1
-20;3;51;1;1
-20;3;53;0;1
-20;3;54;0;1
-20;4;15;0;1
-20;4;20;0;1
-20;4;21;0;1
-20;4;25;0;1
-20;4;27;0;1
-20;4;31;0;1
-20;4;33;0;1
-20;4;34;0;1
-20;4;38;1;1
-20;4;40;0;1
-20;4;41;0;1
-20;4;44;0;1
-20;4;45;1;1
-20;4;48;0;1
-20;4;49;0;1
-20;4;53;0;1
-20;4;56;0;1
-20;5;17;0;1
-20;5;18;0;1
-20;5;26;1;1
-20;5;27;1;1
-20;5;30;0;1
-20;5;32;0;1
-20;5;35;0;1
-20;5;38;0;1
-20;5;40;1;1
-20;5;41;0;1
-20;5;42;1;1
-20;5;47;0;1
-20;5;48;0;1
-20;5;49;0;1
-20;5;51;0;1
-20;5;52;1;1
-20;5;53;0;1
-20;6;13;1;1
-20;6;16;1;1
-20;6;17;0;1
-20;6;24;1;1
-20;6;26;1;1
-20;6;33;0;1
-20;6;35;1;1
-20;6;38;0;1
-20;6;41;0;1
-20;6;43;0;1
-20;6;49;1;1
-20;6;54;0;1
-20;6;55;0;1
-20;7;19;1;1
-20;7;20;0;1
-20;7;22;0;1
-20;7;23;0;1
-20;7;26;0;1
-20;7;29;0;1
-20;7;30;0;1
-20;7;31;1;1
-20;7;33;0;1
-20;7;34;0;1
-20;7;35;0;1
-20;7;37;0;1
-20;7;39;0;1
-20;7;42;0;1
-20;7;45;0;1
-20;7;49;1;1
-20;7;51;0;1
-20;7;53;1;1
-20;7;54;1;1
-20;7;55;1;1
-20;7;56;1;1
-20;7;57;0;1
-20;7;58;0;1
-20;8;18;0;1
-20;8;23;0;1
-20;8;27;0;1
-20;8;28;0;1
-20;8;29;1;1
-20;8;32;1;1
-20;8;39;0;1
-20;8;41;0;1
-20;8;43;1;1
-20;8;45;1;1
-20;8;46;0;1
-20;8;48;1;1
-20;8;50;0;1
-20;8;54;0;1
-20;8;56;1;1
-20;8;57;0;1
-20;8;58;0;1
-20;9;12;0;1
-20;9;13;0;1
-20;9;18;0;1
-20;9;21;1;1
-20;9;24;1;1
-20;9;26;1;1
-20;9;28;0;1
-20;9;30;0;1
-20;9;32;0;1
-20;9;36;0;1
-20;9;38;1;1
-20;9;40;0;1
-20;9;41;1;1
-20;9;44;0;1
-20;9;49;0;1
-20;9;50;0;1
-20;9;51;0;1
-20;9;57;1;1
-20;9;59;1;1
-20;9;60;0;1
-20;10;10;1;1
-20;10;14;0;1
-20;10;19;0;1
-20;10;20;0;1
-20;10;21;1;1
-20;10;23;0;1
-20;10;26;1;1
-20;10;27;1;1
-20;10;30;1;1
-20;10;34;0;1
-20;10;36;0;1
-20;10;38;1;1
-20;10;39;1;1
-20;10;41;1;1
-20;10;44;1;1
-20;10;47;0;1
-20;10;48;0;1
-20;10;50;1;1
-20;10;51;1;1
-20;10;52;0;1
-20;10;53;0;1
-20;10;56;0;1
-20;10;59;1;1
-20;10;61;1;1
-20;11;9;1;1
-20;11;11;1;1
-20;11;21;1;1
-20;11;27;1;1
-20;11;29;1;1
-20;11;31;0;1
-20;11;33;0;1
-20;11;37;0;1
-20;11;44;0;1
-20;11;47;0;1
-20;11;50;0;1
-20;11;52;0;1
-20;11;56;1;1
-20;11;57;0;1
-20;11;59;0;1
-20;11;60;0;1
-20;11;61;1;1
-20;12;9;0;1
-20;12;11;1;1
-20;12;12;1;1
-20;12;13;0;1
-20;12;15;1;1
-20;12;17;0;1
-20;12;18;0;1
-20;12;23;0;1
-20;12;25;0;1
-20;12;26;1;1
-20;12;31;0;1
-20;12;38;0;1
-20;12;41;0;1
-20;12;43;0;1
-20;12;44;1;1
-20;12;45;0;1
-20;12;46;0;1
-20;12;47;0;1
-20;12;50;0;1
-20;12;51;0;1
-20;12;53;1;1
-20;12;55;0;1
-20;12;56;1;1
-20;12;57;1;1
-20;12;59;0;1
-20;12;64;0;1
-20;13;7;0;1
-20;13;10;0;1
-20;13;13;0;1
-20;13;14;1;1
-20;13;15;0;1
-20;13;19;1;1
-20;13;20;0;1
-20;13;23;1;1
-20;13;24;0;1
-20;13;25;0;1
-20;13;27;0;1
-20;13;29;0;1
-20;13;30;0;1
-20;13;31;0;1
-20;13;32;1;1
-20;13;33;0;1
-20;13;34;0;1
-20;13;36;0;1
-20;13;39;0;1
-20;13;40;0;1
-20;13;41;0;1
-20;13;43;1;1
-20;13;46;0;1
-20;13;47;0;1
-20;13;49;1;1
-20;13;52;1;1
-20;13;53;1;1
-20;13;55;1;1
-20;13;56;1;1
-20;13;59;1;1
-20;14;7;0;1
-20;14;9;1;1
-20;14;10;0;1
-20;14;11;1;1
-20;14;12;0;1
-20;14;15;0;1
-20;14;16;0;1
-20;14;17;1;1
-20;14;18;0;1
-20;14;19;1;1
-20;14;20;1;1
-20;14;25;1;1
-20;14;27;0;1
-20;14;29;0;1
-20;14;31;0;1
-20;14;35;0;1
-20;14;37;0;1
-20;14;38;1;1
-20;14;39;0;1
-20;14;45;1;1
-20;14;47;0;1
-20;14;51;1;1
-20;14;52;0;1
-20;14;54;0;1
-20;14;56;0;1
-20;14;59;1;1
-20;14;60;1;1
-20;14;62;1;1
-20;14;65;0;1
-20;14;66;1;1
-20;15;7;1;1
-20;15;8;0;1
-20;15;12;0;1
-20;15;13;0;1
-20;15;17;1;1
-20;15;20;1;1
-20;15;21;0;1
-20;15;24;0;1
-20;15;26;1;1
-20;15;27;0;1
-20;15;30;0;1
-20;15;33;1;1
-20;15;34;1;1
-20;15;35;1;1
-20;15;38;0;1
-20;15;40;0;1
-20;15;41;0;1
-20;15;44;1;1
-20;15;46;1;1
-20;15;48;0;1
-20;15;55;1;1
-20;15;56;0;1
-20;15;59;0;1
-20;15;63;0;1
-20;15;64;0;1
-20;16;7;0;1
-20;16;10;1;1
-20;16;11;0;1
-20;16;12;0;1
-20;16;18;0;1
-20;16;19;0;1
-20;16;20;0;1
-20;16;22;1;1
-20;16;23;0;1
-20;16;25;1;1
-20;16;27;0;1
-20;16;30;1;1
-20;16;31;0;1
-20;16;32;0;1
-20;16;34;0;1
-20;16;35;0;1
-20;16;36;0;1
-20;16;39;1;1
-20;16;41;1;1
-20;16;43;0;1
-20;16;44;0;1
-20;16;48;0;1
-20;16;50;1;1
-20;16;51;1;1
-20;16;56;1;1
-20;16;58;0;1
-20;16;59;0;1
-20;16;62;0;1
-20;16;65;0;1
-20;16;66;1;1
-20;17;8;1;1
-20;17;9;1;1
-20;17;10;0;1
-20;17;16;1;1
-20;17;17;0;1
-20;17;18;1;1
-20;17;20;1;1
-20;17;21;1;1
-20;17;23;0;1
-20;17;27;0;1
-20;17;35;0;1
-20;17;37;0;1
-20;17;45;1;1
-20;17;47;0;1
-20;17;48;0;1
-20;17;56;0;1
-20;17;63;1;1
-20;18;8;0;1
-20;18;9;1;1
-20;18;11;0;1
-20;18;14;0;1
-20;18;15;1;1
-20;18;16;0;1
-20;18;21;0;1
-20;18;23;0;1
-20;18;26;0;1
-20;18;27;0;1
-20;18;29;0;1
-20;18;32;0;1
-20;18;33;0;1
-20;18;35;0;1
-20;18;38;0;1
-20;18;41;1;1
-20;18;42;0;1
-20;18;43;0;1
-20;18;44;1;1
-20;18;45;1;1
-20;18;46;0;1
-20;18;51;0;1
-20;18;54;0;1
-20;18;62;1;1
-20;19;9;0;1
-20;19;10;1;1
-20;19;13;0;1
-20;19;14;0;1
-20;19;19;0;1
-20;19;20;0;1
-20;19;22;0;1
-20;19;23;0;1
-20;19;24;1;1
-20;19;26;1;1
-20;19;27;0;1
-20;19;29;0;1
-20;19;30;0;1
-20;19;31;1;1
-20;19;32;0;1
-20;19;33;0;1
-20;19;34;0;1
-20;19;37;0;1
-20;19;42;0;1
-20;19;48;0;1
-20;19;50;0;1
-20;19;54;1;1
-20;19;56;0;1
-20;19;60;0;1
-20;19;64;1;1
-20;20;8;1;1
-20;20;16;1;1
-20;20;17;0;1
-20;20;21;0;1
-20;20;25;0;1
-20;20;26;0;1
-20;20;28;0;1
-20;20;31;0;1
-20;20;35;0;1
-20;20;38;0;1
-20;20;42;1;1
-20;20;44;1;1
-20;20;45;1;1
-20;20;47;0;1
-20;20;48;0;1
-20;20;49;0;1
-20;20;56;0;1
-20;20;57;0;1
-20;20;58;0;1
-20;20;63;1;1
-20;20;65;0;1
-20;21;8;1;1
-20;21;9;0;1
-20;21;10;1;1
-20;21;11;1;1
-20;21;19;0;1
-20;21;27;1;1
-20;21;28;1;1
-20;21;30;1;1
-20;21;32;0;1
-20;21;36;1;1
-20;21;41;1;1
-20;21;45;0;1
-20;21;47;0;1
-20;21;51;0;1
-20;21;52;0;1
-20;21;53;0;1
-20;21;58;1;1
-20;21;60;1;1
-20;21;63;0;1
-20;21;64;0;1
-20;22;8;1;1
-20;22;9;0;1
-20;22;15;0;1
-20;22;17;1;1
-20;22;18;0;1
-20;22;20;0;1
-20;22;22;0;1
-20;22;23;0;1
-20;22;24;1;1
-20;22;28;0;1
-20;22;29;0;1
-20;22;32;0;1
-20;22;33;0;1
-20;22;35;0;1
-20;22;38;0;1
-20;22;41;0;1
-20;22;42;0;1
-20;22;44;0;1
-20;22;45;0;1
-20;22;53;0;1
-20;22;54;0;1
-20;22;55;1;1
-20;22;56;1;1
-20;22;57;1;1
-20;22;59;1;1
-20;22;60;0;1
-20;22;63;1;1
-20;23;9;0;1
-20;23;10;1;1
-20;23;14;0;1
-20;23;16;0;1
-20;23;21;0;1
-20;23;22;0;1
-20;23;23;1;1
-20;23;29;0;1
-20;23;33;0;1
-20;23;35;1;1
-20;23;36;0;1
-20;23;37;0;1
-20;23;40;1;1
-20;23;41;0;1
-20;23;43;0;1
-20;23;49;0;1
-20;23;52;1;1
-20;23;54;0;1
-20;23;62;1;1
-20;23;63;0;1
-20;23;64;1;1
-20;24;11;0;1
-20;24;13;1;1
-20;24;14;0;1
-20;24;15;0;1
-20;24;16;1;1
-20;24;17;0;1
-20;24;22;0;1
-20;24;25;1;1
-20;24;26;0;1
-20;24;27;0;1
-20;24;31;0;1
-20;24;32;1;1
-20;24;37;1;1
-20;24;38;0;1
-20;24;41;0;1
-20;24;44;1;1
-20;24;45;0;1
-20;24;49;0;1
-20;24;55;0;1
-20;24;56;0;1
-20;24;59;0;1
-20;24;60;1;1
-20;24;61;0;1
-20;24;62;0;1
-20;24;63;1;1
-20;25;9;0;1
-20;25;11;1;1
-20;25;13;1;1
-20;25;21;0;1
-20;25;23;0;1
-20;25;25;0;1
-20;25;26;0;1
-20;25;29;0;1
-20;25;30;1;1
-20;25;33;0;1
-20;25;34;0;1
-20;25;36;1;1
-20;25;38;0;1
-20;25;39;1;1
-20;25;41;0;1
-20;25;45;0;1
-20;25;50;1;1
-20;25;51;0;1
-20;25;53;0;1
-20;25;54;1;1
-20;25;55;0;1
-20;25;57;0;1
-20;25;58;0;1
-20;25;59;1;1
-20;25;63;1;1
-20;26;10;0;1
-20;26;11;1;1
-20;26;12;1;1
-20;26;16;0;1
-20;26;25;0;1
-20;26;34;0;1
-20;26;39;0;1
-20;26;40;0;1
-20;26;42;1;1
-20;26;43;0;1
-20;26;45;0;1
-20;26;47;1;1
-20;26;61;0;1
-20;26;62;0;1
-20;27;10;0;1
-20;27;12;0;1
-20;27;13;1;1
-20;27;20;0;1
-20;27;22;1;1
-20;27;23;0;1
-20;27;26;0;1
-20;27;27;0;1
-20;27;33;1;1
-20;27;35;1;1
-20;27;39;0;1
-20;27;44;0;1
-20;27;45;1;1
-20;27;46;0;1
-20;27;51;0;1
-20;27;58;0;1
-20;27;59;1;1
-20;28;14;1;1
-20;28;15;0;1
-20;28;16;0;1
-20;28;17;1;1
-20;28;18;0;1
-20;28;19;1;1
-20;28;21;1;1
-20;28;24;0;1
-20;28;25;0;1
-20;28;26;0;1
-20;28;27;0;1
-20;28;31;1;1
-20;28;35;0;1
-20;28;39;0;1
-20;28;44;0;1
-20;28;45;1;1
-20;28;46;0;1
-20;28;47;1;1
-20;28;49;0;1
-20;28;50;0;1
-20;28;52;0;1
-20;28;53;0;1
-20;28;56;0;1
-20;28;58;1;1
-20;28;59;0;1
-20;28;60;0;1
-20;28;61;0;1
-20;29;15;1;1
-20;29;16;0;1
-20;29;18;1;1
-20;29;19;1;1
-20;29;24;0;1
-20;29;25;0;1
-20;29;26;0;1
-20;29;27;0;1
-20;29;30;1;1
-20;29;31;0;1
-20;29;34;0;1
-20;29;38;0;1
-20;29;39;0;1
-20;29;44;0;1
-20;29;47;0;1
-20;29;48;0;1
-20;29;49;1;1
-20;29;52;0;1
-20;29;54;0;1
-20;29;55;1;1
-20;29;57;1;1
-20;29;59;0;1
-20;29;60;0;1
-20;30;10;0;1
-20;30;12;0;1
-20;30;13;1;1
-20;30;15;0;1
-20;30;17;0;1
-20;30;18;1;1
-20;30;19;1;1
-20;30;24;0;1
-20;30;26;0;1
-20;30;27;0;1
-20;30;28;0;1
-20;30;29;0;1
-20;30;30;1;1
-20;30;31;1;1
-20;30;34;0;1
-20;30;35;0;1
-20;30;37;0;1
-20;30;42;0;1
-20;30;43;1;1
-20;30;46;0;1
-20;30;47;0;1
-20;30;49;1;1
-20;30;50;0;1
-20;30;53;1;1
-20;30;59;0;1
-20;30;61;0;1
-20;31;11;0;1
-20;31;15;1;1
-20;31;16;1;1
-20;31;17;1;1
-20;31;20;0;1
-20;31;25;1;1
-20;31;28;1;1
-20;31;30;0;1
-20;31;32;1;1
-20;31;37;0;1
-20;31;38;0;1
-20;31;41;0;1
-20;31;42;1;1
-20;31;43;0;1
-20;31;45;0;1
-20;31;46;0;1
-20;31;49;0;1
-20;31;50;0;1
-20;31;51;0;1
-20;31;53;0;1
-20;31;56;0;1
-20;31;57;1;1
-20;31;58;0;1
-20;31;59;0;1
-20;32;13;1;1
-20;32;20;1;1
-20;32;23;1;1
-20;32;26;0;1
-20;32;28;0;1
-20;32;29;1;1
-20;32;31;0;1
-20;32;34;0;1
-20;32;36;0;1
-20;32;37;0;1
-20;32;38;0;1
-20;32;42;0;1
-20;32;45;1;1
-20;32;48;1;1
-20;32;51;0;1
-20;32;52;1;1
-20;32;58;1;1
-20;32;59;0;1
-20;33;11;0;1
-20;33;12;0;1
-20;33;14;0;1
-20;33;16;1;1
-20;33;18;0;1
-20;33;26;0;1
-20;33;27;0;1
-20;33;29;1;1
-20;33;30;0;1
-20;33;31;1;1
-20;33;35;1;1
-20;33;36;0;1
-20;33;37;0;1
-20;33;39;1;1
-20;33;44;1;1
-20;33;45;0;1
-20;33;47;0;1
-20;33;48;0;1
-20;33;51;0;1
-20;33;55;0;1
-20;33;57;0;1
-20;34;13;1;1
-20;34;14;1;1
-20;34;17;0;1
-20;34;18;0;1
-20;34;20;0;1
-20;34;23;1;1
-20;34;24;1;1
-20;34;25;0;1
-20;34;28;0;1
-20;34;35;1;1
-20;34;37;0;1
-20;34;38;0;1
-20;34;40;1;1
-20;34;41;1;1
-20;34;42;0;1
-20;34;43;1;1
-20;34;47;1;1
-20;34;48;0;1
-20;34;52;0;1
-20;34;54;0;1
-20;34;59;1;1
-19;-32;10;1;1
-19;-32;12;1;1
-19;-32;18;0;1
-19;-32;19;0;1
-19;-32;20;0;1
-19;-32;23;0;1
-19;-32;27;0;1
-19;-32;30;0;1
-19;-32;33;0;1
-19;-32;34;0;1
-19;-32;36;0;1
-19;-32;39;0;1
-19;-32;42;1;1
-19;-32;45;1;1
-19;-32;46;1;1
-19;-32;49;0;1
-19;-32;50;0;1
-19;-32;51;1;1
-19;-32;52;1;1
-19;-32;53;0;1
-19;-32;55;1;1
-19;-32;57;0;1
-19;-31;10;0;1
-19;-31;14;1;1
-19;-31;15;0;1
-19;-31;23;1;1
-19;-31;27;0;1
-19;-31;30;1;1
-19;-31;31;0;1
-19;-31;33;1;1
-19;-31;37;0;1
-19;-31;38;0;1
-19;-31;41;0;1
-19;-31;42;0;1
-19;-31;45;1;1
-19;-31;46;1;1
-19;-31;48;1;1
-19;-31;51;0;1
-19;-31;54;1;1
-19;-31;56;1;1
-19;-31;57;1;1
-19;-31;58;1;1
-19;-31;59;1;1
-19;-31;60;0;1
-19;-30;14;0;1
-19;-30;16;0;1
-19;-30;18;1;1
-19;-30;19;0;1
-19;-30;25;0;1
-19;-30;28;0;1
-19;-30;29;0;1
-19;-30;31;0;1
-19;-30;32;0;1
-19;-30;34;0;1
-19;-30;35;0;1
-19;-30;38;0;1
-19;-30;42;1;1
-19;-30;44;0;1
-19;-30;45;0;1
-19;-30;46;0;1
-19;-30;47;1;1
-19;-30;48;1;1
-19;-30;51;0;1
-19;-30;53;0;1
-19;-30;54;1;1
-19;-30;55;0;1
-19;-30;56;0;1
-19;-30;57;0;1
-19;-30;58;1;1
-19;-30;61;0;1
-19;-29;16;0;1
-19;-29;17;0;1
-19;-29;20;0;1
-19;-29;24;0;1
-19;-29;29;0;1
-19;-29;32;1;1
-19;-29;34;1;1
-19;-29;36;1;1
-19;-29;38;1;1
-19;-29;40;1;1
-19;-29;43;0;1
-19;-29;44;1;1
-19;-29;49;0;1
-19;-29;50;0;1
-19;-29;51;1;1
-19;-29;52;0;1
-19;-29;56;0;1
-19;-29;59;1;1
-19;-28;10;1;1
-19;-28;11;1;1
-19;-28;12;0;1
-19;-28;14;0;1
-19;-28;18;0;1
-19;-28;19;0;1
-19;-28;21;1;1
-19;-28;24;1;1
-19;-28;26;1;1
-19;-28;27;0;1
-19;-28;28;1;1
-19;-28;30;1;1
-19;-28;31;1;1
-19;-28;32;1;1
-19;-28;33;0;1
-19;-28;34;0;1
-19;-28;35;1;1
-19;-28;36;1;1
-19;-28;37;0;1
-19;-28;39;0;1
-19;-28;43;0;1
-19;-28;45;0;1
-19;-28;48;1;1
-19;-28;49;0;1
-19;-28;51;0;1
-19;-28;54;0;1
-19;-28;55;1;1
-19;-28;56;1;1
-19;-28;58;0;1
-19;-27;10;0;1
-19;-27;13;0;1
-19;-27;22;0;1
-19;-27;23;0;1
-19;-27;24;0;1
-19;-27;25;0;1
-19;-27;30;1;1
-19;-27;36;1;1
-19;-27;38;1;1
-19;-27;39;0;1
-19;-27;40;1;1
-19;-27;41;0;1
-19;-27;42;0;1
-19;-27;47;0;1
-19;-27;55;0;1
-19;-27;56;0;1
-19;-27;57;0;1
-19;-27;58;1;1
-19;-27;62;1;1
-19;-26;10;0;1
-19;-26;12;0;1
-19;-26;17;1;1
-19;-26;21;0;1
-19;-26;22;1;1
-19;-26;28;1;1
-19;-26;29;0;1
-19;-26;32;0;1
-19;-26;33;1;1
-19;-26;35;0;1
-19;-26;37;0;1
-19;-26;38;0;1
-19;-26;43;1;1
-19;-26;48;1;1
-19;-26;52;0;1
-19;-26;55;1;1
-19;-26;56;0;1
-19;-26;60;1;1
-19;-25;11;0;1
-19;-25;13;0;1
-19;-25;16;0;1
-19;-25;17;1;1
-19;-25;19;0;1
-19;-25;22;0;1
-19;-25;24;0;1
-19;-25;25;0;1
-19;-25;26;1;1
-19;-25;29;1;1
-19;-25;36;0;1
-19;-25;38;1;1
-19;-25;40;0;1
-19;-25;44;0;1
-19;-25;46;0;1
-19;-25;48;1;1
-19;-25;50;0;1
-19;-25;56;0;1
-19;-25;57;1;1
-19;-25;60;0;1
-19;-25;61;0;1
-19;-24;11;1;1
-19;-24;14;0;1
-19;-24;15;0;1
-19;-24;18;0;1
-19;-24;21;0;1
-19;-24;22;1;1
-19;-24;26;1;1
-19;-24;27;0;1
-19;-24;30;1;1
-19;-24;35;0;1
-19;-24;39;1;1
-19;-24;40;0;1
-19;-24;41;0;1
-19;-24;43;0;1
-19;-24;44;1;1
-19;-24;46;1;1
-19;-24;47;1;1
-19;-24;49;1;1
-19;-24;50;0;1
-19;-24;55;0;1
-19;-24;56;0;1
-19;-24;58;1;1
-19;-24;61;1;1
-19;-24;62;1;1
-19;-23;9;0;1
-19;-23;11;0;1
-19;-23;12;0;1
-19;-23;14;0;1
-19;-23;15;0;1
-19;-23;19;0;1
-19;-23;20;1;1
-19;-23;23;0;1
-19;-23;25;0;1
-19;-23;27;0;1
-19;-23;28;1;1
-19;-23;29;0;1
-19;-23;30;1;1
-19;-23;35;0;1
-19;-23;36;1;1
-19;-23;37;0;1
-19;-23;45;0;1
-19;-23;49;1;1
-19;-23;55;1;1
-19;-23;57;1;1
-19;-23;60;1;1
-19;-23;64;1;1
-19;-22;8;0;1
-19;-22;10;1;1
-19;-22;16;0;1
-19;-22;17;0;1
-19;-22;20;0;1
-19;-22;21;1;1
-19;-22;23;0;1
-19;-22;25;0;1
-19;-22;26;0;1
-19;-22;28;0;1
-19;-22;29;1;1
-19;-22;33;0;1
-19;-22;35;1;1
-19;-22;39;0;1
-19;-22;40;1;1
-19;-22;44;0;1
-19;-22;46;0;1
-19;-22;47;0;1
-19;-22;52;0;1
-19;-22;54;1;1
-19;-22;57;0;1
-19;-21;8;1;1
-19;-21;10;0;1
-19;-21;14;1;1
-19;-21;15;1;1
-19;-21;18;1;1
-19;-21;20;1;1
-19;-21;21;1;1
-19;-21;25;0;1
-19;-21;26;1;1
-19;-21;30;0;1
-19;-21;31;0;1
-19;-21;33;1;1
-19;-21;34;0;1
-19;-21;35;1;1
-19;-21;40;1;1
-19;-21;45;0;1
-19;-21;50;0;1
-19;-21;55;0;1
-19;-21;57;1;1
-19;-21;59;0;1
-19;-21;62;0;1
-19;-21;63;1;1
-19;-21;65;1;1
-19;-20;9;0;1
-19;-20;12;0;1
-19;-20;13;1;1
-19;-20;18;0;1
-19;-20;19;0;1
-19;-20;20;0;1
-19;-20;21;0;1
-19;-20;22;1;1
-19;-20;25;0;1
-19;-20;26;0;1
-19;-20;27;1;1
-19;-20;31;1;1
-19;-20;32;0;1
-19;-20;35;1;1
-19;-20;37;0;1
-19;-20;38;0;1
-19;-20;40;0;1
-19;-20;44;0;1
-19;-20;45;1;1
-19;-20;46;1;1
-19;-20;47;1;1
-19;-20;48;1;1
-19;-20;51;0;1
-19;-20;52;0;1
-19;-20;55;0;1
-19;-20;62;0;1
-19;-20;65;0;1
-19;-19;8;0;1
-19;-19;12;0;1
-19;-19;13;0;1
-19;-19;14;0;1
-19;-19;15;1;1
-19;-19;16;0;1
-19;-19;19;0;1
-19;-19;25;0;1
-19;-19;28;1;1
-19;-19;30;1;1
-19;-19;31;1;1
-19;-19;33;0;1
-19;-19;34;0;1
-19;-19;38;0;1
-19;-19;42;0;1
-19;-19;43;0;1
-19;-19;47;0;1
-19;-19;48;1;1
-19;-19;49;0;1
-19;-19;52;1;1
-19;-19;55;0;1
-19;-19;56;0;1
-19;-19;59;0;1
-19;-19;61;0;1
-19;-19;64;0;1
-19;-18;8;0;1
-19;-18;13;0;1
-19;-18;16;0;1
-19;-18;23;0;1
-19;-18;25;0;1
-19;-18;26;0;1
-19;-18;28;0;1
-19;-18;29;1;1
-19;-18;30;0;1
-19;-18;32;0;1
-19;-18;34;1;1
-19;-18;36;1;1
-19;-18;40;0;1
-19;-18;41;1;1
-19;-18;42;0;1
-19;-18;46;0;1
-19;-18;47;0;1
-19;-18;49;1;1
-19;-18;51;0;1
-19;-18;52;0;1
-19;-18;54;1;1
-19;-18;55;1;1
-19;-18;56;1;1
-19;-18;58;1;1
-19;-18;61;0;1
-19;-18;62;0;1
-19;-18;63;1;1
-19;-18;66;0;1
-19;-17;12;0;1
-19;-17;14;1;1
-19;-17;16;0;1
-19;-17;17;0;1
-19;-17;20;1;1
-19;-17;21;1;1
-19;-17;23;0;1
-19;-17;24;0;1
-19;-17;25;0;1
-19;-17;28;1;1
-19;-17;30;1;1
-19;-17;31;0;1
-19;-17;35;1;1
-19;-17;36;1;1
-19;-17;40;1;1
-19;-17;41;0;1
-19;-17;42;0;1
-19;-17;45;1;1
-19;-17;46;0;1
-19;-17;50;1;1
-19;-17;54;0;1
-19;-17;57;1;1
-19;-17;58;1;1
-19;-17;64;0;1
-19;-16;7;1;1
-19;-16;8;0;1
-19;-16;14;0;1
-19;-16;15;1;1
-19;-16;16;1;1
-19;-16;17;0;1
-19;-16;19;0;1
-19;-16;20;0;1
-19;-16;21;1;1
-19;-16;22;0;1
-19;-16;26;0;1
-19;-16;27;1;1
-19;-16;33;1;1
-19;-16;34;1;1
-19;-16;36;1;1
-19;-16;37;1;1
-19;-16;38;1;1
-19;-16;39;0;1
-19;-16;41;1;1
-19;-16;42;1;1
-19;-16;45;0;1
-19;-16;46;0;1
-19;-16;47;0;1
-19;-16;48;1;1
-19;-16;51;0;1
-19;-16;52;1;1
-19;-16;53;0;1
-19;-16;54;0;1
-19;-16;57;0;1
-19;-16;58;0;1
-19;-16;60;0;1
-19;-16;62;0;1
-19;-16;64;0;1
-19;-16;65;0;1
-19;-16;66;1;1
-19;-15;10;0;1
-19;-15;12;0;1
-19;-15;13;0;1
-19;-15;14;0;1
-19;-15;17;0;1
-19;-15;18;1;1
-19;-15;19;1;1
-19;-15;20;1;1
-19;-15;21;0;1
-19;-15;25;0;1
-19;-15;33;0;1
-19;-15;34;0;1
-19;-15;41;0;1
-19;-15;42;0;1
-19;-15;43;1;1
-19;-15;45;1;1
-19;-15;46;1;1
-19;-15;50;0;1
-19;-15;51;1;1
-19;-15;53;0;1
-19;-15;55;1;1
-19;-15;56;0;1
-19;-15;59;0;1
-19;-15;62;1;1
-19;-14;8;1;1
-19;-14;12;0;1
-19;-14;13;0;1
-19;-14;16;0;1
-19;-14;22;1;1
-19;-14;23;0;1
-19;-14;24;0;1
-19;-14;25;0;1
-19;-14;41;0;1
-19;-14;45;0;1
-19;-14;46;0;1
-19;-14;49;0;1
-19;-14;50;0;1
-19;-14;52;0;1
-19;-14;53;1;1
-19;-14;54;1;1
-19;-14;57;0;1
-19;-14;59;0;1
-19;-14;62;1;1
-19;-14;63;0;1
-19;-13;17;1;1
-19;-13;18;0;1
-19;-13;19;1;1
-19;-13;29;0;1
-19;-13;31;1;1
-19;-13;33;1;1
-19;-13;37;0;1
-19;-13;39;1;1
-19;-13;40;1;1
-19;-13;41;0;1
-19;-13;45;1;1
-19;-13;52;1;1
-19;-13;53;1;1
-19;-12;10;0;1
-19;-12;11;1;1
-19;-12;12;1;1
-19;-12;14;0;1
-19;-12;17;0;1
-19;-12;19;0;1
-19;-12;21;1;1
-19;-12;23;0;1
-19;-12;24;1;1
-19;-12;25;0;1
-19;-12;29;0;1
-19;-12;31;1;1
-19;-12;33;1;1
-19;-12;34;0;1
-19;-12;36;0;1
-19;-12;37;0;1
-19;-12;40;0;1
-19;-12;41;1;1
-19;-12;44;1;1
-19;-12;47;0;1
-19;-12;51;1;1
-19;-12;53;0;1
-19;-12;55;1;1
-19;-12;56;1;1
-19;-12;58;0;1
-19;-12;59;0;1
-19;-12;60;0;1
-19;-11;17;1;1
-19;-11;19;0;1
-19;-11;20;1;1
-19;-11;21;0;1
-19;-11;23;0;1
-19;-11;27;1;1
-19;-11;28;0;1
-19;-11;29;0;1
-19;-11;34;0;1
-19;-11;35;0;1
-19;-11;37;0;1
-19;-11;41;1;1
-19;-11;43;1;1
-19;-11;44;0;1
-19;-11;45;0;1
-19;-11;58;1;1
-19;-11;60;1;1
-19;-10;12;1;1
-19;-10;16;1;1
-19;-10;19;1;1
-19;-10;20;0;1
-19;-10;22;1;1
-19;-10;23;0;1
-19;-10;25;0;1
-19;-10;26;1;1
-19;-10;30;1;1
-19;-10;31;1;1
-19;-10;33;0;1
-19;-10;34;1;1
-19;-10;35;1;1
-19;-10;36;0;1
-19;-10;37;0;1
-19;-10;41;0;1
-19;-10;42;0;1
-19;-10;47;0;1
-19;-10;48;0;1
-19;-10;51;0;1
-19;-10;52;1;1
-19;-10;53;1;1
-19;-10;57;0;1
-19;-9;15;0;1
-19;-9;16;0;1
-19;-9;24;0;1
-19;-9;27;1;1
-19;-9;28;0;1
-19;-9;29;1;1
-19;-9;31;0;1
-19;-9;34;0;1
-19;-9;36;0;1
-19;-9;37;0;1
-19;-9;39;1;1
-19;-9;42;0;1
-19;-9;44;1;1
-19;-9;46;0;1
-19;-9;47;1;1
-19;-9;52;0;1
-19;-9;53;1;1
-19;-9;55;1;1
-19;-9;56;1;1
-19;-9;57;1;1
-19;-8;16;0;1
-19;-8;22;1;1
-19;-8;23;1;1
-19;-8;25;1;1
-19;-8;26;0;1
-19;-8;27;0;1
-19;-8;30;0;1
-19;-8;31;0;1
-19;-8;33;0;1
-19;-8;35;0;1
-19;-8;36;0;1
-19;-8;39;1;1
-19;-8;40;1;1
-19;-8;42;1;1
-19;-8;43;0;1
-19;-8;50;1;1
-19;-8;52;0;1
-19;-8;56;0;1
-19;-7;22;0;1
-19;-7;24;0;1
-19;-7;27;0;1
-19;-7;33;1;1
-19;-7;37;0;1
-19;-7;39;0;1
-19;-7;40;1;1
-19;-7;41;0;1
-19;-7;42;0;1
-19;-7;43;0;1
-19;-7;45;1;1
-19;-7;47;0;1
-19;-7;49;0;1
-19;-7;54;0;1
-19;-6;18;0;1
-19;-6;20;0;1
-19;-6;21;0;1
-19;-6;23;1;1
-19;-6;25;0;1
-19;-6;26;0;1
-19;-6;27;0;1
-19;-6;29;0;1
-19;-6;31;0;1
-19;-6;32;1;1
-19;-6;33;0;1
-19;-6;34;1;1
-19;-6;37;0;1
-19;-6;39;0;1
-19;-6;40;0;1
-19;-6;41;0;1
-19;-6;42;0;1
-19;-6;44;1;1
-19;-6;45;0;1
-19;-6;46;0;1
-19;-6;50;1;1
-19;-6;53;0;1
-19;-6;54;0;1
-19;-5;16;1;1
-19;-5;17;0;1
-19;-5;19;0;1
-19;-5;22;0;1
-19;-5;23;0;1
-19;-5;24;0;1
-19;-5;33;0;1
-19;-5;37;1;1
-19;-5;44;0;1
-19;-5;49;0;1
-19;-5;50;0;1
-19;-4;16;1;1
-19;-4;20;1;1
-19;-4;21;0;1
-19;-4;23;0;1
-19;-4;24;1;1
-19;-4;28;1;1
-19;-4;34;0;1
-19;-4;39;0;1
-19;-4;42;0;1
-19;-4;44;0;1
-19;-4;47;0;1
-19;-4;51;1;1
-19;-3;19;1;1
-19;-3;20;1;1
-19;-3;21;0;1
-19;-3;25;0;1
-19;-3;26;1;1
-19;-3;27;1;1
-19;-3;30;0;1
-19;-3;33;0;1
-19;-3;35;1;1
-19;-3;36;0;1
-19;-3;38;0;1
-19;-3;40;0;1
-19;-3;41;0;1
-19;-3;43;1;1
-19;-3;46;1;1
-19;-3;47;0;1
-19;-3;48;1;1
-19;-3;49;0;1
-19;-3;50;1;1
-19;-3;51;1;1
-19;-2;18;1;1
-19;-2;20;0;1
-19;-2;24;0;1
-19;-2;26;1;1
-19;-2;27;1;1
-19;-2;28;0;1
-19;-2;31;1;1
-19;-2;32;0;1
-19;-2;33;0;1
-19;-2;35;0;1
-19;-2;38;1;1
-19;-2;40;0;1
-19;-2;42;1;1
-19;-2;43;0;1
-19;-2;46;0;1
-19;-2;47;0;1
-19;-2;49;1;1
-19;-2;50;1;1
-19;-2;51;1;1
-19;-1;17;0;1
-19;-1;20;0;1
-19;-1;21;0;1
-19;-1;22;0;1
-19;-1;30;0;1
-19;-1;32;0;1
-19;-1;33;1;1
-19;-1;36;0;1
-19;-1;39;0;1
-19;-1;40;0;1
-19;-1;44;0;1
-19;-1;46;0;1
-19;-1;47;1;1
-19;-1;50;1;1
-19;-1;52;1;1
-19;0;16;1;1
-19;0;19;0;1
-19;0;22;1;1
-19;0;24;0;1
-19;0;26;1;1
-19;0;29;0;1
-19;0;30;1;1
-19;0;36;0;1
-19;0;38;1;1
-19;0;40;1;1
-19;0;42;0;1
-19;0;46;0;1
-19;0;47;0;1
-19;0;48;0;1
-19;1;18;0;1
-19;1;20;1;1
-19;1;23;0;1
-19;1;24;0;1
-19;1;30;1;1
-19;1;31;0;1
-19;1;32;0;1
-19;1;34;0;1
-19;1;35;1;1
-19;1;38;1;1
-19;1;40;0;1
-19;1;47;1;1
-19;1;52;1;1
-19;2;19;1;1
-19;2;22;0;1
-19;2;24;0;1
-19;2;28;1;1
-19;2;32;0;1
-19;2;34;0;1
-19;2;40;0;1
-19;2;44;1;1
-19;2;45;0;1
-19;2;46;1;1
-19;2;49;1;1
-19;2;51;1;1
-19;3;18;0;1
-19;3;19;0;1
-19;3;21;1;1
-19;3;24;1;1
-19;3;28;0;1
-19;3;29;0;1
-19;3;30;0;1
-19;3;31;0;1
-19;3;32;0;1
-19;3;34;0;1
-19;3;36;0;1
-19;3;37;0;1
-19;3;38;1;1
-19;3;39;1;1
-19;3;40;0;1
-19;3;42;0;1
-19;3;52;0;1
-19;4;17;0;1
-19;4;20;0;1
-19;4;23;0;1
-19;4;25;0;1
-19;4;26;1;1
-19;4;27;0;1
-19;4;28;0;1
-19;4;29;0;1
-19;4;31;0;1
-19;4;32;1;1
-19;4;33;1;1
-19;4;35;0;1
-19;4;36;0;1
-19;4;38;0;1
-19;4;42;0;1
-19;4;44;1;1
-19;4;48;1;1
-19;4;49;1;1
-19;4;52;0;1
-19;5;18;1;1
-19;5;19;0;1
-19;5;27;0;1
-19;5;29;1;1
-19;5;31;0;1
-19;5;34;0;1
-19;5;35;1;1
-19;5;36;0;1
-19;5;37;0;1
-19;5;39;0;1
-19;5;41;0;1
-19;5;42;1;1
-19;5;45;0;1
-19;5;47;1;1
-19;5;48;0;1
-19;5;51;0;1
-19;5;52;0;1
-19;6;15;0;1
-19;6;16;0;1
-19;6;19;0;1
-19;6;20;1;1
-19;6;21;0;1
-19;6;29;1;1
-19;6;34;0;1
-19;6;35;0;1
-19;6;38;1;1
-19;6;40;0;1
-19;6;42;0;1
-19;6;44;0;1
-19;6;48;1;1
-19;6;51;1;1
-19;7;15;0;1
-19;7;16;0;1
-19;7;17;0;1
-19;7;19;0;1
-19;7;22;1;1
-19;7;24;0;1
-19;7;26;0;1
-19;7;29;0;1
-19;7;31;0;1
-19;7;32;1;1
-19;7;34;0;1
-19;7;39;0;1
-19;7;42;0;1
-19;7;43;1;1
-19;7;48;1;1
-19;7;50;1;1
-19;7;52;1;1
-19;8;16;0;1
-19;8;21;0;1
-19;8;29;0;1
-19;8;30;0;1
-19;8;31;1;1
-19;8;36;1;1
-19;8;37;0;1
-19;8;38;0;1
-19;8;42;0;1
-19;8;46;1;1
-19;8;47;0;1
-19;8;48;1;1
-19;8;49;1;1
-19;8;50;0;1
-19;8;53;1;1
-19;8;55;1;1
-19;9;13;1;1
-19;9;16;0;1
-19;9;18;0;1
-19;9;19;0;1
-19;9;22;1;1
-19;9;24;0;1
-19;9;35;0;1
-19;9;43;1;1
-19;9;46;1;1
-19;9;48;0;1
-19;9;49;1;1
-19;9;51;1;1
-19;9;52;0;1
-19;9;53;1;1
-19;10;12;1;1
-19;10;14;0;1
-19;10;18;1;1
-19;10;20;0;1
-19;10;22;1;1
-19;10;23;1;1
-19;10;25;0;1
-19;10;29;0;1
-19;10;31;0;1
-19;10;32;0;1
-19;10;33;0;1
-19;10;35;0;1
-19;10;36;0;1
-19;10;41;0;1
-19;10;42;0;1
-19;10;43;0;1
-19;10;53;1;1
-19;10;54;0;1
-19;10;56;0;1
-19;10;57;0;1
-19;11;14;0;1
-19;11;17;0;1
-19;11;18;1;1
-19;11;20;1;1
-19;11;21;1;1
-19;11;26;0;1
-19;11;33;0;1
-19;11;34;1;1
-19;11;35;0;1
-19;11;37;0;1
-19;11;39;0;1
-19;11;41;0;1
-19;11;42;0;1
-19;11;43;0;1
-19;11;45;0;1
-19;11;46;1;1
-19;11;47;0;1
-19;11;51;0;1
-19;11;55;0;1
-19;11;56;1;1
-19;11;57;1;1
-19;11;58;1;1
-19;11;59;1;1
-19;11;60;0;1
-19;12;10;0;1
-19;12;11;0;1
-19;12;14;1;1
-19;12;15;0;1
-19;12;16;1;1
-19;12;17;0;1
-19;12;18;0;1
-19;12;23;0;1
-19;12;24;0;1
-19;12;25;0;1
-19;12;26;0;1
-19;12;27;1;1
-19;12;30;1;1
-19;12;31;0;1
-19;12;35;1;1
-19;12;37;1;1
-19;12;38;1;1
-19;12;41;1;1
-19;12;43;0;1
-19;12;47;0;1
-19;12;50;0;1
-19;12;53;0;1
-19;12;55;1;1
-19;12;56;1;1
-19;12;61;0;1
-19;13;11;0;1
-19;13;14;0;1
-19;13;17;1;1
-19;13;19;0;1
-19;13;22;0;1
-19;13;25;0;1
-19;13;26;0;1
-19;13;30;0;1
-19;13;33;1;1
-19;13;36;1;1
-19;13;37;0;1
-19;13;40;1;1
-19;13;42;1;1
-19;13;54;0;1
-19;13;56;0;1
-19;13;59;0;1
-19;13;60;1;1
-19;14;7;0;1
-19;14;8;0;1
-19;14;9;0;1
-19;14;10;0;1
-19;14;11;0;1
-19;14;14;0;1
-19;14;17;0;1
-19;14;19;1;1
-19;14;20;0;1
-19;14;24;0;1
-19;14;25;0;1
-19;14;28;0;1
-19;14;29;1;1
-19;14;32;0;1
-19;14;49;0;1
-19;14;50;0;1
-19;14;51;0;1
-19;14;52;1;1
-19;14;53;1;1
-19;14;55;1;1
-19;14;58;0;1
-19;14;61;0;1
-19;14;62;0;1
-19;14;63;0;1
-19;15;9;0;1
-19;15;10;1;1
-19;15;11;1;1
-19;15;13;1;1
-19;15;17;1;1
-19;15;22;1;1
-19;15;24;1;1
-19;15;29;0;1
-19;15;30;0;1
-19;15;31;0;1
-19;15;32;0;1
-19;15;34;0;1
-19;15;35;1;1
-19;15;36;1;1
-19;15;38;0;1
-19;15;40;1;1
-19;15;41;1;1
-19;15;42;0;1
-19;15;43;0;1
-19;15;54;0;1
-19;15;55;0;1
-19;15;57;1;1
-19;15;59;0;1
-19;15;60;0;1
-19;15;65;0;1
-19;16;10;1;1
-19;16;12;0;1
-19;16;14;0;1
-19;16;16;0;1
-19;16;19;0;1
-19;16;20;0;1
-19;16;23;0;1
-19;16;24;0;1
-19;16;25;1;1
-19;16;26;0;1
-19;16;27;0;1
-19;16;31;1;1
-19;16;32;1;1
-19;16;33;0;1
-19;16;34;0;1
-19;16;36;1;1
-19;16;38;0;1
-19;16;39;0;1
-19;16;40;1;1
-19;16;41;1;1
-19;16;42;1;1
-19;16;43;1;1
-19;16;44;0;1
-19;16;46;1;1
-19;16;48;1;1
-19;16;49;0;1
-19;16;51;0;1
-19;16;58;0;1
-19;16;59;1;1
-19;16;61;0;1
-19;16;62;1;1
-19;16;63;0;1
-19;16;64;0;1
-19;16;65;1;1
-19;16;66;0;1
-19;17;7;0;1
-19;17;8;0;1
-19;17;10;0;1
-19;17;11;0;1
-19;17;13;0;1
-19;17;14;1;1
-19;17;17;0;1
-19;17;22;0;1
-19;17;23;0;1
-19;17;27;0;1
-19;17;28;1;1
-19;17;31;0;1
-19;17;37;0;1
-19;17;39;1;1
-19;17;42;1;1
-19;17;43;1;1
-19;17;49;1;1
-19;17;50;1;1
-19;17;52;0;1
-19;17;55;0;1
-19;17;56;0;1
-19;17;59;1;1
-19;17;60;1;1
-19;17;63;1;1
-19;17;65;0;1
-19;18;10;0;1
-19;18;11;1;1
-19;18;12;1;1
-19;18;13;1;1
-19;18;14;1;1
-19;18;15;0;1
-19;18;18;0;1
-19;18;19;0;1
-19;18;21;1;1
-19;18;22;0;1
-19;18;23;1;1
-19;18;25;0;1
-19;18;26;1;1
-19;18;28;0;1
-19;18;29;0;1
-19;18;30;1;1
-19;18;33;0;1
-19;18;35;1;1
-19;18;38;0;1
-19;18;39;1;1
-19;18;50;1;1
-19;18;53;0;1
-19;18;54;1;1
-19;18;62;0;1
-19;19;13;0;1
-19;19;19;0;1
-19;19;20;1;1
-19;19;23;0;1
-19;19;24;0;1
-19;19;25;0;1
-19;19;27;0;1
-19;19;29;0;1
-19;19;31;0;1
-19;19;35;1;1
-19;19;37;1;1
-19;19;38;0;1
-19;19;39;0;1
-19;19;41;1;1
-19;19;42;0;1
-19;19;43;0;1
-19;19;45;1;1
-19;19;47;1;1
-19;19;54;1;1
-19;19;56;0;1
-19;19;57;1;1
-19;19;59;0;1
-19;19;60;0;1
-19;19;62;0;1
-19;19;63;1;1
-19;19;64;1;1
-19;19;65;1;1
-19;20;8;0;1
-19;20;15;0;1
-19;20;16;0;1
-19;20;18;0;1
-19;20;22;0;1
-19;20;26;0;1
-19;20;27;0;1
-19;20;29;0;1
-19;20;31;0;1
-19;20;33;0;1
-19;20;36;1;1
-19;20;38;0;1
-19;20;45;0;1
-19;20;46;0;1
-19;20;47;0;1
-19;20;48;0;1
-19;20;52;1;1
-19;20;55;1;1
-19;20;57;0;1
-19;20;60;0;1
-19;21;14;0;1
-19;21;15;0;1
-19;21;18;1;1
-19;21;19;0;1
-19;21;21;0;1
-19;21;25;0;1
-19;21;28;0;1
-19;21;29;0;1
-19;21;31;0;1
-19;21;33;0;1
-19;21;34;1;1
-19;21;35;0;1
-19;21;37;1;1
-19;21;43;0;1
-19;21;45;0;1
-19;21;49;1;1
-19;21;52;0;1
-19;21;54;0;1
-19;21;55;0;1
-19;21;56;1;1
-19;21;60;0;1
-19;21;61;0;1
-19;21;62;0;1
-19;21;64;0;1
-19;22;11;0;1
-19;22;13;0;1
-19;22;16;0;1
-19;22;18;0;1
-19;22;19;1;1
-19;22;21;1;1
-19;22;22;0;1
-19;22;23;0;1
-19;22;24;1;1
-19;22;26;1;1
-19;22;28;0;1
-19;22;30;0;1
-19;22;31;0;1
-19;22;32;0;1
-19;22;35;1;1
-19;22;42;0;1
-19;22;43;0;1
-19;22;44;0;1
-19;22;45;1;1
-19;22;46;1;1
-19;22;47;1;1
-19;22;51;1;1
-19;22;52;1;1
-19;22;53;0;1
-19;22;60;0;1
-19;22;61;0;1
-19;22;64;0;1
-19;23;10;1;1
-19;23;12;0;1
-19;23;13;1;1
-19;23;15;0;1
-19;23;18;1;1
-19;23;20;0;1
-19;23;23;1;1
-19;23;26;1;1
-19;23;27;0;1
-19;23;28;1;1
-19;23;34;0;1
-19;23;45;0;1
-19;23;46;0;1
-19;23;48;0;1
-19;23;53;0;1
-19;23;54;0;1
-19;23;55;0;1
-19;24;9;0;1
-19;24;11;0;1
-19;24;12;0;1
-19;24;14;0;1
-19;24;19;0;1
-19;24;22;1;1
-19;24;25;0;1
-19;24;28;0;1
-19;24;29;0;1
-19;24;31;1;1
-19;24;40;1;1
-19;24;44;1;1
-19;24;45;1;1
-19;24;46;0;1
-19;24;58;0;1
-19;24;62;0;1
-19;24;63;0;1
-19;24;64;0;1
-19;25;9;0;1
-19;25;11;0;1
-19;25;13;0;1
-19;25;16;1;1
-19;25;17;0;1
-19;25;18;1;1
-19;25;25;1;1
-19;25;26;0;1
-19;25;29;1;1
-19;25;30;0;1
-19;25;36;0;1
-19;25;37;0;1
-19;25;38;1;1
-19;25;40;0;1
-19;25;43;1;1
-19;25;45;0;1
-19;25;46;0;1
-19;25;47;0;1
-19;25;49;1;1
-19;25;51;1;1
-19;25;53;1;1
-19;25;55;0;1
-19;25;57;0;1
-19;25;61;0;1
-19;25;62;1;1
-19;26;12;0;1
-19;26;16;0;1
-19;26;20;0;1
-19;26;22;0;1
-19;26;25;1;1
-19;26;28;0;1
-19;26;30;1;1
-19;26;31;0;1
-19;26;34;1;1
-19;26;39;0;1
-19;26;41;1;1
-19;26;47;0;1
-19;26;50;1;1
-19;26;54;1;1
-19;26;55;0;1
-19;26;56;1;1
-19;26;57;0;1
-19;26;59;0;1
-19;26;61;1;1
-19;26;63;1;1
-19;27;11;0;1
-19;27;13;0;1
-19;27;14;0;1
-19;27;16;0;1
-19;27;17;1;1
-19;27;24;1;1
-19;27;25;1;1
-19;27;28;0;1
-19;27;29;1;1
-19;27;30;0;1
-19;27;33;0;1
-19;27;35;1;1
-19;27;38;1;1
-19;27;40;0;1
-19;27;42;1;1
-19;27;46;0;1
-19;27;48;0;1
-19;27;49;1;1
-19;27;50;0;1
-19;27;53;1;1
-19;27;59;0;1
-19;27;61;0;1
-19;27;62;0;1
-19;28;11;0;1
-19;28;13;0;1
-19;28;15;0;1
-19;28;18;0;1
-19;28;25;0;1
-19;28;26;0;1
-19;28;27;0;1
-19;28;28;0;1
-19;28;36;0;1
-19;28;41;1;1
-19;28;42;0;1
-19;28;43;0;1
-19;28;44;1;1
-19;28;48;0;1
-19;28;51;0;1
-19;28;53;1;1
-19;28;60;1;1
-19;28;62;0;1
-19;29;10;0;1
-19;29;11;1;1
-19;29;13;0;1
-19;29;14;1;1
-19;29;17;1;1
-19;29;19;0;1
-19;29;25;1;1
-19;29;26;0;1
-19;29;33;0;1
-19;29;34;0;1
-19;29;37;1;1
-19;29;38;1;1
-19;29;40;0;1
-19;29;48;0;1
-19;29;50;0;1
-19;29;51;0;1
-19;29;52;0;1
-19;29;54;0;1
-19;29;61;0;1
-19;30;12;0;1
-19;30;13;1;1
-19;30;17;0;1
-19;30;18;0;1
-19;30;27;0;1
-19;30;30;0;1
-19;30;32;1;1
-19;30;38;1;1
-19;30;43;0;1
-19;30;44;0;1
-19;30;57;0;1
-19;30;61;1;1
-19;31;10;0;1
-19;31;13;0;1
-19;31;14;0;1
-19;31;16;1;1
-19;31;20;0;1
-19;31;21;0;1
-19;31;22;0;1
-19;31;24;0;1
-19;31;26;0;1
-19;31;28;1;1
-19;31;30;1;1
-19;31;31;0;1
-19;31;33;0;1
-19;31;38;0;1
-19;31;40;0;1
-19;31;41;1;1
-19;31;45;1;1
-19;31;47;1;1
-19;31;50;1;1
-19;31;51;0;1
-19;31;53;0;1
-19;31;54;0;1
-19;31;55;1;1
-19;31;56;0;1
-19;31;57;0;1
-19;32;11;1;1
-19;32;12;1;1
-19;32;14;0;1
-19;32;15;0;1
-19;32;17;1;1
-19;32;19;1;1
-19;32;21;0;1
-19;32;22;1;1
-19;32;23;0;1
-19;32;24;0;1
-19;32;25;0;1
-19;32;26;1;1
-19;32;27;0;1
-19;32;28;1;1
-19;32;29;1;1
-19;32;32;0;1
-19;32;34;0;1
-19;32;35;1;1
-19;32;40;1;1
-19;32;45;1;1
-19;32;46;1;1
-19;32;48;1;1
-19;32;49;0;1
-19;32;57;0;1
-19;32;59;1;1
-18;-31;10;1;1
-18;-31;11;1;1
-18;-31;12;1;1
-18;-31;13;0;1
-18;-31;15;0;1
-18;-31;19;0;1
-18;-31;21;1;1
-18;-31;22;1;1
-18;-31;23;0;1
-18;-31;24;0;1
-18;-31;26;0;1
-18;-31;29;1;1
-18;-31;33;0;1
-18;-31;34;0;1
-18;-31;35;0;1
-18;-31;36;0;1
-18;-31;42;0;1
-18;-31;43;0;1
-18;-31;45;0;1
-18;-31;46;0;1
-18;-31;55;1;1
-18;-31;59;0;1
-18;-30;12;0;1
-18;-30;14;0;1
-18;-30;16;0;1
-18;-30;17;0;1
-18;-30;19;1;1
-18;-30;22;1;1
-18;-30;23;1;1
-18;-30;24;0;1
-18;-30;28;0;1
-18;-30;31;0;1
-18;-30;37;1;1
-18;-30;43;1;1
-18;-30;47;0;1
-18;-30;50;1;1
-18;-30;57;0;1
-18;-30;60;0;1
-18;-29;10;1;1
-18;-29;13;0;1
-18;-29;14;1;1
-18;-29;15;0;1
-18;-29;22;0;1
-18;-29;23;1;1
-18;-29;27;0;1
-18;-29;29;1;1
-18;-29;30;0;1
-18;-29;32;0;1
-18;-29;33;1;1
-18;-29;39;0;1
-18;-29;40;0;1
-18;-29;41;1;1
-18;-29;42;0;1
-18;-29;43;0;1
-18;-29;49;1;1
-18;-29;54;1;1
-18;-29;55;0;1
-18;-29;56;0;1
-18;-29;58;0;1
-18;-29;60;0;1
-18;-29;61;1;1
-18;-28;12;0;1
-18;-28;14;0;1
-18;-28;16;0;1
-18;-28;18;1;1
-18;-28;19;0;1
-18;-28;25;0;1
-18;-28;27;0;1
-18;-28;29;0;1
-18;-28;32;1;1
-18;-28;33;0;1
-18;-28;36;1;1
-18;-28;38;1;1
-18;-28;39;0;1
-18;-28;40;1;1
-18;-28;45;0;1
-18;-28;46;1;1
-18;-28;47;0;1
-18;-28;50;1;1
-18;-28;51;0;1
-18;-28;52;0;1
-18;-28;55;0;1
-18;-28;58;1;1
-18;-28;62;0;1
-18;-27;11;1;1
-18;-27;12;1;1
-18;-27;13;0;1
-18;-27;14;1;1
-18;-27;15;1;1
-18;-27;16;0;1
-18;-27;20;0;1
-18;-27;26;1;1
-18;-27;27;0;1
-18;-27;28;0;1
-18;-27;33;1;1
-18;-27;37;0;1
-18;-27;40;0;1
-18;-27;43;1;1
-18;-27;46;0;1
-18;-27;49;1;1
-18;-27;50;1;1
-18;-27;51;1;1
-18;-27;53;0;1
-18;-27;56;1;1
-18;-27;57;1;1
-18;-26;15;1;1
-18;-26;16;0;1
-18;-26;23;0;1
-18;-26;25;1;1
-18;-26;27;1;1
-18;-26;31;1;1
-18;-26;33;0;1
-18;-26;34;0;1
-18;-26;35;0;1
-18;-26;36;0;1
-18;-26;37;0;1
-18;-26;43;0;1
-18;-26;45;0;1
-18;-26;47;0;1
-18;-26;50;0;1
-18;-26;51;1;1
-18;-26;52;1;1
-18;-26;55;0;1
-18;-26;56;1;1
-18;-26;57;1;1
-18;-26;58;0;1
-18;-26;60;0;1
-18;-26;62;0;1
-18;-25;10;0;1
-18;-25;11;0;1
-18;-25;12;1;1
-18;-25;13;1;1
-18;-25;15;0;1
-18;-25;17;0;1
-18;-25;26;1;1
-18;-25;28;0;1
-18;-25;29;1;1
-18;-25;31;0;1
-18;-25;34;0;1
-18;-25;36;0;1
-18;-25;37;0;1
-18;-25;39;1;1
-18;-25;40;0;1
-18;-25;43;0;1
-18;-25;45;0;1
-18;-25;47;0;1
-18;-25;54;0;1
-18;-25;55;0;1
-18;-25;57;0;1
-18;-25;58;0;1
-18;-25;59;0;1
-18;-25;60;0;1
-18;-25;61;0;1
-18;-25;62;1;1
-18;-25;63;0;1
-18;-24;10;0;1
-18;-24;12;1;1
-18;-24;13;0;1
-18;-24;15;1;1
-18;-24;16;0;1
-18;-24;17;1;1
-18;-24;20;0;1
-18;-24;24;1;1
-18;-24;27;1;1
-18;-24;28;1;1
-18;-24;31;0;1
-18;-24;41;1;1
-18;-24;43;1;1
-18;-24;45;0;1
-18;-24;48;1;1
-18;-24;49;0;1
-18;-24;52;0;1
-18;-24;53;0;1
-18;-24;54;1;1
-18;-24;57;0;1
-18;-24;60;1;1
-18;-24;61;0;1
-18;-23;11;1;1
-18;-23;15;0;1
-18;-23;19;1;1
-18;-23;23;1;1
-18;-23;26;1;1
-18;-23;28;0;1
-18;-23;31;1;1
-18;-23;43;0;1
-18;-23;45;0;1
-18;-23;46;0;1
-18;-23;48;0;1
-18;-23;50;1;1
-18;-23;51;0;1
-18;-23;52;0;1
-18;-23;55;0;1
-18;-23;56;0;1
-18;-23;57;0;1
-18;-23;60;0;1
-18;-23;63;1;1
-18;-22;9;1;1
-18;-22;10;0;1
-18;-22;16;0;1
-18;-22;19;1;1
-18;-22;20;0;1
-18;-22;23;1;1
-18;-22;24;0;1
-18;-22;28;0;1
-18;-22;29;1;1
-18;-22;33;1;1
-18;-22;34;1;1
-18;-22;37;1;1
-18;-22;42;1;1
-18;-22;44;1;1
-18;-22;45;1;1
-18;-22;50;0;1
-18;-22;53;0;1
-18;-22;55;0;1
-18;-22;56;1;1
-18;-22;57;1;1
-18;-22;64;0;1
-18;-21;8;0;1
-18;-21;10;0;1
-18;-21;11;1;1
-18;-21;14;0;1
-18;-21;15;1;1
-18;-21;19;0;1
-18;-21;21;1;1
-18;-21;24;0;1
-18;-21;33;1;1
-18;-21;36;1;1
-18;-21;38;0;1
-18;-21;40;1;1
-18;-21;42;0;1
-18;-21;49;0;1
-18;-21;50;0;1
-18;-21;51;0;1
-18;-21;57;1;1
-18;-21;58;1;1
-18;-20;8;0;1
-18;-20;15;0;1
-18;-20;16;0;1
-18;-20;19;0;1
-18;-20;20;1;1
-18;-20;21;0;1
-18;-20;23;0;1
-18;-20;24;0;1
-18;-20;26;1;1
-18;-20;28;0;1
-18;-20;30;1;1
-18;-20;31;0;1
-18;-20;41;1;1
-18;-20;43;1;1
-18;-20;48;0;1
-18;-20;51;0;1
-18;-20;58;1;1
-18;-20;59;0;1
-18;-20;60;0;1
-18;-20;61;0;1
-18;-20;63;0;1
-18;-20;64;0;1
-18;-20;65;0;1
-18;-19;9;1;1
-18;-19;11;0;1
-18;-19;15;1;1
-18;-19;17;0;1
-18;-19;19;0;1
-18;-19;20;0;1
-18;-19;22;1;1
-18;-19;23;1;1
-18;-19;25;0;1
-18;-19;26;1;1
-18;-19;27;1;1
-18;-19;29;0;1
-18;-19;36;0;1
-18;-19;38;1;1
-18;-19;39;1;1
-18;-19;40;0;1
-18;-19;43;0;1
-18;-19;44;0;1
-18;-19;45;0;1
-18;-19;48;0;1
-18;-19;50;0;1
-18;-19;52;0;1
-18;-19;54;0;1
-18;-19;55;0;1
-18;-19;59;0;1
-18;-19;60;1;1
-18;-19;61;0;1
-18;-19;66;1;1
-18;-18;7;0;1
-18;-18;9;0;1
-18;-18;10;0;1
-18;-18;13;1;1
-18;-18;14;0;1
-18;-18;16;0;1
-18;-18;18;1;1
-18;-18;19;0;1
-18;-18;20;1;1
-18;-18;21;0;1
-18;-18;22;0;1
-18;-18;23;0;1
-18;-18;25;0;1
-18;-18;27;0;1
-18;-18;30;1;1
-18;-18;31;0;1
-18;-18;32;0;1
-18;-18;35;0;1
-18;-18;36;0;1
-18;-18;37;1;1
-18;-18;39;0;1
-18;-18;42;1;1
-18;-18;43;0;1
-18;-18;45;1;1
-18;-18;46;0;1
-18;-18;53;1;1
-18;-18;55;1;1
-18;-18;57;1;1
-18;-18;59;0;1
-18;-18;66;0;1
-18;-17;7;0;1
-18;-17;8;1;1
-18;-17;10;0;1
-18;-17;17;0;1
-18;-17;18;0;1
-18;-17;19;0;1
-18;-17;22;0;1
-18;-17;27;0;1
-18;-17;30;0;1
-18;-17;31;0;1
-18;-17;39;0;1
-18;-17;41;0;1
-18;-17;43;1;1
-18;-17;44;0;1
-18;-17;49;1;1
-18;-17;50;0;1
-18;-17;52;1;1
-18;-17;54;0;1
-18;-17;56;0;1
-18;-17;61;1;1
-18;-17;63;0;1
-18;-17;65;0;1
-18;-17;66;0;1
-18;-16;10;0;1
-18;-16;12;1;1
-18;-16;15;0;1
-18;-16;17;0;1
-18;-16;18;0;1
-18;-16;20;1;1
-18;-16;22;1;1
-18;-16;23;1;1
-18;-16;26;1;1
-18;-16;27;0;1
-18;-16;29;1;1
-18;-16;33;0;1
-18;-16;41;0;1
-18;-16;45;0;1
-18;-16;46;1;1
-18;-16;47;0;1
-18;-16;48;1;1
-18;-16;49;1;1
-18;-16;50;1;1
-18;-16;51;1;1
-18;-16;52;1;1
-18;-16;55;0;1
-18;-16;56;1;1
-18;-16;58;1;1
-18;-16;61;0;1
-18;-16;62;0;1
-18;-16;63;1;1
-18;-16;66;0;1
-18;-15;10;1;1
-18;-15;13;1;1
-18;-15;16;0;1
-18;-15;18;1;1
-18;-15;20;0;1
-18;-15;22;0;1
-18;-15;25;1;1
-18;-15;29;1;1
-18;-15;37;0;1
-18;-15;38;0;1
-18;-15;42;0;1
-18;-15;45;0;1
-18;-15;46;1;1
-18;-15;58;1;1
-18;-15;59;1;1
-18;-14;12;1;1
-18;-14;13;1;1
-18;-14;14;1;1
-18;-14;20;0;1
-18;-14;21;0;1
-18;-14;22;0;1
-18;-14;26;0;1
-18;-14;31;1;1
-18;-14;32;0;1
-18;-14;34;0;1
-18;-14;36;0;1
-18;-14;39;0;1
-18;-14;40;1;1
-18;-14;41;1;1
-18;-14;45;1;1
-18;-14;46;0;1
-18;-14;48;0;1
-18;-14;49;1;1
-18;-14;50;0;1
-18;-14;57;0;1
-18;-14;59;1;1
-18;-14;60;0;1
-18;-14;61;0;1
-18;-14;62;0;1
-18;-13;11;0;1
-18;-13;12;1;1
-18;-13;14;1;1
-18;-13;18;0;1
-18;-13;20;1;1
-18;-13;23;0;1
-18;-13;24;0;1
-18;-13;25;0;1
-18;-13;29;0;1
-18;-13;31;0;1
-18;-13;32;1;1
-18;-13;34;0;1
-18;-13;35;1;1
-18;-13;37;1;1
-18;-13;38;1;1
-18;-13;40;1;1
-18;-13;41;0;1
-18;-13;44;1;1
-18;-13;45;1;1
-18;-13;50;0;1
-18;-13;53;1;1
-18;-13;59;0;1
-18;-13;61;0;1
-18;-12;12;0;1
-18;-12;14;1;1
-18;-12;17;1;1
-18;-12;23;0;1
-18;-12;26;0;1
-18;-12;30;0;1
-18;-12;37;1;1
-18;-12;38;1;1
-18;-12;39;0;1
-18;-12;40;0;1
-18;-12;44;0;1
-18;-12;47;0;1
-18;-12;51;0;1
-18;-12;52;1;1
-18;-12;54;0;1
-18;-12;58;0;1
-18;-11;13;1;1
-18;-11;15;1;1
-18;-11;19;0;1
-18;-11;21;0;1
-18;-11;24;0;1
-18;-11;27;0;1
-18;-11;29;0;1
-18;-11;30;0;1
-18;-11;31;1;1
-18;-11;34;1;1
-18;-11;35;0;1
-18;-11;39;1;1
-18;-11;44;1;1
-18;-11;46;0;1
-18;-11;47;1;1
-18;-11;48;1;1
-18;-11;56;1;1
-18;-10;16;0;1
-18;-10;18;0;1
-18;-10;22;1;1
-18;-10;23;0;1
-18;-10;24;0;1
-18;-10;25;0;1
-18;-10;27;0;1
-18;-10;33;1;1
-18;-10;35;0;1
-18;-10;36;0;1
-18;-10;44;0;1
-18;-10;45;0;1
-18;-10;46;1;1
-18;-10;48;0;1
-18;-10;54;1;1
-18;-10;56;1;1
-18;-9;14;0;1
-18;-9;17;1;1
-18;-9;19;0;1
-18;-9;20;0;1
-18;-9;21;0;1
-18;-9;25;1;1
-18;-9;26;0;1
-18;-9;28;0;1
-18;-9;29;0;1
-18;-9;32;0;1
-18;-9;33;1;1
-18;-9;35;0;1
-18;-9;39;0;1
-18;-9;43;0;1
-18;-9;44;0;1
-18;-9;45;0;1
-18;-9;46;1;1
-18;-9;47;0;1
-18;-9;51;0;1
-18;-9;53;0;1
-18;-9;55;1;1
-18;-8;17;1;1
-18;-8;19;1;1
-18;-8;23;0;1
-18;-8;25;0;1
-18;-8;26;0;1
-18;-8;30;0;1
-18;-8;33;0;1
-18;-8;37;1;1
-18;-8;39;0;1
-18;-8;40;0;1
-18;-8;42;0;1
-18;-8;43;0;1
-18;-8;45;1;1
-18;-8;46;0;1
-18;-8;47;1;1
-18;-8;51;1;1
-18;-8;52;0;1
-18;-8;53;0;1
-18;-7;16;1;1
-18;-7;17;0;1
-18;-7;24;1;1
-18;-7;25;0;1
-18;-7;26;0;1
-18;-7;32;1;1
-18;-7;33;1;1
-18;-7;35;1;1
-18;-7;37;1;1
-18;-7;38;0;1
-18;-7;40;0;1
-18;-7;44;1;1
-18;-7;47;0;1
-18;-7;48;0;1
-18;-7;49;0;1
-18;-7;51;0;1
-18;-6;18;0;1
-18;-6;20;0;1
-18;-6;23;1;1
-18;-6;28;1;1
-18;-6;29;0;1
-18;-6;32;0;1
-18;-6;33;0;1
-18;-6;34;0;1
-18;-6;36;1;1
-18;-6;37;0;1
-18;-6;39;1;1
-18;-6;40;0;1
-18;-6;42;0;1
-18;-6;43;1;1
-18;-6;49;0;1
-18;-6;50;1;1
-18;-6;52;0;1
-18;-5;34;0;1
-18;-5;41;1;1
-18;-5;43;0;1
-18;-5;44;0;1
-18;-5;47;1;1
-18;-4;17;0;1
-18;-4;19;0;1
-18;-4;22;0;1
-18;-4;24;0;1
-18;-4;25;1;1
-18;-4;28;0;1
-18;-4;31;0;1
-18;-4;37;0;1
-18;-4;38;0;1
-18;-4;39;0;1
-18;-4;40;0;1
-18;-4;41;0;1
-18;-4;43;0;1
-18;-4;44;0;1
-18;-4;49;0;1
-18;-4;50;0;1
-18;-3;17;0;1
-18;-3;19;0;1
-18;-3;20;0;1
-18;-3;21;0;1
-18;-3;23;0;1
-18;-3;26;0;1
-18;-3;30;0;1
-18;-3;33;0;1
-18;-3;40;0;1
-18;-3;41;1;1
-18;-3;42;0;1
-18;-3;43;0;1
-18;-3;45;1;1
-18;-3;47;0;1
-18;-3;49;1;1
-18;-2;19;0;1
-18;-2;20;0;1
-18;-2;21;1;1
-18;-2;23;1;1
-18;-2;25;0;1
-18;-2;29;0;1
-18;-2;30;1;1
-18;-2;35;1;1
-18;-2;41;0;1
-18;-2;44;0;1
-18;-2;45;0;1
-18;-2;47;0;1
-18;-2;49;1;1
-18;-1;17;0;1
-18;-1;18;0;1
-18;-1;20;0;1
-18;-1;26;0;1
-18;-1;36;0;1
-18;-1;41;0;1
-18;-1;42;0;1
-18;0;19;0;1
-18;0;20;1;1
-18;0;21;0;1
-18;0;22;0;1
-18;0;25;1;1
-18;0;30;0;1
-18;0;35;0;1
-18;0;37;1;1
-18;0;40;1;1
-18;0;41;1;1
-18;0;42;1;1
-18;0;44;0;1
-18;0;47;0;1
-18;0;48;0;1
-18;1;21;0;1
-18;1;22;0;1
-18;1;30;1;1
-18;1;31;1;1
-18;1;33;0;1
-18;1;34;0;1
-18;1;36;0;1
-18;1;37;0;1
-18;1;38;0;1
-18;1;39;0;1
-18;1;41;0;1
-18;1;42;0;1
-18;1;43;0;1
-18;1;49;0;1
-18;2;18;0;1
-18;2;19;1;1
-18;2;22;0;1
-18;2;25;0;1
-18;2;26;0;1
-18;2;27;0;1
-18;2;29;0;1
-18;2;32;1;1
-18;2;38;0;1
-18;2;39;0;1
-18;2;40;1;1
-18;2;41;1;1
-18;2;43;0;1
-18;2;45;0;1
-18;2;46;1;1
-18;3;22;0;1
-18;3;25;1;1
-18;3;26;0;1
-18;3;27;1;1
-18;3;28;0;1
-18;3;39;0;1
-18;3;40;0;1
-18;3;42;0;1
-18;3;45;0;1
-18;3;46;1;1
-18;4;17;0;1
-18;4;23;0;1
-18;4;25;0;1
-18;4;27;0;1
-18;4;28;1;1
-18;4;31;0;1
-18;4;33;0;1
-18;4;39;0;1
-18;4;41;1;1
-18;4;42;0;1
-18;4;43;1;1
-18;4;44;0;1
-18;4;48;1;1
-18;5;16;1;1
-18;5;17;1;1
-18;5;18;1;1
-18;5;19;0;1
-18;5;20;0;1
-18;5;23;0;1
-18;5;27;0;1
-18;5;31;1;1
-18;5;33;0;1
-18;5;34;0;1
-18;5;35;0;1
-18;5;37;0;1
-18;5;38;0;1
-18;5;40;1;1
-18;5;41;1;1
-18;5;42;0;1
-18;5;44;1;1
-18;5;45;0;1
-18;5;46;1;1
-18;5;48;1;1
-18;6;17;0;1
-18;6;18;0;1
-18;6;20;1;1
-18;6;24;0;1
-18;6;25;1;1
-18;6;27;0;1
-18;6;29;0;1
-18;6;30;0;1
-18;6;31;0;1
-18;6;35;0;1
-18;6;37;1;1
-18;6;39;0;1
-18;6;42;1;1
-18;6;43;0;1
-18;6;46;0;1
-18;6;47;0;1
-18;6;49;0;1
-18;6;50;0;1
-18;7;16;0;1
-18;7;18;1;1
-18;7;20;1;1
-18;7;24;0;1
-18;7;30;1;1
-18;7;31;1;1
-18;7;32;0;1
-18;7;37;0;1
-18;7;39;0;1
-18;7;42;0;1
-18;7;44;1;1
-18;7;47;1;1
-18;7;51;0;1
-18;8;15;0;1
-18;8;23;1;1
-18;8;24;0;1
-18;8;27;1;1
-18;8;29;0;1
-18;8;30;0;1
-18;8;35;0;1
-18;8;37;0;1
-18;8;40;0;1
-18;8;41;0;1
-18;8;42;0;1
-18;8;43;0;1
-18;8;52;0;1
-18;9;14;0;1
-18;9;15;0;1
-18;9;17;0;1
-18;9;18;0;1
-18;9;19;1;1
-18;9;22;0;1
-18;9;23;0;1
-18;9;24;1;1
-18;9;27;0;1
-18;9;33;1;1
-18;9;34;0;1
-18;9;36;0;1
-18;9;45;0;1
-18;9;47;0;1
-18;9;48;1;1
-18;9;50;0;1
-18;9;51;0;1
-18;9;53;0;1
-18;9;54;0;1
-18;10;20;1;1
-18;10;23;1;1
-18;10;24;1;1
-18;10;25;1;1
-18;10;26;0;1
-18;10;27;0;1
-18;10;28;0;1
-18;10;30;0;1
-18;10;33;0;1
-18;10;38;1;1
-18;10;45;0;1
-18;10;47;0;1
-18;10;48;0;1
-18;10;49;1;1
-18;10;52;1;1
-18;10;54;1;1
-18;10;55;0;1
-18;10;56;0;1
-18;11;17;0;1
-18;11;19;1;1
-18;11;21;0;1
-18;11;27;0;1
-18;11;29;1;1
-18;11;32;0;1
-18;11;36;1;1
-18;11;40;1;1
-18;11;48;1;1
-18;11;50;1;1
-18;11;51;0;1
-18;11;56;1;1
-18;12;15;1;1
-18;12;18;1;1
-18;12;19;0;1
-18;12;23;0;1
-18;12;25;0;1
-18;12;28;1;1
-18;12;29;0;1
-18;12;31;0;1
-18;12;32;1;1
-18;12;37;0;1
-18;12;41;1;1
-18;12;42;0;1
-18;12;43;0;1
-18;12;46;0;1
-18;12;49;1;1
-18;12;52;1;1
-18;12;54;0;1
-18;12;56;0;1
-18;12;57;0;1
-18;12;59;0;1
-18;13;12;0;1
-18;13;13;1;1
-18;13;19;0;1
-18;13;20;0;1
-18;13;22;1;1
-18;13;26;0;1
-18;13;27;0;1
-18;13;39;0;1
-18;13;40;0;1
-18;13;41;0;1
-18;13;42;0;1
-18;13;46;0;1
-18;13;53;0;1
-18;13;58;0;1
-18;14;9;1;1
-18;14;10;0;1
-18;14;13;0;1
-18;14;14;0;1
-18;14;18;0;1
-18;14;20;1;1
-18;14;22;1;1
-18;14;23;1;1
-18;14;25;0;1
-18;14;27;0;1
-18;14;32;1;1
-18;14;33;0;1
-18;14;34;0;1
-18;14;35;1;1
-18;14;36;0;1
-18;14;38;0;1
-18;14;39;1;1
-18;14;49;0;1
-18;14;52;0;1
-18;14;56;0;1
-18;14;57;0;1
-18;14;60;1;1
-18;15;9;0;1
-18;15;10;1;1
-18;15;13;1;1
-18;15;17;1;1
-18;15;20;1;1
-18;15;23;0;1
-18;15;24;1;1
-18;15;25;0;1
-18;15;28;1;1
-18;15;29;1;1
-18;15;30;0;1
-18;15;31;0;1
-18;15;36;0;1
-18;15;38;0;1
-18;15;39;0;1
-18;15;43;1;1
-18;15;45;0;1
-18;15;46;0;1
-18;15;47;0;1
-18;15;51;0;1
-18;15;52;0;1
-18;15;53;0;1
-18;15;54;0;1
-18;15;55;0;1
-18;15;57;1;1
-18;15;58;1;1
-18;15;62;0;1
-18;15;64;0;1
-18;16;8;0;1
-18;16;10;0;1
-18;16;11;0;1
-18;16;12;0;1
-18;16;14;0;1
-18;16;15;1;1
-18;16;18;0;1
-18;16;20;0;1
-18;16;21;0;1
-18;16;22;1;1
-18;16;29;0;1
-18;16;31;1;1
-18;16;32;0;1
-18;16;33;0;1
-18;16;35;0;1
-18;16;36;1;1
-18;16;39;0;1
-18;16;43;1;1
-18;16;44;1;1
-18;16;46;0;1
-18;16;48;0;1
-18;16;49;0;1
-18;16;51;1;1
-18;16;52;1;1
-18;16;53;0;1
-18;16;60;1;1
-18;16;63;0;1
-18;16;65;0;1
-18;17;11;0;1
-18;17;14;0;1
-18;17;16;1;1
-18;17;20;0;1
-18;17;25;0;1
-18;17;26;1;1
-18;17;27;1;1
-18;17;28;1;1
-18;17;33;0;1
-18;17;36;0;1
-18;17;39;0;1
-18;17;40;1;1
-18;17;41;1;1
-18;17;42;0;1
-18;17;45;0;1
-18;17;48;0;1
-18;17;50;1;1
-18;17;51;0;1
-18;17;55;0;1
-18;17;56;0;1
-18;17;58;1;1
-18;17;59;0;1
-18;17;60;0;1
-18;17;62;0;1
-18;18;7;0;1
-18;18;8;0;1
-18;18;11;1;1
-18;18;12;1;1
-18;18;14;1;1
-18;18;15;1;1
-18;18;16;1;1
-18;18;17;1;1
-18;18;22;0;1
-18;18;23;0;1
-18;18;25;0;1
-18;18;30;0;1
-18;18;34;0;1
-18;18;45;1;1
-18;18;46;0;1
-18;18;52;0;1
-18;18;54;0;1
-18;18;55;0;1
-18;18;58;0;1
-18;18;60;1;1
-18;18;63;0;1
-18;18;64;1;1
-18;18;66;1;1
-18;19;11;0;1
-18;19;13;0;1
-18;19;15;0;1
-18;19;19;0;1
-18;19;20;0;1
-18;19;22;0;1
-18;19;23;0;1
-18;19;24;1;1
-18;19;27;1;1
-18;19;28;1;1
-18;19;29;0;1
-18;19;31;0;1
-18;19;32;1;1
-18;19;38;0;1
-18;19;44;0;1
-18;19;47;0;1
-18;19;51;1;1
-18;19;53;1;1
-18;19;58;0;1
-18;19;59;0;1
-18;19;60;1;1
-18;19;62;1;1
-18;20;12;0;1
-18;20;14;0;1
-18;20;16;0;1
-18;20;17;1;1
-18;20;18;1;1
-18;20;19;0;1
-18;20;20;0;1
-18;20;24;1;1
-18;20;29;0;1
-18;20;30;1;1
-18;20;31;1;1
-18;20;33;1;1
-18;20;36;0;1
-18;20;39;0;1
-18;20;41;1;1
-18;20;44;0;1
-18;20;46;1;1
-18;20;48;0;1
-18;20;50;1;1
-18;20;53;0;1
-18;20;56;0;1
-18;20;57;0;1
-18;20;58;0;1
-18;20;59;1;1
-18;21;12;0;1
-18;21;13;1;1
-18;21;14;0;1
-18;21;21;1;1
-18;21;24;0;1
-18;21;28;0;1
-18;21;29;0;1
-18;21;31;0;1
-18;21;32;0;1
-18;21;33;1;1
-18;21;34;0;1
-18;21;35;0;1
-18;21;39;0;1
-18;21;41;0;1
-18;21;42;1;1
-18;21;46;0;1
-18;21;47;0;1
-18;21;51;0;1
-18;21;52;0;1
-18;21;54;1;1
-18;21;55;0;1
-18;21;59;1;1
-18;21;60;0;1
-18;21;64;0;1
-18;21;65;1;1
-18;22;10;0;1
-18;22;15;0;1
-18;22;16;0;1
-18;22;19;0;1
-18;22;20;0;1
-18;22;21;0;1
-18;22;27;0;1
-18;22;29;1;1
-18;22;30;1;1
-18;22;34;0;1
-18;22;36;0;1
-18;22;38;0;1
-18;22;39;1;1
-18;22;43;1;1
-18;22;45;0;1
-18;22;46;1;1
-18;22;47;1;1
-18;22;49;1;1
-18;22;53;0;1
-18;22;54;0;1
-18;22;55;1;1
-18;22;60;1;1
-18;22;65;0;1
-18;23;9;0;1
-18;23;16;1;1
-18;23;20;1;1
-18;23;24;1;1
-18;23;26;0;1
-18;23;27;0;1
-18;23;30;1;1
-18;23;32;0;1
-18;23;33;1;1
-18;23;35;0;1
-18;23;37;1;1
-18;23;40;1;1
-18;23;43;1;1
-18;23;46;1;1
-18;23;47;1;1
-18;23;50;1;1
-18;23;54;1;1
-18;23;58;1;1
-18;23;59;0;1
-18;23;61;0;1
-18;23;63;0;1
-18;23;64;0;1
-18;24;11;1;1
-18;24;13;1;1
-18;24;14;0;1
-18;24;17;1;1
-18;24;18;1;1
-18;24;19;1;1
-18;24;23;0;1
-18;24;25;0;1
-18;24;27;0;1
-18;24;33;1;1
-18;24;35;0;1
-18;24;37;1;1
-18;24;40;0;1
-18;24;41;0;1
-18;24;43;0;1
-18;24;45;0;1
-18;24;46;1;1
-18;24;47;0;1
-18;24;50;1;1
-18;24;53;0;1
-18;24;54;1;1
-18;24;57;1;1
-18;24;58;1;1
-18;24;61;0;1
-18;25;9;1;1
-18;25;11;0;1
-18;25;16;1;1
-18;25;17;0;1
-18;25;26;1;1
-18;25;33;0;1
-18;25;34;0;1
-18;25;37;1;1
-18;25;39;0;1
-18;25;42;0;1
-18;25;49;0;1
-18;25;50;0;1
-18;25;52;1;1
-18;25;53;1;1
-18;25;55;1;1
-18;25;57;0;1
-18;25;58;1;1
-18;25;59;1;1
-18;25;60;0;1
-18;25;62;0;1
-18;26;9;0;1
-18;26;12;1;1
-18;26;13;0;1
-18;26;16;1;1
-18;26;17;1;1
-18;26;19;0;1
-18;26;22;0;1
-18;26;25;0;1
-18;26;27;0;1
-18;26;30;1;1
-18;26;31;0;1
-18;26;32;1;1
-18;26;35;0;1
-18;26;37;0;1
-18;26;39;0;1
-18;26;41;0;1
-18;26;42;1;1
-18;26;43;1;1
-18;26;45;0;1
-18;26;48;0;1
-18;26;49;0;1
-18;26;50;0;1
-18;26;53;1;1
-18;26;54;1;1
-18;26;58;1;1
-18;26;60;1;1
-18;26;63;0;1
-18;27;13;0;1
-18;27;14;1;1
-18;27;17;0;1
-18;27;18;0;1
-18;27;21;1;1
-18;27;23;0;1
-18;27;25;0;1
-18;27;28;0;1
-18;27;32;0;1
-18;27;36;0;1
-18;27;37;0;1
-18;27;38;0;1
-18;27;39;0;1
-18;27;40;0;1
-18;27;42;1;1
-18;27;54;0;1
-18;27;55;1;1
-18;27;57;1;1
-18;27;58;1;1
-18;27;63;1;1
-18;28;13;0;1
-18;28;15;0;1
-18;28;18;0;1
-18;28;19;0;1
-18;28;22;0;1
-18;28;24;1;1
-18;28;30;1;1
-18;28;31;1;1
-18;28;32;1;1
-18;28;33;0;1
-18;28;37;1;1
-18;28;38;1;1
-18;28;40;0;1
-18;28;42;0;1
-18;28;45;1;1
-18;28;47;0;1
-18;28;48;1;1
-18;28;51;1;1
-18;28;52;1;1
-18;28;55;0;1
-18;28;56;1;1
-18;28;58;1;1
-18;28;61;1;1
-18;29;10;1;1
-18;29;11;1;1
-18;29;13;0;1
-18;29;14;0;1
-18;29;15;1;1
-18;29;16;0;1
-18;29;19;1;1
-18;29;20;0;1
-18;29;21;1;1
-18;29;22;1;1
-18;29;24;0;1
-18;29;26;0;1
-18;29;27;1;1
-18;29;28;1;1
-18;29;30;0;1
-18;29;31;0;1
-18;29;32;1;1
-18;29;33;1;1
-18;29;38;0;1
-18;29;43;0;1
-18;29;45;0;1
-18;29;46;0;1
-18;29;47;0;1
-18;29;49;1;1
-18;29;51;0;1
-18;30;12;1;1
-18;30;13;0;1
-18;30;14;1;1
-18;30;16;1;1
-18;30;20;1;1
-18;30;21;0;1
-18;30;23;0;1
-18;30;25;0;1
-18;30;26;1;1
-18;30;28;1;1
-18;30;30;0;1
-18;30;32;0;1
-18;30;34;0;1
-18;30;35;1;1
-18;30;41;0;1
-18;30;43;0;1
-18;30;44;0;1
-18;30;45;0;1
-18;30;49;0;1
-18;30;54;0;1
-18;30;56;0;1
-18;30;58;0;1
-18;30;59;0;1
-18;30;60;1;1
-18;31;12;0;1
-18;31;15;0;1
-18;31;16;0;1
-18;31;17;1;1
-18;31;19;0;1
-18;31;20;0;1
-18;31;25;1;1
-18;31;29;0;1
-18;31;30;1;1
-18;31;31;0;1
-18;31;34;0;1
-18;31;35;1;1
-18;31;38;0;1
-18;31;39;0;1
-18;31;42;0;1
-18;31;44;0;1
-18;31;45;1;1
-18;31;46;0;1
-18;31;47;1;1
-18;31;48;0;1
-18;31;49;0;1
-18;31;55;1;1
-18;31;56;0;1
-18;31;60;0;1
-17;-29;11;0;1
-17;-29;13;1;1
-17;-29;14;1;1
-17;-29;16;1;1
-17;-29;17;0;1
-17;-29;20;1;1
-17;-29;21;0;1
-17;-29;23;0;1
-17;-29;26;0;1
-17;-29;29;0;1
-17;-29;31;0;1
-17;-29;33;0;1
-17;-29;34;0;1
-17;-29;35;1;1
-17;-29;36;0;1
-17;-29;42;1;1
-17;-29;43;0;1
-17;-29;44;0;1
-17;-29;47;1;1
-17;-29;49;1;1
-17;-29;50;1;1
-17;-29;54;1;1
-17;-29;57;1;1
-17;-29;61;1;1
-17;-28;11;0;1
-17;-28;12;1;1
-17;-28;16;0;1
-17;-28;18;0;1
-17;-28;19;0;1
-17;-28;21;0;1
-17;-28;24;0;1
-17;-28;27;0;1
-17;-28;28;0;1
-17;-28;32;0;1
-17;-28;36;1;1
-17;-28;37;0;1
-17;-28;38;0;1
-17;-28;41;1;1
-17;-28;43;0;1
-17;-28;44;1;1
-17;-28;48;0;1
-17;-28;51;0;1
-17;-28;52;0;1
-17;-28;53;0;1
-17;-28;57;0;1
-17;-28;58;0;1
-17;-28;59;0;1
-17;-28;62;1;1
-17;-27;9;1;1
-17;-27;11;0;1
-17;-27;14;0;1
-17;-27;16;0;1
-17;-27;19;0;1
-17;-27;20;0;1
-17;-27;25;0;1
-17;-27;27;0;1
-17;-27;29;0;1
-17;-27;37;1;1
-17;-27;39;1;1
-17;-27;41;0;1
-17;-27;43;0;1
-17;-27;49;0;1
-17;-27;51;1;1
-17;-27;52;0;1
-17;-27;53;1;1
-17;-27;56;1;1
-17;-27;58;0;1
-17;-27;61;0;1
-17;-27;62;0;1
-17;-27;63;0;1
-17;-26;10;1;1
-17;-26;11;0;1
-17;-26;13;0;1
-17;-26;15;0;1
-17;-26;16;0;1
-17;-26;17;0;1
-17;-26;25;0;1
-17;-26;27;0;1
-17;-26;28;1;1
-17;-26;30;0;1
-17;-26;32;0;1
-17;-26;34;1;1
-17;-26;35;0;1
-17;-26;41;0;1
-17;-26;43;1;1
-17;-26;45;0;1
-17;-26;48;0;1
-17;-26;49;0;1
-17;-26;50;1;1
-17;-26;53;0;1
-17;-26;55;0;1
-17;-26;56;1;1
-17;-26;57;0;1
-17;-26;59;0;1
-17;-26;63;0;1
-17;-25;9;1;1
-17;-25;18;1;1
-17;-25;19;1;1
-17;-25;24;0;1
-17;-25;25;0;1
-17;-25;26;1;1
-17;-25;27;0;1
-17;-25;29;1;1
-17;-25;38;0;1
-17;-25;41;1;1
-17;-25;42;0;1
-17;-25;44;0;1
-17;-25;45;0;1
-17;-25;46;0;1
-17;-25;54;0;1
-17;-25;55;1;1
-17;-25;56;0;1
-17;-25;58;0;1
-17;-25;60;1;1
-17;-24;9;0;1
-17;-24;12;1;1
-17;-24;15;1;1
-17;-24;23;1;1
-17;-24;25;0;1
-17;-24;28;1;1
-17;-24;30;1;1
-17;-24;32;1;1
-17;-24;33;1;1
-17;-24;35;0;1
-17;-24;36;0;1
-17;-24;37;1;1
-17;-24;41;0;1
-17;-24;45;0;1
-17;-24;47;1;1
-17;-24;51;0;1
-17;-24;53;0;1
-17;-24;58;0;1
-17;-24;63;0;1
-17;-23;8;0;1
-17;-23;9;0;1
-17;-23;17;1;1
-17;-23;20;0;1
-17;-23;21;0;1
-17;-23;22;1;1
-17;-23;23;1;1
-17;-23;25;0;1
-17;-23;26;1;1
-17;-23;27;1;1
-17;-23;29;0;1
-17;-23;30;0;1
-17;-23;33;1;1
-17;-23;34;0;1
-17;-23;36;0;1
-17;-23;37;0;1
-17;-23;38;1;1
-17;-23;40;0;1
-17;-23;41;1;1
-17;-23;46;0;1
-17;-23;47;0;1
-17;-23;52;0;1
-17;-23;53;0;1
-17;-23;54;1;1
-17;-23;55;0;1
-17;-23;57;0;1
-17;-23;59;1;1
-17;-23;60;1;1
-17;-23;61;1;1
-17;-23;63;0;1
-17;-22;11;0;1
-17;-22;13;0;1
-17;-22;16;0;1
-17;-22;17;1;1
-17;-22;20;0;1
-17;-22;22;0;1
-17;-22;27;1;1
-17;-22;29;1;1
-17;-22;31;1;1
-17;-22;32;1;1
-17;-22;33;0;1
-17;-22;36;0;1
-17;-22;37;0;1
-17;-22;39;1;1
-17;-22;40;0;1
-17;-22;41;0;1
-17;-22;46;0;1
-17;-22;49;0;1
-17;-22;50;0;1
-17;-22;51;1;1
-17;-22;52;0;1
-17;-22;55;0;1
-17;-22;57;0;1
-17;-22;58;1;1
-17;-22;59;1;1
-17;-22;61;0;1
-17;-21;9;1;1
-17;-21;10;0;1
-17;-21;11;0;1
-17;-21;12;1;1
-17;-21;21;1;1
-17;-21;23;1;1
-17;-21;24;1;1
-17;-21;27;0;1
-17;-21;28;1;1
-17;-21;30;0;1
-17;-21;34;1;1
-17;-21;36;1;1
-17;-21;37;0;1
-17;-21;39;0;1
-17;-21;40;0;1
-17;-21;45;0;1
-17;-21;47;0;1
-17;-21;48;0;1
-17;-21;51;1;1
-17;-21;53;1;1
-17;-21;54;1;1
-17;-21;55;1;1
-17;-21;58;0;1
-17;-21;62;0;1
-17;-21;63;0;1
-17;-21;64;0;1
-17;-21;65;0;1
-17;-20;10;0;1
-17;-20;16;0;1
-17;-20;31;0;1
-17;-20;33;0;1
-17;-20;34;0;1
-17;-20;36;1;1
-17;-20;39;0;1
-17;-20;40;1;1
-17;-20;44;0;1
-17;-20;46;0;1
-17;-20;47;0;1
-17;-20;48;1;1
-17;-20;52;0;1
-17;-20;54;0;1
-17;-20;58;0;1
-17;-20;59;0;1
-17;-20;62;0;1
-17;-20;63;0;1
-17;-20;65;1;1
-17;-19;8;0;1
-17;-19;13;0;1
-17;-19;17;1;1
-17;-19;20;0;1
-17;-19;23;0;1
-17;-19;26;1;1
-17;-19;28;1;1
-17;-19;32;1;1
-17;-19;36;0;1
-17;-19;38;1;1
-17;-19;41;0;1
-17;-19;42;0;1
-17;-19;49;0;1
-17;-19;52;1;1
-17;-19;58;0;1
-17;-19;60;0;1
-17;-19;62;1;1
-17;-18;8;0;1
-17;-18;11;1;1
-17;-18;12;1;1
-17;-18;13;1;1
-17;-18;15;0;1
-17;-18;16;0;1
-17;-18;24;0;1
-17;-18;27;0;1
-17;-18;29;1;1
-17;-18;35;0;1
-17;-18;39;0;1
-17;-18;44;0;1
-17;-18;46;0;1
-17;-18;48;0;1
-17;-18;54;0;1
-17;-18;55;0;1
-17;-18;59;0;1
-17;-18;63;0;1
-17;-18;65;0;1
-17;-18;66;0;1
-17;-17;10;1;1
-17;-17;17;0;1
-17;-17;18;0;1
-17;-17;20;0;1
-17;-17;24;0;1
-17;-17;28;0;1
-17;-17;29;1;1
-17;-17;33;0;1
-17;-17;36;0;1
-17;-17;37;1;1
-17;-17;38;0;1
-17;-17;40;0;1
-17;-17;50;0;1
-17;-17;54;1;1
-17;-17;59;0;1
-17;-17;62;0;1
-17;-16;8;0;1
-17;-16;10;0;1
-17;-16;13;0;1
-17;-16;14;0;1
-17;-16;16;0;1
-17;-16;17;0;1
-17;-16;20;0;1
-17;-16;22;0;1
-17;-16;23;1;1
-17;-16;35;0;1
-17;-16;38;1;1
-17;-16;39;0;1
-17;-16;40;0;1
-17;-16;42;1;1
-17;-16;44;0;1
-17;-16;48;1;1
-17;-16;50;0;1
-17;-16;52;0;1
-17;-16;55;0;1
-17;-16;56;0;1
-17;-16;63;1;1
-17;-15;13;1;1
-17;-15;14;0;1
-17;-15;21;0;1
-17;-15;23;0;1
-17;-15;24;0;1
-17;-15;27;0;1
-17;-15;29;0;1
-17;-15;32;0;1
-17;-15;33;1;1
-17;-15;35;0;1
-17;-15;36;1;1
-17;-15;39;0;1
-17;-15;44;1;1
-17;-15;45;0;1
-17;-15;47;0;1
-17;-15;52;0;1
-17;-15;53;1;1
-17;-15;54;1;1
-17;-15;55;0;1
-17;-15;56;0;1
-17;-14;11;0;1
-17;-14;15;0;1
-17;-14;17;0;1
-17;-14;22;0;1
-17;-14;23;1;1
-17;-14;25;0;1
-17;-14;26;0;1
-17;-14;28;0;1
-17;-14;29;1;1
-17;-14;30;0;1
-17;-14;32;1;1
-17;-14;42;1;1
-17;-14;45;1;1
-17;-14;47;0;1
-17;-14;49;0;1
-17;-14;51;0;1
-17;-14;55;1;1
-17;-14;58;0;1
-17;-14;60;0;1
-17;-13;21;0;1
-17;-13;25;0;1
-17;-13;26;0;1
-17;-13;31;0;1
-17;-13;34;0;1
-17;-13;36;0;1
-17;-13;40;0;1
-17;-13;43;0;1
-17;-13;49;1;1
-17;-13;52;0;1
-17;-13;54;1;1
-17;-13;55;1;1
-17;-12;14;0;1
-17;-12;15;0;1
-17;-12;17;0;1
-17;-12;23;1;1
-17;-12;26;0;1
-17;-12;27;0;1
-17;-12;30;1;1
-17;-12;31;1;1
-17;-12;33;0;1
-17;-12;36;0;1
-17;-12;38;0;1
-17;-12;40;1;1
-17;-12;42;0;1
-17;-12;46;1;1
-17;-12;54;1;1
-17;-12;55;1;1
-17;-12;57;0;1
-17;-11;16;0;1
-17;-11;19;0;1
-17;-11;20;0;1
-17;-11;24;0;1
-17;-11;27;0;1
-17;-11;30;1;1
-17;-11;31;0;1
-17;-11;32;0;1
-17;-11;33;1;1
-17;-11;35;0;1
-17;-11;36;1;1
-17;-11;38;0;1
-17;-11;39;1;1
-17;-11;43;0;1
-17;-11;45;0;1
-17;-11;46;0;1
-17;-11;49;0;1
-17;-11;53;1;1
-17;-11;54;0;1
-17;-10;19;1;1
-17;-10;24;1;1
-17;-10;26;0;1
-17;-10;28;1;1
-17;-10;29;0;1
-17;-10;30;0;1
-17;-10;35;0;1
-17;-10;38;0;1
-17;-10;41;0;1
-17;-10;42;0;1
-17;-10;44;1;1
-17;-10;47;0;1
-17;-10;48;0;1
-17;-10;50;1;1
-17;-10;53;1;1
-17;-10;54;0;1
-17;-9;16;0;1
-17;-9;17;1;1
-17;-9;18;1;1
-17;-9;20;0;1
-17;-9;21;1;1
-17;-9;24;0;1
-17;-9;25;1;1
-17;-9;26;0;1
-17;-9;29;0;1
-17;-9;30;0;1
-17;-9;34;0;1
-17;-9;35;0;1
-17;-9;36;1;1
-17;-9;42;0;1
-17;-9;46;0;1
-17;-9;48;0;1
-17;-9;49;0;1
-17;-9;51;0;1
-17;-8;19;1;1
-17;-8;20;0;1
-17;-8;22;0;1
-17;-8;23;0;1
-17;-8;26;1;1
-17;-8;31;1;1
-17;-8;32;1;1
-17;-8;33;0;1
-17;-8;34;1;1
-17;-8;35;0;1
-17;-8;37;0;1
-17;-8;38;1;1
-17;-8;42;1;1
-17;-8;48;1;1
-17;-8;49;1;1
-17;-7;19;1;1
-17;-7;20;0;1
-17;-7;22;0;1
-17;-7;24;0;1
-17;-7;25;0;1
-17;-7;27;0;1
-17;-7;29;1;1
-17;-7;31;0;1
-17;-7;35;1;1
-17;-7;42;0;1
-17;-7;45;1;1
-17;-7;48;0;1
-17;-6;17;0;1
-17;-6;19;1;1
-17;-6;20;0;1
-17;-6;21;0;1
-17;-6;23;0;1
-17;-6;25;1;1
-17;-6;26;0;1
-17;-6;27;0;1
-17;-6;29;1;1
-17;-6;34;0;1
-17;-6;35;1;1
-17;-6;41;1;1
-17;-6;42;1;1
-17;-6;43;1;1
-17;-6;45;1;1
-17;-6;46;0;1
-17;-5;17;0;1
-17;-5;20;0;1
-17;-5;22;0;1
-17;-5;27;0;1
-17;-5;28;0;1
-17;-5;32;0;1
-17;-5;39;0;1
-17;-5;46;0;1
-17;-5;47;0;1
-17;-5;48;0;1
-17;-4;19;0;1
-17;-4;20;0;1
-17;-4;21;1;1
-17;-4;22;0;1
-17;-4;24;0;1
-17;-4;25;0;1
-17;-4;26;0;1
-17;-4;27;0;1
-17;-4;35;0;1
-17;-4;38;0;1
-17;-4;40;0;1
-17;-4;41;0;1
-17;-4;42;0;1
-17;-4;45;1;1
-17;-4;46;1;1
-17;-3;20;0;1
-17;-3;21;0;1
-17;-3;22;0;1
-17;-3;25;0;1
-17;-3;27;0;1
-17;-3;28;1;1
-17;-3;31;0;1
-17;-3;32;0;1
-17;-3;35;0;1
-17;-3;36;0;1
-17;-3;40;0;1
-17;-3;42;0;1
-17;-3;44;0;1
-17;-3;45;1;1
-17;-2;18;0;1
-17;-2;19;0;1
-17;-2;21;1;1
-17;-2;22;1;1
-17;-2;25;0;1
-17;-2;30;0;1
-17;-2;32;0;1
-17;-2;34;0;1
-17;-2;38;0;1
-17;-2;39;1;1
-17;-2;40;1;1
-17;-2;41;0;1
-17;-2;44;1;1
-17;-2;45;0;1
-17;-1;22;1;1
-17;-1;24;0;1
-17;-1;26;0;1
-17;-1;27;0;1
-17;-1;28;0;1
-17;-1;31;0;1
-17;-1;32;1;1
-17;-1;35;1;1
-17;-1;36;0;1
-17;-1;37;1;1
-17;-1;38;0;1
-17;-1;40;1;1
-17;-1;44;0;1
-17;0;18;0;1
-17;0;20;0;1
-17;0;21;1;1
-17;0;22;0;1
-17;0;25;1;1
-17;0;27;0;1
-17;0;39;1;1
-17;0;43;0;1
-17;0;46;0;1
-17;1;21;0;1
-17;1;22;0;1
-17;1;23;1;1
-17;1;27;0;1
-17;1;29;0;1
-17;1;30;0;1
-17;1;31;0;1
-17;1;33;1;1
-17;1;34;1;1
-17;1;35;1;1
-17;1;36;1;1
-17;1;38;1;1
-17;1;39;0;1
-17;2;19;1;1
-17;2;24;0;1
-17;2;26;0;1
-17;2;27;1;1
-17;2;28;0;1
-17;2;29;0;1
-17;2;38;0;1
-17;2;40;0;1
-17;2;41;0;1
-17;2;44;0;1
-17;2;45;0;1
-17;2;47;0;1
-17;3;18;1;1
-17;3;19;1;1
-17;3;21;0;1
-17;3;22;0;1
-17;3;26;1;1
-17;3;27;0;1
-17;3;28;1;1
-17;3;33;1;1
-17;3;40;1;1
-17;3;41;0;1
-17;3;42;0;1
-17;3;43;0;1
-17;3;45;0;1
-17;4;19;1;1
-17;4;20;1;1
-17;4;22;1;1
-17;4;25;0;1
-17;4;28;0;1
-17;4;30;0;1
-17;4;33;0;1
-17;4;35;0;1
-17;4;38;0;1
-17;4;43;0;1
-17;5;17;0;1
-17;5;19;1;1
-17;5;20;0;1
-17;5;21;0;1
-17;5;25;0;1
-17;5;27;0;1
-17;5;30;1;1
-17;5;35;0;1
-17;5;37;0;1
-17;5;38;1;1
-17;5;40;0;1
-17;5;41;0;1
-17;5;45;0;1
-17;5;46;0;1
-17;5;48;0;1
-17;6;18;0;1
-17;6;23;1;1
-17;6;27;1;1
-17;6;29;1;1
-17;6;33;0;1
-17;6;35;0;1
-17;6;36;0;1
-17;6;37;0;1
-17;6;39;0;1
-17;6;40;0;1
-17;6;43;0;1
-17;6;46;1;1
-17;6;49;0;1
-17;7;23;0;1
-17;7;24;1;1
-17;7;25;0;1
-17;7;27;0;1
-17;7;28;1;1
-17;7;30;0;1
-17;7;38;1;1
-17;7;39;0;1
-17;7;41;0;1
-17;7;46;1;1
-17;7;49;1;1
-17;7;50;0;1
-17;8;16;0;1
-17;8;18;0;1
-17;8;20;1;1
-17;8;22;1;1
-17;8;25;0;1
-17;8;33;1;1
-17;8;37;0;1
-17;8;40;0;1
-17;8;41;0;1
-17;8;42;0;1
-17;8;43;0;1
-17;8;44;1;1
-17;8;49;1;1
-17;8;50;1;1
-17;8;51;1;1
-17;9;17;1;1
-17;9;18;0;1
-17;9;20;0;1
-17;9;21;1;1
-17;9;25;0;1
-17;9;26;0;1
-17;9;27;1;1
-17;9;28;0;1
-17;9;31;1;1
-17;9;33;0;1
-17;9;34;0;1
-17;9;36;0;1
-17;9;40;1;1
-17;9;41;0;1
-17;9;44;0;1
-17;9;45;0;1
-17;9;48;1;1
-17;9;49;1;1
-17;9;52;1;1
-17;10;16;0;1
-17;10;18;0;1
-17;10;21;0;1
-17;10;27;0;1
-17;10;28;0;1
-17;10;29;1;1
-17;10;31;0;1
-17;10;32;0;1
-17;10;33;0;1
-17;10;34;1;1
-17;10;42;0;1
-17;10;45;0;1
-17;10;46;0;1
-17;10;48;0;1
-17;10;50;1;1
-17;10;54;0;1
-17;11;22;0;1
-17;11;24;0;1
-17;11;26;1;1
-17;11;30;0;1
-17;11;31;0;1
-17;11;33;0;1
-17;11;34;0;1
-17;11;35;0;1
-17;11;38;0;1
-17;11;40;1;1
-17;11;41;1;1
-17;11;45;1;1
-17;11;46;0;1
-17;11;47;0;1
-17;11;52;0;1
-17;11;53;0;1
-17;11;54;1;1
-17;12;16;0;1
-17;12;17;0;1
-17;12;19;0;1
-17;12;21;0;1
-17;12;22;1;1
-17;12;23;0;1
-17;12;29;0;1
-17;12;31;1;1
-17;12;32;0;1
-17;12;33;0;1
-17;12;34;0;1
-17;12;35;0;1
-17;12;41;1;1
-17;12;44;0;1
-17;12;51;0;1
-17;12;54;0;1
-17;12;57;0;1
-17;13;18;0;1
-17;13;27;0;1
-17;13;29;1;1
-17;13;30;1;1
-17;13;31;1;1
-17;13;35;1;1
-17;13;37;0;1
-17;13;42;1;1
-17;13;46;0;1
-17;13;49;0;1
-17;13;50;0;1
-17;13;53;0;1
-17;13;54;1;1
-17;13;56;1;1
-17;13;57;0;1
-17;14;16;1;1
-17;14;19;0;1
-17;14;22;0;1
-17;14;24;0;1
-17;14;32;0;1
-17;14;33;1;1
-17;14;34;0;1
-17;14;35;0;1
-17;14;36;1;1
-17;14;38;0;1
-17;14;42;1;1
-17;14;45;0;1
-17;14;50;1;1
-17;14;51;1;1
-17;14;53;1;1
-17;14;54;0;1
-17;14;58;1;1
-17;15;11;0;1
-17;15;13;1;1
-17;15;14;0;1
-17;15;15;0;1
-17;15;17;0;1
-17;15;21;0;1
-17;15;22;1;1
-17;15;24;0;1
-17;15;28;1;1
-17;15;30;1;1
-17;15;31;0;1
-17;15;36;1;1
-17;15;39;0;1
-17;15;44;0;1
-17;15;50;1;1
-17;15;55;0;1
-17;15;56;1;1
-17;15;57;1;1
-17;15;59;0;1
-17;15;60;0;1
-17;15;61;1;1
-17;16;8;0;1
-17;16;9;0;1
-17;16;11;0;1
-17;16;12;0;1
-17;16;15;1;1
-17;16;18;0;1
-17;16;20;0;1
-17;16;21;1;1
-17;16;23;1;1
-17;16;24;0;1
-17;16;26;1;1
-17;16;28;1;1
-17;16;31;1;1
-17;16;32;1;1
-17;16;34;0;1
-17;16;35;0;1
-17;16;38;1;1
-17;16;40;1;1
-17;16;42;0;1
-17;16;43;0;1
-17;16;46;0;1
-17;16;52;1;1
-17;16;53;1;1
-17;16;55;1;1
-17;16;56;0;1
-17;16;60;0;1
-17;16;63;1;1
-17;17;7;0;1
-17;17;9;1;1
-17;17;12;0;1
-17;17;13;1;1
-17;17;14;0;1
-17;17;17;0;1
-17;17;18;0;1
-17;17;22;1;1
-17;17;27;1;1
-17;17;29;1;1
-17;17;31;0;1
-17;17;38;0;1
-17;17;39;1;1
-17;17;41;0;1
-17;17;44;0;1
-17;17;45;1;1
-17;17;47;0;1
-17;17;48;1;1
-17;17;50;1;1
-17;17;51;0;1
-17;17;55;1;1
-17;17;58;0;1
-17;17;59;1;1
-17;17;61;1;1
-17;18;13;1;1
-17;18;17;0;1
-17;18;18;1;1
-17;18;21;0;1
-17;18;22;1;1
-17;18;24;0;1
-17;18;29;0;1
-17;18;30;1;1
-17;18;32;0;1
-17;18;35;0;1
-17;18;38;1;1
-17;18;40;1;1
-17;18;41;0;1
-17;18;45;0;1
-17;18;46;1;1
-17;18;47;1;1
-17;18;55;0;1
-17;18;57;0;1
-17;18;59;1;1
-17;18;62;1;1
-17;18;64;0;1
-17;18;65;0;1
-17;18;66;0;1
-17;19;9;1;1
-17;19;14;1;1
-17;19;16;1;1
-17;19;18;1;1
-17;19;19;0;1
-17;19;20;0;1
-17;19;23;0;1
-17;19;24;0;1
-17;19;28;1;1
-17;19;30;0;1
-17;19;33;1;1
-17;19;35;0;1
-17;19;37;0;1
-17;19;49;0;1
-17;19;50;0;1
-17;19;52;0;1
-17;19;53;0;1
-17;19;63;1;1
-17;20;9;0;1
-17;20;10;0;1
-17;20;12;0;1
-17;20;14;1;1
-17;20;17;0;1
-17;20;19;1;1
-17;20;21;0;1
-17;20;24;0;1
-17;20;26;1;1
-17;20;28;1;1
-17;20;29;0;1
-17;20;33;0;1
-17;20;35;0;1
-17;20;38;0;1
-17;20;39;0;1
-17;20;40;0;1
-17;20;44;0;1
-17;20;45;1;1
-17;20;46;0;1
-17;20;48;1;1
-17;20;49;1;1
-17;20;50;0;1
-17;20;52;1;1
-17;20;53;1;1
-17;20;56;0;1
-17;20;64;0;1
-17;21;8;1;1
-17;21;9;1;1
-17;21;10;0;1
-17;21;11;0;1
-17;21;14;0;1
-17;21;15;0;1
-17;21;17;0;1
-17;21;19;1;1
-17;21;26;0;1
-17;21;27;0;1
-17;21;29;1;1
-17;21;30;0;1
-17;21;32;0;1
-17;21;35;1;1
-17;21;37;1;1
-17;21;38;0;1
-17;21;39;1;1
-17;21;40;0;1
-17;21;41;0;1
-17;21;44;0;1
-17;21;45;0;1
-17;21;46;0;1
-17;21;47;1;1
-17;21;52;0;1
-17;21;53;0;1
-17;21;61;0;1
-17;21;63;0;1
-17;21;64;0;1
-17;22;9;0;1
-17;22;10;0;1
-17;22;11;1;1
-17;22;12;1;1
-17;22;17;1;1
-17;22;18;0;1
-17;22;19;0;1
-17;22;20;1;1
-17;22;22;0;1
-17;22;26;1;1
-17;22;27;1;1
-17;22;28;1;1
-17;22;30;0;1
-17;22;31;0;1
-17;22;32;0;1
-17;22;33;1;1
-17;22;40;0;1
-17;22;43;0;1
-17;22;47;0;1
-17;22;49;1;1
-17;22;57;1;1
-17;22;58;0;1
-17;22;59;0;1
-17;22;64;1;1
-17;23;10;0;1
-17;23;13;0;1
-17;23;15;0;1
-17;23;17;0;1
-17;23;18;0;1
-17;23;27;0;1
-17;23;29;0;1
-17;23;30;0;1
-17;23;33;0;1
-17;23;34;0;1
-17;23;37;0;1
-17;23;38;0;1
-17;23;40;0;1
-17;23;41;0;1
-17;23;43;0;1
-17;23;46;1;1
-17;23;47;0;1
-17;23;49;0;1
-17;23;50;0;1
-17;23;53;0;1
-17;23;54;0;1
-17;23;55;0;1
-17;23;57;0;1
-17;24;21;0;1
-17;24;22;1;1
-17;24;25;0;1
-17;24;26;0;1
-17;24;30;1;1
-17;24;39;1;1
-17;24;41;0;1
-17;24;44;0;1
-17;24;47;0;1
-17;24;48;1;1
-17;24;53;1;1
-17;24;56;0;1
-17;24;57;1;1
-17;24;58;0;1
-17;24;62;0;1
-17;24;64;1;1
-17;25;12;0;1
-17;25;21;1;1
-17;25;22;0;1
-17;25;29;0;1
-17;25;32;0;1
-17;25;34;0;1
-17;25;45;1;1
-17;25;46;0;1
-17;25;51;0;1
-17;25;55;0;1
-17;25;58;0;1
-17;25;63;0;1
-17;26;12;0;1
-17;26;16;0;1
-17;26;20;0;1
-17;26;23;0;1
-17;26;24;0;1
-17;26;28;1;1
-17;26;30;0;1
-17;26;33;1;1
-17;26;36;0;1
-17;26;38;0;1
-17;26;39;0;1
-17;26;42;0;1
-17;26;50;1;1
-17;26;52;0;1
-17;26;54;0;1
-17;26;56;0;1
-17;26;57;0;1
-17;26;58;0;1
-17;26;63;1;1
-17;27;14;1;1
-17;27;21;0;1
-17;27;25;1;1
-17;27;26;1;1
-17;27;27;0;1
-17;27;28;1;1
-17;27;30;0;1
-17;27;32;0;1
-17;27;35;1;1
-17;27;37;0;1
-17;27;38;1;1
-17;27;39;0;1
-17;27;41;0;1
-17;27;43;1;1
-17;27;44;0;1
-17;27;47;0;1
-17;27;49;1;1
-17;27;50;0;1
-17;27;51;0;1
-17;27;52;0;1
-17;27;57;0;1
-17;27;58;1;1
-17;27;60;0;1
-17;27;62;0;1
-17;28;9;0;1
-17;28;11;1;1
-17;28;21;1;1
-17;28;24;0;1
-17;28;27;0;1
-17;28;36;1;1
-17;28;38;0;1
-17;28;40;1;1
-17;28;45;0;1
-17;28;46;0;1
-17;28;48;0;1
-17;28;51;1;1
-17;28;54;0;1
-17;28;57;0;1
-17;28;60;0;1
-17;29;12;0;1
-17;29;18;1;1
-17;29;19;1;1
-17;29;20;0;1
-17;29;24;0;1
-17;29;26;0;1
-17;29;29;1;1
-17;29;31;0;1
-17;29;32;0;1
-17;29;35;0;1
-17;29;41;1;1
-17;29;42;1;1
-17;29;43;0;1
-17;29;48;1;1
-17;29;49;1;1
-17;29;52;0;1
-17;29;54;0;1
-17;29;56;0;1
-17;29;61;1;1
-16;-27;9;0;1
-16;-27;11;0;1
-16;-27;14;0;1
-16;-27;18;0;1
-16;-27;24;0;1
-16;-27;30;0;1
-16;-27;33;0;1
-16;-27;34;0;1
-16;-27;35;0;1
-16;-27;36;0;1
-16;-27;38;1;1
-16;-27;39;1;1
-16;-27;40;0;1
-16;-27;41;0;1
-16;-27;43;1;1
-16;-27;44;0;1
-16;-27;47;1;1
-16;-27;48;0;1
-16;-27;49;1;1
-16;-27;50;1;1
-16;-27;51;0;1
-16;-27;53;1;1
-16;-27;59;1;1
-16;-26;10;1;1
-16;-26;11;0;1
-16;-26;12;0;1
-16;-26;14;1;1
-16;-26;17;0;1
-16;-26;24;0;1
-16;-26;26;0;1
-16;-26;29;0;1
-16;-26;32;0;1
-16;-26;37;0;1
-16;-26;38;1;1
-16;-26;41;0;1
-16;-26;43;0;1
-16;-26;45;1;1
-16;-26;51;0;1
-16;-26;53;1;1
-16;-26;54;0;1
-16;-26;56;0;1
-16;-26;59;0;1
-16;-26;62;0;1
-16;-26;64;0;1
-16;-25;9;1;1
-16;-25;10;0;1
-16;-25;18;1;1
-16;-25;19;0;1
-16;-25;21;1;1
-16;-25;25;1;1
-16;-25;26;0;1
-16;-25;32;1;1
-16;-25;33;0;1
-16;-25;34;0;1
-16;-25;35;1;1
-16;-25;36;1;1
-16;-25;37;0;1
-16;-25;41;0;1
-16;-25;43;1;1
-16;-25;44;0;1
-16;-25;45;1;1
-16;-25;46;1;1
-16;-25;49;1;1
-16;-25;50;0;1
-16;-25;52;1;1
-16;-25;53;1;1
-16;-25;54;1;1
-16;-25;55;1;1
-16;-25;57;0;1
-16;-25;60;1;1
-16;-24;8;1;1
-16;-24;9;0;1
-16;-24;12;1;1
-16;-24;18;0;1
-16;-24;20;0;1
-16;-24;25;0;1
-16;-24;26;1;1
-16;-24;28;0;1
-16;-24;31;0;1
-16;-24;32;0;1
-16;-24;33;0;1
-16;-24;38;0;1
-16;-24;40;1;1
-16;-24;43;0;1
-16;-24;47;1;1
-16;-24;48;1;1
-16;-24;49;1;1
-16;-24;50;0;1
-16;-24;56;0;1
-16;-24;62;0;1
-16;-24;63;1;1
-16;-24;64;0;1
-16;-23;8;1;1
-16;-23;9;1;1
-16;-23;13;1;1
-16;-23;15;1;1
-16;-23;19;1;1
-16;-23;21;1;1
-16;-23;29;1;1
-16;-23;31;1;1
-16;-23;36;0;1
-16;-23;38;0;1
-16;-23;39;1;1
-16;-23;41;0;1
-16;-23;43;0;1
-16;-23;46;0;1
-16;-23;47;1;1
-16;-23;49;1;1
-16;-23;50;0;1
-16;-23;51;0;1
-16;-23;52;1;1
-16;-23;61;0;1
-16;-23;65;0;1
-16;-22;12;0;1
-16;-22;19;1;1
-16;-22;20;0;1
-16;-22;23;1;1
-16;-22;27;0;1
-16;-22;28;0;1
-16;-22;29;0;1
-16;-22;34;0;1
-16;-22;36;1;1
-16;-22;39;1;1
-16;-22;40;0;1
-16;-22;41;0;1
-16;-22;42;1;1
-16;-22;44;0;1
-16;-22;50;0;1
-16;-22;51;1;1
-16;-22;53;0;1
-16;-22;54;0;1
-16;-22;57;0;1
-16;-22;58;0;1
-16;-22;60;1;1
-16;-22;62;0;1
-16;-22;63;0;1
-16;-22;64;0;1
-16;-21;8;0;1
-16;-21;9;0;1
-16;-21;10;0;1
-16;-21;11;0;1
-16;-21;12;0;1
-16;-21;14;1;1
-16;-21;15;0;1
-16;-21;17;0;1
-16;-21;18;1;1
-16;-21;23;0;1
-16;-21;25;1;1
-16;-21;27;1;1
-16;-21;28;1;1
-16;-21;29;0;1
-16;-21;30;1;1
-16;-21;35;1;1
-16;-21;37;0;1
-16;-21;39;0;1
-16;-21;41;0;1
-16;-21;45;0;1
-16;-21;46;1;1
-16;-21;50;0;1
-16;-21;52;1;1
-16;-21;53;0;1
-16;-21;54;1;1
-16;-21;55;1;1
-16;-21;56;0;1
-16;-21;62;0;1
-16;-21;64;1;1
-16;-20;10;0;1
-16;-20;11;0;1
-16;-20;12;0;1
-16;-20;13;1;1
-16;-20;15;1;1
-16;-20;17;0;1
-16;-20;20;1;1
-16;-20;21;1;1
-16;-20;23;1;1
-16;-20;28;0;1
-16;-20;29;0;1
-16;-20;30;1;1
-16;-20;32;1;1
-16;-20;33;1;1
-16;-20;35;1;1
-16;-20;43;0;1
-16;-20;44;1;1
-16;-20;46;0;1
-16;-20;48;0;1
-16;-20;50;1;1
-16;-20;51;0;1
-16;-20;52;1;1
-16;-20;53;0;1
-16;-20;54;0;1
-16;-20;56;0;1
-16;-20;57;1;1
-16;-20;59;0;1
-16;-20;63;0;1
-16;-20;66;0;1
-16;-19;8;0;1
-16;-19;14;1;1
-16;-19;16;0;1
-16;-19;19;0;1
-16;-19;22;0;1
-16;-19;23;1;1
-16;-19;24;0;1
-16;-19;30;0;1
-16;-19;34;1;1
-16;-19;35;0;1
-16;-19;36;0;1
-16;-19;44;0;1
-16;-19;47;1;1
-16;-19;50;0;1
-16;-19;51;0;1
-16;-19;55;1;1
-16;-19;57;0;1
-16;-19;58;1;1
-16;-19;59;0;1
-16;-19;60;1;1
-16;-19;61;0;1
-16;-19;63;0;1
-16;-19;66;1;1
-16;-18;7;0;1
-16;-18;8;0;1
-16;-18;9;0;1
-16;-18;10;1;1
-16;-18;17;1;1
-16;-18;19;1;1
-16;-18;21;1;1
-16;-18;24;0;1
-16;-18;26;1;1
-16;-18;27;0;1
-16;-18;28;0;1
-16;-18;29;1;1
-16;-18;31;1;1
-16;-18;33;0;1
-16;-18;35;1;1
-16;-18;39;0;1
-16;-18;42;1;1
-16;-18;54;0;1
-16;-18;55;1;1
-16;-18;57;0;1
-16;-18;62;1;1
-16;-18;63;0;1
-16;-18;64;0;1
-16;-18;66;0;1
-16;-17;8;0;1
-16;-17;9;1;1
-16;-17;10;0;1
-16;-17;17;0;1
-16;-17;18;0;1
-16;-17;22;1;1
-16;-17;23;0;1
-16;-17;24;0;1
-16;-17;29;1;1
-16;-17;34;0;1
-16;-17;40;0;1
-16;-17;42;1;1
-16;-17;43;0;1
-16;-17;50;0;1
-16;-17;51;1;1
-16;-17;52;0;1
-16;-17;53;0;1
-16;-17;54;1;1
-16;-17;57;0;1
-16;-17;58;0;1
-16;-17;62;1;1
-16;-17;63;0;1
-16;-17;64;0;1
-16;-16;10;0;1
-16;-16;16;1;1
-16;-16;20;0;1
-16;-16;28;1;1
-16;-16;31;0;1
-16;-16;33;0;1
-16;-16;34;1;1
-16;-16;36;1;1
-16;-16;38;1;1
-16;-16;39;1;1
-16;-16;40;0;1
-16;-16;41;0;1
-16;-16;42;0;1
-16;-16;43;0;1
-16;-16;47;0;1
-16;-16;50;1;1
-16;-16;52;0;1
-16;-16;56;0;1
-16;-16;61;1;1
-16;-15;11;0;1
-16;-15;14;0;1
-16;-15;15;0;1
-16;-15;19;0;1
-16;-15;21;1;1
-16;-15;22;1;1
-16;-15;25;0;1
-16;-15;26;0;1
-16;-15;28;0;1
-16;-15;36;0;1
-16;-15;39;0;1
-16;-15;42;1;1
-16;-15;43;0;1
-16;-15;44;1;1
-16;-15;45;1;1
-16;-15;50;0;1
-16;-15;55;0;1
-16;-14;15;1;1
-16;-14;16;0;1
-16;-14;27;1;1
-16;-14;28;1;1
-16;-14;31;1;1
-16;-14;33;0;1
-16;-14;35;0;1
-16;-14;36;1;1
-16;-14;39;0;1
-16;-14;44;0;1
-16;-14;46;0;1
-16;-14;47;1;1
-16;-14;49;0;1
-16;-14;51;0;1
-16;-14;52;0;1
-16;-14;53;1;1
-16;-14;58;0;1
-16;-13;14;0;1
-16;-13;15;1;1
-16;-13;18;1;1
-16;-13;25;0;1
-16;-13;28;1;1
-16;-13;29;0;1
-16;-13;33;1;1
-16;-13;34;0;1
-16;-13;36;1;1
-16;-13;38;1;1
-16;-13;39;1;1
-16;-13;46;1;1
-16;-13;47;1;1
-16;-13;48;1;1
-16;-13;55;0;1
-16;-12;21;1;1
-16;-12;22;0;1
-16;-12;23;1;1
-16;-12;26;0;1
-16;-12;33;0;1
-16;-12;36;0;1
-16;-12;38;0;1
-16;-12;42;0;1
-16;-12;47;0;1
-16;-12;48;0;1
-16;-12;49;0;1
-16;-12;53;1;1
-16;-11;17;0;1
-16;-11;20;1;1
-16;-11;22;1;1
-16;-11;24;0;1
-16;-11;27;1;1
-16;-11;28;0;1
-16;-11;30;0;1
-16;-11;33;0;1
-16;-11;34;0;1
-16;-11;35;1;1
-16;-11;38;1;1
-16;-11;39;1;1
-16;-11;40;0;1
-16;-11;43;1;1
-16;-11;44;0;1
-16;-11;45;0;1
-16;-11;52;0;1
-16;-10;16;0;1
-16;-10;20;0;1
-16;-10;22;0;1
-16;-10;23;0;1
-16;-10;24;1;1
-16;-10;25;1;1
-16;-10;29;1;1
-16;-10;30;1;1
-16;-10;34;1;1
-16;-10;36;0;1
-16;-10;39;0;1
-16;-10;41;0;1
-16;-10;42;1;1
-16;-10;45;1;1
-16;-10;50;0;1
-16;-9;19;0;1
-16;-9;20;0;1
-16;-9;22;0;1
-16;-9;28;1;1
-16;-9;30;0;1
-16;-9;31;0;1
-16;-9;32;0;1
-16;-9;34;1;1
-16;-9;35;0;1
-16;-9;36;0;1
-16;-9;37;1;1
-16;-9;38;0;1
-16;-9;40;0;1
-16;-9;44;1;1
-16;-9;45;1;1
-16;-9;46;0;1
-16;-9;48;0;1
-16;-8;24;0;1
-16;-8;28;1;1
-16;-8;31;0;1
-16;-8;33;0;1
-16;-8;34;1;1
-16;-8;36;0;1
-16;-8;38;1;1
-16;-8;41;1;1
-16;-8;42;0;1
-16;-8;43;0;1
-16;-8;44;1;1
-16;-8;45;0;1
-16;-7;19;1;1
-16;-7;20;1;1
-16;-7;21;0;1
-16;-7;22;1;1
-16;-7;24;1;1
-16;-7;27;1;1
-16;-7;30;1;1
-16;-7;32;1;1
-16;-7;33;0;1
-16;-7;37;0;1
-16;-7;38;0;1
-16;-7;39;0;1
-16;-7;43;1;1
-16;-7;46;0;1
-16;-6;18;0;1
-16;-6;19;0;1
-16;-6;21;1;1
-16;-6;25;0;1
-16;-6;29;1;1
-16;-6;34;1;1
-16;-6;36;0;1
-16;-6;37;0;1
-16;-6;38;1;1
-16;-6;41;1;1
-16;-6;42;0;1
-16;-6;44;0;1
-16;-5;18;0;1
-16;-5;22;1;1
-16;-5;24;1;1
-16;-5;25;1;1
-16;-5;31;1;1
-16;-5;32;0;1
-16;-5;34;1;1
-16;-5;35;1;1
-16;-5;41;1;1
-16;-5;43;0;1
-16;-5;46;0;1
-16;-4;22;0;1
-16;-4;28;0;1
-16;-4;29;0;1
-16;-4;30;0;1
-16;-4;31;1;1
-16;-4;33;0;1
-16;-4;39;0;1
-16;-4;44;0;1
-16;-3;19;0;1
-16;-3;20;0;1
-16;-3;22;0;1
-16;-3;23;0;1
-16;-3;32;0;1
-16;-3;36;1;1
-16;-3;37;0;1
-16;-3;40;0;1
-16;-3;41;0;1
-16;-3;42;0;1
-16;-3;44;1;1
-16;-2;19;0;1
-16;-2;23;0;1
-16;-2;29;1;1
-16;-2;32;0;1
-16;-2;34;0;1
-16;-2;39;0;1
-16;-1;20;0;1
-16;-1;33;0;1
-16;-1;34;0;1
-16;-1;35;1;1
-16;-1;37;1;1
-16;-1;38;0;1
-16;-1;40;0;1
-16;-1;44;0;1
-16;0;21;1;1
-16;0;23;0;1
-16;0;24;0;1
-16;0;27;0;1
-16;0;28;0;1
-16;0;29;0;1
-16;0;31;1;1
-16;0;33;0;1
-16;0;35;0;1
-16;1;19;0;1
-16;1;22;0;1
-16;1;23;0;1
-16;1;26;1;1
-16;1;27;0;1
-16;1;31;1;1
-16;1;32;1;1
-16;1;33;0;1
-16;1;41;1;1
-16;1;43;1;1
-16;2;19;0;1
-16;2;21;0;1
-16;2;24;0;1
-16;2;25;1;1
-16;2;29;0;1
-16;2;34;0;1
-16;2;36;0;1
-16;2;37;0;1
-16;3;19;0;1
-16;3;22;1;1
-16;3;23;0;1
-16;3;24;0;1
-16;3;25;1;1
-16;3;27;1;1
-16;3;28;0;1
-16;3;29;0;1
-16;3;30;0;1
-16;3;35;1;1
-16;3;36;1;1
-16;3;40;1;1
-16;3;41;0;1
-16;3;42;0;1
-16;4;20;0;1
-16;4;21;1;1
-16;4;27;0;1
-16;4;28;1;1
-16;4;32;0;1
-16;4;33;1;1
-16;4;38;1;1
-16;4;39;0;1
-16;4;41;0;1
-16;4;45;1;1
-16;5;18;1;1
-16;5;22;0;1
-16;5;29;1;1
-16;5;31;0;1
-16;5;34;1;1
-16;5;37;1;1
-16;5;39;1;1
-16;5;41;0;1
-16;5;43;0;1
-16;5;45;0;1
-16;6;19;0;1
-16;6;20;0;1
-16;6;21;0;1
-16;6;22;0;1
-16;6;23;0;1
-16;6;24;1;1
-16;6;25;0;1
-16;6;28;0;1
-16;6;33;0;1
-16;6;35;1;1
-16;6;40;0;1
-16;6;41;1;1
-16;6;44;1;1
-16;6;45;1;1
-16;7;20;0;1
-16;7;21;1;1
-16;7;23;1;1
-16;7;26;0;1
-16;7;32;0;1
-16;7;33;1;1
-16;7;35;0;1
-16;7;37;0;1
-16;7;38;1;1
-16;7;39;1;1
-16;7;40;0;1
-16;8;19;1;1
-16;8;28;0;1
-16;8;29;1;1
-16;8;35;1;1
-16;8;36;0;1
-16;8;38;0;1
-16;8;41;0;1
-16;8;43;0;1
-16;8;46;0;1
-16;8;47;0;1
-16;8;49;0;1
-16;9;18;1;1
-16;9;23;1;1
-16;9;24;0;1
-16;9;28;0;1
-16;9;31;0;1
-16;9;34;0;1
-16;9;35;0;1
-16;9;41;0;1
-16;9;44;0;1
-16;9;45;0;1
-16;9;46;0;1
-16;9;47;0;1
-16;10;17;0;1
-16;10;19;0;1
-16;10;21;1;1
-16;10;22;0;1
-16;10;23;1;1
-16;10;24;0;1
-16;10;26;0;1
-16;10;27;0;1
-16;10;29;0;1
-16;10;32;1;1
-16;10;37;0;1
-16;10;38;0;1
-16;10;39;1;1
-16;10;40;0;1
-16;10;41;0;1
-16;10;44;1;1
-16;10;46;0;1
-16;11;15;0;1
-16;11;16;0;1
-16;11;18;1;1
-16;11;20;0;1
-16;11;23;0;1
-16;11;24;0;1
-16;11;25;0;1
-16;11;26;0;1
-16;11;27;1;1
-16;11;28;1;1
-16;11;30;0;1
-16;11;34;0;1
-16;11;35;0;1
-16;11;39;0;1
-16;11;40;1;1
-16;11;41;1;1
-16;11;42;0;1
-16;11;45;1;1
-16;11;47;1;1
-16;11;50;0;1
-16;11;51;0;1
-16;11;53;0;1
-16;12;23;0;1
-16;12;27;0;1
-16;12;30;1;1
-16;12;32;0;1
-16;12;39;1;1
-16;12;40;0;1
-16;12;41;1;1
-16;12;47;1;1
-16;12;48;0;1
-16;12;50;0;1
-16;13;16;1;1
-16;13;17;0;1
-16;13;20;1;1
-16;13;21;0;1
-16;13;34;1;1
-16;13;37;0;1
-16;13;41;0;1
-16;13;42;1;1
-16;13;43;1;1
-16;13;45;0;1
-16;13;50;0;1
-16;13;51;1;1
-16;13;52;0;1
-16;13;54;1;1
-16;14;13;0;1
-16;14;14;1;1
-16;14;16;0;1
-16;14;20;0;1
-16;14;29;0;1
-16;14;31;0;1
-16;14;32;0;1
-16;14;33;1;1
-16;14;38;0;1
-16;14;39;0;1
-16;14;40;0;1
-16;14;43;0;1
-16;14;45;0;1
-16;14;48;0;1
-16;14;49;0;1
-16;14;50;1;1
-16;14;54;0;1
-16;14;55;1;1
-16;14;56;0;1
-16;15;11;0;1
-16;15;12;0;1
-16;15;17;0;1
-16;15;20;0;1
-16;15;23;1;1
-16;15;25;1;1
-16;15;26;0;1
-16;15;30;1;1
-16;15;31;0;1
-16;15;32;0;1
-16;15;35;0;1
-16;15;39;0;1
-16;15;42;0;1
-16;15;43;1;1
-16;15;44;1;1
-16;15;48;0;1
-16;15;49;1;1
-16;15;51;0;1
-16;15;53;1;1
-16;15;54;0;1
-16;15;56;0;1
-16;16;13;1;1
-16;16;14;0;1
-16;16;16;1;1
-16;16;17;0;1
-16;16;19;0;1
-16;16;27;1;1
-16;16;30;1;1
-16;16;32;0;1
-16;16;33;0;1
-16;16;35;1;1
-16;16;41;0;1
-16;16;43;1;1
-16;16;46;0;1
-16;16;51;0;1
-16;16;52;0;1
-16;16;56;0;1
-16;17;8;0;1
-16;17;9;1;1
-16;17;10;1;1
-16;17;11;1;1
-16;17;16;0;1
-16;17;22;1;1
-16;17;25;0;1
-16;17;28;0;1
-16;17;29;0;1
-16;17;33;0;1
-16;17;35;0;1
-16;17;36;0;1
-16;17;38;0;1
-16;17;39;1;1
-16;17;40;1;1
-16;17;44;0;1
-16;17;45;0;1
-16;17;46;0;1
-16;17;53;0;1
-16;17;54;0;1
-16;17;55;0;1
-16;17;57;0;1
-16;17;60;0;1
-16;17;61;1;1
-16;17;63;0;1
-16;18;8;0;1
-16;18;9;0;1
-16;18;10;0;1
-16;18;11;1;1
-16;18;20;0;1
-16;18;21;1;1
-16;18;22;1;1
-16;18;23;1;1
-16;18;27;0;1
-16;18;28;1;1
-16;18;31;0;1
-16;18;32;1;1
-16;18;34;1;1
-16;18;36;0;1
-16;18;42;0;1
-16;18;48;1;1
-16;18;50;0;1
-16;18;51;0;1
-16;18;52;1;1
-16;18;54;0;1
-16;18;58;1;1
-16;18;60;0;1
-16;18;63;0;1
-16;18;64;0;1
-16;19;7;0;1
-16;19;8;0;1
-16;19;10;0;1
-16;19;12;0;1
-16;19;16;1;1
-16;19;19;0;1
-16;19;21;0;1
-16;19;25;0;1
-16;19;28;0;1
-16;19;29;1;1
-16;19;30;1;1
-16;19;31;1;1
-16;19;33;0;1
-16;19;40;1;1
-16;19;41;0;1
-16;19;43;1;1
-16;19;45;0;1
-16;19;46;0;1
-16;19;51;0;1
-16;19;52;0;1
-16;19;60;1;1
-16;19;64;0;1
-16;19;66;0;1
-16;20;7;1;1
-16;20;10;1;1
-16;20;18;0;1
-16;20;20;0;1
-16;20;22;0;1
-16;20;27;0;1
-16;20;28;0;1
-16;20;29;0;1
-16;20;35;0;1
-16;20;36;0;1
-16;20;38;1;1
-16;20;39;1;1
-16;20;40;0;1
-16;20;43;0;1
-16;20;45;0;1
-16;20;47;0;1
-16;20;48;0;1
-16;20;49;0;1
-16;20;51;1;1
-16;20;54;0;1
-16;20;61;0;1
-16;20;65;1;1
-16;21;8;0;1
-16;21;10;0;1
-16;21;11;1;1
-16;21;12;1;1
-16;21;13;1;1
-16;21;14;1;1
-16;21;21;0;1
-16;21;23;0;1
-16;21;27;1;1
-16;21;29;0;1
-16;21;30;0;1
-16;21;33;0;1
-16;21;37;0;1
-16;21;40;0;1
-16;21;45;1;1
-16;21;46;1;1
-16;21;47;1;1
-16;21;48;0;1
-16;21;51;0;1
-16;21;53;0;1
-16;21;54;1;1
-16;21;60;0;1
-16;21;63;1;1
-16;21;65;0;1
-16;22;8;1;1
-16;22;9;0;1
-16;22;14;0;1
-16;22;15;1;1
-16;22;16;1;1
-16;22;19;1;1
-16;22;25;0;1
-16;22;27;1;1
-16;22;29;1;1
-16;22;31;1;1
-16;22;35;0;1
-16;22;38;0;1
-16;22;39;0;1
-16;22;41;1;1
-16;22;44;0;1
-16;22;45;0;1
-16;22;46;0;1
-16;22;49;0;1
-16;22;53;1;1
-16;22;59;0;1
-16;22;60;0;1
-16;22;62;0;1
-16;22;65;1;1
-16;23;8;0;1
-16;23;10;0;1
-16;23;11;0;1
-16;23;13;0;1
-16;23;17;0;1
-16;23;21;0;1
-16;23;23;1;1
-16;23;27;0;1
-16;23;28;1;1
-16;23;36;0;1
-16;23;37;0;1
-16;23;39;0;1
-16;23;40;1;1
-16;23;41;0;1
-16;23;46;0;1
-16;23;48;0;1
-16;23;52;0;1
-16;23;55;0;1
-16;23;57;0;1
-16;23;59;0;1
-16;23;60;0;1
-16;23;62;0;1
-16;23;65;1;1
-16;24;10;1;1
-16;24;12;0;1
-16;24;13;0;1
-16;24;14;0;1
-16;24;16;0;1
-16;24;17;0;1
-16;24;21;0;1
-16;24;22;1;1
-16;24;23;0;1
-16;24;24;0;1
-16;24;25;0;1
-16;24;27;1;1
-16;24;28;0;1
-16;24;32;1;1
-16;24;36;1;1
-16;24;40;0;1
-16;24;50;1;1
-16;24;52;0;1
-16;24;55;0;1
-16;24;59;1;1
-16;24;60;0;1
-16;24;62;0;1
-16;25;15;0;1
-16;25;20;0;1
-16;25;24;1;1
-16;25;29;1;1
-16;25;31;0;1
-16;25;32;1;1
-16;25;38;1;1
-16;25;42;1;1
-16;25;45;0;1
-16;25;46;1;1
-16;25;50;0;1
-16;25;52;1;1
-16;25;54;0;1
-16;25;55;1;1
-16;25;58;0;1
-16;25;60;0;1
-16;25;64;0;1
-16;26;10;0;1
-16;26;12;0;1
-16;26;15;1;1
-16;26;18;0;1
-16;26;19;1;1
-16;26;24;0;1
-16;26;27;1;1
-16;26;28;0;1
-16;26;29;0;1
-16;26;30;0;1
-16;26;31;0;1
-16;26;32;0;1
-16;26;33;1;1
-16;26;37;0;1
-16;26;38;1;1
-16;26;40;1;1
-16;26;43;0;1
-16;26;48;0;1
-16;26;53;0;1
-16;26;55;0;1
-16;26;56;1;1
-16;26;57;1;1
-16;26;58;1;1
-16;26;62;0;1
-16;26;64;0;1
-16;27;11;0;1
-16;27;12;0;1
-16;27;28;0;1
-16;27;30;1;1
-16;27;33;1;1
-16;27;43;1;1
-16;27;47;0;1
-16;27;49;0;1
-16;27;54;0;1
-16;27;56;0;1
-16;27;60;0;1
-16;27;62;0;1
-15;-25;8;0;1
-15;-25;10;0;1
-15;-25;11;0;1
-15;-25;14;1;1
-15;-25;15;0;1
-15;-25;16;1;1
-15;-25;18;1;1
-15;-25;20;1;1
-15;-25;21;1;1
-15;-25;24;1;1
-15;-25;26;1;1
-15;-25;28;0;1
-15;-25;30;0;1
-15;-25;32;0;1
-15;-25;33;0;1
-15;-25;34;1;1
-15;-25;35;1;1
-15;-25;36;1;1
-15;-25;39;1;1
-15;-25;40;0;1
-15;-25;41;0;1
-15;-25;43;0;1
-15;-25;46;0;1
-15;-25;49;1;1
-15;-25;51;0;1
-15;-25;57;1;1
-15;-24;8;1;1
-15;-24;9;0;1
-15;-24;10;0;1
-15;-24;11;1;1
-15;-24;16;1;1
-15;-24;17;0;1
-15;-24;18;0;1
-15;-24;19;0;1
-15;-24;23;1;1
-15;-24;26;1;1
-15;-24;28;0;1
-15;-24;29;0;1
-15;-24;31;1;1
-15;-24;32;0;1
-15;-24;34;1;1
-15;-24;36;1;1
-15;-24;41;0;1
-15;-24;43;1;1
-15;-24;44;1;1
-15;-24;45;1;1
-15;-24;46;0;1
-15;-24;48;1;1
-15;-24;51;1;1
-15;-24;52;0;1
-15;-24;53;0;1
-15;-24;55;1;1
-15;-24;58;0;1
-15;-24;61;0;1
-15;-24;62;0;1
-15;-24;64;0;1
-15;-23;8;0;1
-15;-23;10;0;1
-15;-23;13;0;1
-15;-23;14;0;1
-15;-23;17;0;1
-15;-23;18;1;1
-15;-23;19;0;1
-15;-23;23;0;1
-15;-23;28;0;1
-15;-23;29;0;1
-15;-23;30;0;1
-15;-23;32;0;1
-15;-23;33;0;1
-15;-23;37;1;1
-15;-23;43;0;1
-15;-23;45;1;1
-15;-23;47;0;1
-15;-23;51;0;1
-15;-23;54;1;1
-15;-23;57;1;1
-15;-23;59;1;1
-15;-23;63;0;1
-15;-23;64;1;1
-15;-22;10;0;1
-15;-22;11;0;1
-15;-22;13;0;1
-15;-22;15;1;1
-15;-22;17;0;1
-15;-22;19;0;1
-15;-22;23;0;1
-15;-22;25;0;1
-15;-22;26;0;1
-15;-22;27;1;1
-15;-22;28;1;1
-15;-22;30;0;1
-15;-22;31;1;1
-15;-22;32;0;1
-15;-22;39;0;1
-15;-22;40;0;1
-15;-22;43;0;1
-15;-22;44;1;1
-15;-22;46;0;1
-15;-22;50;1;1
-15;-22;51;1;1
-15;-22;54;1;1
-15;-22;55;0;1
-15;-22;56;0;1
-15;-22;58;0;1
-15;-22;59;1;1
-15;-22;60;1;1
-15;-22;61;0;1
-15;-22;62;0;1
-15;-22;64;0;1
-15;-22;65;0;1
-15;-21;7;0;1
-15;-21;8;1;1
-15;-21;9;1;1
-15;-21;10;0;1
-15;-21;15;1;1
-15;-21;16;1;1
-15;-21;17;1;1
-15;-21;18;1;1
-15;-21;19;0;1
-15;-21;21;0;1
-15;-21;22;0;1
-15;-21;26;0;1
-15;-21;28;0;1
-15;-21;32;1;1
-15;-21;36;0;1
-15;-21;43;0;1
-15;-21;45;0;1
-15;-21;46;1;1
-15;-21;48;1;1
-15;-21;52;0;1
-15;-21;53;0;1
-15;-21;55;0;1
-15;-21;59;1;1
-15;-21;62;0;1
-15;-21;64;1;1
-15;-20;9;0;1
-15;-20;11;0;1
-15;-20;12;0;1
-15;-20;13;1;1
-15;-20;15;1;1
-15;-20;17;0;1
-15;-20;18;1;1
-15;-20;20;1;1
-15;-20;22;1;1
-15;-20;23;1;1
-15;-20;27;0;1
-15;-20;33;1;1
-15;-20;38;0;1
-15;-20;41;1;1
-15;-20;44;0;1
-15;-20;46;1;1
-15;-20;47;0;1
-15;-20;50;0;1
-15;-20;51;1;1
-15;-20;53;0;1
-15;-20;57;0;1
-15;-20;60;0;1
-15;-20;63;0;1
-15;-20;64;0;1
-15;-20;66;0;1
-15;-19;7;0;1
-15;-19;9;0;1
-15;-19;12;1;1
-15;-19;18;0;1
-15;-19;21;0;1
-15;-19;22;0;1
-15;-19;23;0;1
-15;-19;24;1;1
-15;-19;26;1;1
-15;-19;27;0;1
-15;-19;30;0;1
-15;-19;32;1;1
-15;-19;33;1;1
-15;-19;34;0;1
-15;-19;35;1;1
-15;-19;38;0;1
-15;-19;39;1;1
-15;-19;41;0;1
-15;-19;43;1;1
-15;-19;44;1;1
-15;-19;48;0;1
-15;-19;49;0;1
-15;-19;51;0;1
-15;-19;54;0;1
-15;-19;57;0;1
-15;-19;62;0;1
-15;-19;65;0;1
-15;-18;7;1;1
-15;-18;13;1;1
-15;-18;14;0;1
-15;-18;23;0;1
-15;-18;24;0;1
-15;-18;26;0;1
-15;-18;27;0;1
-15;-18;35;0;1
-15;-18;36;0;1
-15;-18;39;0;1
-15;-18;42;0;1
-15;-18;49;0;1
-15;-18;51;0;1
-15;-18;54;0;1
-15;-18;57;1;1
-15;-18;60;0;1
-15;-18;64;1;1
-15;-17;10;0;1
-15;-17;11;0;1
-15;-17;12;1;1
-15;-17;13;0;1
-15;-17;16;1;1
-15;-17;18;0;1
-15;-17;19;0;1
-15;-17;20;1;1
-15;-17;30;1;1
-15;-17;35;1;1
-15;-17;36;0;1
-15;-17;37;0;1
-15;-17;39;0;1
-15;-17;40;1;1
-15;-17;41;0;1
-15;-17;42;0;1
-15;-17;44;0;1
-15;-17;47;1;1
-15;-17;48;1;1
-15;-17;49;0;1
-15;-17;52;0;1
-15;-17;54;0;1
-15;-17;55;0;1
-15;-17;56;0;1
-15;-17;57;0;1
-15;-17;59;0;1
-15;-17;60;0;1
-15;-16;18;1;1
-15;-16;21;0;1
-15;-16;22;1;1
-15;-16;27;1;1
-15;-16;29;1;1
-15;-16;30;0;1
-15;-16;31;0;1
-15;-16;33;0;1
-15;-16;38;1;1
-15;-16;41;1;1
-15;-16;46;0;1
-15;-16;47;0;1
-15;-16;53;1;1
-15;-16;55;0;1
-15;-16;57;1;1
-15;-16;59;1;1
-15;-16;60;0;1
-15;-15;13;0;1
-15;-15;15;0;1
-15;-15;19;0;1
-15;-15;20;1;1
-15;-15;21;1;1
-15;-15;23;0;1
-15;-15;26;1;1
-15;-15;28;0;1
-15;-15;29;0;1
-15;-15;33;1;1
-15;-15;36;0;1
-15;-15;39;0;1
-15;-15;40;0;1
-15;-15;42;1;1
-15;-15;44;1;1
-15;-15;48;1;1
-15;-15;49;0;1
-15;-15;54;0;1
-15;-15;55;0;1
-15;-14;14;1;1
-15;-14;15;0;1
-15;-14;21;0;1
-15;-14;26;0;1
-15;-14;31;1;1
-15;-14;35;0;1
-15;-14;37;0;1
-15;-14;38;0;1
-15;-14;39;0;1
-15;-14;42;0;1
-15;-14;44;0;1
-15;-14;45;0;1
-15;-14;46;0;1
-15;-14;47;0;1
-15;-14;55;1;1
-15;-13;16;0;1
-15;-13;19;0;1
-15;-13;20;1;1
-15;-13;22;0;1
-15;-13;31;1;1
-15;-13;32;1;1
-15;-13;34;1;1
-15;-13;35;0;1
-15;-13;38;0;1
-15;-13;39;0;1
-15;-13;44;0;1
-15;-13;45;0;1
-15;-13;48;0;1
-15;-13;49;1;1
-15;-13;50;0;1
-15;-13;51;0;1
-15;-12;16;0;1
-15;-12;17;0;1
-15;-12;18;1;1
-15;-12;20;0;1
-15;-12;26;0;1
-15;-12;28;0;1
-15;-12;34;0;1
-15;-12;39;1;1
-15;-12;40;0;1
-15;-12;41;0;1
-15;-12;45;0;1
-15;-12;47;1;1
-15;-12;48;0;1
-15;-12;49;0;1
-15;-12;50;0;1
-15;-11;18;0;1
-15;-11;19;1;1
-15;-11;20;0;1
-15;-11;24;1;1
-15;-11;25;1;1
-15;-11;27;0;1
-15;-11;29;1;1
-15;-11;30;0;1
-15;-11;32;0;1
-15;-11;33;0;1
-15;-11;34;0;1
-15;-11;36;0;1
-15;-11;38;1;1
-15;-11;44;0;1
-15;-11;45;1;1
-15;-11;46;0;1
-15;-11;50;1;1
-15;-10;21;1;1
-15;-10;23;0;1
-15;-10;24;0;1
-15;-10;26;0;1
-15;-10;30;0;1
-15;-10;32;1;1
-15;-10;33;0;1
-15;-10;36;1;1
-15;-10;39;0;1
-15;-10;40;0;1
-15;-10;41;1;1
-15;-10;43;0;1
-15;-10;47;0;1
-15;-10;48;0;1
-15;-9;18;0;1
-15;-9;24;0;1
-15;-9;25;0;1
-15;-9;29;0;1
-15;-9;30;0;1
-15;-9;31;0;1
-15;-9;33;1;1
-15;-9;34;0;1
-15;-9;35;0;1
-15;-9;36;0;1
-15;-9;38;0;1
-15;-9;39;1;1
-15;-9;41;1;1
-15;-9;44;1;1
-15;-9;46;0;1
-15;-8;18;1;1
-15;-8;19;1;1
-15;-8;20;0;1
-15;-8;23;1;1
-15;-8;24;0;1
-15;-8;25;0;1
-15;-8;26;1;1
-15;-8;27;1;1
-15;-8;29;1;1
-15;-8;33;0;1
-15;-8;34;1;1
-15;-8;42;1;1
-15;-8;43;0;1
-15;-8;44;0;1
-15;-8;46;0;1
-15;-7;19;0;1
-15;-7;21;0;1
-15;-7;22;0;1
-15;-7;26;0;1
-15;-7;27;1;1
-15;-7;33;0;1
-15;-7;35;0;1
-15;-7;37;1;1
-15;-7;39;0;1
-15;-7;40;1;1
-15;-7;42;0;1
-15;-6;20;0;1
-15;-6;21;1;1
-15;-6;25;0;1
-15;-6;26;0;1
-15;-6;27;0;1
-15;-6;28;0;1
-15;-6;29;0;1
-15;-6;30;0;1
-15;-6;31;1;1
-15;-6;32;1;1
-15;-6;33;0;1
-15;-6;37;0;1
-15;-6;39;0;1
-15;-6;44;0;1
-15;-5;19;0;1
-15;-5;20;0;1
-15;-5;22;1;1
-15;-5;23;1;1
-15;-5;26;0;1
-15;-5;27;0;1
-15;-5;31;0;1
-15;-5;33;1;1
-15;-5;38;1;1
-15;-5;39;0;1
-15;-5;40;0;1
-15;-5;43;1;1
-15;-4;20;0;1
-15;-4;21;0;1
-15;-4;25;0;1
-15;-4;31;0;1
-15;-4;33;0;1
-15;-4;35;0;1
-15;-4;38;0;1
-15;-4;39;1;1
-15;-4;40;0;1
-15;-4;41;0;1
-15;-3;20;0;1
-15;-3;21;1;1
-15;-3;24;0;1
-15;-3;25;0;1
-15;-3;27;1;1
-15;-3;31;0;1
-15;-3;35;0;1
-15;-3;36;0;1
-15;-3;39;1;1
-15;-3;40;1;1
-15;-2;22;0;1
-15;-2;23;1;1
-15;-2;27;1;1
-15;-2;32;1;1
-15;-2;33;0;1
-15;-2;36;0;1
-15;-2;37;1;1
-15;-1;22;0;1
-15;-1;23;0;1
-15;-1;24;1;1
-15;-1;30;0;1
-15;-1;32;1;1
-15;-1;33;1;1
-15;-1;36;1;1
-15;-1;38;1;1
-15;-1;39;0;1
-15;-1;40;0;1
-15;-1;41;1;1
-15;0;20;0;1
-15;0;24;0;1
-15;0;25;0;1
-15;0;28;1;1
-15;0;30;1;1
-15;0;31;0;1
-15;0;33;0;1
-15;0;37;1;1
-15;0;41;1;1
-15;1;20;0;1
-15;1;22;1;1
-15;1;23;1;1
-15;1;25;1;1
-15;1;27;0;1
-15;1;28;0;1
-15;1;29;0;1
-15;1;30;1;1
-15;1;31;1;1
-15;1;34;0;1
-15;1;35;0;1
-15;1;37;0;1
-15;1;40;0;1
-15;1;41;1;1
-15;2;24;1;1
-15;2;25;0;1
-15;2;26;1;1
-15;2;28;0;1
-15;2;30;1;1
-15;2;33;0;1
-15;2;36;0;1
-15;2;41;0;1
-15;3;20;0;1
-15;3;22;0;1
-15;3;24;0;1
-15;3;25;1;1
-15;3;26;0;1
-15;3;27;0;1
-15;3;30;0;1
-15;3;31;0;1
-15;3;34;0;1
-15;3;35;1;1
-15;3;36;1;1
-15;3;38;0;1
-15;3;40;0;1
-15;3;42;1;1
-15;4;19;0;1
-15;4;21;0;1
-15;4;22;0;1
-15;4;23;0;1
-15;4;26;1;1
-15;4;29;1;1
-15;4;30;0;1
-15;4;31;0;1
-15;4;32;1;1
-15;4;33;1;1
-15;4;34;0;1
-15;4;35;1;1
-15;4;38;0;1
-15;4;42;0;1
-15;5;20;0;1
-15;5;28;0;1
-15;5;30;0;1
-15;5;32;0;1
-15;5;36;1;1
-15;5;40;0;1
-15;5;41;0;1
-15;5;42;1;1
-15;6;20;0;1
-15;6;22;0;1
-15;6;23;0;1
-15;6;28;1;1
-15;6;30;0;1
-15;6;32;1;1
-15;6;40;0;1
-15;6;44;1;1
-15;7;20;0;1
-15;7;23;1;1
-15;7;25;1;1
-15;7;28;0;1
-15;7;29;1;1
-15;7;30;0;1
-15;7;32;0;1
-15;7;33;1;1
-15;7;36;0;1
-15;7;37;1;1
-15;7;38;0;1
-15;7;42;1;1
-15;7;43;0;1
-15;7;44;0;1
-15;8;20;0;1
-15;8;27;1;1
-15;8;29;0;1
-15;8;30;0;1
-15;8;32;0;1
-15;8;33;1;1
-15;8;34;0;1
-15;8;35;1;1
-15;8;40;0;1
-15;8;42;0;1
-15;8;43;0;1
-15;8;46;1;1
-15;9;19;1;1
-15;9;20;0;1
-15;9;23;0;1
-15;9;26;0;1
-15;9;28;1;1
-15;9;29;1;1
-15;9;31;0;1
-15;9;34;1;1
-15;9;35;0;1
-15;9;37;0;1
-15;9;39;0;1
-15;9;41;1;1
-15;9;44;0;1
-15;9;46;1;1
-15;9;47;0;1
-15;10;17;1;1
-15;10;19;0;1
-15;10;20;0;1
-15;10;21;0;1
-15;10;22;1;1
-15;10;23;0;1
-15;10;26;0;1
-15;10;27;0;1
-15;10;29;1;1
-15;10;31;0;1
-15;10;32;1;1
-15;10;33;1;1
-15;10;35;0;1
-15;10;37;0;1
-15;10;38;0;1
-15;10;39;0;1
-15;10;44;0;1
-15;10;45;0;1
-15;10;46;0;1
-15;11;16;0;1
-15;11;17;1;1
-15;11;19;0;1
-15;11;23;0;1
-15;11;25;1;1
-15;11;28;0;1
-15;11;29;0;1
-15;11;30;0;1
-15;11;31;0;1
-15;11;32;0;1
-15;11;33;0;1
-15;11;36;1;1
-15;11;37;0;1
-15;11;38;1;1
-15;11;40;0;1
-15;11;41;1;1
-15;11;44;0;1
-15;11;47;0;1
-15;12;18;1;1
-15;12;21;0;1
-15;12;23;0;1
-15;12;24;1;1
-15;12;25;1;1
-15;12;27;1;1
-15;12;28;0;1
-15;12;29;0;1
-15;12;30;1;1
-15;12;32;0;1
-15;12;33;0;1
-15;12;41;0;1
-15;12;43;0;1
-15;12;44;0;1
-15;12;46;1;1
-15;12;48;1;1
-15;12;49;0;1
-15;12;52;0;1
-15;13;16;0;1
-15;13;18;0;1
-15;13;19;0;1
-15;13;21;0;1
-15;13;26;0;1
-15;13;34;0;1
-15;13;42;0;1
-15;13;43;0;1
-15;13;45;1;1
-15;13;46;0;1
-15;13;47;1;1
-15;13;48;1;1
-15;13;49;0;1
-15;13;50;0;1
-15;13;52;0;1
-15;13;54;1;1
-15;14;15;1;1
-15;14;19;0;1
-15;14;21;1;1
-15;14;30;0;1
-15;14;33;0;1
-15;14;35;0;1
-15;14;36;0;1
-15;14;38;1;1
-15;14;39;1;1
-15;14;42;0;1
-15;14;43;0;1
-15;14;46;0;1
-15;14;49;1;1
-15;14;50;0;1
-15;14;51;0;1
-15;14;54;0;1
-15;15;13;0;1
-15;15;14;0;1
-15;15;16;0;1
-15;15;19;1;1
-15;15;20;1;1
-15;15;23;1;1
-15;15;24;0;1
-15;15;25;1;1
-15;15;26;1;1
-15;15;27;0;1
-15;15;28;1;1
-15;15;30;1;1
-15;15;31;0;1
-15;15;33;0;1
-15;15;36;1;1
-15;15;38;0;1
-15;15;42;0;1
-15;15;44;0;1
-15;15;46;1;1
-15;15;47;1;1
-15;15;54;0;1
-15;15;55;0;1
-15;16;12;0;1
-15;16;14;0;1
-15;16;15;0;1
-15;16;21;0;1
-15;16;23;0;1
-15;16;24;0;1
-15;16;30;0;1
-15;16;32;1;1
-15;16;34;0;1
-15;16;43;0;1
-15;16;44;1;1
-15;16;46;0;1
-15;16;49;0;1
-15;16;50;0;1
-15;16;53;1;1
-15;16;54;1;1
-15;16;57;1;1
-15;16;58;1;1
-15;17;10;0;1
-15;17;12;0;1
-15;17;15;0;1
-15;17;17;1;1
-15;17;19;0;1
-15;17;21;1;1
-15;17;24;0;1
-15;17;25;1;1
-15;17;26;0;1
-15;17;37;1;1
-15;17;41;1;1
-15;17;43;1;1
-15;17;45;0;1
-15;17;48;1;1
-15;17;49;0;1
-15;17;52;1;1
-15;17;53;0;1
-15;17;54;0;1
-15;17;55;0;1
-15;17;56;0;1
-15;17;60;0;1
-15;17;61;1;1
-15;17;62;0;1
-15;18;7;0;1
-15;18;13;0;1
-15;18;15;0;1
-15;18;19;0;1
-15;18;20;1;1
-15;18;21;0;1
-15;18;23;1;1
-15;18;24;0;1
-15;18;25;1;1
-15;18;28;0;1
-15;18;35;1;1
-15;18;36;0;1
-15;18;37;1;1
-15;18;39;0;1
-15;18;43;0;1
-15;18;47;0;1
-15;18;48;1;1
-15;18;49;0;1
-15;18;53;0;1
-15;18;54;0;1
-15;18;55;0;1
-15;18;57;1;1
-15;18;58;0;1
-15;18;60;1;1
-15;19;7;0;1
-15;19;13;1;1
-15;19;16;0;1
-15;19;19;1;1
-15;19;21;0;1
-15;19;23;0;1
-15;19;24;0;1
-15;19;25;0;1
-15;19;26;0;1
-15;19;33;0;1
-15;19;37;1;1
-15;19;39;0;1
-15;19;44;0;1
-15;19;45;1;1
-15;19;46;1;1
-15;19;48;0;1
-15;19;49;0;1
-15;19;54;0;1
-15;19;55;0;1
-15;19;59;0;1
-15;19;60;1;1
-15;19;63;0;1
-15;19;64;0;1
-15;19;65;0;1
-15;19;66;1;1
-15;20;10;1;1
-15;20;12;0;1
-15;20;18;0;1
-15;20;19;0;1
-15;20;25;1;1
-15;20;27;0;1
-15;20;28;1;1
-15;20;29;0;1
-15;20;31;0;1
-15;20;34;1;1
-15;20;37;1;1
-15;20;39;0;1
-15;20;41;0;1
-15;20;42;1;1
-15;20;43;1;1
-15;20;46;0;1
-15;20;49;0;1
-15;20;51;0;1
-15;20;53;0;1
-15;20;55;0;1
-15;20;56;1;1
-15;20;60;0;1
-15;20;64;1;1
-15;20;65;0;1
-15;20;66;1;1
-15;21;9;1;1
-15;21;11;0;1
-15;21;12;0;1
-15;21;13;1;1
-15;21;19;0;1
-15;21;21;1;1
-15;21;22;1;1
-15;21;24;0;1
-15;21;28;1;1
-15;21;29;1;1
-15;21;30;0;1
-15;21;31;0;1
-15;21;33;1;1
-15;21;35;0;1
-15;21;42;0;1
-15;21;45;0;1
-15;21;54;0;1
-15;21;56;0;1
-15;21;60;0;1
-15;21;62;1;1
-15;21;63;1;1
-15;21;64;0;1
-15;21;65;0;1
-15;21;66;0;1
-15;22;10;0;1
-15;22;13;1;1
-15;22;15;0;1
-15;22;17;0;1
-15;22;21;0;1
-15;22;23;0;1
-15;22;24;1;1
-15;22;25;0;1
-15;22;26;0;1
-15;22;27;0;1
-15;22;28;1;1
-15;22;35;0;1
-15;22;37;0;1
-15;22;39;0;1
-15;22;40;0;1
-15;22;41;0;1
-15;22;42;0;1
-15;22;43;0;1
-15;22;44;0;1
-15;22;45;1;1
-15;22;52;0;1
-15;22;54;0;1
-15;22;58;0;1
-15;22;61;0;1
-15;22;62;0;1
-15;22;63;0;1
-15;23;9;1;1
-15;23;11;0;1
-15;23;12;0;1
-15;23;13;0;1
-15;23;21;0;1
-15;23;24;1;1
-15;23;27;0;1
-15;23;30;0;1
-15;23;33;0;1
-15;23;36;1;1
-15;23;38;1;1
-15;23;40;0;1
-15;23;41;0;1
-15;23;43;0;1
-15;23;44;1;1
-15;23;45;0;1
-15;23;48;1;1
-15;23;50;1;1
-15;23;53;1;1
-15;23;58;0;1
-15;23;61;0;1
-15;23;63;0;1
-15;23;65;1;1
-15;24;10;1;1
-15;24;11;1;1
-15;24;12;0;1
-15;24;13;0;1
-15;24;15;1;1
-15;24;21;0;1
-15;24;23;1;1
-15;24;26;0;1
-15;24;29;0;1
-15;24;30;0;1
-15;24;31;0;1
-15;24;35;1;1
-15;24;37;0;1
-15;24;40;0;1
-15;24;42;0;1
-15;24;44;0;1
-15;24;47;0;1
-15;24;48;0;1
-15;24;57;0;1
-15;24;58;1;1
-15;24;60;0;1
-15;24;61;1;1
-15;25;10;1;1
-15;25;16;1;1
-15;25;22;0;1
-15;25;27;1;1
-15;25;35;0;1
-15;25;36;0;1
-15;25;43;0;1
-15;25;48;1;1
-15;25;57;0;1
-15;25;58;0;1
-15;25;59;1;1
-15;25;60;0;1
-15;25;61;0;1
-15;25;63;0;1
-14;-24;9;0;1
-14;-24;13;0;1
-14;-24;14;0;1
-14;-24;18;0;1
-14;-24;23;0;1
-14;-24;24;1;1
-14;-24;26;1;1
-14;-24;27;0;1
-14;-24;29;0;1
-14;-24;30;0;1
-14;-24;32;1;1
-14;-24;33;0;1
-14;-24;35;1;1
-14;-24;37;0;1
-14;-24;38;0;1
-14;-24;42;0;1
-14;-24;43;0;1
-14;-24;48;0;1
-14;-24;49;0;1
-14;-24;50;0;1
-14;-24;51;0;1
-14;-24;52;0;1
-14;-24;53;0;1
-14;-24;54;0;1
-14;-24;56;0;1
-14;-24;59;0;1
-14;-24;61;0;1
-14;-24;62;0;1
-14;-24;64;1;1
-14;-23;9;0;1
-14;-23;21;1;1
-14;-23;25;0;1
-14;-23;26;1;1
-14;-23;28;0;1
-14;-23;31;0;1
-14;-23;32;1;1
-14;-23;39;1;1
-14;-23;41;1;1
-14;-23;45;0;1
-14;-23;48;0;1
-14;-23;49;0;1
-14;-23;50;0;1
-14;-23;52;0;1
-14;-23;53;0;1
-14;-23;55;1;1
-14;-23;57;0;1
-14;-23;61;0;1
-14;-23;62;0;1
-14;-23;64;0;1
-14;-23;65;1;1
-14;-22;7;0;1
-14;-22;13;1;1
-14;-22;16;0;1
-14;-22;17;1;1
-14;-22;18;0;1
-14;-22;22;0;1
-14;-22;23;1;1
-14;-22;28;1;1
-14;-22;32;0;1
-14;-22;33;0;1
-14;-22;34;1;1
-14;-22;37;1;1
-14;-22;39;0;1
-14;-22;40;0;1
-14;-22;41;1;1
-14;-22;43;1;1
-14;-22;49;1;1
-14;-22;50;0;1
-14;-22;52;1;1
-14;-22;56;0;1
-14;-22;58;0;1
-14;-22;59;1;1
-14;-21;10;1;1
-14;-21;13;0;1
-14;-21;14;0;1
-14;-21;15;0;1
-14;-21;17;1;1
-14;-21;19;0;1
-14;-21;20;0;1
-14;-21;23;1;1
-14;-21;28;1;1
-14;-21;37;0;1
-14;-21;40;0;1
-14;-21;41;0;1
-14;-21;47;1;1
-14;-21;50;0;1
-14;-21;58;0;1
-14;-21;60;0;1
-14;-21;62;1;1
-14;-20;7;0;1
-14;-20;9;0;1
-14;-20;15;0;1
-14;-20;16;0;1
-14;-20;19;1;1
-14;-20;20;0;1
-14;-20;22;1;1
-14;-20;24;0;1
-14;-20;29;0;1
-14;-20;31;1;1
-14;-20;33;1;1
-14;-20;34;0;1
-14;-20;38;0;1
-14;-20;42;1;1
-14;-20;48;0;1
-14;-20;52;0;1
-14;-20;53;1;1
-14;-20;54;1;1
-14;-20;55;0;1
-14;-20;62;0;1
-14;-19;11;1;1
-14;-19;13;0;1
-14;-19;14;0;1
-14;-19;16;0;1
-14;-19;17;1;1
-14;-19;18;0;1
-14;-19;19;0;1
-14;-19;20;0;1
-14;-19;21;0;1
-14;-19;24;0;1
-14;-19;25;0;1
-14;-19;27;0;1
-14;-19;29;0;1
-14;-19;33;1;1
-14;-19;34;0;1
-14;-19;35;0;1
-14;-19;36;0;1
-14;-19;38;1;1
-14;-19;39;0;1
-14;-19;41;1;1
-14;-19;44;0;1
-14;-19;46;0;1
-14;-19;47;0;1
-14;-19;48;0;1
-14;-19;49;1;1
-14;-19;55;1;1
-14;-19;60;0;1
-14;-19;63;0;1
-14;-18;9;0;1
-14;-18;10;0;1
-14;-18;11;0;1
-14;-18;15;0;1
-14;-18;18;0;1
-14;-18;19;0;1
-14;-18;20;1;1
-14;-18;22;0;1
-14;-18;24;0;1
-14;-18;27;0;1
-14;-18;28;0;1
-14;-18;29;0;1
-14;-18;31;0;1
-14;-18;32;1;1
-14;-18;33;0;1
-14;-18;42;1;1
-14;-18;45;1;1
-14;-18;46;0;1
-14;-18;51;0;1
-14;-18;52;1;1
-14;-18;61;0;1
-14;-17;12;0;1
-14;-17;13;0;1
-14;-17;14;0;1
-14;-17;15;0;1
-14;-17;17;0;1
-14;-17;24;1;1
-14;-17;26;0;1
-14;-17;27;0;1
-14;-17;28;1;1
-14;-17;31;1;1
-14;-17;32;1;1
-14;-17;34;0;1
-14;-17;36;0;1
-14;-17;43;0;1
-14;-17;49;1;1
-14;-17;50;0;1
-14;-17;53;0;1
-14;-17;56;0;1
-14;-17;57;0;1
-14;-17;59;0;1
-14;-17;60;0;1
-14;-16;14;0;1
-14;-16;15;1;1
-14;-16;16;0;1
-14;-16;17;1;1
-14;-16;19;0;1
-14;-16;25;0;1
-14;-16;29;0;1
-14;-16;32;0;1
-14;-16;33;1;1
-14;-16;34;0;1
-14;-16;35;1;1
-14;-16;36;1;1
-14;-16;40;0;1
-14;-16;41;0;1
-14;-16;42;1;1
-14;-16;49;1;1
-14;-16;52;1;1
-14;-16;54;1;1
-14;-16;55;1;1
-14;-16;56;1;1
-14;-16;57;0;1
-14;-16;58;1;1
-14;-15;16;1;1
-14;-15;19;0;1
-14;-15;21;1;1
-14;-15;22;0;1
-14;-15;23;0;1
-14;-15;24;0;1
-14;-15;26;1;1
-14;-15;30;1;1
-14;-15;32;0;1
-14;-15;35;1;1
-14;-15;38;0;1
-14;-15;42;1;1
-14;-15;45;0;1
-14;-15;55;1;1
-14;-14;16;0;1
-14;-14;18;1;1
-14;-14;19;0;1
-14;-14;22;0;1
-14;-14;25;1;1
-14;-14;27;0;1
-14;-14;28;0;1
-14;-14;29;1;1
-14;-14;31;1;1
-14;-14;32;0;1
-14;-14;37;0;1
-14;-14;38;0;1
-14;-14;42;1;1
-14;-14;44;1;1
-14;-14;46;0;1
-14;-14;51;1;1
-14;-13;18;1;1
-14;-13;23;1;1
-14;-13;24;0;1
-14;-13;30;0;1
-14;-13;31;0;1
-14;-13;32;0;1
-14;-13;38;0;1
-14;-13;40;1;1
-14;-13;42;1;1
-14;-13;44;1;1
-14;-13;45;0;1
-14;-13;47;0;1
-14;-13;48;1;1
-14;-13;50;1;1
-14;-13;51;1;1
-14;-12;19;1;1
-14;-12;20;0;1
-14;-12;21;1;1
-14;-12;26;0;1
-14;-12;28;0;1
-14;-12;31;0;1
-14;-12;37;0;1
-14;-12;40;0;1
-14;-12;41;0;1
-14;-12;46;0;1
-14;-12;48;1;1
-14;-12;50;0;1
-14;-11;18;0;1
-14;-11;21;0;1
-14;-11;22;0;1
-14;-11;25;0;1
-14;-11;26;0;1
-14;-11;27;1;1
-14;-11;31;0;1
-14;-11;33;0;1
-14;-11;47;0;1
-14;-11;48;0;1
-14;-10;21;0;1
-14;-10;25;1;1
-14;-10;27;0;1
-14;-10;30;0;1
-14;-10;33;0;1
-14;-10;34;0;1
-14;-10;37;0;1
-14;-10;38;0;1
-14;-10;41;0;1
-14;-10;42;1;1
-14;-10;44;0;1
-14;-10;46;0;1
-14;-9;18;1;1
-14;-9;19;1;1
-14;-9;22;0;1
-14;-9;25;1;1
-14;-9;30;0;1
-14;-9;31;0;1
-14;-9;32;0;1
-14;-9;35;0;1
-14;-9;36;1;1
-14;-9;37;1;1
-14;-9;38;1;1
-14;-9;39;0;1
-14;-9;45;0;1
-14;-8;20;0;1
-14;-8;30;1;1
-14;-8;32;0;1
-14;-8;36;1;1
-14;-8;39;1;1
-14;-8;42;1;1
-14;-8;43;1;1
-14;-8;44;0;1
-14;-7;22;0;1
-14;-7;26;0;1
-14;-7;27;0;1
-14;-7;29;1;1
-14;-7;30;0;1
-14;-7;33;0;1
-14;-7;38;1;1
-14;-7;39;0;1
-14;-7;42;0;1
-14;-7;43;0;1
-14;-6;20;0;1
-14;-6;21;0;1
-14;-6;28;0;1
-14;-6;31;0;1
-14;-6;33;1;1
-14;-6;34;1;1
-14;-6;35;0;1
-14;-6;40;0;1
-14;-5;20;1;1
-14;-5;23;0;1
-14;-5;24;0;1
-14;-5;29;0;1
-14;-5;30;0;1
-14;-5;31;0;1
-14;-5;33;1;1
-14;-5;36;1;1
-14;-5;39;0;1
-14;-5;40;1;1
-14;-4;21;1;1
-14;-4;29;1;1
-14;-4;37;1;1
-14;-4;40;0;1
-14;-3;22;1;1
-14;-3;24;0;1
-14;-3;28;0;1
-14;-3;30;1;1
-14;-3;35;1;1
-14;-3;36;1;1
-14;-3;38;0;1
-14;-2;21;1;1
-14;-2;23;0;1
-14;-2;26;1;1
-14;-2;27;1;1
-14;-2;28;0;1
-14;-2;29;0;1
-14;-2;30;0;1
-14;-2;31;1;1
-14;-2;33;1;1
-14;-2;38;1;1
-14;-1;25;0;1
-14;-1;28;0;1
-14;-1;30;0;1
-14;-1;31;0;1
-14;-1;33;0;1
-14;-1;34;1;1
-14;-1;35;0;1
-14;-1;36;1;1
-14;0;22;1;1
-14;0;23;1;1
-14;0;27;0;1
-14;0;29;0;1
-14;0;32;1;1
-14;0;34;0;1
-14;0;35;0;1
-14;0;36;0;1
-14;0;37;0;1
-14;1;26;1;1
-14;1;29;0;1
-14;1;31;0;1
-14;1;32;0;1
-14;1;33;0;1
-14;1;38;0;1
-14;2;21;1;1
-14;2;23;1;1
-14;2;27;0;1
-14;2;29;0;1
-14;2;30;0;1
-14;2;32;0;1
-14;2;34;1;1
-14;2;35;1;1
-14;2;36;1;1
-14;2;37;0;1
-14;3;24;0;1
-14;3;27;0;1
-14;3;29;1;1
-14;3;30;0;1
-14;3;32;1;1
-14;3;35;1;1
-14;3;37;0;1
-14;3;38;0;1
-14;4;24;1;1
-14;4;25;0;1
-14;4;27;1;1
-14;4;32;1;1
-14;4;35;0;1
-14;4;36;1;1
-14;4;40;1;1
-14;5;20;0;1
-14;5;26;1;1
-14;5;27;0;1
-14;5;32;0;1
-14;5;33;1;1
-14;5;35;0;1
-14;6;20;0;1
-14;6;22;0;1
-14;6;24;1;1
-14;6;26;0;1
-14;6;31;0;1
-14;6;34;1;1
-14;6;35;0;1
-14;6;37;1;1
-14;6;40;1;1
-14;6;41;0;1
-14;7;19;0;1
-14;7;22;0;1
-14;7;23;0;1
-14;7;25;0;1
-14;7;26;1;1
-14;7;28;0;1
-14;7;35;1;1
-14;7;37;0;1
-14;7;39;0;1
-14;7;42;1;1
-14;8;20;0;1
-14;8;21;0;1
-14;8;22;0;1
-14;8;24;1;1
-14;8;26;0;1
-14;8;30;0;1
-14;8;32;1;1
-14;8;33;1;1
-14;8;34;1;1
-14;8;35;1;1
-14;8;37;0;1
-14;8;38;0;1
-14;8;40;0;1
-14;8;42;1;1
-14;9;18;0;1
-14;9;23;1;1
-14;9;25;0;1
-14;9;28;1;1
-14;9;35;1;1
-14;9;44;1;1
-14;10;18;0;1
-14;10;19;1;1
-14;10;20;1;1
-14;10;22;1;1
-14;10;24;0;1
-14;10;25;1;1
-14;10;26;0;1
-14;10;27;1;1
-14;10;28;1;1
-14;10;34;1;1
-14;10;35;0;1
-14;10;37;1;1
-14;10;38;1;1
-14;10;43;1;1
-14;10;46;1;1
-14;10;47;1;1
-14;11;17;1;1
-14;11;23;0;1
-14;11;26;0;1
-14;11;27;0;1
-14;11;28;1;1
-14;11;42;1;1
-14;11;45;0;1
-14;11;46;0;1
-14;12;18;1;1
-14;12;20;0;1
-14;12;21;1;1
-14;12;24;1;1
-14;12;27;0;1
-14;12;29;0;1
-14;12;30;0;1
-14;12;34;1;1
-14;12;35;1;1
-14;12;36;0;1
-14;12;41;0;1
-14;12;44;1;1
-14;12;45;1;1
-14;12;46;0;1
-14;12;47;1;1
-14;12;49;0;1
-14;12;50;0;1
-14;13;17;1;1
-14;13;19;1;1
-14;13;21;0;1
-14;13;25;1;1
-14;13;26;1;1
-14;13;28;0;1
-14;13;29;0;1
-14;13;33;0;1
-14;13;35;0;1
-14;13;36;1;1
-14;13;37;1;1
-14;13;41;0;1
-14;13;48;0;1
-14;13;52;1;1
-14;14;16;1;1
-14;14;18;1;1
-14;14;19;0;1
-14;14;22;0;1
-14;14;24;0;1
-14;14;25;1;1
-14;14;27;0;1
-14;14;32;0;1
-14;14;35;0;1
-14;14;38;0;1
-14;14;40;0;1
-14;14;42;0;1
-14;14;43;0;1
-14;14;45;1;1
-14;14;48;0;1
-14;14;49;0;1
-14;14;50;0;1
-14;14;52;0;1
-14;14;54;0;1
-14;15;15;1;1
-14;15;16;1;1
-14;15;18;0;1
-14;15;20;0;1
-14;15;21;1;1
-14;15;22;0;1
-14;15;23;0;1
-14;15;24;0;1
-14;15;26;0;1
-14;15;27;0;1
-14;15;29;1;1
-14;15;31;0;1
-14;15;32;0;1
-14;15;36;0;1
-14;15;37;0;1
-14;15;38;0;1
-14;15;40;1;1
-14;15;41;1;1
-14;15;42;0;1
-14;15;45;0;1
-14;15;46;1;1
-14;15;47;1;1
-14;15;48;1;1
-14;15;49;0;1
-14;15;52;1;1
-14;15;55;0;1
-14;16;18;0;1
-14;16;21;1;1
-14;16;22;0;1
-14;16;23;1;1
-14;16;24;1;1
-14;16;27;1;1
-14;16;30;1;1
-14;16;35;0;1
-14;16;43;0;1
-14;16;46;0;1
-14;16;48;1;1
-14;16;53;0;1
-14;16;55;0;1
-14;16;57;0;1
-14;16;58;0;1
-14;17;15;0;1
-14;17;17;0;1
-14;17;18;1;1
-14;17;20;1;1
-14;17;21;1;1
-14;17;24;0;1
-14;17;25;0;1
-14;17;28;0;1
-14;17;29;1;1
-14;17;30;1;1
-14;17;32;1;1
-14;17;35;1;1
-14;17;37;1;1
-14;17;39;1;1
-14;17;40;0;1
-14;17;41;0;1
-14;17;42;0;1
-14;17;49;1;1
-14;17;50;0;1
-14;17;55;1;1
-14;17;56;1;1
-14;18;9;1;1
-14;18;10;0;1
-14;18;13;0;1
-14;18;17;1;1
-14;18;18;0;1
-14;18;20;0;1
-14;18;21;0;1
-14;18;22;0;1
-14;18;24;1;1
-14;18;25;1;1
-14;18;26;0;1
-14;18;27;1;1
-14;18;28;0;1
-14;18;32;1;1
-14;18;34;1;1
-14;18;36;1;1
-14;18;37;0;1
-14;18;38;1;1
-14;18;39;0;1
-14;18;41;1;1
-14;18;48;0;1
-14;18;50;1;1
-14;18;52;0;1
-14;18;53;0;1
-14;18;55;1;1
-14;18;57;0;1
-14;18;59;0;1
-14;18;60;0;1
-14;18;62;1;1
-14;19;9;0;1
-14;19;12;0;1
-14;19;13;1;1
-14;19;19;0;1
-14;19;22;1;1
-14;19;29;0;1
-14;19;30;0;1
-14;19;33;0;1
-14;19;34;0;1
-14;19;39;0;1
-14;19;41;1;1
-14;19;42;0;1
-14;19;44;0;1
-14;19;45;1;1
-14;19;46;1;1
-14;19;47;1;1
-14;19;48;1;1
-14;19;53;0;1
-14;19;56;0;1
-14;19;58;0;1
-14;19;59;0;1
-14;19;62;0;1
-14;20;8;0;1
-14;20;9;0;1
-14;20;11;0;1
-14;20;17;0;1
-14;20;22;0;1
-14;20;25;0;1
-14;20;26;1;1
-14;20;27;0;1
-14;20;29;0;1
-14;20;31;0;1
-14;20;36;1;1
-14;20;45;1;1
-14;20;49;1;1
-14;20;51;0;1
-14;20;53;0;1
-14;20;54;0;1
-14;20;55;0;1
-14;20;56;0;1
-14;20;61;0;1
-14;20;63;0;1
-14;20;64;0;1
-14;20;65;0;1
-14;20;66;1;1
-14;21;7;0;1
-14;21;8;0;1
-14;21;11;1;1
-14;21;14;0;1
-14;21;18;0;1
-14;21;19;0;1
-14;21;23;0;1
-14;21;26;0;1
-14;21;29;1;1
-14;21;30;0;1
-14;21;31;1;1
-14;21;32;1;1
-14;21;33;0;1
-14;21;34;0;1
-14;21;37;0;1
-14;21;38;0;1
-14;21;42;1;1
-14;21;43;0;1
-14;21;47;0;1
-14;21;49;1;1
-14;21;53;0;1
-14;21;54;1;1
-14;21;59;0;1
-14;21;60;1;1
-14;21;63;1;1
-14;21;66;0;1
-14;22;7;0;1
-14;22;8;0;1
-14;22;12;0;1
-14;22;17;1;1
-14;22;20;0;1
-14;22;23;1;1
-14;22;25;1;1
-14;22;28;0;1
-14;22;29;0;1
-14;22;33;1;1
-14;22;35;1;1
-14;22;36;1;1
-14;22;41;1;1
-14;22;43;0;1
-14;22;44;1;1
-14;22;45;1;1
-14;22;46;0;1
-14;22;48;1;1
-14;22;52;1;1
-14;22;55;0;1
-14;22;58;1;1
-14;22;64;0;1
-14;22;65;0;1
-14;22;66;0;1
-14;23;8;0;1
-14;23;10;0;1
-14;23;12;0;1
-14;23;13;0;1
-14;23;15;0;1
-14;23;16;1;1
-14;23;18;0;1
-14;23;19;1;1
-14;23;20;1;1
-14;23;24;1;1
-14;23;28;0;1
-14;23;30;1;1
-14;23;32;1;1
-14;23;33;0;1
-14;23;34;0;1
-14;23;36;0;1
-14;23;39;0;1
-14;23;42;0;1
-14;23;44;0;1
-14;23;47;1;1
-14;23;48;0;1
-14;23;50;1;1
-14;23;51;0;1
-14;23;52;1;1
-14;23;53;0;1
-14;23;55;0;1
-14;23;56;1;1
-14;23;63;1;1
-14;23;64;1;1
-14;24;8;0;1
-14;24;10;0;1
-14;24;11;0;1
-14;24;14;1;1
-14;24;18;0;1
-14;24;19;0;1
-14;24;20;0;1
-14;24;22;0;1
-14;24;24;0;1
-14;24;27;0;1
-14;24;30;0;1
-14;24;32;0;1
-14;24;36;0;1
-14;24;40;0;1
-14;24;44;0;1
-14;24;48;0;1
-14;24;56;0;1
-14;24;57;0;1
-14;24;59;0;1
-14;24;61;0;1
-14;24;62;0;1
-14;24;64;1;1
-13;-22;10;0;1
-13;-22;12;0;1
-13;-22;17;0;1
-13;-22;18;0;1
-13;-22;20;0;1
-13;-22;24;1;1
-13;-22;28;1;1
-13;-22;35;1;1
-13;-22;36;1;1
-13;-22;39;0;1
-13;-22;45;0;1
-13;-22;46;0;1
-13;-22;47;1;1
-13;-22;50;0;1
-13;-22;51;0;1
-13;-22;52;1;1
-13;-22;53;0;1
-13;-22;57;0;1
-13;-22;58;0;1
-13;-22;60;0;1
-13;-22;63;0;1
-13;-22;66;0;1
-13;-21;7;1;1
-13;-21;10;0;1
-13;-21;12;0;1
-13;-21;14;0;1
-13;-21;16;0;1
-13;-21;17;1;1
-13;-21;19;0;1
-13;-21;20;0;1
-13;-21;21;0;1
-13;-21;26;1;1
-13;-21;32;0;1
-13;-21;33;0;1
-13;-21;36;1;1
-13;-21;37;0;1
-13;-21;38;0;1
-13;-21;41;1;1
-13;-21;43;0;1
-13;-21;49;1;1
-13;-21;53;1;1
-13;-21;57;0;1
-13;-21;59;0;1
-13;-21;62;0;1
-13;-21;64;0;1
-13;-21;66;0;1
-13;-20;10;0;1
-13;-20;13;1;1
-13;-20;14;1;1
-13;-20;19;1;1
-13;-20;20;0;1
-13;-20;22;1;1
-13;-20;24;0;1
-13;-20;29;0;1
-13;-20;32;1;1
-13;-20;33;1;1
-13;-20;34;0;1
-13;-20;36;0;1
-13;-20;37;1;1
-13;-20;45;0;1
-13;-20;47;1;1
-13;-20;52;1;1
-13;-20;57;1;1
-13;-20;58;0;1
-13;-20;63;0;1
-13;-20;65;0;1
-13;-19;13;0;1
-13;-19;14;0;1
-13;-19;15;1;1
-13;-19;16;0;1
-13;-19;17;1;1
-13;-19;19;0;1
-13;-19;20;0;1
-13;-19;22;0;1
-13;-19;24;0;1
-13;-19;30;0;1
-13;-19;31;0;1
-13;-19;32;0;1
-13;-19;37;0;1
-13;-19;38;1;1
-13;-19;41;0;1
-13;-19;43;0;1
-13;-19;46;1;1
-13;-19;47;0;1
-13;-19;50;0;1
-13;-19;51;1;1
-13;-19;55;0;1
-13;-19;58;0;1
-13;-19;61;0;1
-13;-18;12;0;1
-13;-18;18;0;1
-13;-18;21;0;1
-13;-18;22;0;1
-13;-18;26;0;1
-13;-18;30;0;1
-13;-18;33;0;1
-13;-18;36;0;1
-13;-18;38;0;1
-13;-18;39;1;1
-13;-18;40;0;1
-13;-18;45;0;1
-13;-18;48;0;1
-13;-18;49;0;1
-13;-18;51;0;1
-13;-18;52;1;1
-13;-18;53;1;1
-13;-18;60;1;1
-13;-18;61;0;1
-13;-17;15;1;1
-13;-17;16;1;1
-13;-17;17;0;1
-13;-17;18;1;1
-13;-17;19;0;1
-13;-17;21;0;1
-13;-17;30;1;1
-13;-17;31;1;1
-13;-17;33;0;1
-13;-17;44;0;1
-13;-17;49;0;1
-13;-17;51;0;1
-13;-17;57;0;1
-13;-17;58;1;1
-13;-16;16;1;1
-13;-16;17;0;1
-13;-16;18;0;1
-13;-16;19;1;1
-13;-16;22;1;1
-13;-16;25;0;1
-13;-16;30;1;1
-13;-16;31;0;1
-13;-16;38;0;1
-13;-16;40;1;1
-13;-16;41;1;1
-13;-16;45;1;1
-13;-16;46;0;1
-13;-16;47;0;1
-13;-16;48;0;1
-13;-16;50;0;1
-13;-16;51;0;1
-13;-16;53;1;1
-13;-16;54;1;1
-13;-16;55;0;1
-13;-15;15;1;1
-13;-15;16;0;1
-13;-15;18;0;1
-13;-15;20;0;1
-13;-15;24;0;1
-13;-15;29;0;1
-13;-15;31;0;1
-13;-15;36;0;1
-13;-15;39;0;1
-13;-15;41;1;1
-13;-15;44;0;1
-13;-15;46;0;1
-13;-14;17;0;1
-13;-14;23;0;1
-13;-14;25;0;1
-13;-14;27;0;1
-13;-14;32;0;1
-13;-14;36;0;1
-13;-14;39;0;1
-13;-14;44;0;1
-13;-14;45;0;1
-13;-14;46;0;1
-13;-14;50;0;1
-13;-14;52;1;1
-13;-13;17;0;1
-13;-13;18;1;1
-13;-13;19;1;1
-13;-13;20;1;1
-13;-13;26;0;1
-13;-13;29;0;1
-13;-13;33;1;1
-13;-13;34;0;1
-13;-13;35;1;1
-13;-13;36;0;1
-13;-13;38;1;1
-13;-13;42;1;1
-13;-12;17;0;1
-13;-12;19;0;1
-13;-12;21;0;1
-13;-12;23;1;1
-13;-12;24;0;1
-13;-12;28;0;1
-13;-12;29;1;1
-13;-12;32;0;1
-13;-12;38;0;1
-13;-12;43;0;1
-13;-11;18;0;1
-13;-11;24;0;1
-13;-11;27;0;1
-13;-11;28;1;1
-13;-11;29;0;1
-13;-11;33;0;1
-13;-11;36;1;1
-13;-11;37;1;1
-13;-11;38;0;1
-13;-11;42;1;1
-13;-10;24;0;1
-13;-10;25;1;1
-13;-10;29;1;1
-13;-10;32;0;1
-13;-10;33;0;1
-13;-10;35;0;1
-13;-10;36;0;1
-13;-10;37;1;1
-13;-10;39;0;1
-13;-10;42;0;1
-13;-10;44;0;1
-13;-9;25;0;1
-13;-9;30;0;1
-13;-9;31;1;1
-13;-9;34;1;1
-13;-9;36;0;1
-13;-9;37;0;1
-13;-9;38;0;1
-13;-9;43;0;1
-13;-8;21;1;1
-13;-8;23;1;1
-13;-8;24;1;1
-13;-8;27;0;1
-13;-8;28;0;1
-13;-8;32;0;1
-13;-8;33;0;1
-13;-8;34;1;1
-13;-8;40;0;1
-13;-7;20;0;1
-13;-7;21;1;1
-13;-7;22;1;1
-13;-7;23;0;1
-13;-7;27;1;1
-13;-7;28;0;1
-13;-7;29;0;1
-13;-7;30;0;1
-13;-7;33;1;1
-13;-7;34;0;1
-13;-7;35;0;1
-13;-7;36;1;1
-13;-7;40;1;1
-13;-6;21;0;1
-13;-6;22;1;1
-13;-6;23;0;1
-13;-6;24;1;1
-13;-6;25;0;1
-13;-6;26;0;1
-13;-6;29;0;1
-13;-6;34;1;1
-13;-6;37;0;1
-13;-6;39;1;1
-13;-5;24;1;1
-13;-5;25;0;1
-13;-5;28;0;1
-13;-5;29;0;1
-13;-5;31;1;1
-13;-5;32;1;1
-13;-5;34;0;1
-13;-5;35;1;1
-13;-5;38;0;1
-13;-4;22;0;1
-13;-4;27;1;1
-13;-4;32;1;1
-13;-4;33;0;1
-13;-4;37;0;1
-13;-3;22;0;1
-13;-3;27;1;1
-13;-3;28;0;1
-13;-3;32;1;1
-13;-3;33;1;1
-13;-3;36;1;1
-13;-2;21;1;1
-13;-2;22;1;1
-13;-2;23;0;1
-13;-2;24;0;1
-13;-2;31;0;1
-13;-2;35;0;1
-13;-2;36;0;1
-13;-1;27;0;1
-13;-1;32;0;1
-13;-1;33;1;1
-13;0;22;1;1
-13;0;24;0;1
-13;0;25;1;1
-13;0;26;0;1
-13;0;27;0;1
-13;0;28;1;1
-13;0;30;0;1
-13;0;32;0;1
-13;0;35;0;1
-13;1;22;0;1
-13;1;23;0;1
-13;1;24;0;1
-13;1;25;0;1
-13;1;26;1;1
-13;1;31;0;1
-13;1;32;1;1
-13;1;34;1;1
-13;2;21;1;1
-13;2;22;0;1
-13;2;31;1;1
-13;2;33;0;1
-13;2;34;0;1
-13;2;35;1;1
-13;3;22;0;1
-13;3;24;0;1
-13;3;26;0;1
-13;3;30;1;1
-13;3;35;0;1
-13;3;36;0;1
-13;4;22;0;1
-13;4;24;0;1
-13;4;25;1;1
-13;4;31;0;1
-13;4;32;0;1
-13;4;34;0;1
-13;4;35;0;1
-13;5;21;1;1
-13;5;22;1;1
-13;5;26;1;1
-13;5;34;1;1
-13;5;35;1;1
-13;5;36;0;1
-13;5;37;0;1
-13;6;20;0;1
-13;6;25;0;1
-13;6;26;0;1
-13;6;27;0;1
-13;6;29;0;1
-13;6;33;0;1
-13;6;35;0;1
-13;6;36;0;1
-13;6;37;1;1
-13;6;38;1;1
-13;6;39;0;1
-13;7;20;1;1
-13;7;22;0;1
-13;7;25;0;1
-13;7;26;0;1
-13;7;27;0;1
-13;7;28;0;1
-13;7;30;0;1
-13;7;33;1;1
-13;7;40;1;1
-13;8;22;0;1
-13;8;32;1;1
-13;8;36;0;1
-13;8;37;1;1
-13;8;38;1;1
-13;8;39;0;1
-13;8;40;1;1
-13;9;22;1;1
-13;9;23;0;1
-13;9;28;0;1
-13;9;29;0;1
-13;9;31;1;1
-13;9;32;0;1
-13;9;34;0;1
-13;9;35;1;1
-13;9;38;0;1
-13;9;39;0;1
-13;9;40;0;1
-13;9;41;0;1
-13;10;19;0;1
-13;10;20;1;1
-13;10;22;0;1
-13;10;26;0;1
-13;10;28;0;1
-13;10;29;1;1
-13;10;30;0;1
-13;10;33;1;1
-13;10;34;0;1
-13;10;36;0;1
-13;10;38;1;1
-13;10;39;0;1
-13;10;40;1;1
-13;10;44;1;1
-13;11;18;0;1
-13;11;23;1;1
-13;11;25;0;1
-13;11;27;0;1
-13;11;29;0;1
-13;11;31;1;1
-13;11;35;1;1
-13;11;36;0;1
-13;11;37;1;1
-13;11;41;0;1
-13;12;17;0;1
-13;12;24;1;1
-13;12;29;1;1
-13;12;30;0;1
-13;12;31;0;1
-13;12;33;0;1
-13;12;34;1;1
-13;12;37;0;1
-13;12;39;1;1
-13;12;42;0;1
-13;12;43;1;1
-13;13;18;0;1
-13;13;20;0;1
-13;13;22;0;1
-13;13;24;0;1
-13;13;25;1;1
-13;13;26;1;1
-13;13;27;1;1
-13;13;29;1;1
-13;13;30;0;1
-13;13;35;0;1
-13;13;39;0;1
-13;13;41;0;1
-13;13;42;1;1
-13;13;43;0;1
-13;13;45;1;1
-13;13;50;0;1
-13;14;23;0;1
-13;14;28;0;1
-13;14;31;1;1
-13;14;34;1;1
-13;14;39;0;1
-13;14;41;1;1
-13;14;45;0;1
-13;14;47;1;1
-13;14;48;0;1
-13;14;50;0;1
-13;15;19;0;1
-13;15;25;0;1
-13;15;27;1;1
-13;15;29;0;1
-13;15;30;0;1
-13;15;32;1;1
-13;15;34;1;1
-13;15;43;0;1
-13;15;44;0;1
-13;15;45;1;1
-13;15;51;1;1
-13;16;14;0;1
-13;16;15;1;1
-13;16;17;0;1
-13;16;18;1;1
-13;16;19;1;1
-13;16;21;1;1
-13;16;22;1;1
-13;16;23;1;1
-13;16;27;0;1
-13;16;30;1;1
-13;16;32;1;1
-13;16;34;0;1
-13;16;36;1;1
-13;16;37;1;1
-13;16;39;0;1
-13;16;40;0;1
-13;16;45;1;1
-13;16;46;0;1
-13;16;48;0;1
-13;16;52;0;1
-13;17;12;1;1
-13;17;13;1;1
-13;17;16;0;1
-13;17;17;0;1
-13;17;18;1;1
-13;17;19;0;1
-13;17;20;1;1
-13;17;21;0;1
-13;17;28;0;1
-13;17;29;0;1
-13;17;30;1;1
-13;17;31;0;1
-13;17;33;0;1
-13;17;34;0;1
-13;17;35;0;1
-13;17;37;1;1
-13;17;38;0;1
-13;17;40;1;1
-13;17;43;1;1
-13;17;44;1;1
-13;17;49;0;1
-13;17;50;1;1
-13;17;52;0;1
-13;17;55;0;1
-13;17;57;0;1
-13;17;58;1;1
-13;18;15;0;1
-13;18;18;0;1
-13;18;19;1;1
-13;18;20;0;1
-13;18;22;0;1
-13;18;25;1;1
-13;18;26;0;1
-13;18;28;0;1
-13;18;29;1;1
-13;18;35;0;1
-13;18;38;0;1
-13;18;41;1;1
-13;18;44;0;1
-13;18;45;1;1
-13;18;48;0;1
-13;18;50;0;1
-13;18;54;0;1
-13;18;56;0;1
-13;18;57;0;1
-13;18;60;1;1
-13;18;61;0;1
-13;19;10;0;1
-13;19;11;0;1
-13;19;12;1;1
-13;19;13;0;1
-13;19;15;1;1
-13;19;16;0;1
-13;19;18;0;1
-13;19;19;0;1
-13;19;21;0;1
-13;19;23;1;1
-13;19;27;0;1
-13;19;28;0;1
-13;19;30;0;1
-13;19;40;1;1
-13;19;42;0;1
-13;19;46;0;1
-13;19;50;0;1
-13;19;53;0;1
-13;19;60;1;1
-13;19;62;0;1
-13;20;8;1;1
-13;20;9;1;1
-13;20;11;1;1
-13;20;12;1;1
-13;20;13;0;1
-13;20;14;0;1
-13;20;17;0;1
-13;20;18;1;1
-13;20;21;0;1
-13;20;22;1;1
-13;20;24;1;1
-13;20;25;0;1
-13;20;30;0;1
-13;20;31;0;1
-13;20;32;1;1
-13;20;37;1;1
-13;20;39;1;1
-13;20;41;0;1
-13;20;42;0;1
-13;20;46;0;1
-13;20;47;0;1
-13;20;49;1;1
-13;20;51;0;1
-13;20;55;1;1
-13;20;60;1;1
-13;20;65;1;1
-13;21;8;0;1
-13;21;13;0;1
-13;21;14;1;1
-13;21;15;0;1
-13;21;23;0;1
-13;21;32;0;1
-13;21;33;1;1
-13;21;39;0;1
-13;21;42;1;1
-13;21;50;1;1
-13;21;53;0;1
-13;21;54;0;1
-13;21;55;1;1
-13;21;56;0;1
-13;21;58;1;1
-13;21;59;0;1
-13;21;61;1;1
-13;21;62;1;1
-13;22;9;0;1
-13;22;11;0;1
-13;22;13;1;1
-13;22;16;1;1
-13;22;19;0;1
-13;22;20;0;1
-13;22;23;0;1
-13;22;24;0;1
-13;22;27;1;1
-13;22;28;0;1
-13;22;29;0;1
-13;22;30;1;1
-13;22;32;0;1
-13;22;33;0;1
-13;22;35;1;1
-13;22;36;0;1
-13;22;40;0;1
-13;22;42;1;1
-13;22;43;1;1
-13;22;45;1;1
-13;22;47;0;1
-13;22;55;0;1
-13;22;56;0;1
-13;22;57;0;1
-13;22;58;0;1
-13;22;61;0;1
-13;22;62;0;1
-13;22;63;1;1
-13;22;65;0;1
-12;-20;9;0;1
-12;-20;11;1;1
-12;-20;16;0;1
-12;-20;17;1;1
-12;-20;19;0;1
-12;-20;20;1;1
-12;-20;29;0;1
-12;-20;31;0;1
-12;-20;35;1;1
-12;-20;36;0;1
-12;-20;41;1;1
-12;-20;43;0;1
-12;-20;48;0;1
-12;-20;50;0;1
-12;-20;51;0;1
-12;-20;52;0;1
-12;-20;57;1;1
-12;-20;58;1;1
-12;-20;59;0;1
-12;-20;60;0;1
-12;-20;64;1;1
-12;-19;14;0;1
-12;-19;22;1;1
-12;-19;23;1;1
-12;-19;24;0;1
-12;-19;25;1;1
-12;-19;26;0;1
-12;-19;27;1;1
-12;-19;31;1;1
-12;-19;32;0;1
-12;-19;34;1;1
-12;-19;40;1;1
-12;-19;41;0;1
-12;-19;43;1;1
-12;-19;47;0;1
-12;-19;50;0;1
-12;-19;54;0;1
-12;-19;55;0;1
-12;-19;58;0;1
-12;-19;59;1;1
-12;-18;12;0;1
-12;-18;13;1;1
-12;-18;14;1;1
-12;-18;19;0;1
-12;-18;22;1;1
-12;-18;23;0;1
-12;-18;25;1;1
-12;-18;27;0;1
-12;-18;29;0;1
-12;-18;40;1;1
-12;-18;42;1;1
-12;-18;51;1;1
-12;-18;52;1;1
-12;-17;13;0;1
-12;-17;15;1;1
-12;-17;16;1;1
-12;-17;19;0;1
-12;-17;23;0;1
-12;-17;24;0;1
-12;-17;25;0;1
-12;-17;26;1;1
-12;-17;28;0;1
-12;-17;32;1;1
-12;-17;36;0;1
-12;-17;37;1;1
-12;-17;38;1;1
-12;-17;39;0;1
-12;-17;43;1;1
-12;-17;52;0;1
-12;-17;56;0;1
-12;-16;15;0;1
-12;-16;19;1;1
-12;-16;26;0;1
-12;-16;29;0;1
-12;-16;30;0;1
-12;-16;31;1;1
-12;-16;33;0;1
-12;-16;35;1;1
-12;-16;37;0;1
-12;-16;42;0;1
-12;-16;43;0;1
-12;-16;44;0;1
-12;-16;45;0;1
-12;-16;47;0;1
-12;-16;49;0;1
-12;-16;50;0;1
-12;-16;52;0;1
-12;-16;54;0;1
-12;-15;16;0;1
-12;-15;17;0;1
-12;-15;18;1;1
-12;-15;19;1;1
-12;-15;20;0;1
-12;-15;21;1;1
-12;-15;23;0;1
-12;-15;24;0;1
-12;-15;25;1;1
-12;-15;26;1;1
-12;-15;27;0;1
-12;-15;28;0;1
-12;-15;29;1;1
-12;-15;30;1;1
-12;-15;31;0;1
-12;-15;35;0;1
-12;-15;36;0;1
-12;-15;40;1;1
-12;-15;41;1;1
-12;-15;44;0;1
-12;-15;48;0;1
-12;-14;21;0;1
-12;-14;24;1;1
-12;-14;25;1;1
-12;-14;26;0;1
-12;-14;28;0;1
-12;-14;35;1;1
-12;-14;39;0;1
-12;-14;40;0;1
-12;-14;42;1;1
-12;-14;46;1;1
-12;-14;47;1;1
-12;-14;48;0;1
-12;-14;49;1;1
-12;-13;17;1;1
-12;-13;20;0;1
-12;-13;21;0;1
-12;-13;22;0;1
-12;-13;24;0;1
-12;-13;26;0;1
-12;-13;27;0;1
-12;-13;28;0;1
-12;-13;33;0;1
-12;-13;34;0;1
-12;-13;35;1;1
-12;-13;36;1;1
-12;-13;37;0;1
-12;-13;38;1;1
-12;-13;40;1;1
-12;-13;41;1;1
-12;-13;42;0;1
-12;-13;43;1;1
-12;-13;46;0;1
-12;-12;19;0;1
-12;-12;21;0;1
-12;-12;25;0;1
-12;-12;26;1;1
-12;-12;27;1;1
-12;-12;28;1;1
-12;-12;29;1;1
-12;-12;35;0;1
-12;-12;36;1;1
-12;-12;39;0;1
-12;-12;41;0;1
-12;-12;46;0;1
-12;-11;21;1;1
-12;-11;23;0;1
-12;-11;25;1;1
-12;-11;26;1;1
-12;-11;28;0;1
-12;-11;29;1;1
-12;-11;30;0;1
-12;-11;31;0;1
-12;-11;35;0;1
-12;-11;38;0;1
-12;-11;43;1;1
-12;-11;44;0;1
-12;-10;20;1;1
-12;-10;22;1;1
-12;-10;25;0;1
-12;-10;26;1;1
-12;-10;27;1;1
-12;-10;31;0;1
-12;-10;35;1;1
-12;-10;36;0;1
-12;-10;37;1;1
-12;-10;38;0;1
-12;-10;39;1;1
-12;-10;41;1;1
-12;-10;42;0;1
-12;-9;21;1;1
-12;-9;23;0;1
-12;-9;31;1;1
-12;-9;32;0;1
-12;-9;36;0;1
-12;-9;37;0;1
-12;-9;40;1;1
-12;-8;20;0;1
-12;-8;22;0;1
-12;-8;24;0;1
-12;-8;25;1;1
-12;-8;27;1;1
-12;-8;29;1;1
-12;-8;30;1;1
-12;-8;32;0;1
-12;-8;33;1;1
-12;-8;36;0;1
-12;-8;38;1;1
-12;-7;23;0;1
-12;-7;24;0;1
-12;-7;26;0;1
-12;-7;27;1;1
-12;-7;28;0;1
-12;-7;31;0;1
-12;-7;33;0;1
-12;-7;35;0;1
-12;-7;36;0;1
-12;-6;22;1;1
-12;-6;24;0;1
-12;-6;25;0;1
-12;-6;26;1;1
-12;-6;27;1;1
-12;-6;33;0;1
-12;-6;36;0;1
-12;-5;21;0;1
-12;-5;30;1;1
-12;-5;32;0;1
-12;-4;21;0;1
-12;-4;32;1;1
-12;-4;33;0;1
-12;-3;22;0;1
-12;-3;23;0;1
-12;-3;25;1;1
-12;-3;28;0;1
-12;-3;30;1;1
-12;-3;31;0;1
-12;-3;32;0;1
-12;-2;22;1;1
-12;-2;23;0;1
-12;-2;28;1;1
-12;-2;29;0;1
-12;-2;30;0;1
-12;-2;32;0;1
-12;-1;26;0;1
-12;-1;28;0;1
-12;-1;31;0;1
-12;-1;32;0;1
-12;0;23;0;1
-12;0;25;0;1
-12;0;26;0;1
-12;0;28;1;1
-12;0;29;0;1
-12;1;22;0;1
-12;1;25;1;1
-12;1;26;0;1
-12;1;28;1;1
-12;1;30;0;1
-12;1;32;0;1
-12;2;23;1;1
-12;2;30;0;1
-12;2;31;0;1
-12;2;32;1;1
-12;2;33;0;1
-12;3;23;0;1
-12;3;25;1;1
-12;3;29;0;1
-12;3;33;0;1
-12;4;21;1;1
-12;4;22;1;1
-12;4;24;0;1
-12;4;25;1;1
-12;4;27;0;1
-12;4;28;1;1
-12;4;29;0;1
-12;4;31;1;1
-12;4;33;1;1
-12;5;26;0;1
-12;5;27;0;1
-12;5;28;0;1
-12;6;21;0;1
-12;6;23;0;1
-12;6;24;0;1
-12;6;25;0;1
-12;6;29;0;1
-12;6;36;0;1
-12;7;24;0;1
-12;7;26;1;1
-12;7;27;0;1
-12;7;28;0;1
-12;7;32;1;1
-12;7;38;1;1
-12;8;20;0;1
-12;8;24;1;1
-12;8;28;0;1
-12;8;33;0;1
-12;8;34;1;1
-12;8;35;1;1
-12;8;36;0;1
-12;9;20;1;1
-12;9;21;0;1
-12;9;23;1;1
-12;9;25;0;1
-12;9;26;0;1
-12;9;27;1;1
-12;9;30;0;1
-12;9;34;0;1
-12;9;36;0;1
-12;9;39;0;1
-12;9;40;0;1
-12;10;19;0;1
-12;10;22;0;1
-12;10;27;1;1
-12;10;29;1;1
-12;10;30;0;1
-12;10;32;0;1
-12;10;33;0;1
-12;10;36;0;1
-12;10;38;1;1
-12;10;40;0;1
-12;10;42;1;1
-12;11;19;0;1
-12;11;20;0;1
-12;11;27;0;1
-12;11;29;1;1
-12;11;30;0;1
-12;11;32;1;1
-12;11;36;1;1
-12;11;37;1;1
-12;11;43;1;1
-12;11;44;1;1
-12;12;18;1;1
-12;12;20;0;1
-12;12;21;0;1
-12;12;22;1;1
-12;12;23;0;1
-12;12;24;1;1
-12;12;28;0;1
-12;12;31;0;1
-12;12;32;1;1
-12;12;33;0;1
-12;12;34;1;1
-12;12;35;1;1
-12;12;41;1;1
-12;12;42;1;1
-12;12;43;1;1
-12;12;44;0;1
-12;13;19;0;1
-12;13;20;1;1
-12;13;21;0;1
-12;13;24;1;1
-12;13;32;0;1
-12;13;33;0;1
-12;13;34;1;1
-12;13;37;0;1
-12;13;44;0;1
-12;13;45;0;1
-12;13;48;0;1
-12;14;19;0;1
-12;14;20;0;1
-12;14;22;1;1
-12;14;26;1;1
-12;14;27;1;1
-12;14;28;1;1
-12;14;29;0;1
-12;14;34;0;1
-12;14;40;0;1
-12;14;46;1;1
-12;14;48;1;1
-12;14;50;0;1
-12;15;16;0;1
-12;15;19;1;1
-12;15;21;0;1
-12;15;22;1;1
-12;15;23;0;1
-12;15;25;0;1
-12;15;26;1;1
-12;15;28;0;1
-12;15;30;0;1
-12;15;31;0;1
-12;15;32;1;1
-12;15;33;1;1
-12;15;35;0;1
-12;15;38;0;1
-12;15;39;0;1
-12;15;46;0;1
-12;15;49;0;1
-12;16;15;0;1
-12;16;17;0;1
-12;16;18;0;1
-12;16;19;0;1
-12;16;20;0;1
-12;16;25;0;1
-12;16;26;0;1
-12;16;29;0;1
-12;16;33;0;1
-12;16;35;0;1
-12;16;38;0;1
-12;16;39;0;1
-12;16;40;0;1
-12;16;44;0;1
-12;16;46;0;1
-12;16;49;0;1
-12;16;53;0;1
-12;16;54;0;1
-12;17;14;1;1
-12;17;19;0;1
-12;17;20;0;1
-12;17;26;0;1
-12;17;28;0;1
-12;17;29;1;1
-12;17;32;0;1
-12;17;34;0;1
-12;17;35;1;1
-12;17;39;1;1
-12;17;40;1;1
-12;17;43;0;1
-12;17;49;1;1
-12;17;50;0;1
-12;17;54;1;1
-12;17;56;0;1
-12;17;57;1;1
-12;18;12;0;1
-12;18;13;1;1
-12;18;16;1;1
-12;18;20;1;1
-12;18;27;1;1
-12;18;29;0;1
-12;18;32;0;1
-12;18;33;0;1
-12;18;35;1;1
-12;18;36;1;1
-12;18;37;0;1
-12;18;41;1;1
-12;18;42;0;1
-12;18;48;1;1
-12;18;51;0;1
-12;18;52;0;1
-12;19;10;1;1
-12;19;11;1;1
-12;19;12;0;1
-12;19;18;0;1
-12;19;22;1;1
-12;19;24;0;1
-12;19;28;1;1
-12;19;29;0;1
-12;19;31;1;1
-12;19;33;0;1
-12;19;37;0;1
-12;19;38;1;1
-12;19;44;0;1
-12;19;46;0;1
-12;19;47;1;1
-12;19;48;0;1
-12;19;51;0;1
-12;19;52;0;1
-12;19;53;0;1
-12;19;56;0;1
-12;19;60;1;1
-12;20;8;0;1
-12;20;9;1;1
-12;20;10;1;1
-12;20;12;0;1
-12;20;16;0;1
-12;20;22;0;1
-12;20;30;1;1
-12;20;31;1;1
-12;20;33;0;1
-12;20;34;0;1
-12;20;35;0;1
-12;20;36;1;1
-12;20;37;0;1
-12;20;38;0;1
-12;20;39;0;1
-12;20;49;1;1
-12;20;50;1;1
-12;20;51;0;1
-12;20;56;1;1
-12;20;57;0;1
-12;20;59;0;1
-11;-19;14;1;1
-11;-19;18;1;1
-11;-19;22;1;1
-11;-19;24;0;1
-11;-19;27;0;1
-11;-19;29;0;1
-11;-19;30;0;1
-11;-19;32;0;1
-11;-19;33;1;1
-11;-19;34;0;1
-11;-19;36;0;1
-11;-19;39;0;1
-11;-19;40;0;1
-11;-19;41;0;1
-11;-19;43;0;1
-11;-19;48;1;1
-11;-19;49;1;1
-11;-19;50;1;1
-11;-19;54;0;1
-11;-19;56;0;1
-11;-19;58;0;1
-11;-19;59;0;1
-11;-19;60;0;1
-11;-18;13;1;1
-11;-18;14;0;1
-11;-18;15;0;1
-11;-18;16;0;1
-11;-18;18;0;1
-11;-18;19;1;1
-11;-18;20;0;1
-11;-18;23;0;1
-11;-18;27;1;1
-11;-18;28;0;1
-11;-18;30;0;1
-11;-18;32;1;1
-11;-18;44;0;1
-11;-18;46;1;1
-11;-18;48;0;1
-11;-18;49;0;1
-11;-18;55;0;1
-11;-17;20;0;1
-11;-17;22;1;1
-11;-17;23;0;1
-11;-17;25;1;1
-11;-17;30;0;1
-11;-17;32;0;1
-11;-17;36;1;1
-11;-17;39;0;1
-11;-17;47;0;1
-11;-17;48;0;1
-11;-17;49;0;1
-11;-17;50;0;1
-11;-17;53;1;1
-11;-17;55;0;1
-11;-16;15;1;1
-11;-16;19;1;1
-11;-16;20;0;1
-11;-16;23;0;1
-11;-16;27;0;1
-11;-16;29;0;1
-11;-16;30;1;1
-11;-16;33;0;1
-11;-16;35;0;1
-11;-16;37;0;1
-11;-16;38;0;1
-11;-16;39;0;1
-11;-16;42;0;1
-11;-15;19;0;1
-11;-15;27;1;1
-11;-15;28;0;1
-11;-15;29;0;1
-11;-15;30;0;1
-11;-15;32;0;1
-11;-15;34;0;1
-11;-15;45;0;1
-11;-14;18;1;1
-11;-14;20;1;1
-11;-14;24;0;1
-11;-14;27;1;1
-11;-14;28;0;1
-11;-14;30;0;1
-11;-14;31;0;1
-11;-14;33;0;1
-11;-14;34;1;1
-11;-14;35;0;1
-11;-14;36;1;1
-11;-14;38;0;1
-11;-14;40;0;1
-11;-14;42;0;1
-11;-14;43;0;1
-11;-14;47;1;1
-11;-13;19;0;1
-11;-13;21;0;1
-11;-13;24;1;1
-11;-13;25;0;1
-11;-13;26;1;1
-11;-13;28;0;1
-11;-13;31;0;1
-11;-13;33;0;1
-11;-13;34;0;1
-11;-13;41;0;1
-11;-13;42;0;1
-11;-13;43;1;1
-11;-13;46;0;1
-11;-12;21;1;1
-11;-12;22;0;1
-11;-12;24;1;1
-11;-12;25;0;1
-11;-12;28;1;1
-11;-12;29;1;1
-11;-12;32;1;1
-11;-12;36;0;1
-11;-12;37;0;1
-11;-12;44;0;1
-11;-11;20;0;1
-11;-11;22;0;1
-11;-11;25;1;1
-11;-11;27;0;1
-11;-11;30;0;1
-11;-11;32;1;1
-11;-10;25;1;1
-11;-10;26;0;1
-11;-10;34;0;1
-11;-10;35;0;1
-11;-10;37;1;1
-11;-10;38;0;1
-11;-10;40;0;1
-11;-9;23;1;1
-11;-9;25;0;1
-11;-9;26;0;1
-11;-9;27;0;1
-11;-9;28;0;1
-11;-9;29;0;1
-11;-9;30;1;1
-11;-9;33;0;1
-11;-9;38;0;1
-11;-9;39;0;1
-11;-8;24;0;1
-11;-8;25;0;1
-11;-8;26;0;1
-11;-8;28;0;1
-11;-8;31;1;1
-11;-8;33;1;1
-11;-8;35;1;1
-11;-8;36;1;1
-11;-7;21;0;1
-11;-7;22;0;1
-11;-7;24;1;1
-11;-7;27;0;1
-11;-7;29;0;1
-11;-7;31;0;1
-11;-7;34;0;1
-11;-6;22;1;1
-11;-6;25;0;1
-11;-6;27;1;1
-11;-6;29;0;1
-11;-5;22;0;1
-11;-5;24;1;1
-11;-5;26;0;1
-11;-5;28;1;1
-11;-5;30;0;1
-11;-5;33;1;1
-11;-4;22;0;1
-11;-4;24;0;1
-11;-4;25;1;1
-11;-4;31;1;1
-11;-3;22;0;1
-11;-3;23;0;1
-11;-3;24;0;1
-11;-3;25;0;1
-11;-2;25;0;1
-11;-2;29;1;1
-11;-1;22;0;1
-11;-1;23;1;1
-11;-1;24;1;1
-11;-1;25;1;1
-11;-1;28;1;1
-11;-1;29;0;1
-11;0;23;1;1
-11;0;25;0;1
-11;0;27;0;1
-11;0;28;0;1
-11;1;23;1;1
-11;1;24;0;1
-11;1;28;1;1
-11;2;25;1;1
-11;2;29;1;1
-11;3;22;1;1
-11;3;23;0;1
-11;3;29;0;1
-11;3;30;1;1
-11;3;31;1;1
-11;4;23;0;1
-11;4;28;1;1
-11;4;31;0;1
-11;5;22;0;1
-11;5;23;1;1
-11;5;24;1;1
-11;5;27;1;1
-11;5;31;1;1
-11;5;32;1;1
-11;6;22;1;1
-11;6;26;1;1
-11;6;29;1;1
-11;6;32;0;1
-11;6;33;0;1
-11;7;25;0;1
-11;7;27;0;1
-11;7;34;0;1
-11;8;21;0;1
-11;8;22;1;1
-11;8;23;1;1
-11;8;24;0;1
-11;8;27;0;1
-11;8;33;1;1
-11;8;34;0;1
-11;8;35;1;1
-11;8;36;1;1
-11;8;37;1;1
-11;9;21;1;1
-11;9;23;1;1
-11;9;24;1;1
-11;9;25;0;1
-11;9;29;1;1
-11;9;30;0;1
-11;9;34;1;1
-11;9;37;0;1
-11;9;39;0;1
-11;10;20;1;1
-11;10;21;0;1
-11;10;22;0;1
-11;10;24;0;1
-11;10;28;0;1
-11;10;30;0;1
-11;10;36;0;1
-11;10;40;1;1
-11;11;19;1;1
-11;11;24;0;1
-11;11;30;0;1
-11;11;34;0;1
-11;11;35;0;1
-11;11;41;0;1
-11;12;19;0;1
-11;12;20;0;1
-11;12;23;0;1
-11;12;24;0;1
-11;12;25;0;1
-11;12;27;0;1
-11;12;29;0;1
-11;12;30;0;1
-11;12;31;1;1
-11;12;32;0;1
-11;12;33;1;1
-11;12;35;1;1
-11;12;38;0;1
-11;12;40;0;1
-11;12;41;0;1
-11;12;43;1;1
-11;12;44;1;1
-11;13;18;1;1
-11;13;21;1;1
-11;13;23;0;1
-11;13;24;0;1
-11;13;32;0;1
-11;13;34;0;1
-11;13;35;1;1
-11;13;36;1;1
-11;13;38;1;1
-11;13;44;0;1
-11;13;45;0;1
-11;14;21;1;1
-11;14;26;0;1
-11;14;28;0;1
-11;14;29;1;1
-11;14;30;1;1
-11;14;32;1;1
-11;14;37;1;1
-11;14;40;0;1
-11;14;42;1;1
-11;14;44;0;1
-11;14;45;0;1
-11;14;47;0;1
-11;15;16;0;1
-11;15;20;1;1
-11;15;21;1;1
-11;15;23;0;1
-11;15;25;0;1
-11;15;26;1;1
-11;15;28;1;1
-11;15;33;0;1
-11;15;35;0;1
-11;15;39;0;1
-11;15;40;0;1
-11;15;43;1;1
-11;15;44;0;1
-11;15;48;0;1
-11;15;49;0;1
-11;15;50;1;1
-11;16;15;0;1
-11;16;17;0;1
-11;16;19;0;1
-11;16;20;1;1
-11;16;22;0;1
-11;16;25;0;1
-11;16;27;1;1
-11;16;28;1;1
-11;16;32;1;1
-11;16;33;0;1
-11;16;40;1;1
-11;16;45;0;1
-11;16;49;0;1
-11;16;50;0;1
-11;16;52;0;1
-11;17;15;1;1
-11;17;19;1;1
-11;17;20;0;1
-11;17;23;0;1
-11;17;24;1;1
-11;17;26;0;1
-11;17;31;1;1
-11;17;35;1;1
-11;17;37;1;1
-11;17;44;0;1
-11;17;45;0;1
-11;17;53;1;1
-11;17;55;1;1
-11;18;13;0;1
-11;18;14;0;1
-11;18;16;0;1
-11;18;18;0;1
-11;18;22;0;1
-11;18;27;1;1
-11;18;28;0;1
-11;18;29;0;1
-11;18;31;1;1
-11;18;32;0;1
-11;18;43;0;1
-11;18;45;0;1
-11;18;49;0;1
-11;18;55;0;1
-11;18;57;0;1
-11;19;12;0;1
-11;19;14;0;1
-11;19;17;0;1
-11;19;21;0;1
-11;19;23;0;1
-11;19;24;0;1
-11;19;25;0;1
-11;19;28;0;1
-11;19;31;0;1
-11;19;36;0;1
-11;19;39;0;1
-11;19;41;1;1
-11;19;42;0;1
-11;19;43;0;1
-11;19;44;1;1
-11;19;45;0;1
-11;19;47;1;1
-11;19;49;1;1
-11;19;52;0;1
-11;19;54;0;1
-11;19;55;0;1
-11;19;57;0;1
-11;19;58;0;1
-11;19;59;0;1
-10;-17;16;1;1
-10;-17;20;0;1
-10;-17;21;1;1
-10;-17;27;0;1
-10;-17;28;0;1
-10;-17;31;0;1
-10;-17;39;0;1
-10;-17;44;0;1
-10;-17;45;1;1
-10;-16;16;1;1
-10;-16;18;0;1
-10;-16;19;1;1
-10;-16;21;0;1
-10;-16;22;1;1
-10;-16;25;0;1
-10;-16;26;1;1
-10;-16;28;1;1
-10;-16;31;1;1
-10;-16;34;0;1
-10;-16;35;0;1
-10;-16;36;1;1
-10;-16;37;0;1
-10;-16;38;1;1
-10;-16;39;0;1
-10;-16;41;0;1
-10;-16;47;0;1
-10;-16;48;0;1
-10;-16;49;1;1
-10;-16;51;0;1
-10;-15;17;0;1
-10;-15;19;0;1
-10;-15;22;0;1
-10;-15;26;1;1
-10;-15;31;1;1
-10;-15;34;0;1
-10;-15;36;0;1
-10;-15;38;0;1
-10;-15;39;0;1
-10;-15;40;1;1
-10;-15;43;1;1
-10;-15;49;1;1
-10;-14;18;0;1
-10;-14;23;0;1
-10;-14;26;0;1
-10;-14;28;0;1
-10;-14;30;1;1
-10;-14;31;0;1
-10;-14;32;0;1
-10;-14;35;1;1
-10;-14;40;0;1
-10;-14;43;0;1
-10;-14;44;0;1
-10;-14;47;0;1
-10;-13;20;0;1
-10;-13;21;0;1
-10;-13;22;1;1
-10;-13;23;0;1
-10;-13;24;0;1
-10;-13;26;1;1
-10;-13;33;0;1
-10;-13;36;1;1
-10;-13;41;0;1
-10;-13;45;1;1
-10;-12;24;0;1
-10;-12;25;0;1
-10;-12;30;1;1
-10;-12;31;1;1
-10;-12;34;1;1
-10;-12;35;1;1
-10;-12;39;1;1
-10;-12;40;0;1
-10;-12;42;0;1
-10;-11;22;0;1
-10;-11;23;0;1
-10;-11;24;1;1
-10;-11;26;1;1
-10;-11;29;1;1
-10;-11;35;1;1
-10;-11;36;0;1
-10;-10;22;1;1
-10;-10;32;1;1
-10;-10;34;0;1
-10;-10;37;1;1
-10;-9;24;0;1
-10;-9;29;0;1
-10;-9;34;0;1
-10;-8;21;0;1
-10;-8;24;1;1
-10;-8;29;0;1
-10;-8;31;0;1
-10;-8;32;1;1
-10;-8;33;1;1
-10;-8;34;1;1
-10;-7;22;1;1
-10;-7;23;0;1
-10;-7;24;1;1
-10;-7;26;1;1
-10;-7;33;1;1
-10;-6;22;0;1
-10;-6;25;0;1
-10;-6;26;0;1
-10;-6;31;1;1
-10;-6;32;1;1
-10;-5;23;1;1
-10;-5;24;1;1
-10;-5;25;0;1
-10;-5;26;0;1
-10;-5;27;1;1
-10;-5;28;0;1
-10;-5;30;0;1
-10;-4;22;0;1
-10;-4;23;0;1
-10;-4;24;1;1
-10;-4;25;1;1
-10;-4;28;0;1
-10;-4;29;1;1
-10;-3;25;0;1
-10;-3;28;1;1
-10;-1;24;0;1
-10;-1;26;1;1
-10;-1;27;0;1
-10;0;23;1;1
-10;0;25;1;1
-10;0;26;1;1
-10;1;23;0;1
-10;2;23;1;1
-10;2;24;1;1
-10;2;26;1;1
-10;2;27;0;1
-10;3;24;0;1
-10;3;27;1;1
-10;3;28;0;1
-10;4;23;1;1
-10;4;25;1;1
-10;4;26;0;1
-10;4;27;0;1
-10;5;22;0;1
-10;5;24;1;1
-10;5;25;0;1
-10;5;27;1;1
-10;6;24;0;1
-10;6;25;1;1
-10;6;26;0;1
-10;6;28;1;1
-10;6;29;1;1
-10;6;30;0;1
-10;7;23;0;1
-10;7;25;0;1
-10;7;26;0;1
-10;7;27;0;1
-10;7;30;0;1
-10;8;21;0;1
-10;8;26;0;1
-10;8;27;0;1
-10;8;28;1;1
-10;8;30;1;1
-10;8;33;1;1
-10;8;35;1;1
-10;9;21;0;1
-10;9;22;0;1
-10;9;23;1;1
-10;9;25;0;1
-10;9;27;0;1
-10;9;30;0;1
-10;9;32;1;1
-10;9;35;0;1
-10;10;20;1;1
-10;10;21;0;1
-10;10;23;0;1
-10;10;25;1;1
-10;10;28;0;1
-10;10;29;1;1
-10;10;31;0;1
-10;10;32;0;1
-10;10;34;0;1
-10;10;38;0;1
-10;11;20;1;1
-10;11;21;0;1
-10;11;23;1;1
-10;11;25;0;1
-10;11;27;0;1
-10;11;28;0;1
-10;11;29;0;1
-10;11;30;1;1
-10;11;33;0;1
-10;11;34;1;1
-10;11;36;0;1
-10;11;37;0;1
-10;11;38;0;1
-10;11;40;0;1
-10;12;20;1;1
-10;12;25;0;1
-10;12;27;1;1
-10;12;29;1;1
-10;12;34;0;1
-10;12;37;1;1
-10;12;38;0;1
-10;12;39;1;1
-10;12;41;0;1
-10;12;42;1;1
-10;13;20;0;1
-10;13;21;1;1
-10;13;33;0;1
-10;13;35;1;1
-10;13;36;0;1
-10;13;38;1;1
-10;13;43;0;1
-10;13;45;0;1
-10;14;19;1;1
-10;14;26;1;1
-10;14;31;0;1
-10;14;32;0;1
-10;14;33;0;1
-10;14;34;0;1
-10;14;38;0;1
-10;14;39;1;1
-10;14;43;0;1
-10;14;45;0;1
-10;14;46;0;1
-10;14;47;1;1
-10;15;23;0;1
-10;15;26;0;1
-10;15;28;0;1
-10;15;32;0;1
-10;15;34;1;1
-10;15;39;0;1
-10;15;46;1;1
-10;15;49;0;1
-10;16;16;0;1
-10;16;17;0;1
-10;16;21;0;1
-10;16;23;1;1
-10;16;24;1;1
-10;16;29;1;1
-10;16;30;0;1
-10;16;33;0;1
-10;16;38;0;1
-10;16;39;0;1
-10;16;41;0;1
-10;16;43;0;1
-10;16;45;0;1
-10;16;49;1;1
-10;16;50;0;1
-10;17;15;0;1
-10;17;16;0;1
-10;17;18;0;1
-10;17;21;0;1
-10;17;22;1;1
-10;17;24;0;1
-10;17;25;0;1
-10;17;27;1;1
-10;17;28;0;1
-10;17;36;0;1
-10;17;39;0;1
-10;17;41;1;1
-10;17;42;1;1
-10;17;43;0;1
-10;17;49;1;1
-10;17;51;0;1
-10;17;54;1;1
-9;-15;18;0;1
-9;-15;19;0;1
-9;-15;21;1;1
-9;-15;22;1;1
-9;-15;25;0;1
-9;-15;29;1;1
-9;-15;33;0;1
-9;-15;36;0;1
-9;-15;37;0;1
-9;-15;40;0;1
-9;-15;41;1;1
-9;-15;44;1;1
-9;-15;45;0;1
-9;-14;21;0;1
-9;-14;26;1;1
-9;-14;29;0;1
-9;-14;31;1;1
-9;-14;36;1;1
-9;-14;37;0;1
-9;-14;38;0;1
-9;-14;40;0;1
-9;-13;23;0;1
-9;-13;24;0;1
-9;-13;26;0;1
-9;-13;28;1;1
-9;-13;32;1;1
-9;-13;33;0;1
-9;-13;34;0;1
-9;-13;35;0;1
-9;-13;36;1;1
-9;-13;40;0;1
-9;-12;22;1;1
-9;-12;23;0;1
-9;-12;24;0;1
-9;-12;25;0;1
-9;-12;28;0;1
-9;-12;33;0;1
-9;-12;35;1;1
-9;-12;40;0;1
-9;-11;23;1;1
-9;-11;28;1;1
-9;-11;29;0;1
-9;-11;31;1;1
-9;-11;32;1;1
-9;-11;33;0;1
-9;-11;35;0;1
-9;-11;37;0;1
-9;-11;39;1;1
-9;-10;24;1;1
-9;-10;29;0;1
-9;-10;30;0;1
-9;-10;33;0;1
-9;-9;21;0;1
-9;-9;22;0;1
-9;-9;24;0;1
-9;-9;28;1;1
-9;-9;34;0;1
-9;-8;25;0;1
-9;-8;28;1;1
-9;-8;29;0;1
-9;-7;22;1;1
-9;-7;23;1;1
-9;-7;24;0;1
-9;-7;25;1;1
-9;-7;27;0;1
-9;-7;30;1;1
-9;-6;23;0;1
-9;-6;27;1;1
-9;-5;23;0;1
-9;-3;24;0;1
-9;-2;24;1;1
-9;1;24;0;1
-9;2;25;0;1
-9;3;24;0;1
-9;3;25;0;1
-9;3;26;1;1
-9;4;23;1;1
-9;4;24;0;1
-9;5;24;1;1
-9;5;28;0;1
-9;6;22;0;1
-9;6;26;0;1
-9;6;27;0;1
-9;6;29;0;1
-9;7;22;0;1
-9;7;23;1;1
-9;7;24;0;1
-9;7;25;1;1
-9;7;28;1;1
-9;7;29;0;1
-9;7;31;0;1
-9;8;22;0;1
-9;8;24;0;1
-9;8;28;1;1
-9;8;30;0;1
-9;8;31;0;1
-9;9;21;0;1
-9;9;22;0;1
-9;9;23;1;1
-9;9;24;0;1
-9;9;26;1;1
-9;9;28;0;1
-9;9;29;0;1
-9;9;30;1;1
-9;9;31;0;1
-9;9;33;0;1
-9;9;34;0;1
-9;10;21;0;1
-9;10;27;0;1
-9;10;28;0;1
-9;10;33;0;1
-9;10;35;0;1
-9;10;36;0;1
-9;11;23;0;1
-9;11;24;0;1
-9;11;26;1;1
-9;11;27;0;1
-9;11;28;1;1
-9;11;32;0;1
-9;11;35;0;1
-9;11;37;0;1
-9;11;39;0;1
-9;12;20;0;1
-9;12;22;1;1
-9;12;23;0;1
-9;12;32;0;1
-9;12;40;0;1
-9;13;21;1;1
-9;13;22;0;1
-9;13;23;0;1
-9;13;29;1;1
-9;13;30;1;1
-9;13;31;0;1
-9;13;36;0;1
-9;13;40;1;1
-9;13;41;0;1
-9;13;43;0;1
-9;14;18;1;1
-9;14;20;1;1
-9;14;25;0;1
-9;14;29;0;1
-9;14;30;1;1
-9;14;35;1;1
-9;14;36;0;1
-9;14;38;0;1
-9;14;42;0;1
-9;14;45;1;1
-9;15;19;0;1
-9;15;22;1;1
-9;15;32;1;1
-9;15;35;0;1
-9;15;37;0;1
-9;15;42;1;1
-9;15;46;0;1
-8;-13;21;1;1
-8;-13;25;0;1
-8;-13;26;0;1
-8;-13;27;0;1
-8;-13;30;1;1
-8;-13;36;0;1
-8;-13;40;1;1
-8;-13;41;0;1
-8;-12;21;0;1
-8;-12;23;0;1
-8;-12;24;0;1
-8;-12;27;1;1
-8;-12;28;0;1
-8;-12;31;0;1
-8;-12;32;0;1
-8;-12;38;0;1
-8;-11;22;1;1
-8;-11;25;0;1
-8;-11;27;0;1
-8;-11;31;1;1
-8;-11;33;0;1
-8;-10;23;1;1
-8;-10;31;1;1
-8;-10;32;0;1
-8;-10;33;0;1
-8;-10;35;0;1
-8;-9;22;1;1
-8;-9;25;1;1
-8;-9;28;1;1
-8;-9;29;0;1
-8;-9;31;0;1
-8;-8;22;0;1
-8;-8;25;1;1
-8;-8;29;0;1
-8;-8;30;0;1
-8;-7;22;0;1
-8;-7;23;1;1
-8;-7;25;0;1
-8;-7;29;0;1
-8;-6;23;0;1
-8;-6;25;0;1
-8;-6;27;0;1
-8;-5;24;0;1
-8;-4;23;0;1
-8;5;23;1;1
-8;6;27;0;1
-8;7;23;0;1
-8;8;24;1;1
-8;8;26;0;1
-8;8;31;0;1
-8;9;22;0;1
-8;9;27;0;1
-8;9;29;1;1
-8;9;30;1;1
-8;9;32;1;1
-8;10;21;0;1
-8;10;22;0;1
-8;10;24;1;1
-8;10;25;0;1
-8;10;26;1;1
-8;10;27;0;1
-8;10;29;1;1
-8;10;30;0;1
-8;10;32;1;1
-8;10;34;0;1
-8;11;23;1;1
-8;11;25;0;1
-8;11;26;1;1
-8;11;27;0;1
-8;11;30;1;1
-8;11;31;1;1
-8;11;32;0;1
-8;11;34;0;1
-8;12;23;0;1
-8;12;29;0;1
-8;12;32;1;1
-8;12;36;0;1
-8;13;20;0;1
-8;13;22;1;1
-8;13;34;1;1
-7;-12;26;1;1
-7;-12;28;0;1
-7;-12;31;0;1
-7;-12;35;0;1
-7;-12;36;1;1
-7;-12;37;0;1
-7;-11;22;1;1
-7;-11;23;0;1
-7;-11;27;1;1
-7;-11;29;1;1
-7;-11;30;1;1
-7;-11;32;0;1
-7;-10;22;1;1
-7;-10;23;0;1
-7;-10;25;0;1
-7;-10;27;0;1
-7;-10;30;0;1
-7;-10;32;0;1
-7;-10;33;1;1
-7;-9;23;0;1
-7;-9;25;0;1
-7;-9;27;0;1
-7;-9;28;0;1
-7;-9;31;0;1
-7;-8;25;1;1
-7;-8;28;0;1
-7;-7;25;1;1
-7;-7;26;0;1
-7;-7;27;0;1
-7;-5;23;0;1
-7;6;23;0;1
-7;6;24;1;1
-7;8;25;1;1
-7;8;26;1;1
-7;8;27;0;1
-7;8;29;1;1
-7;9;22;0;1
-7;9;25;0;1
-7;9;27;0;1
-7;10;25;0;1
-7;10;26;0;1
-7;10;27;0;1
-7;10;28;0;1
-7;10;31;0;1
-7;10;32;0;1
-7;10;33;1;1
-7;11;24;1;1
-7;11;31;0;1
-7;12;24;0;1
-7;12;25;0;1
-7;12;29;1;1
-7;12;31;0;1
-7;12;36;1;1
-7;12;38;0;1
-6;-10;24;0;1
-6;-10;26;1;1
-6;-10;30;0;1
-6;-9;24;1;1
-6;-9;25;0;1
-6;-9;29;0;1
-6;-8;23;1;1
-6;-8;26;1;1
-6;-8;27;0;1
-6;-7;23;0;1
-6;-7;24;0;1
-6;-7;25;0;1
-6;-6;23;0;1
-6;8;23;0;1
-6;8;26;0;1
-6;8;27;1;1
-6;9;24;0;1
-6;9;25;1;1
-6;9;27;1;1
-6;9;28;0;1
-6;10;22;0;1
-6;10;23;0;1
-5;8;24;0;1
-5;8;25;1;1
